-4.742
-4.961
-2.803
-4.628
-3.163
-3.973
-4.268
-4.599
-3.395
-5.537
-2.882
-3.881
-4.982
-4.182
-3.584
-6.049
-3.239
-3.027
-2.326
-4.149
-4.573
-3.471
-2.380
-2.110
-3.745
-3.264
-2.946
-3.189
-0.709
-3.498
-3.854
-3.542
-2.948
-2.504
-3.761
-3.068
-2.848
-3.316
-2.333
-4.369
-2.707
-0.500
-1.614
-4.119
-2.802
-2.406
-1.157
-1.902
-1.396
-3.698
-3.386
-1.364
-4.343
-2.497
-3.241
-4.517
-1.966
-3.654
-1.856
-2.846
-0.639
-3.483
-2.730
-2.954
-0.876
-3.445
-2.407
-4.052
-1.077
-3.606
0.334
-2.053
0.491
-2.217
0.475
-2.859
-2.110
-2.966
-1.742
-0.982
-3.311
-4.462
-3.426
-3.276
-1.499
-4.717
-2.774
-1.647
-2.215
-5.099
-4.933
-2.394
-4.297
-3.402
-3.527
-4.027
-4.089
-4.790
-3.798
-1.700
-3.294
-3.865
-1.490
-1.376
-2.691
-2.256
-2.473
-3.266
-3.646
-3.773
-3.067
-0.281
-3.533
-4.611
-4.925
-2.108
-2.651
-4.781
-3.502
-1.849
-0.999
-3.360
-2.766
-3.558
-0.312
-2.823
-4.233
-3.966
-0.506
-4.058
-4.243
-3.932
-0.150
-1.309
-3.161
-4.072
-0.553
-2.268
-3.521
-4.714
-0.264
-2.287
-3.902
-3.387
-0.059
-2.200
-4.762
-4.608
-1.040
-3.082
-4.867
-4.312
-2.856
-2.044
-4.126
-2.511
-1.741
-0.300
-2.380
-2.898
-0.929
-1.967
-0.898
-3.073
-0.928
-3.381
-2.935
-2.640
0.572
-3.284
-2.752
-2.589
0.644
-2.822
-3.691
-1.992
0.883
-4.704
-3.116
-2.556
-1.790
-2.919
-3.139
-1.467
0.069
-2.679
-2.316
-1.708
-1.578
-3.012
-2.414
-2.087
-0.959
-2.312
-3.227
-2.415
-0.526
-3.369
-1.956
-3.036
-2.169
0.067
-0.296
-2.482
-2.859
-3.154
-0.784
-1.240
-3.397
-3.233
-1.557
-2.569
-3.169
-2.784
-2.987
-1.455
-3.552
-4.117
-1.635
0.568
-4.024
-2.295
-2.463
-1.163
-2.513
-4.708
-2.160
-0.189
-1.403
-3.106
-2.047
1.198
-2.136
-3.932
-2.670
-1.329
-3.657
-2.565
-2.117
-2.201
-2.786
-0.656
-2.500
-4.972
-2.887
-1.840
-3.300
-2.785
-1.953
0.971
-2.167
-1.341
-3.193
-1.083
-2.239
-2.618
-2.023
-3.191
-2.253
-1.972
-2.145
0.148
-2.035
-3.583
-1.945
-2.215
-3.574
-1.638
-1.987
-2.247
-2.349
-1.838
-1.076
-0.148
-2.294
-3.436
-3.583
-2.287
-3.127
-3.974
-4.347
-2.971
-0.124
-1.461
-2.179
-1.972
-0.321
-2.966
-3.621
-2.701
-1.160
-2.834
-3.253
-2.456
0.468
-1.439
-1.726
-3.395
-1.466
0.724
-3.903
-2.431
-1.337
-1.434
-3.354
-2.448
-1.786
-2.584
-1.526
-2.415
-0.171
-3.007
-0.913
-2.946
-2.320
-1.556
-1.631
-2.136
-1.559
-0.248
-2.636
-2.279
-2.079
-2.019
-3.387
-1.379
-1.510
-1.296
-2.198
-1.813
-5.439
-1.390
-2.870
-4.221
-2.616
-2.032
-2.375
-4.666
-3.432
-2.579
-3.565
-4.343
-3.646
-3.373
-3.538
-4.825
-1.451
-2.068
-2.361
-2.922
-3.575
-0.239
-2.267
-3.258
-1.489
-1.326
-3.510
-3.228
-3.715
-0.471
-0.344
0.368
-2.850
-2.896
-0.803
0.336
-3.397
-1.917
-0.728
0.169
-5.087
-4.253
0.757
-0.495
-4.654
-3.455
-0.698
0.732
-3.591
-0.325
-2.775
1.240
-3.315
-2.374
-2.047
-3.063
-3.876
-4.786
-0.116
-0.394
-4.799
-1.814
0.019
-0.819
-3.510
-2.718
-1.120
-1.849
-5.072
-2.889
-4.054
-2.438
-4.164
-3.309
-3.359
-4.394
-2.355
-3.352
-2.818
-2.506
-3.962
-4.574
-2.875
-3.849
-4.880
-3.280
-3.892
-5.006
-2.801
-2.800
-3.892
-4.957
-3.128
-4.307
-3.255
-1.452
-5.090
-1.771
-2.249
-5.327
-3.069
-1.963
-2.219
1.119
-3.368
-3.962
-1.557
-1.987
-2.525
0.515
-1.341
-2.610
-2.413
-5.290
-2.946
-0.500
-3.099
-4.336
-1.766
-1.378
-3.085
-1.747
-3.483
-3.655
-1.625
-2.459
-3.470
-1.216
-2.149
-4.196
0.823
-4.000
-6.146
1.124
-1.435
-4.418
0.627
-1.319
-1.828
0.541
0.592
-3.246
-2.107
-2.785
-3.413
-0.214
-0.467
-2.389
-1.869
-2.713
-1.974
-1.961
-2.306
-2.716
-0.239
0.268
-3.221
-0.195
-1.465
-2.742
-0.960
-1.552
-1.398
-0.170
-2.015
-2.484
-0.062
-2.770
-2.815
1.175
-0.543
-2.408
0.535
-3.367
-0.606
-1.964
-0.843
-3.206
-0.544
-1.715
-2.499
0.739
-1.683
-0.746
0.432
-1.077
-1.092
0.720
-3.018
-2.977
-2.254
-3.012
-0.296
-4.304
-4.015
-2.446
-3.801
-5.417
-1.634
-1.392
-3.493
-1.642
-3.724
-4.999
-2.226
-0.502
-3.644
-2.348
-1.190
-4.794
-1.185
-1.644
-3.176
-1.451
-1.904
-4.461
-2.189
-2.550
-4.644
-1.309
-0.369
-3.751
-2.541
0.276
-2.757
-1.534
1.431
-1.696
-1.070
-1.394
-2.929
-2.110
-1.240
-2.371
0.927
0.302
-0.147
-1.535
-0.319
-0.492
-2.011
-1.026
-1.129
-0.027
0.188
-2.833
-1.254
-0.873
-1.471
-1.909
-4.202
-3.168
-3.743
-2.747
-0.599
-1.143
-1.991
-2.264
-2.551
-3.693
-2.797
-3.541
-3.946
-1.879
-2.213
-2.394
-2.460
-3.113
-1.693
-2.943
-2.801
-6.014
-3.070
-3.744
-2.054
-3.505
-3.744
-4.018
-3.258
-3.813
-1.278
-4.872
-3.144
-3.677
-1.494
-2.580
-0.354
-2.618
-0.914
-4.348
-1.834
-2.054
-3.213
-3.062
-2.140
-2.032
-2.530
-3.241
-1.690
-3.937
-3.174
-3.096
-3.562
-1.237
-1.355
-3.570
-3.193
-3.077
-1.879
-1.677
-2.659
-2.364
-5.265
-0.570
0.014
-4.085
-3.661
-4.068
-2.432
-2.312
-3.755
-2.674
-4.622
-1.654
-0.118
-2.264
-1.450
-3.054
-1.314
-0.353
-3.908
-3.369
-4.186
-1.116
-0.721
-1.675
-2.047
-3.775
0.405
-1.288
-2.565
-2.860
-3.339
-2.130
-0.529
-3.695
-2.751
-3.299
-1.343
-2.035
-2.666
-4.214
-5.218
-3.877
-2.399
-3.950
-3.625
-3.815
-2.827
-1.108
-3.922
-4.036
-4.866
-3.860
0.003
-3.762
-3.955
-4.637
-4.249
-2.940
-0.622
-5.199
-1.572
-4.025
0.306
-3.198
-3.196
-2.832
-3.086
-0.872
-1.758
-4.791
-3.607
-4.276
-2.544
-3.519
-3.535
-3.635
-3.004
-0.975
-2.589
-3.789
-2.727
-2.960
-3.275
-3.674
-3.062
-1.900
-5.778
-2.983
-4.210
-1.827
-5.817
-1.791
-2.938
-3.266
-1.155
-4.147
-0.852
-0.890
-2.556
0.169
-3.689
-1.349
-2.162
-3.484
-4.611
-3.080
-1.961
-2.999
-1.756
-2.718
-4.283
-2.378
-3.190
-0.686
-3.628
-4.396
-1.341
-2.400
-2.613
-3.902
-2.680
-2.574
-2.621
-3.080
-2.205
-3.874
-2.175
-1.395
-4.115
-1.973
-2.650
-3.328
-1.676
-3.966
-1.488
-4.523
-3.022
-1.515
-1.153
-3.908
-4.718
-2.340
-3.020
0.780
-3.027
-2.646
-0.203
-3.072
-1.273
-2.439
-1.684
-1.113
-2.938
-1.230
-2.166
-3.585
-2.740
-2.410
-1.597
-2.558
-0.406
-1.198
-4.380
-1.466
-2.257
-4.354
-1.789
-3.880
-1.615
0.278
-0.355
-3.580
-5.643
-2.339
-3.670
-4.191
-0.347
-2.723
-2.369
-2.536
-4.976
-2.526
-3.908
-1.599
-2.456
-4.123
-2.250
-3.834
-1.311
3.449
-2.609
1.937
-1.115
-1.197
1.120
-3.302
-0.641
-2.564
-1.010
2.396
-3.042
0.425
-0.585
-0.877
1.150
-4.284
1.116
-2.098
-2.900
1.032
-3.170
-0.492
-2.363
-0.288
1.116
-1.436
-0.035
-1.338
-0.458
-0.057
-1.752
1.341
-2.926
-2.050
0.430
-0.839
-0.881
-1.197
0.664
0.325
-1.623
0.627
-2.190
-2.460
-0.856
-2.499
0.265
-1.440
-2.435
-4.601
-2.300
0.211
-2.967
-3.089
-4.030
-3.208
0.118
-1.795
-2.215
-4.340
-2.089
-2.841
-3.626
-2.511
-4.572
-2.350
-1.521
-2.781
-3.950
-4.943
-3.232
-1.059
-3.161
-0.885
-6.463
-2.468
-1.387
-3.571
-2.310
-4.540
-3.504
-1.266
-2.365
-1.201
-4.472
-2.994
-0.783
-3.448
-1.098
-5.521
-3.012
0.419
-2.251
-2.452
-5.433
-2.489
-1.038
-4.354
-1.110
-1.773
-2.337
-3.478
-4.766
-0.220
-2.632
-4.470
-3.182
-4.645
0.334
-2.183
-4.286
-2.253
-3.847
-1.429
-2.535
-4.516
-2.146
-3.826
0.178
-1.547
-3.693
-1.821
-4.532
1.751
-2.102
-1.995
-1.015
-3.703
-0.297
-2.452
-2.766
-1.237
-3.044
-0.898
-1.294
-3.067
-1.326
-4.454
0.108
-3.711
-2.698
-4.091
-3.192
0.358
-1.344
-2.520
-0.352
-4.113
-3.259
-0.502
-0.635
-2.405
2.211
-3.492
-1.464
-1.846
-4.649
-1.068
-1.952
-0.403
-1.044
-3.519
-1.527
-1.614
-1.062
-2.038
-3.472
-1.928
-1.289
-1.303
-1.179
-1.145
-1.051
-0.759
0.657
-3.111
-1.268
-2.201
-0.686
-0.603
-1.139
-0.667
-0.387
-2.183
0.474
-4.936
-3.430
-1.050
-1.553
-1.406
-3.276
-2.615
-3.016
-2.419
-1.911
-2.341
-3.161
-0.702
-2.483
1.764
-1.134
-2.391
-2.869
-1.168
-1.870
-1.219
-1.739
-3.228
-1.479
-0.221
-0.624
-1.934
-1.300
-0.422
0.272
-0.908
-2.117
-3.007
-0.957
-0.763
-0.822
-2.397
-4.012
-2.298
0.883
-0.947
-3.442
-2.610
-1.101
-1.487
-0.899
-1.922
-2.269
-1.565
1.946
-1.161
-0.643
-3.221
-1.698
1.561
-1.378
-0.440
-3.405
-2.344
-0.158
0.781
-2.523
-3.158
-4.313
-3.821
-2.748
-1.102
-4.215
-3.138
-1.369
-4.830
-2.225
-2.334
-3.914
-2.519
-5.423
-3.169
-2.728
-1.677
-3.647
-2.728
-4.954
-1.737
-3.577
-4.315
-2.457
-6.177
-4.460
-3.602
-4.650
-0.886
-3.694
-3.807
-4.776
-1.970
-3.328
-4.139
-2.230
-3.340
-4.654
-3.019
-1.805
-4.491
-0.622
-1.106
-4.205
-0.783
-0.873
-4.196
-1.585
-1.137
-5.006
-1.321
-1.855
-5.185
-2.637
-3.596
-5.051
-2.021
-3.117
-4.178
-1.794
-1.058
-1.995
-4.412
-1.986
-3.338
-4.996
-2.536
-2.980
-5.767
-1.521
-2.711
-4.060
-0.483
-4.443
-4.246
-2.932
-2.202
-6.029
-2.651
-3.267
-3.991
-1.593
-2.996
-3.948
-3.389
-3.796
-2.962
-3.166
-3.200
-4.224
-1.264
-2.382
0.166
-3.836
-2.539
-2.370
-6.423
-2.100
-1.094
-3.571
-1.241
-3.360
-4.377
-1.696
-1.401
-5.782
-0.256
-1.880
-4.829
-1.373
-0.676
-4.197
-1.611
-0.890
-3.796
-1.217
-0.928
-5.725
-0.837
-2.186
-2.833
-4.399
-2.837
-2.109
-3.323
-1.932
-1.874
-1.930
-2.946
-4.008
-2.149
-2.680
-2.570
-4.134
-2.218
-1.262
-1.463
-4.737
-2.380
-3.137
-2.303
-0.997
-2.056
-0.797
-0.633
-2.872
-3.170
-2.024
-4.036
-1.681
-1.733
-2.394
-0.037
-1.888
-2.080
-1.247
-2.398
-0.590
0.227
-2.398
-1.151
-0.685
-0.902
-2.150
-0.112
-4.015
-2.072
-0.239
-3.335
-1.715
0.337
-2.362
-1.652
-0.492
-1.978
-3.054
-0.741
-2.083
-1.153
0.995
-2.490
