-7.899
6.113
-5.074
4.837
-6.358
4.221
-7.063
4.887
-7.142
4.870
-9.783
5.332
-7.981
2.964
-8.381
4.977
-8.141
4.988
-4.493
3.767
-6.170
-0.026
-9.333
2.002
-10.259
2.719
-8.563
2.012
-4.464
2.033
-13.001
1.830
-5.505
4.769
-11.577
1.987
-5.613
0.095
-7.033
2.926
2.314
-1.455
5.344
-7.232
2.644
-6.262
4.095
-6.097
1.480
-5.816
0.893
-4.920
-0.434
-5.262
-0.313
-8.732
2.980
-6.134
0.599
-9.469
3.372
-6.594
2.767
-6.208
3.491
-6.029
1.649
-6.309
3.022
-4.988
5.452
-3.360
4.245
-3.284
4.351
-5.637
2.611
-7.088
4.913
0.108
-3.128
-9.391
2.493
-4.100
0.634
-7.205
5.401
-3.027
-0.149
-8.159
1.896
-4.809
0.359
-8.214
-1.122
-7.845
-2.104
-7.624
2.884
-6.015
0.835
-9.136
5.301
-6.697
0.661
-8.792
4.502
-4.929
-3.928
-12.624
-2.633
-4.740
-0.943
-9.983
2.062
-6.381
-1.851
-8.579
4.988
-3.918
2.585
-7.511
-3.684
-4.339
4.059
-8.600
-1.291
-9.366
4.332
-8.860
-1.969
-7.779
2.936
-8.645
-1.586
-6.246
4.337
-6.205
-0.286
-7.291
4.873
-6.160
1.608
-5.754
4.542
-10.093
-1.444
-9.859
2.616
-11.776
-5.743
-7.427
-1.172
-7.983
-3.503
-8.233
3.480
-7.749
1.696
-6.501
4.055
-6.804
-2.816
-6.845
4.927
-4.825
2.356
-4.333
5.298
-7.770
0.072
-8.424
5.527
-7.099
-0.034
-6.979
3.552
-7.316
-4.498
-5.547
4.633
-4.668
-0.193
-5.608
4.808
-3.631
0.834
-5.565
-0.139
-6.389
-4.414
-4.773
4.232
-5.871
-2.696
-5.371
3.791
-4.922
-1.942
-8.329
-3.184
-0.154
-0.970
3.095
-7.067
-5.318
-3.890
1.682
-5.759
-1.900
-2.650
0.196
-5.286
-3.892
-7.300
2.794
-2.785
-4.097
-1.293
6.471
-4.060
-1.480
-2.377
4.080
-3.874
-6.057
-5.304
3.642
-5.802
-5.265
-5.505
3.821
-1.235
-3.335
-1.660
1.943
-6.130
-4.476
-2.779
2.439
-1.017
-1.160
-7.793
-7.423
-1.747
-2.647
-4.864
-4.146
2.545
0.655
-7.832
-4.301
3.040
4.219
-1.826
-0.726
0.451
-3.205
-5.596
-3.455
1.441
0.119
-6.828
-4.121
2.452
1.243
-5.412
-2.954
0.101
-1.278
-6.212
-5.529
-1.083
-1.376
-7.942
-6.590
2.685
1.282
-3.762
-2.119
-4.267
-5.596
4.786
1.594
0.556
-0.981
5.067
0.952
-2.865
-1.347
3.659
-2.380
-1.815
-4.552
4.071
2.278
-0.715
-2.246
4.351
1.984
-2.617
-5.288
5.438
1.542
-1.791
-3.407
-1.514
-1.426
-5.311
-5.318
4.423
-0.282
-5.134
-6.396
2.607
-1.973
-0.362
-1.686
1.626
1.305
1.544
-3.937
-2.687
1.361
2.220
-1.452
-0.838
3.081
3.086
-0.630
-2.422
0.920
1.739
-4.337
-4.127
-0.456
0.443
-4.911
-3.756
-0.092
0.960
-4.448
-2.918
-0.471
0.267
-1.583
0.531
3.184
0.390
-4.864
-2.216
-0.196
0.667
-2.994
-3.261
0.032
-3.285
-6.161
-3.520
-0.340
5.114
1.256
0.736
0.350
3.569
3.314
-1.644
-1.777
2.289
0.027
-4.261
-2.696
1.265
-3.919
-5.344
-3.127
3.741
3.103
-0.529
2.237
1.362
1.695
-1.355
-1.559
-0.121
-1.331
-3.577
-1.198
0.423
0.636
-2.901
-5.066
3.758
2.250
-3.421
-1.516
-2.182
-2.540
-8.168
-8.589
0.916
-7.024
-9.362
2.646
-8.479
-8.834
1.165
-8.446
-9.840
1.827
-6.790
-10.802
0.814
-10.042
-9.087
0.560
-10.356
-10.440
3.275
-6.321
-7.966
1.130
-7.776
-7.387
0.161
-9.028
-8.244
1.782
-10.072
-11.978
0.606
-2.490
-7.756
3.802
-0.027
-10.600
2.727
-2.648
-7.808
3.302
-1.518
-9.664
-1.852
-5.997
-9.323
2.178
-1.546
-7.089
1.330
-3.391
-7.020
1.740
-3.484
-8.884
1.870
-1.039
-12.133
3.404
0.997
-10.274
5.748
-1.505
-9.295
3.029
-5.325
-8.295
1.915
-4.178
-9.490
4.957
-1.452
-7.655
2.257
-5.047
-9.631
3.750
1.309
-6.603
1.918
-6.380
-10.529
-2.965
-6.284
-2.537
3.587
-0.977
-9.497
6.107
-0.817
-6.698
5.486
-2.274
-2.701
5.229
1.042
-1.021
6.226
-2.176
1.108
6.045
-0.336
-1.417
4.752
-0.795
1.521
2.531
-2.517
-3.835
5.900
-1.702
-4.545
5.824
-4.127
-0.391
6.216
0.723
-0.497
7.045
-1.291
-0.506
-4.073
-6.768
5.585
-2.847
-7.470
4.852
-4.471
-6.931
5.705
0.648
-5.537
5.686
-2.624
-7.426
4.863
-1.352
-8.955
3.359
-0.704
-9.233
3.410
-0.113
-8.036
3.921
-2.267
-4.774
5.243
-4.218
-4.592
4.130
4.665
-0.045
-0.658
6.789
-1.220
-0.922
6.796
-1.489
1.493
5.048
-1.851
-1.535
5.303
0.488
-0.877
2.742
-2.120
-3.112
4.841
1.522
1.176
3.271
1.905
2.203
4.109
-1.113
0.271
1.959
0.863
0.458
-5.360
4.203
-7.164
-5.461
-3.170
-6.812
3.920
-5.691
-6.921
-6.296
-8.352
2.660
-5.576
-5.958
-5.116
-6.515
2.183
-6.322
-5.323
-3.480
-5.485
2.352
-7.157
-7.033
-2.806
-9.220
2.691
-6.969
-6.073
-4.311
-4.166
4.121
-5.946
-5.446
-1.092
-3.118
5.091
-2.902
-4.397
-1.191
-4.402
3.150
-7.012
-6.868
-2.776
-6.883
2.887
-6.135
-4.729
-3.568
-5.523
-0.077
-4.812
7.158
-5.673
-8.207
-1.208
-7.394
5.754
-7.493
-6.824
-1.460
-8.418
6.376
-5.415
-7.447
-0.553
-5.821
6.412
-5.566
-6.163
-0.128
-7.357
5.833
-7.486
-7.980
-1.894
-7.375
6.753
-9.558
-7.399
0.746
-6.338
6.065
-5.053
-6.156
-0.457
-7.051
7.211
-6.938
-6.838
-2.515
-5.769
6.363
-7.787
-10.899
-2.875
-6.246
2.386
-10.196
-6.377
-0.246
-2.824
-5.349
2.341
-5.526
-1.279
-7.172
-7.639
4.047
-6.748
-6.477
-8.272
-8.495
1.687
-8.258
-6.450
-7.261
-10.239
3.371
-3.283
-2.482
-5.375
-7.659
4.992
-6.603
-2.756
-5.926
-8.618
5.170
-6.123
-1.266
-5.071
-4.745
5.689
-8.121
-3.156
-6.063
-7.204
3.039
-5.755
-3.931
-4.621
-6.259
4.666
-9.365
-4.434
-4.928
-7.956
2.048
-6.535
6.172
-6.322
0.307
-3.325
-6.599
6.474
-3.268
1.753
-3.656
-5.387
6.461
-4.848
1.242
-3.750
-7.880
2.891
-4.584
-1.893
-0.968
-3.423
2.515
-4.264
-2.445
-2.466
-3.632
4.160
-4.323
1.067
-2.399
-5.481
1.364
-5.494
-4.803
-5.630
-6.221
5.690
-5.226
-0.789
-2.367
-5.679
4.405
-4.139
-1.220
-5.203
-3.204
7.246
-3.389
1.339
-1.236
-5.846
-2.041
-6.753
-4.450
-8.434
-6.140
-0.365
-6.421
-5.633
-10.718
-4.021
4.638
-4.780
0.071
-6.367
-5.952
1.816
-8.413
-6.294
-9.562
-2.836
2.673
-1.242
-1.018
-7.040
-5.879
4.051
-5.844
-3.390
-6.070
-5.232
5.306
-2.787
-2.089
-4.870
-5.039
2.807
-7.263
-2.257
-7.947
-7.819
-1.279
-6.708
-5.579
-10.250
-5.554
0.614
-6.730
-3.034
-9.903
0.733
6.361
-5.911
0.277
-6.174
1.067
4.424
-8.295
-3.275
-7.704
-0.500
6.029
-4.997
-2.945
-6.080
-3.718
2.346
-8.218
-1.977
-7.626
-2.921
3.638
-8.448
-0.208
-4.049
1.933
5.738
-7.175
-1.649
-7.833
4.096
5.484
-7.415
-0.830
-6.697
-4.790
4.909
-2.911
-3.648
-4.502
2.525
4.124
-7.360
-3.036
-6.237
-0.072
5.806
-6.126
-0.578
-1.254
-8.234
-6.325
-12.101
4.897
-3.671
-7.363
-6.490
-9.342
4.916
-3.939
-8.666
-5.198
-10.701
2.861
-2.186
-9.185
-9.267
-12.294
3.198
-3.766
-8.412
-4.068
-11.238
5.642
-4.789
-7.624
-7.593
-10.516
3.478
-4.137
-7.563
-4.960
-9.340
2.331
-2.575
-5.495
-4.227
-8.491
6.779
-5.655
-8.200
-6.733
-10.035
3.983
-3.767
-7.758
-9.434
-13.145
1.852
-10.868
5.364
-0.927
-6.819
-5.824
-10.682
6.792
-0.055
-7.998
-4.733
-10.954
4.883
-2.048
-9.085
-4.952
-9.845
4.677
-0.401
-9.698
-5.691
-9.653
6.333
0.527
-12.019
-3.947
-10.813
5.266
-3.585
-8.207
-6.301
-11.901
5.971
2.422
-4.053
-5.210
-5.949
4.386
0.879
-8.056
-5.534
-9.790
1.708
-2.102
-9.829
-3.996
-10.698
4.459
1.617
-6.827
-5.647
-8.392
-6.669
1.363
-5.727
-5.820
-2.377
0.735
4.172
-8.595
-4.918
-7.782
-2.935
3.596
-8.398
-5.312
-3.989
-1.313
3.872
-6.963
-4.595
-7.783
-1.646
2.477
-5.741
-2.474
-2.823
-0.863
4.781
-7.640
-3.341
-4.698
-3.393
4.253
-6.620
-3.558
-4.681
-0.349
2.131
-10.009
-3.461
-7.503
-4.044
-0.113
-11.126
-4.143
-6.720
-2.492
1.897
-10.631
-4.729
-7.925
-0.268
5.882
-0.034
-6.225
-8.846
-1.237
5.329
0.199
-6.868
-5.936
-0.255
5.837
-0.027
-7.114
-7.568
-2.347
5.114
2.214
-5.749
-5.736
1.579
4.235
-2.030
-5.378
-9.516
1.174
3.482
-2.855
-6.713
-8.843
2.365
2.740
-4.044
-3.843
-6.718
-0.712
6.614
-3.588
-6.411
-9.209
-2.457
4.345
-3.290
-5.765
-9.082
-4.718
3.362
-1.869
-8.095
-8.970
5.425
-6.234
-4.088
3.926
-8.829
-6.666
6.553
-9.591
-4.561
4.895
-9.759
-1.860
1.503
-5.369
-3.620
4.508
-6.166
-4.455
1.468
-5.362
-3.349
2.016
-3.345
-4.931
3.192
-5.444
-4.138
1.523
-5.303
-4.781
-8.670
3.800
-6.779
-11.700
-0.157
-8.427
-10.167
2.790
-6.464
-9.858
4.264
-6.534
-9.850
1.859
-8.003
-8.835
2.645
-6.150
-9.569
1.158
-4.963
-9.182
-0.630
-7.536
-9.991
3.871
-7.187
-9.662
4.841
-4.562
-5.959
-11.285
7.261
-4.910
-11.393
3.650
-4.032
-8.758
6.792
-3.313
-9.312
7.151
-6.366
-6.695
4.654
0.106
-10.956
4.205
-1.390
-11.036
5.227
-3.135
-8.548
4.384
-5.254
-10.331
0.821
-3.561
-11.030
5.031
4.090
-1.451
-9.832
4.405
-1.831
-8.826
1.714
-3.546
-9.194
5.041
-3.458
-8.503
4.803
-1.683
-10.045
4.157
-1.073
-6.620
4.588
-0.181
-8.287
6.130
-0.071
-9.673
4.557
0.289
-8.006
5.344
0.005
-7.682
0.027
-3.369
-6.435
2.280
-1.984
-6.942
3.778
-1.291
-7.384
1.587
-5.550
-8.707
2.141
-2.933
-5.009
3.575
-5.309
-7.567
1.430
-1.523
-3.142
2.461
-1.906
-3.233
2.030
-3.747
-6.098
-1.159
-2.944
-6.649
-3.777
3.880
-6.198
-2.934
2.335
-5.821
-3.336
5.095
-6.737
-2.190
2.082
-7.869
-1.410
3.593
-8.556
-1.933
4.772
-8.654
-1.770
5.890
-7.894
-2.906
7.319
-9.015
-3.995
3.395
-8.096
-0.671
5.032
-7.712
