1.008
3.130
-0.228
2.882
3.256
3.067
0.675
6.018
1.634
1.795
9.784
8.553
9.053
2.022
8.382
9.245
7.443
7.104
5.399
8.393
9.295
9.261
6.472
8.186
10.083
8.358
8.453
9.020
8.501
8.794
7.471
8.163
8.769
7.138
8.805
5.593
4.841
10.133
7.582
7.697
9.946
8.891
7.876
9.435
8.869
8.902
8.595
7.704
8.466
4.601
6.308
5.818
4.503
6.393
2.792
3.239
-0.419
7.771
6.673
4.401
3.157
3.559
-1.738
3.054
2.604
2.530
3.241
1.247
3.978
3.050
2.855
0.750
0.782
2.158
-2.391
4.949
-2.974
3.996
-3.895
2.575
6.975
9.007
5.427
3.864
8.510
5.457
7.202
7.005
7.599
8.447
5.505
5.542
6.032
6.044
6.499
7.080
6.891
4.514
5.829
6.169
4.805
4.861
6.338
5.782
2.979
2.660
1.385
4.596
2.529
2.090
6.714
7.154
6.250
4.614
5.843
5.668
7.160
4.741
5.573
6.208
3.980
1.722
3.578
7.210
5.778
4.087
5.633
4.774
5.650
5.315
3.855
5.705
5.006
4.840
2.486
3.216
6.323
6.010
4.394
3.598
7.329
2.869
7.505
3.365
-2.510
6.837
-5.383
6.695
-9.703
5.803
6.402
7.934
4.142
5.601
6.806
5.791
5.963
6.128
5.847
5.021
6.968
4.556
4.421
2.604
5.724
6.185
3.345
5.238
5.551
4.216
6.394
6.363
4.276
5.392
5.269
5.896
7.181
6.715
2.932
7.812
-0.091
1.147
2.327
0.358
1.276
2.614
0.149
3.418
1.221
2.796
-2.975
5.492
7.097
7.030
6.491
7.283
6.544
8.946
3.243
4.325
6.202
7.407
5.056
5.176
4.493
5.391
7.079
6.029
8.244
6.700
6.677
8.210
6.503
8.541
7.980
7.174
6.917
7.398
8.137
7.449
6.815
9.091
4.976
5.639
6.040
5.109
7.848
4.790
1.870
9.341
9.163
9.247
8.899
7.597
10.056
9.204
8.469
9.175
11.502
11.824
6.659
6.089
3.066
4.359
5.822
6.016
6.839
5.762
6.321
6.765
10.744
9.314
11.661
6.928
11.232
12.284
8.435
9.213
8.849
4.640
6.387
5.391
8.207
6.503
7.320
8.688
7.679
7.426
4.668
5.204
5.241
8.059
7.026
5.182
6.835
6.877
5.446
4.547
5.770
5.168
5.086
2.613
5.588
6.115
6.192
6.063
7.073
4.977
2.333
5.833
3.865
4.879
5.913
6.623
5.067
7.341
6.462
2.584
6.141
5.663
5.742
5.296
8.502
1.444
6.099
6.200
4.588
6.437
5.499
5.681
6.216
4.378
5.491
6.505
3.425
5.298
6.553
6.713
5.759
6.669
5.231
4.706
5.245
5.766
5.709
4.992
4.591
3.340
7.031
3.743
6.690
9.683
6.632
5.665
6.304
8.034
8.110
7.741
6.499
9.735
