-8.270
-6.525
-1.309
-8.602
-2.530
-6.325
-6.569
-5.248
-4.524
-1.751
-4.452
-4.947
-4.159
-2.492
-2.055
-3.726
-5.545
-1.729
-2.215
-2.278
0.362
-1.199
-1.485
-1.881
-1.344
1.130
1.021
0.323
-1.137
0.169
0.998
2.820
1.376
3.979
2.164
-0.381
-2.338
3.054
1.565
0.954
-6.215
-1.927
-7.189
-4.384
-0.600
-5.016
-5.285
-0.274
-4.199
-5.406
0.983
-4.696
-5.667
-0.991
-6.516
-5.464
-0.457
-3.600
-5.781
-2.346
-3.990
-3.091
-0.160
-3.597
-2.645
-2.110
-5.016
-3.225
-1.565
-6.997
-0.066
-2.466
-5.324
0.981
-0.654
-5.214
-1.566
-3.775
-4.399
1.953
-4.389
-2.565
-2.369
-3.867
-1.544
-3.470
-0.366
-2.138
-5.128
-4.334
-1.884
3.324
-1.699
-4.224
-0.238
-0.393
-3.192
-0.146
-1.820
-5.684
-6.393
-2.455
-5.843
-9.003
-1.221
-9.192
-8.026
-5.540
-6.583
-7.775
0.537
-9.389
-6.807
-1.379
-7.549
-6.162
-2.925
-6.728
-9.921
-4.275
-7.504
-7.084
-3.922
-8.345
-9.523
-2.539
-10.187
-5.444
-1.203
-7.215
-10.234
-12.075
-8.214
-6.375
-5.864
-5.187
-9.612
-9.545
-5.956
-6.321
-9.489
-5.096
-4.397
-8.151
-3.592
-7.510
-11.038
-4.389
-4.404
-7.548
-2.622
-7.446
-8.420
-5.874
-6.860
-8.887
-5.867
-5.438
-10.174
-5.203
0.683
-3.010
1.549
2.043
-3.722
3.123
3.897
-2.494
-2.490
1.545
-4.164
-1.356
3.944
-0.431
1.852
2.831
-1.967
0.304
3.298
-1.184
2.589
-0.174
-4.818
0.709
1.118
-5.483
1.496
1.620
-4.903
-0.347
-1.331
-2.416
2.213
-3.064
-3.261
1.933
-4.959
-5.933
3.507
-2.333
-3.245
4.488
-2.635
-4.714
4.607
-1.507
-1.318
2.980
-2.256
-3.176
5.246
-0.817
-2.246
2.380
-1.170
0.068
1.279
-3.028
-3.492
3.847
-1.206
-5.183
-3.729
1.162
-3.257
-3.093
1.801
-3.882
-0.693
0.202
-1.757
-0.593
-0.212
-4.339
-3.235
-0.053
-4.919
-5.488
-0.328
-6.068
-6.151
0.775
-1.303
1.214
-1.011
-6.291
-5.438
-0.839
-6.721
-4.452
3.841
-3.380
-1.824
4.076
-1.162
-0.094
3.632
-2.977
-3.118
-1.509
-1.707
-4.389
0.780
-0.686
-2.385
2.189
-0.984
-3.988
4.196
-0.159
-1.641
2.685
0.268
-1.402
0.856
-4.757
-2.856
3.251
1.302
1.664
0.418
-9.170
-1.903
-10.741
-2.564
-6.236
0.727
-6.104
-1.771
-3.471
-1.384
-6.785
0.732
-6.844
0.679
-7.364
-0.719
-8.856
-0.746
-9.319
-1.496
-6.508
3.251
-9.528
-0.276
-11.828
0.758
-8.898
-1.424
-8.592
-1.239
-9.517
0.438
-9.148
-0.346
-8.092
-3.650
-9.654
-3.767
-10.541
-9.152
-7.663
-6.941
-7.992
-8.422
-6.543
-5.622
-6.228
-5.355
-7.702
-6.523
-4.587
-5.907
-9.203
-7.767
-5.630
-7.147
-8.434
-7.153
-9.776
-2.105
-1.168
-6.016
-1.466
-5.711
-4.233
-4.118
-3.496
-5.531
-4.634
-2.420
0.043
-6.467
-1.952
-4.557
-0.302
-3.388
-2.324
-8.179
-4.401
-2.276
-4.103
-1.431
-0.604
-3.477
-2.042
0.101
-0.085
1.271
-5.007
0.067
-0.207
-1.676
0.071
-2.948
-3.482
-3.899
-4.150
-3.158
-2.188
-2.051
-3.646
-0.768
-2.438
-3.884
0.438
-1.343
-4.689
-0.650
-4.951
-4.922
-3.882
0.149
-0.751
-2.568
-4.308
-4.216
-1.244
-0.017
-3.095
-7.027
-2.228
-4.777
-5.661
-6.436
-8.137
-7.776
-7.486
-6.316
-4.966
-4.620
-3.583
-7.695
-6.916
-7.456
-6.648
-6.145
-6.579
-9.140
-5.051
-7.308
-5.654
-3.529
-5.725
-6.880
-9.073
-8.210
-5.576
-4.487
-3.521
-4.754
-4.366
-4.883
-5.491
-5.710
-4.131
-4.494
-3.841
-7.636
-2.660
-8.718
-5.779
-5.690
-8.042
-6.887
-5.255
-5.999
-9.550
-7.318
-4.403
-2.319
-8.109
-7.201
-2.981
-4.588
-8.420
-4.133
-4.382
-0.386
-5.279
-5.296
-5.664
-5.752
-6.384
-4.593
-2.649
-3.853
-6.586
-5.338
-6.023
-1.381
-8.123
-5.681
-5.583
-5.483
-10.749
-6.211
-2.690
-3.407
-6.362
-1.634
-0.646
-3.025
-4.618
-2.863
-5.423
-5.345
-3.210
-4.700
-7.223
-6.131
-9.267
-3.615
-5.286
-4.038
-6.393
-4.892
-3.375
-6.859
-5.336
-0.826
-1.897
-5.577
-4.675
-3.917
-3.465
-5.303
-5.100
-3.317
-5.572
-7.954
-5.064
-1.359
-3.085
-6.228
-3.762
-5.238
-4.115
-5.696
-4.140
-4.978
-1.274
-2.979
-4.588
-2.783
-0.825
-2.651
-0.152
-7.227
-3.609
-2.610
-4.367
-5.378
-4.218
-2.855
-5.280
-5.184
-1.608
1.108
-2.963
-6.559
-4.637
-5.136
-4.747
-8.106
-2.464
-4.354
-4.887
-4.216
-2.700
-2.453
-4.111
-3.149
-1.769
-2.556
-3.717
-3.800
-4.502
-4.749
-4.010
-2.615
-1.826
-4.181
-2.325
-2.569
0.796
-1.161
-2.726
-2.105
-3.825
-5.037
-3.969
-1.836
-3.265
-3.839
-5.146
-0.817
-1.865
-1.048
-3.325
-4.087
-2.357
-3.861
-4.378
-1.773
-1.415
-1.725
-5.639
-5.240
-5.900
-3.786
-5.456
-5.397
-4.183
-1.174
-7.693
-0.680
-1.582
-2.502
-3.871
-5.333
-1.915
-8.715
-6.325
-6.529
-7.276
-8.023
-9.434
-8.418
-4.358
-8.339
-7.410
-1.761
-2.383
-6.971
-9.051
-7.511
-0.874
-7.494
-4.950
-5.981
-0.219
-6.446
-4.927
-5.379
-4.571
-8.065
-9.298
-4.109
-4.794
-7.411
-7.448
-8.437
-1.619
-9.116
-6.605
-9.118
-3.326
-7.645
-3.542
-5.679
-7.559
-2.481
-5.022
-5.964
-6.663
-0.448
-1.418
-7.421
-10.107
-1.571
-6.683
-3.114
-7.715
-2.551
-4.300
-7.085
-5.833
-0.588
-3.563
-3.514
-7.445
-1.791
-6.424
-4.186
-5.104
-2.303
-5.785
-6.474
-6.552
-1.381
-5.923
-2.360
-7.518
-1.486
-6.930
-5.306
-7.831
-3.385
-4.305
-7.915
-3.378
-5.098
-2.687
-8.673
-4.021
-6.087
-4.167
-9.783
-1.731
-4.242
-1.325
-7.812
-1.660
-6.628
-2.839
-7.973
-4.127
-6.374
-1.050
-7.686
-3.368
-5.422
-1.210
-4.537
-0.385
-6.256
-2.517
-6.724
-1.937
-5.038
-4.161
-8.981
-1.706
-3.825
-2.716
-10.754
-5.631
-6.039
-3.292
-0.009
-9.125
-2.908
-10.535
0.475
-3.801
-3.790
-8.427
2.496
-9.357
-3.292
-11.091
-0.383
-6.704
-1.389
-10.522
1.042
-6.297
-5.557
-7.932
0.433
-5.248
-2.382
-9.773
0.920
-6.876
-4.841
-9.517
3.511
-4.973
-2.279
-11.501
-1.374
-7.780
-3.194
-10.202
-0.896
-5.698
-3.897
-6.491
-3.216
-2.022
-8.240
-7.568
-1.341
-0.216
-8.283
-6.940
-2.888
-2.122
-6.607
-7.373
-8.322
-5.371
-8.154
-7.860
-2.406
-0.770
-9.583
-6.960
-3.131
-1.654
-9.999
-2.804
-1.927
1.679
-6.555
-3.990
-4.246
-1.479
-7.790
-7.459
-2.391
-2.647
-8.179
-6.756
-4.094
-2.717
-8.545
-8.245
-5.924
-6.406
-4.273
-2.857
-3.437
-0.100
-5.480
-4.633
-6.202
-3.856
-7.218
-5.334
-6.728
-4.263
-8.674
-4.096
-9.116
-6.178
-7.955
-4.938
-2.862
0.001
-4.427
-3.202
-4.106
-3.465
-4.008
-0.349
-0.191
-2.529
-5.710
-2.088
-3.283
-5.255
-9.816
-1.787
-6.033
0.615
-2.662
-1.803
-8.929
-3.521
-8.586
-2.512
-7.514
-4.255
-8.459
-4.854
-5.740
-3.646
-9.785
-2.456
-8.321
-2.108
-10.230
-0.829
-9.901
-4.887
-6.625
-4.684
-1.364
-4.867
-1.886
-5.880
0.610
-1.131
-1.378
-4.572
-1.984
-3.180
-2.127
-4.204
-0.235
-2.795
-1.852
-1.957
-1.842
-2.956
-1.452
-2.793
0.233
-3.774
-3.952
-3.972
-4.057
-2.762
-4.347
-5.725
-2.917
-3.924
-2.116
-4.433
-2.579
-1.668
-4.742
-4.806
-2.004
-2.148
-7.064
-7.150
-4.668
-6.100
-6.773
-6.568
-4.773
-2.803
-2.053
-2.509
-3.887
-5.072
-6.307
-5.970
-3.418
-6.036
-4.277
-3.571
-2.624
-5.022
-1.750
-1.288
