-7.899
-4.922
-5.074
-6.249
-6.358
-6.579
-7.063
-7.192
-7.142
-7.223
-9.783
-7.752
-7.981
-8.285
-8.381
-7.195
-8.141
-4.839
-4.493
-4.400
-6.170
-7.304
-9.333
-4.961
-10.259
-6.390
-8.563
-6.592
-4.464
-5.703
-13.001
-6.807
-5.505
-2.022
-11.577
-7.573
-5.613
-5.265
-7.033
-6.115
-3.151
-1.455
-0.572
-7.232
-3.942
-6.262
-2.353
-6.097
-4.145
-5.816
-4.791
-4.920
-7.500
-5.262
-6.884
-8.732
-4.213
-6.134
-5.287
-9.469
-2.902
-6.594
-2.509
-6.208
-2.546
-6.029
-4.537
-6.309
-2.063
-4.988
-0.526
-3.360
-1.454
-3.284
-2.200
-5.637
-3.085
-7.088
0.395
0.108
-5.288
-9.391
-6.834
-4.627
-1.395
-7.205
-1.954
-4.173
-1.771
-8.159
-7.066
-7.702
-1.871
-8.214
-6.510
-9.975
-4.909
-7.624
-4.812
-8.235
-0.880
-9.136
-1.437
-6.609
-0.888
-8.792
-3.855
-6.575
-5.104
-12.624
-10.440
-4.114
-2.812
-9.983
-6.116
-7.822
-2.888
-8.579
-2.489
-4.985
-2.984
-7.511
-4.936
-6.248
-0.614
-8.600
-4.131
-12.086
-0.183
-8.860
-3.991
-11.520
-1.992
-8.645
-5.054
-8.625
-0.517
-6.205
-2.458
-8.290
-0.413
-6.160
-0.736
-7.632
0.038
-10.093
-6.640
-11.237
-1.288
-11.776
-9.486
-8.880
-5.447
-7.983
-7.156
-7.926
-0.928
-7.749
0.149
-7.008
3.876
-6.804
-4.271
-7.826
2.504
-4.825
-0.451
-4.938
3.610
-7.770
-1.768
-9.045
4.203
-7.099
-4.512
-8.487
3.029
-7.316
-6.462
-5.933
2.326
-4.668
-2.604
-7.059
3.630
-3.631
-1.675
-6.499
-1.290
-6.389
-7.064
-4.920
3.541
-5.871
-5.463
-6.055
3.054
-4.922
-2.511
-10.958
-4.315
-0.154
-2.104
-2.566
-8.689
-5.318
-6.181
-3.615
-5.819
-1.900
-3.600
-5.402
-6.039
-3.892
-8.504
-2.953
-4.575
-4.097
-3.450
1.290
-5.654
-1.480
-3.673
-1.623
-4.874
-6.057
-6.301
-0.510
-7.672
-5.265
-5.629
-1.636
-2.354
-3.335
-4.273
-2.901
-8.902
-4.476
-4.981
-3.388
-5.756
-5.321
-7.715
-9.008
-2.395
-3.056
-6.067
-3.896
-0.700
-2.008
-7.393
-4.426
0.825
2.313
-1.300
-0.885
-4.372
-6.497
-5.143
-4.142
-1.237
-1.864
-7.381
-4.224
-2.335
-1.872
-5.295
-4.240
-2.254
-3.211
-7.552
-5.172
-6.308
-5.529
-6.271
-8.751
-1.918
-2.549
-4.117
-3.866
-6.104
-6.850
-0.733
-0.730
-0.021
-2.165
1.241
-0.739
-3.248
-1.962
-1.140
-4.074
-1.858
-5.278
1.046
1.099
-1.982
-3.700
-0.642
-0.081
-3.812
-5.758
-0.136
-0.679
-2.521
-4.070
-4.532
-1.886
-5.766
-5.797
-2.149
-2.415
-6.528
-7.722
-3.784
-4.766
-2.792
-2.730
-3.162
-0.606
-3.596
-6.840
-4.475
-1.137
-1.921
-3.932
-2.752
0.784
-1.739
-3.221
-3.675
-1.487
-3.069
-6.558
-5.422
-2.399
-4.688
-6.973
-4.923
-1.498
-4.280
-7.428
-4.634
-2.548
-4.149
-3.747
-1.223
0.865
-2.921
-7.418
-4.384
-1.401
-4.475
-5.768
-3.317
-2.035
-8.460
-8.323
-5.227
-2.888
5.240
0.450
-1.068
0.288
6.426
3.148
-3.327
-0.985
5.308
-0.188
-4.679
-2.146
2.577
-4.210
-5.180
-2.256
5.023
2.913
-0.669
3.276
4.262
1.502
-1.587
-1.238
2.179
-1.332
-3.328
-0.359
2.364
0.486
-4.855
-4.583
4.156
1.803
-3.697
-0.438
-1.505
-2.649
-9.491
-7.316
-6.083
-7.024
-9.362
-5.207
-8.479
-8.834
-5.692
-8.446
-9.840
-3.487
-6.790
-10.802
-5.511
-10.042
-9.087
-7.657
-10.356
-10.440
-3.495
-6.321
-7.966
-6.292
-7.776
-7.387
-7.125
-9.028
-8.244
-4.129
-10.072
-11.978
-1.722
-2.490
-7.756
2.549
-0.027
-10.600
-0.356
-2.648
-7.808
2.005
-1.518
-9.664
-4.013
-5.997
-9.323
-0.305
-1.546
-7.089
-1.249
-3.391
-7.020
-0.750
-3.484
-8.884
-0.629
-1.039
-12.133
1.944
0.997
-10.274
4.161
-1.505
-9.295
-2.770
-5.325
-8.295
-1.600
-4.178
-9.490
1.094
-1.452
-7.655
-2.527
-5.047
-9.631
-0.219
1.309
-6.603
-3.906
-6.380
-10.529
-8.650
-6.284
-2.537
0.290
-0.977
-9.497
2.179
-0.817
-6.698
-0.695
-2.511
-4.976
0.574
0.616
-2.813
-0.197
-2.827
0.127
0.821
-0.621
-3.530
-0.097
-0.811
0.657
-3.672
-2.656
-6.941
-0.162
-1.864
-5.843
0.508
-4.461
-4.929
2.489
0.638
-1.517
2.491
-1.782
-1.851
-5.354
-7.261
-0.389
-4.724
-8.156
-1.946
-7.599
-7.534
-1.266
-1.521
-5.830
-1.189
-4.390
-7.741
-1.483
-2.537
-9.744
-2.584
-1.188
-9.418
-2.934
-0.705
-8.482
-0.800
-4.157
-5.504
-0.501
-7.019
-5.230
-2.398
-0.460
-0.569
-1.315
3.165
-1.782
-3.227
2.211
-2.409
-0.366
0.334
-2.456
-3.128
3.005
0.229
-0.842
-0.958
-2.630
-4.580
1.620
1.166
-0.290
-2.604
1.328
2.530
1.347
-1.545
-0.069
-3.204
0.163
-0.867
-5.360
-6.007
-7.164
-6.935
-6.437
-6.812
-4.578
-5.691
-8.643
-9.614
-8.352
-7.171
-5.576
-6.449
-8.471
-6.515
-5.149
-6.322
-5.775
-5.914
-5.485
-4.049
-7.157
-7.492
-6.328
-9.220
-6.623
-6.969
-6.940
-8.417
-4.166
-3.301
-5.946
-7.805
-4.767
-3.118
-0.713
-2.902
-5.154
-4.497
-4.402
-5.241
-7.012
-9.106
-6.187
-6.883
-4.384
-6.135
-4.964
-6.515
-5.523
-5.118
-4.812
-2.534
-7.500
-8.207
-5.247
-7.394
-4.299
-8.257
-6.824
-4.801
-8.418
-3.190
-5.079
-7.447
-4.658
-5.821
-3.791
-5.855
-6.163
-6.693
-7.357
-4.217
-8.338
-7.980
-6.552
-7.375
-4.915
-10.548
-7.399
-4.656
-6.338
-3.777
-5.622
-6.156
-5.309
-7.051
-2.036
-7.984
-6.838
-7.265
-5.769
-3.267
-8.945
-10.899
-6.521
-6.246
-5.848
-11.244
-6.377
-2.604
-2.824
-6.211
-5.030
-5.526
-4.646
-7.172
-9.725
-0.192
-6.748
-9.221
-8.272
-8.810
-2.170
-8.258
-6.271
-7.261
-11.440
-3.344
-3.283
-6.313
-5.375
-8.547
-0.945
-6.603
-6.185
-5.926
-9.165
0.501
-6.123
-3.855
-5.071
-5.726
-1.152
-8.121
-5.325
-6.063
-9.574
-2.794
-5.755
-4.332
-4.621
-6.809
-2.357
-9.365
-8.310
-4.928
-9.367
-6.034
-6.535
-3.846
-6.322
-2.980
-3.257
-6.599
-2.715
-3.268
-2.735
-4.287
-5.387
-1.735
-4.848
-1.332
-4.564
-7.880
-3.988
-4.584
-4.703
-1.591
-3.423
-4.766
-4.264
-4.833
-2.999
-3.632
-1.883
-4.323
-2.412
-3.174
-5.481
-4.521
-5.494
-9.174
-8.100
-6.221
-2.846
-5.226
-3.648
-1.146
-5.679
-4.426
-4.139
-6.222
-4.036
-3.204
-2.951
-3.389
-2.148
-1.223
-5.846
-10.162
-6.753
-6.209
-9.926
-6.140
-8.646
-6.421
-6.488
-13.182
-4.021
-5.896
-4.780
-1.835
-7.115
-5.952
-8.684
-8.413
-8.786
-10.860
-2.836
-4.218
-1.242
-2.789
-7.593
-5.879
-5.041
-5.844
-5.092
-7.453
-5.232
-2.581
-2.787
-4.983
-7.255
-5.039
-6.593
-7.263
-5.213
-8.807
-7.819
-8.013
-6.708
-7.142
-10.738
-5.554
-7.486
-6.730
-5.717
-11.138
0.243
0.974
-5.911
1.910
-6.174
2.010
0.239
-8.295
-2.582
-7.704
1.047
0.876
-4.997
-1.022
-6.080
-2.132
-1.772
-8.218
-0.517
-7.626
-2.763
0.120
-8.448
1.738
-4.049
1.562
0.086
-7.175
0.108
-7.833
2.723
0.789
-7.415
-0.227
-6.697
-3.432
0.993
-2.911
-1.137
-4.502
2.610
-1.107
-7.360
-1.502
-6.237
0.353
1.519
-6.126
0.733
-1.254
-8.705
-6.946
-12.101
-0.297
-3.671
-7.642
-6.407
-9.342
-1.875
-3.939
-8.881
-4.913
-10.701
-3.843
-2.186
-8.962
-8.448
-12.294
-3.835
-3.766
-8.678
-4.004
-11.238
-0.409
-4.789
-6.700
-7.101
-10.516
-3.550
-4.137
-7.713
-4.783
-9.340
-4.060
-2.575
-5.538
-4.548
-8.491
2.005
-5.655
-7.245
-6.732
-10.035
-3.176
-3.767
-8.893
-9.365
-13.145
-5.173
-10.868
-1.019
-4.687
-6.819
-7.045
-10.682
1.335
-2.965
-7.998
-5.112
-10.954
-0.171
-5.856
-9.085
-6.175
-9.845
-0.837
-3.971
-9.698
-7.262
-9.653
1.389
-2.238
-12.019
-5.360
-10.813
-0.248
-7.813
-8.207
-5.413
-11.901
0.053
-0.905
-4.053
-4.892
-5.949
-1.732
-2.422
-8.056
-5.396
-9.790
-2.636
-3.055
-9.829
-6.964
-10.698
-1.355
-1.495
-6.827
-5.624
-8.392
-6.074
-1.626
-5.727
-5.517
-2.377
-1.246
0.028
-8.595
-5.926
-7.782
-4.303
-0.436
-8.398
-5.924
-3.989
-2.427
-2.034
-6.963
-5.488
-7.783
-1.005
-1.860
-5.741
-2.817
-2.823
-0.764
2.834
-7.640
-4.331
-4.698
-3.085
0.012
-6.620
-4.710
-4.681
0.120
-2.585
-10.009
-5.181
-7.503
-3.726
-4.666
-11.126
-6.366
-6.720
-3.601
-5.022
-10.631
-5.165
-7.925
-3.133
3.998
-0.034
-5.982
-8.846
-1.628
4.251
0.199
-5.869
-5.936
-1.628
4.327
-0.027
-6.773
-7.568
-2.065
4.887
2.214
-5.459
-5.736
-1.551
3.159
-2.030
-5.364
-9.516
0.547
1.898
-2.855
-6.869
-8.843
-0.089
-1.213
-4.044
-4.708
-6.718
-1.212
3.135
-3.588
-5.207
-9.209
-3.628
2.335
-3.290
-5.626
-9.082
-6.147
1.767
-1.869
-7.439
-8.970
-5.212
-7.287
-5.077
-4.886
-9.659
-8.811
-2.214
-9.533
-6.818
-3.378
-10.132
-5.515
-9.425
-8.719
-6.492
-6.562
-7.676
-6.552
-8.290
-5.674
-4.860
-6.308
-5.263
-6.316
-8.052
-7.095
-5.944
-5.027
-6.652
-6.548
-12.949
-6.926
-4.849
-14.946
-7.926
-8.579
-12.813
-7.042
-4.726
-12.553
-6.264
-4.761
-13.176
-8.198
-5.374
-12.045
-7.061
-5.357
-13.531
-8.969
-3.753
-14.610
-9.658
-6.992
-14.780
-5.962
-6.575
-11.880
-4.562
-2.349
-7.720
-11.454
-3.762
-6.991
-12.647
-6.584
-6.763
-9.550
-4.169
-4.526
-8.606
-3.430
-7.561
-6.126
-4.874
-3.592
-10.254
-4.949
-5.684
-11.182
-5.275
-6.780
-8.954
-5.087
-6.703
-11.292
-7.729
-7.028
-10.791
-6.432
-1.652
-3.561
-9.832
-2.158
-3.452
-8.826
-4.297
-3.601
-9.194
0.575
-4.605
-8.503
-1.916
-3.228
-10.045
-1.165
-1.374
-6.620
-1.955
-1.754
-8.287
-0.538
-2.704
-9.673
-1.849
0.471
-8.006
0.467
-1.890
-7.682
-6.522
-4.782
-6.435
-4.071
-2.798
-6.942
-1.345
-3.655
-7.384
-3.702
-7.167
-8.707
-5.449
-4.209
-5.009
-0.862
-6.135
-7.567
-4.716
-3.934
-3.142
-4.142
-3.765
-3.233
-4.179
-5.124
-6.098
-7.511
-2.242
-6.649
-5.777
-4.071
-6.198
-3.368
-4.080
-5.821
-5.329
-1.766
-6.737
-5.903
-2.361
-7.869
-3.156
-3.574
-8.556
-3.948
-3.473
-8.654
-5.504
1.192
-7.894
-6.032
1.018
-9.015
-6.192
-3.202
-8.096
-1.566
-1.209
-7.712
