2.714
6.164
4.293
3.603
4.295
3.663
1.392
5.388
6.869
6.642
4.288
6.075
4.587
0.014
1.735
3.234
4.960
2.111
0.332
2.492
6.589
3.064
6.624
5.204
5.703
6.522
5.624
6.324
6.738
4.545
2.953
3.639
4.215
3.263
2.840
2.809
2.772
4.501
3.334
3.130
5.442
5.745
7.040
5.945
7.612
7.919
7.665
6.553
7.247
7.045
5.536
6.491
4.379
4.711
4.361
4.766
2.079
7.350
3.930
7.405
2.235
3.436
3.074
3.604
2.965
2.551
3.514
3.416
2.374
4.098
3.136
4.776
2.723
2.870
2.424
4.054
3.081
3.031
3.989
4.837
6.300
5.664
5.733
3.904
4.480
5.257
5.939
5.338
5.930
4.859
4.288
4.524
3.730
2.314
4.253
3.065
3.322
3.557
3.993
3.096
4.012
3.511
4.315
3.827
4.300
3.815
5.085
5.383
3.893
3.774
5.495
5.722
2.939
4.021
5.529
7.464
2.726
3.436
5.069
5.995
4.892
3.884
2.332
2.263
4.233
-2.298
4.777
0.048
3.671
2.874
3.209
3.797
4.206
3.540
3.665
3.326
4.604
1.787
2.403
2.393
3.605
4.282
3.011
2.244
2.650
3.900
2.682
2.658
4.193
2.820
4.129
3.967
3.242
2.334
2.034
4.201
2.890
3.754
3.208
2.722
6.619
5.133
4.668
4.135
4.227
6.613
5.704
6.061
4.552
4.492
4.270
2.489
2.263
3.668
2.292
2.057
3.834
3.670
1.426
3.057
1.023
6.602
5.898
5.995
5.467
5.130
3.478
4.693
3.956
1.018
-1.952
1.135
2.137
2.134
2.539
4.039
2.539
2.901
0.420
1.551
3.306
6.975
3.156
1.140
4.790
2.762
7.001
8.386
6.209
7.724
3.468
5.355
4.442
5.454
5.221
5.126
4.307
6.739
5.368
6.307
4.575
5.066
5.569
2.947
5.622
4.300
3.733
3.979
3.960
4.568
0.168
2.884
3.058
3.656
5.762
5.526
4.356
5.655
5.233
7.172
3.909
2.835
1.928
1.867
2.254
4.128
1.745
2.919
3.705
2.245
7.000
6.173
7.852
5.726
7.502
8.755
4.047
4.376
5.333
2.003
5.698
4.653
5.483
7.093
6.565
8.089
5.850
6.209
6.001
3.382
4.325
6.662
5.830
5.622
4.480
4.270
5.967
3.979
5.828
5.649
6.640
3.968
5.396
6.648
5.247
6.756
5.648
5.459
3.699
4.067
4.928
5.697
4.745
3.514
5.063
6.314
3.408
3.417
5.884
4.284
3.722
6.554
5.873
-1.192
3.955
2.841
4.616
2.594
1.440
2.782
5.396
4.053
2.783
1.700
2.486
4.168
3.558
3.824
2.396
5.151
5.394
4.526
4.972
3.204
4.321
2.053
4.742
4.204
3.452
2.985
2.549
5.439
2.355
2.126
4.379
6.783
1.754
4.115
1.756
4.924
