-6.778
-3.083
-4.517
-7.383
-2.941
-4.480
-5.676
-3.205
-3.787
-3.176
-2.798
-0.846
-1.959
-1.916
-1.553
-2.319
-1.955
-2.011
-2.160
-2.166
-0.648
-1.394
-1.566
-2.245
-2.178
1.405
-1.348
-0.520
-1.751
-1.258
0.709
0.929
0.009
-1.176
0.028
-1.332
-0.788
0.174
1.237
0.069
-0.829
0.298
-1.116
1.006
2.256
0.698
0.297
2.021
0.774
0.845
2.546
1.330
0.698
2.038
-0.833
0.176
1.883
-0.200
-0.746
1.771
0.828
1.436
2.785
0.883
0.867
2.431
1.966
0.089
2.079
1.188
1.199
0.434
-0.933
2.911
2.137
2.672
2.305
-0.654
1.370
3.554
0.815
2.406
1.550
2.405
3.415
1.689
1.651
3.003
-0.361
0.013
1.864
3.902
3.007
2.549
2.053
0.647
1.231
1.811
2.904
2.124
-2.262
0.903
-0.907
-0.082
2.612
-0.240
-0.112
2.122
-0.553
-0.495
2.837
0.309
-0.020
2.725
-0.826
-0.991
1.586
-1.329
0.253
2.627
-0.120
0.838
2.898
1.133
-1.866
1.010
-1.760
1.162
2.997
0.695
1.064
-0.517
2.361
0.914
0.490
2.132
0.867
-1.252
2.043
1.165
0.789
2.465
0.397
-0.328
1.122
0.942
0.014
2.447
0.426
-0.545
1.988
0.699
-0.783
1.557
0.561
0.171
2.852
1.897
0.961
3.747
4.167
3.530
4.589
3.629
1.871
4.199
4.684
2.260
3.692
2.711
0.964
2.625
4.225
3.451
2.637
2.751
0.724
4.141
4.379
2.689
5.813
3.467
1.997
4.208
3.378
1.681
3.427
4.642
1.713
3.615
3.185
1.454
5.196
1.203
0.051
3.705
1.737
0.792
4.404
3.124
1.708
3.701
0.603
-0.761
1.763
2.052
0.844
4.939
-1.653
-2.102
2.129
1.765
1.107
3.942
1.565
1.347
4.516
1.549
1.485
4.694
2.477
0.028
2.162
2.114
0.116
1.562
3.234
-0.096
2.670
2.888
0.154
1.861
3.261
0.736
2.504
1.530
-0.258
1.622
3.685
1.384
3.861
4.081
2.399
4.446
1.560
0.534
3.206
2.357
0.311
1.792
3.462
1.195
2.942
3.998
1.803
3.219
4.260
0.229
2.553
1.358
1.077
1.327
3.331
2.131
3.231
4.835
3.349
5.240
4.018
1.163
2.323
2.226
2.546
1.810
2.468
0.426
2.842
3.571
0.913
3.877
0.765
-1.312
2.436
-0.223
1.035
-0.547
2.547
0.033
-0.293
-1.042
-1.250
-3.602
2.463
-0.610
-0.965
-4.594
0.342
-1.341
-0.246
-2.389
4.268
-1.163
4.606
-0.800
4.624
-1.799
5.280
-1.280
5.352
-3.901
4.876
-2.483
5.558
-1.266
3.554
-4.685
3.634
-2.387
3.623
-4.889
0.150
-1.554
-0.742
-2.233
-2.802
-1.839
1.237
-0.037
0.157
0.231
-0.128
-1.495
-1.288
-3.441
-1.429
-1.277
-0.980
-1.885
-1.416
-1.900
1.785
1.288
0.748
1.672
0.314
0.781
-1.118
0.101
0.008
-1.772
1.855
2.284
0.029
0.996
1.462
1.369
1.466
0.688
-0.077
-0.708
0.863
0.353
1.367
0.240
0.182
0.927
1.344
2.397
1.821
1.135
0.668
1.106
-0.265
0.885
-2.453
-0.054
-0.427
0.335
-1.862
-1.485
0.664
1.097
-0.073
-1.559
-1.143
-1.275
2.147
-0.033
0.257
-1.113
-1.180
0.852
2.123
1.094
-0.305
-1.433
0.362
0.143
1.883
-0.054
-3.752
-1.255
-1.435
-3.109
-4.845
-2.408
-4.922
-4.532
-5.356
-0.885
-3.858
-4.942
-5.754
-2.620
-4.430
-5.972
-6.109
-2.878
-5.897
-5.341
-5.107
-1.210
-3.684
-4.793
-6.101
-2.016
-5.372
-6.746
-5.932
-1.051
-4.649
-5.744
-4.782
-1.896
-5.279
-5.202
-2.392
0.289
-2.801
-3.311
-2.900
-3.819
-3.728
-6.129
-0.433
-2.587
-3.127
-6.538
-2.395
-1.170
-1.551
-4.484
0.580
-3.011
-2.610
-5.798
-3.320
-2.840
-3.321
-5.932
-1.574
-2.333
-3.957
-6.000
-2.650
-0.490
-3.206
-4.898
-2.010
-2.494
-3.123
-5.782
-0.467
-2.577
-3.395
-5.848
-3.128
-1.516
-3.776
-5.092
-1.267
-3.300
-1.143
-1.972
-2.633
-2.912
-2.579
-3.011
-2.565
-4.629
-2.489
-5.289
-4.828
-4.469
-2.984
-4.552
-4.629
-2.617
-2.642
-3.046
-3.906
-2.772
-2.373
-2.596
-3.930
-1.760
-1.721
-2.780
-4.261
-2.506
-2.403
-2.581
-5.775
-3.720
-2.721
-2.773
-4.054
-4.119
-2.334
-3.283
-5.180
-2.370
-3.205
-6.318
-4.911
-2.139
-2.922
-4.128
-5.798
-3.866
-2.479
-6.758
-6.273
-3.583
-4.037
-7.388
-6.201
-3.286
-3.083
-5.716
-5.617
-3.408
-3.235
-7.095
-6.371
-2.532
-4.663
-5.843
-3.994
-2.460
-2.907
-5.258
-4.383
-2.715
-2.073
-7.052
-2.468
-1.237
-3.720
-4.955
-1.452
-2.981
-2.526
-4.100
-2.984
-2.740
-2.874
-2.038
-3.681
-2.860
-4.510
-4.123
-2.784
-2.306
-2.668
-2.347
-0.609
-3.821
-2.821
-3.849
-2.941
-1.593
-2.374
-4.105
-3.018
-2.320
-2.938
-5.640
-1.985
-5.033
-4.474
-5.548
-4.573
-4.461
-3.913
-9.968
-0.694
-2.401
-3.093
-4.465
-0.792
-0.435
-3.349
-5.395
-2.567
-2.654
-5.814
-8.017
-3.575
-2.079
-5.709
-6.467
-1.074
-1.487
-5.066
-8.248
-2.554
-2.174
-6.188
-7.776
-2.745
-1.583
-5.857
-7.211
-3.719
-1.806
-6.344
-8.531
-1.158
-0.378
-6.366
-7.036
-1.945
-0.501
-5.254
-6.025
-2.751
-1.080
-6.187
-7.584
0.275
-6.529
-1.677
-3.491
0.073
-7.373
-0.343
-0.840
-1.481
-7.400
-1.280
-1.927
-0.761
-6.894
-2.271
-4.787
-0.537
-7.476
-1.153
-1.643
0.253
-5.868
-0.567
-1.832
-1.065
-6.121
-3.298
-2.871
-0.075
-5.874
-1.748
-1.610
0.779
-4.562
-0.895
-2.084
-0.472
-7.674
-0.595
-2.735
-4.316
-2.493
-9.783
-1.242
-5.216
-1.331
-8.457
-4.024
-4.635
-1.098
-9.930
-1.997
-5.185
-1.235
-10.075
-3.934
-4.823
-2.232
-8.356
-0.688
-3.834
-2.022
-9.708
-1.342
-3.209
-1.457
-8.646
-2.221
-2.216
-0.735
-8.963
-1.254
-3.329
-0.168
-9.548
-2.098
-5.415
-3.481
-11.461
-2.571
-0.757
-6.671
-2.741
-5.563
1.079
-2.077
-4.241
-6.239
1.270
-3.514
-2.431
-5.868
-0.258
-6.174
-3.412
-7.399
0.043
-4.575
-2.731
-4.335
0.442
-3.594
-2.899
-6.308
0.125
-2.230
-3.332
-5.867
1.582
-2.552
-2.618
-5.594
-0.669
-2.575
-2.918
-7.966
-0.186
-5.708
-1.361
-4.471
-2.435
-3.302
-11.861
-6.953
-1.083
-1.809
-11.564
-5.331
-0.660
-0.598
-8.817
-2.825
-2.179
-2.274
-10.109
-3.932
-3.056
-2.282
-11.580
-4.078
-2.515
-2.744
-11.233
-4.400
-3.176
-2.833
-11.738
-3.867
-2.306
-3.393
-11.189
-3.711
-0.667
-2.788
-10.627
-3.915
-1.651
-2.003
-10.295
-3.825
-4.116
-2.458
-2.393
-1.367
-1.883
-0.153
-4.801
-2.608
-5.693
-3.113
-4.961
-2.431
-4.324
-1.540
-3.065
-0.990
-5.024
-1.479
-3.119
-1.470
-2.586
-1.193
-2.967
-4.255
-2.842
-0.712
-4.054
-0.336
-0.706
-3.230
-4.110
-1.085
-2.515
-3.353
-6.418
-1.643
-3.680
-1.243
-2.590
-0.968
-7.722
-3.361
-5.888
-2.591
-6.027
-3.255
-5.018
-2.094
-2.874
-1.913
-5.298
-2.789
-5.635
-3.100
-6.347
-2.183
-3.654
-2.525
-6.861
-4.123
-0.530
-3.639
-1.533
-4.136
-0.673
-2.231
-1.792
-5.086
0.209
-2.841
-1.797
-5.178
-1.357
-3.368
-1.044
-3.431
0.386
-0.482
-1.015
-3.980
-4.033
-5.044
-2.056
-1.522
-2.673
-1.724
-2.874
-3.142
-4.577
-4.429
-0.527
-3.189
-2.531
-1.030
-3.377
-2.138
-0.037
-0.945
-4.953
-3.627
-1.912
-2.116
-2.950
-3.123
-1.343
-2.962
0.517
-1.724
-2.365
-3.304
-2.533
-1.908
-1.869
-3.996
-1.817
-1.580
0.082
-1.432
-0.562
-2.210
