-7.917
-5.808
-2.665
-8.916
-2.520
-6.127
-7.008
-4.528
-4.990
-2.615
-7.976
-5.761
-4.998
-5.378
-3.557
-5.025
-6.103
-6.339
-6.312
-4.718
-2.605
-2.916
-4.436
-1.979
-3.479
-2.005
-1.234
-2.716
-2.553
-2.892
1.072
3.434
1.568
3.712
1.209
0.476
-1.865
3.024
0.137
2.048
-5.347
-0.687
-10.372
-5.559
1.301
-8.867
-6.272
0.669
-10.043
-7.961
1.092
-10.135
-7.764
0.731
-9.214
-7.187
0.250
-9.111
-5.791
-0.931
-7.859
-4.191
0.003
-7.459
-4.487
-2.426
-8.118
-5.744
-2.886
-10.732
-4.534
-3.821
-9.502
-2.596
-1.350
-7.917
-6.265
-4.429
-8.018
-1.823
-6.512
-4.994
-6.215
-4.267
-4.551
-6.184
-2.096
-7.447
-8.023
-4.827
-7.249
-1.719
-3.667
-8.564
-5.213
-1.082
-7.847
-4.662
-0.787
-8.957
-7.984
-5.811
-6.039
-10.514
-4.511
-10.132
-8.575
-8.435
-7.802
-9.675
-3.375
-11.783
-9.041
-3.963
-9.505
-7.503
-4.172
-7.585
-11.617
-7.235
-7.474
-8.726
-6.127
-9.254
-11.849
-4.371
-12.674
-7.069
-4.481
-9.769
-11.536
-12.568
-9.202
-7.076
-7.038
-4.555
-10.458
-10.728
-7.789
-7.797
-10.678
-6.948
-7.550
-9.150
-5.378
-8.810
-11.398
-8.072
-7.281
-7.155
-3.180
-8.034
-11.429
-9.361
-7.728
-9.840
-7.016
-7.653
-11.092
-6.931
-0.086
-4.336
2.196
1.496
-4.835
2.533
2.373
-4.469
-2.307
-0.064
-6.080
-3.454
0.518
-2.135
1.326
0.080
-4.502
-0.145
2.487
-2.943
2.414
-1.458
-5.633
0.566
-0.878
-7.241
0.906
1.314
-6.574
-0.695
-3.320
-3.807
1.340
-2.614
-6.062
0.714
-3.671
-7.170
2.419
-2.746
-4.700
2.433
-2.499
-6.686
3.681
-1.563
-3.332
2.921
-4.055
-5.108
4.373
-1.843
-2.607
0.838
-2.055
-0.814
2.683
-3.908
-4.671
4.637
-3.108
-5.800
-3.981
0.277
-4.176
-2.298
-0.265
-4.219
-1.491
-3.167
-3.638
-0.991
-0.044
-4.722
-2.420
-1.631
-7.296
-5.116
0.590
-8.280
-4.155
-0.109
-3.108
-0.871
-2.542
-8.786
-5.233
-2.531
-9.455
-6.385
2.013
-5.548
0.581
1.270
-2.873
1.772
1.804
-4.263
-3.055
-3.330
-4.108
-1.635
0.118
-3.411
-0.379
1.220
-3.124
-1.434
3.395
-1.908
-0.671
1.134
-1.897
0.830
0.336
-6.454
-1.273
1.417
-0.018
3.941
-0.382
-11.311
-3.429
-11.366
-5.655
-6.157
0.238
-6.856
-1.512
-3.693
-1.618
-7.583
-1.586
-8.186
-0.025
-8.720
0.560
-10.109
-1.963
-10.647
-1.958
-7.722
2.670
-10.918
-1.830
-12.000
-0.157
-10.578
-2.339
-9.708
-1.796
-11.293
-0.604
-9.771
-1.585
-9.300
-3.289
-10.677
-2.441
-12.287
-12.525
-9.714
-8.657
-8.677
-11.429
-8.181
-9.041
-7.198
-8.124
-7.173
-8.923
-6.291
-9.119
-9.001
-9.693
-8.211
-11.297
-7.593
-8.091
-11.076
-6.077
-3.443
-7.255
-2.911
-8.205
-5.021
-5.142
-5.225
-7.055
-6.603
-3.967
-3.015
-8.704
-4.824
-7.581
-1.358
-4.346
-4.073
-9.438
-7.982
-2.003
-4.735
-3.005
-2.316
-2.815
-4.409
-0.504
-2.523
0.898
-7.634
0.028
-2.684
0.293
-2.808
-1.231
-5.628
-3.664
-4.958
-2.914
-3.735
-3.377
-6.367
-1.322
-2.994
-6.001
-0.794
-4.259
-5.131
-2.330
-5.356
-5.639
-3.988
-1.510
-2.240
-2.761
-5.037
-4.967
-1.903
-0.841
-5.265
-7.308
-2.155
-6.232
-8.697
-6.661
-8.320
-8.600
-9.216
-6.223
-5.689
-6.583
-6.221
-7.867
-8.807
-8.298
-9.774
-6.724
-8.057
-9.260
-7.704
-6.541
-6.356
-6.634
-9.099
-6.089
-10.546
-10.516
-9.181
-5.272
-4.831
-5.766
-8.007
-4.834
-5.887
-6.104
-7.412
-4.930
-3.679
-7.076
-8.494
-9.884
-7.850
-8.164
-9.536
-8.090
-7.567
-7.474
-12.993
-8.152
-7.401
-2.431
-10.079
-8.417
-5.086
-5.344
-10.774
-4.520
-7.421
-1.501
-9.567
-5.869
-9.067
-6.560
-11.604
-5.723
-4.644
-5.755
-10.266
-6.690
-7.692
-1.118
-11.549
-6.424
-9.272
-7.256
-12.532
-6.804
-3.719
-6.533
-8.516
-2.146
-5.817
-0.703
-5.339
-4.153
-8.561
-4.469
-2.507
-5.461
-7.904
-4.530
-7.262
-4.723
-6.448
-3.343
-5.834
-5.627
-4.492
-5.044
-4.943
-1.721
-5.264
-3.734
-6.984
-4.647
-4.968
-4.006
-4.137
-4.456
-7.045
-6.767
-5.638
-1.918
-6.119
-4.572
-2.272
-6.908
-4.499
-4.963
-6.198
-4.246
-2.130
-1.595
-4.066
-7.110
-2.155
-0.636
-2.181
-9.864
-5.672
-1.662
-4.313
-9.484
-5.374
-0.453
-5.329
-7.127
-3.282
2.605
-2.316
-9.878
-4.842
-2.322
-5.165
-12.140
-3.677
-1.667
-5.244
-8.168
-3.711
0.714
-3.671
-6.681
-3.218
-0.126
-4.166
-8.319
-5.859
-3.205
-4.511
-4.403
-5.048
-7.510
-3.407
-3.872
-3.745
-3.348
-2.666
-3.372
-6.317
-5.714
-2.657
-3.299
-4.899
-5.409
-3.558
-2.330
-6.135
-2.955
-4.555
-5.633
-5.145
-6.086
-4.610
-3.436
-5.388
-3.319
-5.994
-5.798
-8.704
-2.801
-5.024
-6.010
-6.955
-2.459
-9.547
-1.936
-7.048
-4.756
-4.390
-5.758
-3.068
-8.037
-6.729
-9.255
-10.429
-8.181
-9.624
-10.900
-6.320
-8.561
-7.986
-3.326
-5.981
-6.985
-9.636
-9.147
-3.169
-7.160
-5.571
-8.664
-2.929
-5.884
-5.032
-9.881
-7.465
-8.813
-9.830
-7.497
-7.697
-7.742
-7.862
-10.370
-3.521
-8.419
-7.099
-10.394
-5.036
-6.430
-4.095
-6.691
-7.522
-3.417
-5.423
-6.198
-6.603
-1.582
-1.968
-7.789
-10.024
-1.934
-7.015
-4.676
-7.781
-3.729
-4.324
-8.647
-5.775
-1.267
-3.654
-3.529
-7.681
-3.394
-6.466
-4.198
-5.065
-3.639
-6.751
-7.806
-6.063
-3.159
-6.112
-4.057
-7.795
-3.683
-7.113
-7.806
-7.548
-3.809
-4.232
-7.853
-4.625
-4.790
-4.572
-7.424
-4.173
-5.534
-4.407
-11.242
-3.953
-3.834
-2.255
-7.557
-3.851
-6.839
-2.517
-9.495
-5.452
-6.189
-2.302
-8.119
-4.555
-5.204
-2.671
-4.398
-2.015
-6.269
-2.682
-8.670
-1.594
-5.074
-4.832
-9.976
-2.277
-4.224
-3.624
-9.561
-4.983
-6.109
-5.063
-4.919
-9.474
-2.146
-11.142
-2.599
-4.285
-5.052
-8.990
-3.115
-10.395
-4.379
-11.638
-6.533
-7.593
-2.522
-10.987
-3.348
-6.780
-4.959
-8.664
-6.039
-5.811
-1.920
-10.604
-4.230
-7.851
-3.309
-10.279
-2.867
-5.938
-1.787
-11.974
-8.483
-7.987
-3.008
-10.658
-6.511
-6.296
-4.226
-7.161
-1.643
-6.658
-8.104
-8.235
-1.202
-5.290
-7.774
-7.834
-2.612
-5.402
-6.326
-8.007
-6.596
-7.995
-7.796
-8.198
-2.093
-6.160
-9.602
-7.472
-2.445
-5.447
-9.842
-3.533
-2.978
-2.709
-6.433
-4.692
-4.721
-5.338
-7.770
-8.174
-1.353
-7.249
-7.859
-7.156
-4.375
-8.130
-8.082
-9.171
-9.950
-4.652
-7.116
-3.785
-6.808
-0.111
-8.974
-3.477
-9.022
-2.635
-8.724
-4.937
-11.506
-3.156
-10.566
-2.910
-9.668
-5.320
-11.550
-3.705
-4.612
-0.454
-5.456
-3.808
-5.952
-5.919
-6.973
0.448
-2.434
-2.416
-6.443
-4.005
-5.083
-5.180
-9.953
-3.690
-8.930
-1.623
-6.326
-3.890
-10.357
-2.607
-9.534
-1.222
-10.556
-2.860
-10.041
-4.046
-6.461
-3.192
-8.727
-2.367
-9.295
-4.144
-11.225
-1.272
-12.666
-3.064
-8.436
-4.097
-4.916
-5.926
-5.207
-6.925
-3.296
-2.723
-3.337
-6.038
-5.801
-4.294
-3.045
-4.869
-1.580
-3.268
-4.478
-3.087
-3.085
-3.753
-5.692
-3.883
-3.614
-4.944
-6.539
-5.153
-6.829
-4.258
-7.396
-7.139
-4.939
-5.600
-4.805
-5.707
-5.821
-2.792
-5.475
-6.272
-4.811
-4.066
-8.599
-7.562
-4.719
-4.778
-7.074
-5.843
-6.536
-3.559
-0.791
-5.817
-4.247
-6.173
-6.469
-4.654
-5.086
-5.905
-5.095
-4.787
-4.943
-6.112
-1.355
-2.031
