-7.930
-4.373
-5.735
-5.127
-6.830
-5.898
-7.666
-6.744
-6.368
-6.148
-8.950
-7.523
-8.612
-6.925
-7.891
-6.637
-7.484
-4.923
-5.137
-4.712
-5.959
-8.987
-9.557
-6.197
-9.726
-5.361
-8.240
-6.976
-2.080
-5.614
-12.549
-6.484
-4.227
-1.813
-9.619
-7.354
-4.995
-6.182
-7.641
-6.249
-4.453
-1.264
-2.325
-7.249
-4.480
-5.051
-2.985
-5.803
-4.889
-6.074
-5.807
-3.917
-8.992
-4.001
-8.399
-7.744
-5.645
-5.632
-6.371
-8.307
-3.622
-5.598
-3.408
-5.605
-3.534
-5.256
-4.903
-6.253
-2.562
-5.086
-1.573
-3.418
-2.091
-2.977
-2.774
-5.914
-3.535
-6.654
-0.965
0.408
-9.890
-10.040
-6.364
-5.267
-4.134
-8.757
-1.951
-5.550
-5.280
-9.848
-6.965
-8.463
-5.682
-8.526
-6.327
-11.284
-9.432
-9.071
-5.148
-8.813
-5.720
-8.883
-0.557
-7.504
-4.713
-10.428
-4.072
-7.527
-9.047
-14.236
-9.898
-4.323
-5.700
-11.624
-6.327
-8.985
-5.677
-11.966
-3.253
-7.528
-4.634
-6.677
-5.952
-7.774
-3.463
-8.674
-4.738
-13.239
-2.871
-8.364
-4.547
-13.279
-3.535
-7.663
-5.054
-10.266
-2.269
-5.127
-3.176
-9.590
-1.885
-4.192
-0.708
-8.638
-2.876
-8.469
-6.385
-12.265
-3.565
-10.832
-9.617
-11.567
-5.281
-5.574
-7.046
-7.627
-2.827
-5.702
-0.399
-8.606
-0.261
-9.594
-4.632
-11.089
-2.551
-7.594
-1.655
-8.073
1.209
-8.175
-2.199
-10.652
-2.091
-9.608
-5.108
-10.451
-1.464
-9.327
-6.413
-7.858
-2.702
-5.390
-2.576
-8.484
-2.207
-6.868
-2.000
-8.339
-6.036
-7.611
-8.058
-7.271
-0.738
-7.931
-5.491
-7.504
-1.045
-6.757
-3.567
-12.741
-4.369
-1.648
-2.703
-4.220
-9.701
-7.219
-6.976
-6.339
-6.770
-3.103
-4.037
-7.748
-5.777
-5.269
-9.507
-4.752
-5.487
-5.287
-4.125
-0.930
-7.246
-4.644
-5.124
-4.386
-4.565
-6.872
-7.094
-1.928
-6.561
-5.521
-6.872
-3.895
-4.340
-4.364
-4.894
-5.123
-8.012
-4.852
-5.168
-5.418
-5.763
-5.656
-8.426
-9.461
-3.552
-4.096
-6.924
-4.104
-1.015
-3.035
-7.485
-4.489
0.284
1.715
-2.508
-1.927
-4.311
-7.162
-6.202
-6.083
-2.737
-2.217
-8.465
-4.984
-2.901
-1.002
-6.510
-4.782
-2.712
-4.148
-8.211
-6.854
-5.311
-5.803
-7.677
-10.071
-2.332
-2.204
-5.182
-3.315
-6.888
-6.836
-1.549
-0.668
-0.532
-1.482
0.868
-0.889
-4.186
-3.070
-1.053
-3.133
-3.235
-6.502
-0.260
0.481
-4.112
-4.063
-1.376
0.647
-4.958
-4.714
-1.116
0.103
-3.542
-4.572
-5.114
-1.462
-8.908
-6.430
-2.784
-1.749
-8.732
-8.140
-4.311
-2.564
-3.502
-3.313
-4.035
-0.715
-3.669
-6.140
-5.432
-2.880
-3.626
-3.724
-4.153
0.150
-2.576
-3.512
-4.808
-3.267
-2.915
-6.181
-5.579
-2.651
-4.849
-6.965
-6.633
-3.752
-5.286
-7.209
-5.254
-3.643
-3.937
-3.323
-1.689
-0.288
-3.723
-7.922
-5.554
-3.080
-4.299
-6.286
-3.950
-3.146
-9.275
-7.778
-6.140
-3.386
2.556
-0.788
-2.362
-0.804
2.279
1.699
-4.888
-0.768
0.897
-3.180
-6.811
-6.377
0.107
-5.314
-6.086
-5.309
1.417
2.377
-1.751
1.517
1.044
-0.140
-3.207
-2.741
0.109
-3.837
-4.823
-3.266
-2.102
-2.191
-5.863
-4.107
1.994
0.881
-4.005
-2.607
-4.343
-4.393
-10.154
-8.631
-7.206
-7.578
-9.575
-6.316
-8.438
-9.672
-7.321
-7.719
-10.966
-6.536
-6.581
-11.592
-6.498
-8.940
-9.621
-9.138
-10.049
-11.047
-5.464
-6.600
-8.537
-7.881
-6.600
-6.636
-6.858
-9.200
-8.345
-4.733
-9.467
-13.088
-2.922
-2.483
-8.094
1.431
-1.251
-11.185
-2.541
-2.909
-8.899
1.056
-1.391
-9.527
-5.088
-4.961
-9.316
-0.498
-1.480
-7.369
-3.521
-2.492
-7.009
-0.861
-2.635
-9.218
-2.550
-0.791
-12.027
1.028
-0.471
-9.857
2.151
-2.532
-9.195
-3.085
-6.372
-7.827
-2.483
-5.171
-9.726
0.580
-2.538
-7.852
-1.705
-6.010
-8.599
0.197
-1.706
-6.600
-4.441
-6.180
-9.708
-7.008
-7.497
-1.435
0.520
-1.529
-9.304
3.202
-1.294
-6.392
-0.706
-3.901
-3.932
1.519
-0.725
-2.949
2.354
-5.261
-0.281
0.472
-3.028
-4.204
0.825
-2.500
-0.274
-3.302
-3.855
-6.864
0.885
-4.175
-6.275
-0.258
-5.005
-4.159
2.848
-0.466
-3.013
3.761
-3.566
-2.519
-3.989
-7.050
-0.490
-6.136
-7.256
-1.493
-6.078
-7.218
-0.821
-2.112
-5.336
-1.075
-6.117
-6.601
-0.673
-3.476
-9.544
-2.443
-3.958
-7.898
-2.880
-3.023
-8.210
0.264
-3.909
-4.345
0.424
-5.711
-6.075
-1.485
1.258
-1.711
-1.622
3.727
-3.509
-3.499
3.469
-5.050
-0.892
0.010
-5.185
-3.644
1.684
-0.821
-2.709
0.325
-2.659
-5.255
2.226
-0.129
-1.612
-1.220
-0.799
1.901
2.042
-2.914
-0.778
-3.988
-0.954
-0.357
-5.764
-5.304
-6.824
-7.022
-7.273
-6.395
-6.370
-4.747
-8.898
-10.565
-8.966
-8.054
-3.886
-6.831
-9.326
-7.485
-5.560
-5.348
-5.810
-6.726
-5.697
-6.140
-7.587
-7.780
-6.797
-9.178
-7.045
-5.514
-7.435
-9.330
-3.758
-3.422
-5.013
-8.419
-5.644
-3.178
-3.315
-2.190
-5.561
-5.673
-5.033
-5.880
-5.754
-9.526
-6.856
-8.155
-5.864
-4.849
-4.919
-7.331
-6.064
-5.616
-4.211
-2.942
-7.891
-8.801
-4.328
-7.563
-4.263
-7.891
-7.376
-4.192
-8.788
-3.021
-4.791
-7.467
-5.567
-5.288
-4.214
-6.453
-6.173
-6.403
-6.619
-3.924
-7.914
-8.061
-6.456
-8.015
-4.937
-10.296
-8.039
-4.581
-6.300
-3.895
-5.532
-6.727
-4.717
-7.291
-1.929
-8.003
-6.928
-6.056
-6.828
-3.236
-8.654
-11.128
-6.759
-5.993
-5.699
-12.348
-6.179
-4.273
-2.724
-6.656
-6.896
-5.926
-5.680
-4.818
-9.939
-1.834
-7.662
-10.716
-7.217
-8.592
-3.208
-9.040
-7.624
-7.628
-11.404
-4.035
-4.085
-7.039
-5.016
-8.429
-1.531
-7.020
-6.973
-2.920
-9.363
-1.211
-6.492
-5.555
-4.414
-5.849
-2.628
-8.280
-7.136
-4.903
-9.835
-3.928
-5.176
-7.004
-3.866
-7.351
-3.665
-8.309
-10.512
-2.650
-10.073
-7.139
-7.568
-2.833
-4.811
-2.933
-4.022
-7.384
-1.400
-2.756
-2.487
-5.003
-6.037
-1.726
-3.435
-0.962
-5.412
-8.458
-3.765
-2.370
-5.048
-2.090
-3.709
-4.825
-3.638
-5.078
-3.653
-3.752
-2.646
-4.004
-2.882
-3.583
-5.164
-5.273
-5.810
-8.936
-8.690
-7.218
-0.559
-4.339
-3.533
-0.862
-6.094
-3.333
-1.688
-6.250
-4.706
-3.953
-1.531
-2.170
-1.972
-1.729
-7.181
-9.168
-7.809
-5.859
-9.182
-6.800
-9.094
-8.389
-6.477
-12.684
-5.695
-4.758
-5.356
-1.957
-7.117
-6.385
-7.518
-8.830
-8.767
-10.496
-4.198
-4.435
-2.285
-2.918
-7.749
-5.904
-4.585
-6.313
-5.302
-7.598
-5.704
-3.256
-2.218
-5.115
-8.321
-6.485
-6.122
-8.495
-5.218
-9.384
-8.988
-6.528
-8.749
-6.526
-10.441
-6.125
-6.249
-8.044
-5.426
-11.025
0.155
0.964
-5.477
1.512
-6.454
1.959
0.596
-8.746
-3.260
-7.791
1.171
1.397
-4.919
-1.302
-5.837
-2.168
0.128
-8.163
-1.109
-8.193
-2.913
-0.526
-7.933
1.207
-3.830
1.284
0.233
-6.768
0.092
-8.292
1.877
0.987
-7.648
-0.613
-6.968
-3.833
0.928
-2.842
-1.306
-4.590
1.974
-0.490
-7.047
-1.905
-6.212
-0.385
1.427
-5.691
0.309
-1.160
-8.880
-7.479
-12.264
-1.170
-3.983
-7.865
-6.345
-9.045
-2.559
-4.439
-9.215
-5.813
-10.062
-4.252
-2.233
-10.015
-10.072
-11.690
-4.084
-3.629
-10.100
-3.558
-11.166
-1.387
-5.037
-7.713
-8.487
-10.175
-3.885
-4.437
-8.710
-4.469
-8.636
-4.401
-2.370
-6.311
-5.632
-8.573
1.648
-5.872
-8.318
-8.474
-9.864
-3.198
-3.553
-9.177
-10.108
-12.885
-5.369
-10.892
-0.933
-6.108
-7.495
-6.945
-10.383
0.819
-5.490
-8.731
-5.344
-10.872
-1.339
-6.862
-9.896
-6.355
-9.785
-2.176
-6.079
-10.068
-7.906
-9.696
0.903
-3.318
-12.573
-5.501
-10.878
-0.527
-7.959
-9.193
-5.538
-12.166
-1.343
-2.328
-5.180
-5.222
-6.031
-2.153
-3.366
-8.811
-5.227
-9.668
-4.128
-4.554
-10.987
-7.766
-11.131
-2.329
-1.824
-6.887
-5.756
-8.853
-5.458
-1.142
-5.380
-5.272
-2.412
-1.733
0.640
-8.514
-6.984
-7.956
-5.194
1.080
-8.539
-6.310
-4.046
-3.172
-0.934
-6.407
-6.195
-7.961
-1.960
-2.008
-5.443
-3.488
-3.130
-1.273
3.864
-7.702
-4.403
-4.777
-3.468
0.809
-6.257
-4.575
-4.604
-1.314
-1.239
-10.266
-6.281
-7.341
-4.137
-2.946
-10.414
-6.891
-6.685
-4.261
-3.405
-11.001
-5.899
-7.801
-4.648
2.050
-0.201
-5.958
-9.380
-3.131
1.875
-0.791
-6.352
-6.563
-2.991
2.106
-0.845
-6.964
-7.789
-2.621
3.724
1.595
-5.397
-6.061
-2.861
0.601
-3.224
-5.457
-10.003
-1.103
0.377
-2.987
-7.332
-9.210
-1.328
-2.036
-4.430
-4.784
-7.028
-2.697
1.590
-4.595
-5.554
-9.633
-4.515
-0.402
-4.307
-5.914
-9.330
-6.728
0.795
-1.729
-7.427
-9.291
-6.002
-9.736
-4.831
-4.293
-11.498
-7.590
-2.715
-10.993
-5.720
-4.073
-11.923
-4.366
-10.515
-9.262
-7.315
-7.476
-9.339
-5.850
-8.485
-8.081
-5.718
-7.782
-8.431
-6.037
-7.901
-8.822
-6.090
-6.779
-7.825
-5.973
-13.543
-6.364
-6.077
-15.934
-7.021
-9.744
-13.481
-5.606
-4.716
-13.513
-5.980
-4.749
-14.249
-7.590
-6.868
-12.882
-5.395
-5.612
-13.608
-8.296
-4.328
-15.308
-8.483
-8.529
-15.570
-4.424
-7.135
-12.538
-4.026
-3.434
-9.860
-11.724
-3.519
-8.625
-11.941
-6.194
-9.496
-10.819
-3.434
-6.015
-9.534
-2.240
-9.502
-6.576
-4.887
-5.650
-11.438
-3.958
-6.058
-11.706
-4.681
-8.538
-9.619
-4.255
-7.595
-10.773
-8.003
-8.821
-11.240
-5.930
-3.037
-5.096
-10.618
-3.333
-3.846
-9.643
-5.580
-4.573
-10.022
-1.787
-4.326
-9.411
-3.287
-4.396
-11.029
-2.907
-2.251
-6.768
-2.378
-2.882
-8.822
-1.920
-3.541
-10.429
-3.286
-0.317
-8.986
-0.422
-2.939
-8.407
-7.258
-5.923
-7.417
-4.691
-3.961
-7.323
-2.197
-4.603
-7.377
-4.443
-8.457
-8.749
-6.023
-5.663
-6.259
-1.257
-7.830
-7.699
-5.187
-4.382
-3.605
-4.811
-5.588
-4.297
-4.860
-5.702
-5.839
-8.140
-3.442
-7.679
-4.896
-4.709
-7.506
-2.940
-5.184
-7.036
-5.290
-2.217
-8.237
-5.818
-3.626
-9.927
-3.441
-3.999
-8.914
-3.778
-4.101
-9.832
-5.562
-0.066
-9.042
-5.965
0.455
-10.679
-5.842
-4.130
-9.362
-1.409
-2.471
-8.748
