1.586
6.382
2.663
4.740
4.679
5.339
2.647
6.411
3.979
5.090
8.973
7.143
7.990
3.147
7.705
9.114
4.792
6.612
6.839
7.631
6.372
5.628
3.199
4.871
7.940
8.083
6.108
6.379
6.737
6.061
5.999
8.005
6.044
5.430
7.684
3.379
3.177
9.956
7.414
6.156
7.813
6.876
4.636
6.239
7.100
5.563
6.210
6.220
5.705
2.637
7.696
7.112
4.889
6.123
2.700
3.711
-2.107
7.550
6.751
5.176
0.961
-0.386
-2.068
2.021
3.384
3.596
2.176
0.146
2.664
0.765
5.257
1.301
5.451
3.780
-2.121
4.928
-1.743
2.757
-5.309
4.683
6.090
6.120
1.086
-0.301
5.110
3.246
4.102
2.065
5.416
4.942
4.236
7.586
5.605
3.485
8.564
6.966
3.849
3.051
6.289
6.635
4.137
3.225
4.193
4.890
2.929
2.196
1.457
4.258
2.157
1.482
5.605
6.725
5.284
5.027
5.677
4.319
6.751
3.732
6.489
6.402
3.724
0.508
1.905
4.567
3.473
1.417
3.883
1.399
4.799
4.162
1.915
4.891
5.791
4.013
6.355
1.923
5.560
7.454
4.420
2.798
5.236
1.731
5.632
2.145
-3.349
4.580
-7.316
4.169
-9.240
4.377
7.347
5.655
3.211
1.941
7.013
6.011
5.122
4.383
4.373
5.891
5.202
4.991
4.842
1.626
4.201
7.567
2.704
5.926
5.454
4.128
6.109
3.691
1.955
1.356
2.063
4.456
3.655
4.261
0.957
6.310
3.255
6.801
7.261
6.056
7.617
6.311
4.397
5.906
5.274
2.323
-4.690
1.918
4.587
4.542
5.545
4.375
5.016
4.861
0.711
1.373
5.570
10.084
7.916
5.368
6.629
7.378
9.063
8.191
9.700
7.778
5.372
7.478
6.210
7.969
6.199
7.193
5.783
6.722
7.878
7.027
8.235
10.556
7.927
7.613
7.588
6.043
9.451
4.835
4.780
9.972
8.996
9.187
8.274
7.268
9.888
8.677
7.579
8.096
10.577
11.502
5.992
5.820
3.439
4.995
6.655
6.862
7.750
7.089
6.118
7.954
10.186
9.316
10.992
6.323
10.538
11.700
7.804
8.426
7.918
4.276
7.668
4.585
8.013
5.621
8.971
8.359
8.876
7.387
5.559
4.294
7.843
9.419
8.747
6.694
8.081
7.846
8.245
6.854
7.292
8.194
5.958
4.161
7.994
5.625
9.360
8.271
7.095
8.549
6.333
6.450
7.506
6.561
6.275
5.639
7.676
7.693
7.567
3.659
7.828
7.392
8.858
8.109
9.785
4.758
6.965
8.872
5.026
7.001
7.926
5.676
5.707
5.168
7.227
7.116
5.109
6.236
7.492
8.425
5.863
8.074
8.060
7.046
6.932
6.273
7.514
6.879
5.265
4.777
6.743
6.005
5.943
9.288
5.733
5.262
6.274
7.688
8.423
7.189
5.912
9.182
