-4.266
-3.314
-5.058
-2.767
-4.071
-2.196
-4.203
-2.551
-3.358
-4.403
-3.792
-2.549
-3.805
-2.898
-2.756
-4.000
-4.044
-2.963
-4.600
-2.252
-3.244
-2.377
-1.929
-4.580
-2.423
-2.462
-3.361
-4.384
-4.150
-0.665
-3.288
-2.745
-3.693
-2.097
-2.659
-3.489
-0.562
-5.301
-2.011
-3.287
-3.486
4.618
-0.967
4.900
-1.978
5.923
-2.013
6.629
-1.876
4.696
-3.336
2.790
-1.921
3.580
-2.580
0.983
-1.414
4.747
-0.973
4.847
-2.430
-3.118
-1.355
-2.068
-2.083
-2.524
-2.633
-1.888
-1.178
-0.550
-2.258
-0.701
-2.552
0.875
-3.301
-1.023
-2.008
-0.725
-2.515
-2.598
-2.013
-3.955
2.340
-3.309
-1.012
-2.079
2.600
-1.396
1.309
-3.152
1.983
-2.331
-3.746
-2.888
0.774
-4.541
-0.331
-0.138
4.778
-1.775
-2.255
-2.776
1.594
-1.465
-1.477
-0.832
2.265
-3.316
-1.681
-1.115
1.496
-0.584
-1.181
-2.941
2.554
-0.697
-0.799
-0.802
3.725
-0.658
2.892
-3.124
-3.889
-2.774
3.559
-4.078
-3.292
-3.881
5.157
-3.045
-3.952
-4.093
4.861
-2.118
-1.843
-3.527
5.141
-4.575
-3.377
-4.297
4.358
-3.361
-0.555
-3.917
4.630
-2.507
-1.520
-4.412
3.009
-2.904
-2.825
-3.997
1.626
-4.713
-1.575
-3.038
4.539
-3.755
-2.228
-2.165
-4.503
-1.568
-1.708
-2.847
-0.005
-3.657
-2.428
-2.037
-0.582
-2.830
-3.144
-3.223
0.810
-3.730
-1.614
-2.618
-1.909
-2.508
-2.399
-2.683
-1.506
-3.864
-3.822
-3.244
0.239
-2.521
-2.134
-2.557
-1.603
-1.102
-2.485
-1.883
-1.634
-1.017
-2.508
-3.611
-2.727
-2.099
-3.488
-3.512
-3.897
2.452
-0.279
-2.941
-3.785
3.047
1.046
-0.505
-5.731
1.713
-0.101
-0.741
-3.747
3.312
-1.353
-1.973
-1.911
4.657
-0.168
1.208
-5.329
2.252
-0.321
-1.498
-4.557
3.509
-2.461
-0.679
-1.857
3.859
-1.026
1.004
-3.786
3.047
0.792
-2.642
-4.122
1.681
-1.018
-2.329
-1.601
-2.141
-2.494
-2.933
1.650
-4.099
-3.420
-4.322
2.312
-1.626
-2.109
-2.473
-0.104
-2.780
-2.114
-2.116
0.638
-2.118
-2.591
-3.904
1.096
-1.665
-3.915
-3.395
0.577
-4.006
-5.092
-4.041
-4.055
-1.142
-2.970
-2.195
1.399
-2.287
-1.721
-5.765
-0.592
-3.174
-3.554
-3.957
-4.234
-3.800
-1.316
4.526
-3.210
-2.652
-2.954
2.655
-4.186
-2.212
-3.830
2.796
-2.945
-3.432
-1.555
1.979
-0.443
-3.396
-1.589
4.485
-4.328
-4.227
-2.299
5.815
-2.934
-3.986
-3.181
2.391
-3.495
-3.307
-0.988
3.006
-1.567
-2.885
-3.333
4.991
-0.213
-1.092
-3.419
1.618
2.240
-4.766
-2.275
-5.297
1.111
-3.656
-2.719
0.004
3.159
-4.891
-4.900
-5.053
3.881
-3.908
-3.565
-2.677
1.706
-3.733
-4.253
-3.253
1.889
-4.543
-4.047
-3.970
1.006
-4.388
-2.280
-1.302
0.536
-4.212
-3.000
-3.605
2.679
-4.012
-3.063
-4.287
2.439
-4.784
-2.823
-3.044
-2.404
3.727
-2.931
-2.947
-2.681
4.853
-2.902
-3.229
-3.958
5.192
-3.626
-3.238
-2.046
1.654
-3.742
-2.567
-2.922
3.780
-2.906
-2.634
-3.080
3.152
-2.885
-3.332
-3.994
1.361
-2.597
-3.834
-2.524
2.345
-3.284
-2.995
-2.597
3.191
-3.708
-2.462
-2.561
3.274
-4.517
-2.644
-5.609
-2.731
-2.644
-5.021
-3.529
-1.921
-5.008
-3.669
-1.501
-5.065
-2.815
-4.022
-6.279
-4.101
-3.142
-3.815
-3.719
-3.213
-6.034
-2.539
-2.785
-5.453
-3.784
-3.552
-4.561
-1.819
-1.237
-3.351
-2.780
-1.920
2.647
-1.905
-2.116
4.857
-2.463
-3.075
4.070
-1.598
-2.378
3.972
-1.616
-1.511
3.839
-4.889
-4.212
3.880
-3.015
-1.786
3.506
-2.771
-2.451
4.407
-3.850
-0.260
3.369
-2.540
-1.450
5.036
-0.899
-2.762
-0.206
-4.044
0.881
-1.329
-1.780
3.710
-2.021
-1.062
2.063
-1.605
-0.056
3.550
-1.397
-3.073
2.723
-1.148
-1.125
4.136
-3.642
-2.354
3.049
-4.781
-2.971
1.796
-1.651
0.022
4.403
-3.782
-3.336
3.934
-1.901
0.939
-4.646
-2.563
0.290
-3.903
-2.702
1.877
-4.852
-2.375
1.593
-4.741
-0.195
0.032
-2.917
-3.779
0.547
-4.710
-3.196
1.169
-3.425
-1.572
1.681
-5.078
-1.426
0.403
-2.648
-2.905
2.118
-4.259
-1.087
-1.025
-3.307
-3.356
-0.255
-3.063
-2.752
0.436
-4.471
-1.697
-0.475
-4.446
-2.726
-0.544
-4.023
-2.550
-0.245
-4.621
-1.290
0.496
-3.839
-1.991
-1.999
-2.422
-2.443
0.351
-4.051
-2.332
-2.007
-4.663
-2.614
3.259
-4.163
-1.642
4.305
-4.778
-0.452
3.366
-4.278
-2.509
4.594
-4.511
1.526
1.252
-2.484
-2.231
1.830
-3.306
-0.848
2.264
-2.760
0.477
3.176
-3.177
-1.091
2.116
-3.690
-1.650
3.602
-2.609
-2.472
-3.571
-4.093
-2.422
4.599
-1.838
-2.133
-1.516
-3.391
5.180
-3.271
-2.093
-2.840
-3.377
4.789
-2.705
-4.067
-3.310
-3.516
1.131
-2.273
-2.255
-3.598
-3.546
2.618
-3.324
-2.872
-3.929
-1.984
4.739
-1.642
-3.508
-4.022
-2.630
4.770
-2.847
-3.553
-2.374
-3.565
-0.903
-1.765
-2.949
-3.536
-1.924
3.362
-3.033
-3.668
-4.209
-3.363
1.835
-3.608
-4.551
-2.845
6.436
-0.637
-3.454
-4.515
-3.529
6.848
-3.571
-2.891
-3.574
-4.984
7.165
-2.064
-4.642
-5.316
-3.951
7.537
-2.578
-4.039
-4.486
-4.974
6.030
-1.189
-2.291
-3.674
-2.761
7.730
-2.081
-2.873
-3.986
-3.704
8.020
-2.734
-0.859
-4.078
-3.757
7.324
-2.621
-2.522
-4.053
-2.850
6.750
-4.391
-3.330
-3.506
-3.418
5.301
-2.313
-3.949
-3.180
-3.781
-4.867
-2.974
-3.632
-2.988
-3.260
-3.609
-5.015
-3.969
-3.798
-3.044
-1.947
-4.133
-2.700
-1.818
-3.056
-3.303
-5.142
-0.825
-3.665
-1.351
-2.640
-3.935
-2.840
-3.103
-1.424
-2.570
-3.544
-2.768
-4.694
-4.197
-1.510
-4.292
-3.264
-2.763
-2.617
-1.663
-3.789
-3.139
-2.950
-2.265
-3.402
-3.884
-3.992
-3.949
-1.068
-4.459
-1.409
-3.939
-2.545
-5.642
-0.767
0.214
-3.434
-3.281
-3.247
-0.849
-1.236
-3.505
-4.065
-3.157
-0.821
0.934
-4.805
-2.923
-2.782
-1.400
-1.719
-2.118
-1.910
-2.375
-0.686
-2.340
-1.805
-3.075
-3.573
0.078
-1.414
-3.394
-2.925
-2.141
-2.394
-2.168
-3.202
-2.954
-2.767
-1.586
0.334
-4.156
-3.388
-2.093
0.806
-0.682
-4.161
-3.543
-3.495
-0.276
-0.359
-2.395
-1.170
-5.309
-4.594
-0.876
0.395
-4.147
-4.319
-5.006
-3.444
-0.331
-3.338
-1.194
-1.486
-0.128
-0.514
-2.715
-3.487
-3.028
-0.323
-1.428
-3.866
-1.698
-1.260
-3.490
-0.559
-3.870
-2.507
-2.327
-1.326
-1.296
-2.858
-1.754
-4.635
-1.610
-1.389
-3.401
-5.249
-1.693
0.124
-1.208
-3.533
-5.146
-3.588
-2.446
-1.711
-2.339
-4.814
-2.265
-3.609
-0.338
-1.653
-2.683
6.715
-0.966
-2.267
-2.560
-2.724
4.949
-1.713
-1.627
-1.734
-2.619
7.074
0.288
-2.300
-3.843
-3.916
6.685
-1.236
-1.952
-1.635
-3.496
3.444
-1.870
-0.479
-3.793
-1.939
4.349
-1.060
-0.495
-2.515
-1.372
5.715
-2.229
-3.700
-2.613
-0.647
5.503
-1.545
-0.581
-2.761
-2.308
5.584
-1.258
-2.954
-2.148
-2.710
5.250
-2.483
-3.832
-3.275
-2.986
-3.261
-2.166
-4.981
-2.657
-3.145
-3.030
-1.115
-4.519
-2.986
-2.177
-5.469
-3.446
-3.148
-3.398
-1.930
-4.613
-1.478
-4.229
-2.744
-2.944
-3.037
-2.291
-4.293
-4.056
-2.198
-5.820
-2.939
-3.992
-4.297
-3.281
-6.174
-1.630
-3.266
-2.371
-2.249
-3.136
-2.143
-5.280
-4.296
-2.265
-3.415
-1.474
-4.232
-3.035
-2.603
-4.434
-4.025
6.145
-3.324
-1.667
-3.038
-3.865
5.937
-4.658
-3.298
-3.314
-3.353
4.659
-3.521
-3.217
-3.887
-2.224
4.296
-3.127
-3.710
-0.636
-2.946
5.139
-2.981
-3.241
-2.053
-4.079
6.060
-2.244
-2.089
-2.415
-3.345
7.108
-4.148
-2.377
-1.740
-2.792
5.786
-2.632
-3.035
-1.854
-3.506
3.750
-3.850
-3.182
-4.398
-2.901
4.827
-3.216
-2.558
-2.655
-3.722
-3.151
-3.830
-1.237
-0.930
1.808
-1.539
-3.649
-2.295
-2.435
-1.198
-0.430
-3.093
-1.977
-2.141
-1.325
-0.384
-4.919
-3.279
-0.759
-2.567
-2.230
-3.240
-2.092
-0.903
-0.425
-1.522
-4.940
-3.451
0.424
-0.866
-1.820
-3.430
-1.479
-0.265
-0.494
-2.129
-4.477
-3.683
-0.872
-1.180
-3.498
-2.973
-4.229
-2.539
-2.419
-2.581
-3.411
-2.477
-0.542
-1.590
1.791
-2.578
-1.694
-1.462
-2.485
-1.505
-2.917
-0.807
-3.295
-3.434
0.373
-2.270
1.006
-1.567
-0.162
0.516
-1.682
0.142
-0.974
-2.103
1.429
-3.388
-0.871
-3.123
-3.132
-0.705
-2.437
-0.695
-3.189
-1.820
1.876
-3.278
-0.386
-1.072
-2.018
-0.149
-1.946
-0.793
0.665
-2.342
-1.119
-3.781
-0.161
-0.401
-2.844
-0.115
-2.886
-0.423
-1.917
-2.751
-4.536
-3.873
-1.949
-2.029
-6.029
-4.194
-2.224
-6.333
-5.504
-2.295
-5.877
-5.373
-5.484
-4.867
-2.375
-2.096
-5.314
-3.370
-6.132
-3.259
-1.773
-4.440
-2.228
-3.208
-5.470
-3.705
-3.931
-1.820
-4.240
-2.452
-3.749
-2.879
6.482
-4.336
-3.260
4.974
-4.632
-3.620
6.660
-3.613
-1.391
7.446
-4.724
-1.732
6.658
-4.075
-2.422
6.131
-4.471
-2.561
5.190
-4.090
-3.686
4.453
-4.608
-2.654
5.678
-4.288
-2.536
6.825
-0.548
-4.537
-2.299
-3.083
-4.470
-2.460
-1.497
-4.737
-2.426
-0.765
-3.961
-1.961
-2.618
-4.190
-2.279
-2.399
-5.601
-2.889
-2.882
-4.440
-2.628
-2.383
-3.842
-3.307
-2.673
-3.173
-3.293
-1.845
-4.118
-2.745
-1.641
-2.258
-3.294
-1.436
-1.449
-5.482
-3.554
-3.490
-1.952
-2.017
-3.766
-3.040
-1.567
-4.050
-5.924
-2.218
-3.359
-3.834
-3.707
-2.447
-2.964
-3.499
-2.938
-3.415
-2.297
-1.258
-4.632
-1.534
-2.019
-2.064
3.125
-2.499
-2.060
5.120
-3.678
-2.302
1.931
-2.315
-4.191
5.251
-1.332
-3.467
4.338
-0.934
-1.445
4.647
-3.933
-3.123
4.901
-0.763
-1.694
5.055
-2.004
-1.365
4.708
-1.555
-2.986
4.734
-0.183
-0.796
-0.815
-3.485
-1.844
0.555
-3.598
-3.128
-1.263
-3.053
-1.990
0.126
-2.845
-0.033
0.953
-3.386
-4.021
-0.784
-4.335
-3.506
-2.514
-4.121
-1.412
-1.264
-4.548
-1.041
0.182
-3.449
-2.048
-0.274
-3.372
-2.494
