4.024
4.970
3.901
5.134
3.207
3.939
1.678
5.962
4.453
4.191
5.227
5.112
6.041
0.869
5.234
4.630
5.787
3.465
4.481
3.499
5.590
5.236
5.990
5.455
6.090
3.789
5.306
6.256
5.866
4.510
4.628
2.716
2.840
3.957
4.187
3.142
1.457
5.457
5.138
4.201
4.163
4.905
4.333
5.441
4.978
5.646
4.657
5.752
5.291
3.951
4.360
4.838
1.966
1.287
1.149
2.646
-1.467
2.901
3.826
1.896
1.146
1.701
0.719
1.335
1.882
1.745
0.444
1.375
1.072
1.130
3.500
2.626
3.166
0.089
2.450
3.510
1.900
1.730
3.462
2.146
1.729
2.819
2.116
1.693
2.015
2.235
0.981
2.830
2.127
2.040
1.147
4.245
3.464
0.805
1.552
2.927
3.010
3.209
3.363
1.783
2.549
2.215
4.007
3.097
1.764
2.354
2.793
1.496
3.203
2.168
2.674
1.403
1.292
1.276
1.319
0.925
1.878
2.577
0.692
1.311
2.890
2.115
1.852
3.099
2.481
1.493
2.475
1.551
2.309
2.206
3.171
2.534
5.223
2.837
4.098
3.454
2.893
4.820
2.931
2.756
2.861
3.665
4.329
0.034
2.865
2.346
2.200
3.844
3.313
2.925
3.905
4.724
3.130
3.846
3.860
2.030
3.919
4.245
2.995
4.527
4.503
3.590
4.042
2.493
3.867
5.961
4.039
3.009
3.683
4.322
4.275
3.098
0.051
3.253
2.745
3.122
3.076
3.335
0.688
2.191
2.584
4.998
5.602
5.051
5.787
6.155
5.260
5.611
4.122
0.294
-0.906
3.485
5.254
4.955
4.022
4.312
3.655
4.868
2.908
2.619
2.878
4.766
3.961
2.061
4.277
3.437
5.118
4.411
5.290
4.440
3.795
4.544
2.996
5.148
5.168
4.702
3.737
4.429
4.280
4.121
5.785
6.756
6.999
5.144
7.528
5.785
7.397
4.701
5.999
6.561
5.879
5.821
6.024
4.416
7.684
6.320
4.957
6.790
7.096
8.043
3.486
3.780
1.915
1.880
3.342
3.467
3.492
3.705
2.927
3.540
6.839
5.501
6.177
5.792
5.999
6.883
5.114
5.493
5.374
2.556
2.626
1.393
3.816
2.926
4.080
2.826
3.234
3.149
2.316
2.863
4.972
5.231
5.551
4.798
4.459
5.033
4.584
2.341
3.802
4.582
4.231
3.402
5.472
5.647
5.549
6.070
5.379
4.312
3.494
4.253
3.521
3.364
4.508
3.234
3.127
4.771
4.112
1.308
4.416
4.576
4.986
5.520
6.622
1.771
6.014
5.982
6.863
4.952
4.890
1.881
3.962
4.189
3.911
4.347
2.806
3.249
3.872
3.781
3.473
5.156
4.834
4.539
4.008
5.827
5.210
3.087
4.566
2.674
4.377
4.722
3.053
5.571
3.930
1.658
3.919
5.550
5.254
5.432
3.283
6.126
