-4.498
-5.090
-2.130
-4.590
-3.326
-3.785
-2.948
-4.818
-3.093
-5.333
-3.099
-3.705
-4.594
-4.650
-3.251
-6.035
-2.987
-3.100
-2.108
-3.714
-4.859
-2.854
-2.207
-2.322
-5.051
-3.470
-3.223
-3.363
-1.534
-2.944
-3.767
-3.649
-3.867
-2.377
-4.436
-3.378
-3.061
-3.181
-2.860
-4.482
-2.631
-0.827
-1.389
-4.313
-2.965
-2.648
-1.532
-2.207
-1.751
-3.660
-3.325
-1.854
-4.474
-3.322
-3.375
-4.388
-2.840
-3.983
-1.965
-3.151
-0.335
-3.120
-2.479
-2.487
-1.181
-3.108
-2.080
-3.563
-1.051
-3.216
0.819
-1.657
-0.093
-1.789
-0.017
-2.229
-1.605
-2.480
-1.087
-1.333
-2.522
-4.416
-3.494
-3.209
-1.446
-4.772
-2.745
-2.035
-2.730
-4.710
-5.355
-2.827
-2.631
-3.545
-3.393
-4.167
-3.780
-4.559
-4.060
-2.218
-2.866
-3.703
-1.912
-1.706
-3.128
-1.974
-2.763
-3.526
-2.119
-3.622
-3.402
-0.993
-3.075
-4.322
-3.873
-1.668
-2.364
-4.336
-4.303
-1.985
-2.456
-3.859
-2.445
-4.039
-1.988
-3.650
-3.634
-4.612
-2.044
-3.889
-3.411
-4.927
-2.052
-2.391
-3.224
-4.997
-2.522
-3.239
-3.478
-5.655
-1.598
-3.714
-3.410
-4.698
-2.076
-2.705
-4.532
-5.016
-1.822
-3.996
-5.513
-4.615
-3.565
-2.814
-4.293
-3.487
-3.199
-2.408
-2.419
-3.585
-1.183
-2.282
-1.833
-2.833
0.111
-3.168
-1.676
-2.851
0.804
-3.401
-2.691
-3.234
0.545
-3.334
-2.776
-2.975
1.402
-4.069
-2.762
-2.824
-0.349
-2.819
-2.960
-2.722
-0.084
-2.018
-2.500
-2.621
-0.585
-3.098
-1.473
-1.986
-0.540
-1.975
-3.035
-3.336
-0.367
-2.791
-1.938
-2.900
-3.119
-0.598
-1.191
-2.852
-3.292
-2.473
-1.993
-1.224
-3.210
-2.857
-2.173
-1.380
-3.766
-2.233
-2.854
-1.875
-4.058
-3.121
-2.327
0.353
-3.011
-1.357
-2.865
-1.217
-3.748
-3.413
-2.320
-0.792
-2.921
-2.947
-2.587
0.245
-2.781
-2.490
-3.939
-2.216
-4.295
-2.559
-2.545
-2.092
-3.533
-1.408
-2.758
-4.710
-3.237
-3.099
-3.470
-3.306
-2.371
-0.819
-2.367
-2.749
-3.065
-2.436
-2.341
-2.633
-2.580
-2.921
-2.603
-2.815
-2.010
-1.211
-3.617
-3.781
-2.611
-3.643
-4.659
-2.978
-2.008
-1.824
-2.834
-1.950
-2.142
-1.475
-2.281
-3.999
-4.002
-2.589
-3.506
-4.207
-4.541
-3.221
-1.508
-2.690
-2.131
-2.331
-2.660
-2.173
-3.806
-2.318
-3.341
-3.110
-3.784
-2.940
-1.646
-2.081
-1.755
-3.491
-1.916
-0.382
-3.811
-3.540
-2.246
-1.928
-3.373
-2.699
-3.025
-3.238
-2.530
-2.436
-1.277
-2.047
-1.869
-2.880
-3.143
-2.280
-1.362
-1.941
-3.058
-1.323
-3.263
-3.794
-2.475
-3.038
-3.324
-2.578
-2.716
-2.292
-2.628
-3.348
-4.831
-2.495
-2.724
-4.841
-3.290
-2.276
-2.495
-4.705
-3.900
-2.163
-2.848
-4.768
-3.813
-2.550
-4.239
-4.885
-2.247
-2.291
-2.619
-3.752
-3.203
-1.396
-2.915
-4.036
-2.857
-2.677
-3.874
-3.908
-3.117
-2.063
-0.078
0.897
-2.853
-2.949
-0.339
1.045
-2.925
-1.824
0.056
1.514
-3.575
-2.972
0.818
0.054
-3.820
-2.523
-0.006
0.925
-3.133
-1.105
-1.620
1.143
-2.803
-2.686
-2.236
-1.620
-2.568
-2.448
-0.514
0.363
-3.509
-2.158
0.692
0.425
-3.582
-1.947
-1.239
0.150
-4.329
-3.125
-3.957
-2.952
-3.626
-3.339
-3.536
-4.246
-2.823
-3.498
-3.101
-1.983
-3.203
-4.846
-2.879
-3.838
-4.525
-3.291
-3.802
-4.535
-2.851
-2.798
-3.399
-4.468
-3.513
-4.484
-3.483
-2.096
-4.527
-2.206
-2.729
-5.421
-1.872
-1.952
-2.463
1.028
-2.801
-4.451
-0.947
-1.949
-3.278
-0.262
-1.833
-3.485
-2.284
-4.900
-3.764
-0.960
-3.384
-4.427
-1.499
-2.555
-3.629
-2.269
-4.171
-3.557
-1.844
-2.830
-3.220
-1.206
-1.709
-3.977
-0.299
-4.454
-5.503
-0.815
-2.057
-3.442
-0.611
-1.407
-2.630
-0.532
-0.490
-3.099
-2.458
-3.128
-2.959
-1.824
-1.358
-1.899
-2.202
-2.692
-2.240
-2.710
-3.116
-2.329
-0.877
-0.913
-3.325
-2.163
-3.100
-3.504
-1.724
-1.928
-2.125
-1.710
-2.314
-2.688
-1.189
-2.652
-2.918
-0.148
-0.751
-2.852
-0.808
-2.469
-0.469
-3.135
-1.361
-3.532
-1.700
-1.869
-3.137
-0.858
-2.530
-1.785
-0.433
-1.004
-1.744
-0.214
-2.990
-3.257
-2.596
-4.576
-0.811
-4.131
-4.926
-2.992
-3.356
-5.718
-2.081
-1.319
-4.994
-1.808
-2.895
-5.400
-2.634
-0.383
-4.057
-2.830
-1.348
-5.224
-1.552
-1.913
-4.609
-2.169
-1.819
-5.364
-2.702
-3.009
-5.647
-1.948
-0.929
-3.240
-2.820
-0.306
-2.712
-2.021
-0.538
-1.757
-1.022
-2.353
-2.889
-2.498
-0.755
-2.041
0.933
-1.320
-2.083
-2.444
-0.872
-1.280
-1.501
-1.932
-1.400
0.089
-0.269
-2.422
-1.780
-1.188
-1.429
-2.045
-3.171
-3.430
-4.815
-2.758
-1.579
-2.367
-1.880
-2.505
-2.723
-4.871
-3.449
-3.579
-3.263
-1.546
-2.455
-2.979
-2.278
-3.112
-1.945
-3.039
-2.173
-4.306
-4.053
-4.036
-2.681
-3.712
-3.426
-4.546
-3.176
-3.019
-1.733
-3.765
-4.185
-3.708
-2.175
-2.985
-0.132
-2.312
-0.969
-3.668
-1.780
-1.732
-3.442
-3.662
-3.529
-2.860
-2.599
-4.559
-1.125
-3.548
-3.762
-3.366
-3.063
-0.514
-1.685
-3.639
-3.698
-3.455
-1.859
-2.314
-2.907
-2.857
-4.537
-0.761
-0.449
-4.539
-3.908
-3.629
-2.000
-2.132
-4.034
-3.455
-4.254
-1.949
-1.395
-2.576
-2.051
-2.693
-1.432
-2.061
-3.222
-3.421
-3.775
-1.077
-0.843
-1.529
-2.002
-3.516
0.476
-2.055
-2.561
-3.275
-2.429
-1.938
-2.071
-3.905
-3.384
-3.063
-1.664
-2.796
-3.398
-2.737
-4.706
-3.846
-3.176
-4.000
-2.986
-3.748
-3.241
-2.007
-4.085
-4.396
-4.518
-3.660
-0.885
-2.965
-2.278
-4.097
-4.737
-3.142
-1.003
-4.609
-2.410
-4.955
-1.380
-3.408
-3.570
-3.423
-4.187
-1.318
-2.504
-4.221
-3.995
-4.947
-3.390
-2.809
-3.441
-3.086
-3.733
-2.716
-3.153
-3.004
-2.678
-3.360
-3.070
-3.773
-3.199
-3.203
-5.331
-3.045
-3.906
-2.440
-5.724
-1.281
-1.197
-3.364
-1.841
-3.679
-1.857
0.394
-3.302
-0.600
-3.311
-1.259
-1.635
-4.447
-4.538
-3.231
-2.156
-0.984
-2.667
-2.705
-3.192
-2.429
-1.625
-1.607
-2.327
-3.532
-1.109
-1.815
-3.101
-3.351
-2.515
-2.654
-2.291
-3.354
-2.063
-3.582
-2.475
0.029
-3.844
-2.401
-2.876
-3.626
-0.965
-3.800
-2.672
-4.129
-3.318
0.115
-1.861
-4.092
-5.064
-1.531
-3.958
-0.278
-3.471
-3.231
-0.481
-3.531
-1.062
-2.219
-2.354
-0.407
-2.844
-1.143
-2.422
-4.320
-2.966
-2.331
-1.657
-2.337
-0.762
-0.552
-3.983
-1.428
-2.966
-3.782
-1.589
-2.555
-1.715
-0.100
-1.720
-3.565
-4.896
-2.185
-3.584
-4.832
-0.056
-2.693
-2.346
-3.193
-4.644
-2.535
-4.270
-1.960
-3.861
-4.136
-1.665
-4.267
0.194
3.558
-2.628
1.655
-1.256
-0.941
2.332
-2.795
-0.510
-2.434
-0.216
2.949
-2.685
0.330
-0.167
-0.660
2.271
-3.966
1.146
-1.678
-2.237
1.014
-3.476
-0.218
-2.022
0.029
1.659
-1.922
-0.480
-1.458
-0.382
2.040
-1.406
0.897
-2.792
-2.024
1.205
-0.752
-0.953
-1.488
-0.053
1.533
-2.198
-0.281
-2.066
-1.765
0.821
-2.736
0.127
-2.305
-2.867
-4.243
-2.607
0.415
-2.165
-3.489
-3.978
-3.089
-0.087
-1.431
-2.721
-4.188
-2.282
-2.711
-3.711
-2.584
-4.181
-1.985
-0.959
-1.883
-3.614
-4.329
-2.957
-0.545
-2.581
-2.216
-5.518
-2.114
-1.528
-3.089
-2.667
-4.994
-3.423
-1.250
-1.915
-1.497
-3.649
-2.452
-0.564
-2.496
-2.058
-4.699
-2.379
0.134
-1.794
-2.942
-4.724
-2.599
-0.766
-4.105
-1.524
-1.630
-2.089
-3.697
-4.079
-0.620
-1.592
-3.648
-3.322
-3.983
0.333
-1.918
-3.585
-2.731
-3.059
-0.728
-1.159
-4.010
-2.783
-3.279
-0.128
-0.989
-3.440
-2.282
-4.247
0.459
-2.013
-2.240
-1.901
-3.614
0.070
-1.363
-2.585
-2.380
-3.183
-0.765
-1.091
-3.130
-1.718
-4.006
-0.659
-2.935
-2.849
-4.299
-3.280
0.070
-1.897
-2.565
-1.405
-3.850
-2.145
-0.643
-1.090
-2.229
1.431
-2.090
-1.863
-2.155
-3.866
-0.825
-0.707
-1.014
-1.797
-3.698
-0.989
-0.487
-1.234
-3.054
-3.663
-1.494
-0.338
-0.931
-1.780
-1.222
-0.224
0.213
0.300
-3.481
-1.260
-0.876
0.497
-0.822
-1.600
-0.783
-0.062
-0.027
0.063
-4.158
-2.534
-0.785
-1.101
-2.006
-3.875
-2.953
-1.763
-0.710
-1.991
-2.727
-2.942
-0.511
-1.332
0.855
-1.470
-3.043
-2.717
-0.514
-1.572
-0.719
-2.325
-3.320
0.065
0.136
0.814
-2.195
-0.556
-0.006
0.129
-0.009
-2.695
-2.486
-0.769
-0.585
-0.843
-3.033
-3.560
-0.834
-0.203
-0.523
-3.914
-2.274
-0.542
-0.672
-0.479
-2.228
-2.100
-0.138
1.683
-0.836
-1.614
-2.654
-0.525
1.367
-0.455
-1.267
-3.149
-2.053
-0.435
0.040
-3.010
-3.018
-4.360
-3.148
-2.657
-2.146
-4.870
-4.131
-2.064
-4.808
-2.458
-2.550
-5.045
-2.692
-5.624
-3.755
-2.503
-2.158
-4.005
-2.949
-5.764
-2.414
-3.012
-4.296
-2.679
-6.253
-5.195
-3.317
-4.275
-1.516
-3.957
-4.163
-4.032
-2.710
-3.215
-4.113
-3.232
-2.969
-4.497
-3.452
-1.944
-3.850
-1.166
-1.090
-4.483
-1.710
-0.883
-3.831
-2.060
-1.305
-4.639
-2.308
-2.564
-4.362
-3.656
-2.915
-4.528
-2.308
-2.968
-4.138
-2.402
-1.179
-1.421
-4.438
-2.623
-3.393
-4.414
-2.540
-2.321
-4.778
-2.012
-1.713
-3.767
-1.238
-3.823
-3.961
-3.515
-2.435
-5.188
-2.448
-3.014
-3.797
-1.922
-2.795
-3.613
-3.196
-3.214
-2.964
-3.302
-2.457
-4.036
-1.410
-1.481
0.076
-3.869
-1.704
-2.376
-5.809
-1.506
-0.552
-2.972
0.299
-2.774
-3.787
-0.197
-1.150
-6.164
0.528
-2.026
-4.266
-0.688
-0.219
-3.553
-1.130
-0.534
-3.965
-0.454
-1.259
-5.343
-0.359
-1.688
-2.534
-3.683
-3.396
-2.096
-2.592
-2.098
-2.425
-1.493
-3.167
-3.998
-2.018
-2.865
-3.267
-3.868
-2.148
-1.547
-1.339
-4.207
-2.942
-2.972
-2.715
-1.666
-2.120
-1.266
-1.377
-2.798
-3.433
-2.705
-3.472
-1.602
-1.269
-2.292
-1.099
-2.109
-1.431
-1.997
-3.211
-0.750
-0.583
-2.518
-1.010
-1.127
-0.629
-1.494
-0.952
-4.458
-2.088
-0.949
-3.953
-1.864
-0.787
-2.098
-1.006
-1.111
-1.893
-2.777
-1.452
-2.260
-0.965
0.036
-2.978
