-3.393
-1.690
-2.327
-2.801
-1.878
-1.946
-4.484
-1.510
-1.324
-0.970
-0.489
-2.451
-2.222
-3.474
-0.242
-1.600
-2.702
-3.659
-1.159
-0.654
0.936
0.388
-0.705
-1.367
0.066
-1.029
-0.891
1.130
-0.692
-1.337
0.958
-1.291
-1.214
-0.704
1.948
-1.621
-0.950
1.526
0.721
0.410
-3.277
0.341
-3.942
-4.240
-0.142
-3.270
-3.244
0.033
-3.050
-3.630
0.651
-4.809
-4.640
0.406
-3.576
-3.563
0.538
-4.450
-3.273
-0.007
-2.777
-3.299
0.094
-4.016
-2.659
-1.552
-4.248
-3.510
-1.349
-4.772
-2.283
-1.738
-5.242
-1.622
-1.534
-4.412
-3.612
-2.313
-3.680
-0.616
-2.914
-2.400
-3.840
-2.451
-1.673
-4.450
-0.338
-2.649
-3.764
-3.837
-1.985
-2.400
-1.818
-3.451
-2.363
-0.838
-3.020
-3.199
-1.049
-2.455
-3.414
-3.284
-3.086
-3.488
-2.958
-3.721
-3.548
-3.386
-3.005
-4.280
-3.088
-3.808
-3.180
-2.336
-4.304
-3.732
-3.834
-4.394
-3.526
-2.442
-3.171
-3.441
-1.698
-3.396
-4.614
-1.903
-3.376
-3.885
-2.100
-4.829
-3.804
-5.460
-3.809
-2.078
-2.839
-1.559
-4.198
-4.753
-3.524
-3.953
-3.307
-1.397
-3.763
-3.421
-2.667
-4.268
-4.999
-4.306
-4.120
-4.638
-2.675
-3.216
-3.438
-3.544
-4.130
-4.315
-2.893
-3.723
-3.888
-3.959
-1.529
-3.677
-1.083
-1.434
-3.921
0.546
0.008
-1.907
-2.082
-0.658
-3.649
-1.676
-1.606
-2.665
-0.703
-2.236
-2.529
-1.678
-1.675
-2.446
0.377
-2.829
-3.716
-0.874
-2.677
-4.085
-1.846
-1.880
-3.232
-2.040
-3.763
-3.708
-0.056
-3.708
-3.882
0.429
-3.791
-4.056
0.272
-2.016
-2.631
0.463
-5.000
-3.571
-0.424
-3.956
-4.197
0.163
-4.898
-3.901
0.727
-4.033
-4.454
-0.191
-4.856
-4.141
-0.924
-4.690
-3.230
-0.687
-2.272
-5.149
-3.499
-0.498
-2.674
-2.218
-1.638
-4.565
-1.608
-1.124
-3.353
-3.108
-0.561
-2.991
-2.973
-0.800
-3.198
-2.222
-1.249
-3.327
-2.358
-1.541
-3.797
-2.335
-0.734
-3.350
-2.039
-2.817
-2.933
-2.265
-1.157
-3.194
-4.024
-0.693
-2.525
-1.734
-1.555
-4.171
-3.009
-1.050
-4.179
-3.352
-1.164
-3.048
-3.627
-0.449
-3.914
-2.281
-1.258
-2.428
-3.046
0.137
-3.241
-3.360
-1.326
-4.000
-4.099
-1.504
-2.934
-2.217
-1.502
-2.780
-1.737
-2.583
-1.896
-3.190
-3.027
-2.484
-2.862
-1.162
-1.445
-3.186
-2.554
-2.062
-2.433
-2.571
-0.149
-3.795
-1.100
-2.768
-1.279
-2.801
-0.575
-2.533
-0.690
-3.674
-0.207
-2.479
0.207
-2.793
-0.251
-2.534
-1.233
-3.022
-0.800
-3.004
-3.560
-2.990
-3.075
-3.733
-4.671
-2.789
-3.500
-4.193
-4.415
-1.886
-3.361
-2.450
-4.207
-3.135
-4.577
-2.188
-4.117
-4.571
-3.806
-2.379
-3.271
-3.796
-5.012
-3.014
-1.875
-2.243
-1.179
-0.347
-1.972
-0.974
-1.957
-1.539
-0.972
-2.409
-0.810
-1.694
-3.061
-1.902
-1.346
-1.878
-1.385
-2.627
-2.593
-2.806
-2.573
-3.271
-1.803
-1.798
-2.816
-3.155
-2.399
-0.375
-0.413
-2.165
-2.843
-3.724
-3.475
-1.672
-2.209
-2.790
-2.504
-2.567
-2.091
-2.044
-1.374
-3.787
-1.501
-2.197
-4.465
-1.072
-1.594
-2.484
-0.718
-2.368
-2.887
-3.281
-2.979
-2.872
-1.656
-2.105
-3.055
-1.807
-1.366
-3.968
-2.314
-2.158
-2.315
-3.540
-1.847
-3.396
-2.710
-2.935
-3.172
-2.100
-2.556
-2.672
-2.398
-3.014
-1.657
-4.479
-3.153
-2.455
-3.059
-3.742
-2.072
-2.701
-2.844
-4.040
-3.300
-4.276
-4.532
-3.540
-2.290
-2.392
-2.009
-4.693
-3.833
-3.575
-2.968
-5.343
-3.036
-3.463
-3.227
-2.962
-3.975
-4.854
-3.276
-2.269
-0.413
-2.154
-2.296
-3.862
-2.640
-2.708
-1.938
-5.093
-0.317
-3.218
-2.782
-5.212
-1.134
-3.340
-2.541
-4.134
-1.029
-2.746
-0.733
-4.547
-1.834
-2.659
-2.978
-4.862
-2.260
-3.019
0.209
-5.252
-0.454
-3.632
-2.527
-5.043
-2.724
-1.512
-3.048
-4.528
-2.266
-1.504
-3.185
-1.553
-1.469
-4.502
-2.522
1.600
-2.214
-5.119
-3.205
-1.616
-2.839
-2.987
-2.606
-0.894
-2.641
-3.654
-3.560
-1.204
-0.913
-4.168
-4.699
-1.999
-2.513
-3.310
-3.931
0.173
-1.324
-2.874
-4.329
-0.523
-2.742
-4.999
-4.165
-0.049
-3.719
-3.130
-3.763
-1.978
-2.787
0.460
-2.110
-3.488
-3.244
-0.859
0.273
-1.966
-3.959
-1.837
-0.031
-2.487
-2.733
-1.062
-0.558
-3.199
-3.021
-0.611
0.364
-2.221
-3.413
-0.770
-1.184
-2.111
-4.161
-0.879
-0.572
-1.664
-3.417
-1.247
-1.125
-3.183
-3.058
-0.230
-0.082
-1.681
-2.605
-1.517
-1.496
-2.888
-1.515
-1.780
-2.937
-0.577
-2.207
-1.439
-1.894
-0.181
-0.681
-2.361
-2.755
0.080
-0.598
-2.517
-1.148
-0.476
-0.182
-2.384
-1.165
-0.949
-0.853
-1.794
-1.450
-0.832
-1.015
-1.802
-1.278
-0.641
-1.352
-5.906
-1.491
-0.486
-0.409
-2.869
-2.055
-2.719
-1.012
-2.855
-2.144
-1.386
-1.891
-2.581
-2.694
-2.643
-2.743
-3.980
-3.732
-4.276
-2.963
-3.107
-3.113
-2.607
-1.332
-3.622
-2.908
-3.085
-1.800
-1.817
-2.773
-3.121
-2.267
-2.176
-2.923
-2.892
-2.892
-3.321
-4.437
-2.533
-2.497
-3.221
-2.795
-3.760
-1.916
-2.593
-2.733
-3.633
-2.733
-2.490
-1.849
-4.154
-0.920
-3.828
-1.414
-3.026
-1.079
-2.927
-1.158
-1.504
-2.332
-3.726
-1.225
-2.882
-1.854
-3.654
-1.260
-4.038
-2.090
-4.534
-2.060
-1.977
-1.278
-3.365
-0.110
-1.650
-1.345
-1.798
-1.252
-1.617
-1.598
-2.603
-1.994
-3.433
-2.864
-3.345
-2.941
-1.740
-1.864
-4.171
0.301
-1.142
-2.836
-2.891
-2.660
-1.250
-2.885
-2.108
-2.253
-2.368
-2.770
-2.782
-2.157
-1.063
-3.003
-1.707
-4.022
-1.289
-2.366
-2.600
-2.196
-0.617
-2.738
-2.956
-2.045
-1.801
-2.259
-2.138
-2.630
-1.123
-3.146
-2.557
-3.570
-2.037
-2.908
-1.601
-2.289
-1.532
-2.861
-3.506
-2.581
-1.859
-1.472
-1.959
-0.050
-4.447
-2.303
-0.162
-2.668
-4.451
-2.284
-1.999
-0.311
-4.113
-3.086
-2.124
-1.867
-4.000
-2.984
-1.138
-1.879
-4.022
-2.253
0.367
-0.527
-2.503
-2.673
-2.880
-1.269
-5.043
-3.092
-2.090
-0.178
-3.999
-2.180
-1.181
-0.817
-4.534
-2.798
-0.915
-1.697
-1.669
-0.692
-1.782
-1.875
-2.694
-0.569
-1.492
-3.823
-3.716
-1.208
-2.030
-2.896
-1.855
-2.477
-1.303
-4.181
-3.889
-0.510
-1.046
-3.621
-2.479
-1.152
-1.644
-3.757
-1.023
-0.556
-0.137
-3.523
-1.467
-2.271
-1.893
-3.817
-3.017
-1.445
-3.034
-2.837
-3.701
-1.300
-1.678
-2.762
-3.505
-2.499
-2.473
-2.717
-3.026
-1.960
-1.455
-3.237
-2.290
-2.288
-2.542
-2.881
-2.869
-2.194
-2.481
-3.253
-2.076
-3.410
-2.415
-4.321
-2.510
-3.135
-1.563
-2.390
-1.537
-2.547
-0.696
-3.906
0.399
-1.517
-2.058
-3.460
-0.918
-3.648
-0.951
-2.072
-0.757
-3.593
-1.024
-3.174
-0.600
-1.886
-0.676
-1.724
-0.465
-1.991
-2.641
-1.735
-1.731
-0.737
-1.028
-1.173
-0.778
-2.134
-1.514
-3.560
-0.741
-2.158
-1.565
-2.006
-2.767
-2.872
-2.960
-3.923
-2.435
-4.053
-1.215
-2.611
-2.225
-3.521
-1.749
-3.530
-1.138
-1.911
-2.451
-2.480
-1.724
-2.663
-3.173
-2.255
-1.310
-3.013
-2.894
-4.511
-2.582
-2.960
-1.588
-2.826
-2.040
-1.766
-1.728
-2.451
-2.482
-2.730
-0.383
-2.967
-0.818
-4.327
-1.414
-2.762
-2.926
-3.517
-2.399
-3.074
-1.625
-1.561
-2.005
-1.448
-2.488
-3.311
-3.425
-3.053
-2.930
-0.912
-3.900
-3.676
-2.393
-0.792
-3.139
-2.094
-2.348
