-7.899
-4.922
-5.074
-6.249
-6.358
-6.579
-7.063
-7.192
-7.142
-7.223
-9.783
-7.752
-7.981
-8.285
-8.381
-7.195
-8.141
-4.839
-4.493
-4.400
-6.170
-7.304
-9.333
-4.961
-10.259
-6.390
-8.563
-6.592
-4.464
-5.703
-13.001
-6.807
-5.505
-2.022
-11.577
-7.573
-5.613
-5.265
-7.033
-6.115
-3.066
-1.455
-0.261
-7.232
-3.718
-6.262
-2.056
-6.097
-4.014
-5.816
-4.652
-4.920
-7.120
-5.262
-6.402
-8.732
-3.799
-6.134
-4.956
-9.469
-1.771
-6.594
-1.414
-6.208
-1.304
-6.029
-3.175
-6.309
-0.887
-4.988
0.613
-3.360
-0.347
-3.284
-0.776
-5.637
-1.807
-7.088
1.103
0.108
-4.892
-9.391
-6.565
-4.627
-1.024
-7.205
-1.625
-4.173
-1.698
-8.159
-6.718
-7.702
-1.824
-8.214
-6.052
-9.975
-4.558
-7.624
-4.322
-8.235
-0.686
-9.136
-1.042
-6.609
-0.575
-8.792
-3.511
-6.575
-4.955
-12.624
-10.068
-4.114
-2.493
-9.983
-5.750
-7.822
-2.397
-8.579
-2.337
-4.985
-2.244
-7.511
-4.066
-6.248
-0.114
-8.600
-3.399
-12.086
0.143
-8.860
-3.182
-11.520
-1.927
-8.645
-4.175
-8.625
-0.481
-6.205
-1.591
-8.290
-0.002
-6.160
0.119
-7.632
0.297
-10.093
-5.797
-11.237
-1.115
-11.776
-8.697
-8.880
-5.397
-7.983
-6.494
-7.926
-0.923
-7.749
0.836
-7.008
4.554
-6.804
-3.859
-7.826
3.206
-4.825
0.070
-4.938
4.516
-7.770
-1.221
-9.045
4.981
-7.099
-4.063
-8.487
4.220
-7.316
-5.998
-5.933
3.178
-4.668
-2.064
-7.059
4.533
-3.631
-1.244
-6.499
-0.186
-6.389
-6.756
-4.920
4.371
-5.871
-5.053
-6.055
4.459
-4.922
-2.329
-10.958
-4.208
-0.154
-1.795
-2.566
-8.689
-5.318
-5.906
-3.615
-5.919
-1.900
-3.632
-5.402
-6.154
-3.892
-8.230
-2.953
-4.187
-4.097
-3.332
1.290
-5.344
-1.480
-3.491
-1.623
-4.633
-6.057
-6.172
-0.510
-7.766
-5.265
-5.352
-1.636
-2.251
-3.335
-3.970
-2.901
-8.780
-4.476
-4.730
-3.388
-4.471
-4.610
-7.898
-8.829
-2.109
-2.435
-6.075
-3.902
1.200
-1.401
-7.881
-5.279
1.699
2.645
-1.868
-1.050
-3.383
-5.033
-5.120
-4.835
-0.262
-1.037
-7.657
-4.957
-0.901
-1.122
-5.658
-4.646
-1.185
-2.412
-7.147
-5.715
-5.523
-4.428
-7.117
-8.617
-0.904
-1.015
-3.862
-3.592
-5.907
-5.758
1.939
1.857
0.473
-0.780
2.483
1.556
-3.427
-1.490
1.156
-1.568
-1.497
-3.754
1.495
3.431
-1.630
-2.220
1.222
2.243
-3.716
-4.272
2.158
2.196
-1.621
-3.259
-3.509
-0.968
-6.640
-4.667
0.455
0.611
-6.968
-6.365
-1.002
-1.798
-1.820
-2.348
-0.968
0.785
-2.312
-5.085
-4.191
-1.083
-1.094
-2.544
-2.483
1.246
-0.103
-2.554
-4.008
-1.243
-1.314
-5.436
-4.432
-2.922
-3.470
-5.917
-4.112
-2.171
-3.176
-5.714
-4.126
-2.229
-3.256
-3.159
0.330
1.139
-2.365
-5.193
-4.073
-1.189
-3.353
-4.911
-3.280
-2.291
-7.876
-7.606
-4.223
-2.879
4.183
3.353
-0.570
0.933
3.790
6.106
-3.050
-0.848
1.993
3.444
-5.074
-2.130
0.944
-0.834
-5.432
-2.860
3.422
5.461
-1.061
2.708
1.595
3.880
-1.683
-0.881
0.272
0.824
-3.677
-0.550
0.542
2.498
-4.968
-3.674
2.966
3.771
-3.797
-1.229
-3.057
-1.159
-9.176
-7.764
-5.697
-7.024
-9.362
-4.553
-8.479
-8.834
-5.561
-8.446
-9.840
-3.556
-6.790
-10.802
-5.487
-10.042
-9.087
-6.958
-10.356
-10.440
-2.726
-6.321
-7.966
-5.453
-7.776
-7.387
-6.002
-9.028
-8.244
-3.777
-10.072
-11.978
0.476
-2.490
-7.756
4.859
-0.027
-10.600
1.476
-2.648
-7.808
4.160
-1.518
-9.664
-1.463
-5.997
-9.323
2.140
-1.546
-7.089
0.819
-3.391
-7.020
1.769
-3.484
-8.884
2.242
-1.039
-12.133
4.658
0.997
-10.274
5.427
-1.505
-9.295
0.499
-5.325
-8.295
1.386
-4.178
-9.490
3.566
-1.452
-7.655
0.358
-5.047
-9.631
3.440
1.309
-6.603
-1.017
-6.380
-10.529
-5.323
-6.284
-2.537
2.955
-0.977
-9.497
4.710
-0.817
-6.698
3.553
-2.881
-4.976
3.756
0.395
-2.813
4.451
-3.118
0.127
4.809
-0.818
-3.530
3.410
-1.076
0.657
0.597
-3.226
-6.941
4.156
-2.211
-5.843
4.497
-4.829
-4.929
5.674
0.416
-1.517
6.053
-2.020
-1.851
-4.081
-7.185
-0.389
-3.583
-8.127
-1.946
-5.318
-7.388
-1.266
0.327
-6.019
-1.189
-3.250
-7.708
-1.483
-1.713
-9.663
-2.584
-0.664
-9.599
-2.934
0.030
-8.432
-0.800
-2.857
-5.320
-0.501
-5.289
-4.773
-2.398
3.206
-1.033
-1.315
6.043
-2.030
-3.227
5.409
-2.640
-0.366
3.752
-2.803
-3.128
4.995
0.012
-0.842
1.903
-2.985
-4.580
4.063
0.984
-0.290
1.306
1.091
2.530
3.622
-1.887
-0.069
0.113
-0.011
-0.867
-4.012
-5.601
-7.164
-6.935
-6.437
-5.760
-4.227
-5.691
-8.643
-9.614
-5.978
-6.782
-5.576
-6.449
-8.471
-4.481
-4.855
-6.322
-5.775
-5.914
-4.441
-3.931
-7.157
-7.492
-6.328
-6.771
-6.312
-6.969
-6.940
-8.417
-3.225
-2.940
-5.946
-7.805
-4.767
-1.927
-0.504
-2.902
-5.154
-4.497
-3.691
-4.932
-7.012
-9.106
-6.187
-4.803
-4.074
-6.135
-4.964
-6.515
-4.330
-4.634
-4.812
-2.534
-7.500
-6.591
-4.804
-7.394
-4.299
-8.257
-5.741
-4.375
-8.418
-3.190
-5.079
-6.404
-4.245
-5.821
-3.791
-5.855
-5.330
-6.174
-7.357
-4.217
-8.338
-7.486
-6.166
-7.375
-4.915
-10.548
-6.479
-4.083
-6.338
-3.777
-5.622
-5.901
-4.790
-7.051
-2.036
-7.984
-6.158
-6.852
-5.769
-3.267
-8.945
-9.343
-6.187
-6.246
-5.848
-11.244
-4.448
-2.448
-2.824
-6.211
-5.030
-4.733
-4.359
-7.172
-9.725
-0.192
-6.526
-9.013
-8.272
-8.810
-2.170
-7.686
-6.192
-7.261
-11.440
-3.344
-3.282
-6.058
-5.375
-8.547
-0.945
-5.999
-5.901
-5.926
-9.165
0.501
-4.969
-3.560
-5.071
-5.726
-1.152
-7.859
-5.204
-6.063
-9.574
-2.794
-5.350
-4.258
-4.621
-6.809
-2.357
-8.015
-8.169
-4.928
-9.367
-6.034
-4.800
-2.988
-6.322
-2.980
-3.257
-4.532
-1.836
-3.268
-2.735
-4.287
-3.783
-0.877
-4.848
-1.332
-4.564
-6.297
-3.225
-4.584
-4.703
-1.591
-3.489
-4.001
-4.264
-4.833
-2.999
-2.138
-1.186
-4.323
-2.412
-3.174
-5.128
-3.979
-5.494
-9.174
-8.100
-4.947
-1.898
-5.226
-3.648
-1.146
-4.679
-3.588
-4.139
-6.222
-4.036
-2.168
-2.035
-3.389
-2.148
-1.223
-6.057
-9.788
-6.753
-6.209
-9.926
-4.500
-8.457
-6.421
-6.488
-13.182
-2.448
-5.245
-4.780
-1.835
-7.115
-5.230
-8.125
-8.413
-8.786
-10.860
-1.806
-3.893
-1.242
-2.789
-7.593
-4.859
-4.510
-5.844
-5.092
-7.453
-3.843
-2.179
-2.787
-4.983
-7.255
-5.336
-6.131
-7.263
-5.213
-8.807
-6.863
-7.725
-6.708
-7.142
-10.738
-5.046
-7.059
-6.730
-5.717
-11.138
1.419
2.589
-5.911
2.300
-6.174
2.396
0.985
-8.295
-2.285
-7.704
1.132
2.460
-4.997
-0.539
-6.080
-2.426
-1.222
-8.218
0.127
-7.626
-2.136
0.842
-8.448
2.081
-4.049
2.309
1.843
-7.175
0.734
-7.833
3.896
2.333
-7.415
0.232
-6.697
-3.152
2.005
-2.911
-0.517
-4.502
3.074
0.283
-7.360
-1.046
-6.237
0.837
2.733
-6.126
1.225
-1.254
-7.918
-6.381
-12.101
-0.002
-3.671
-6.899
-6.079
-9.342
-1.709
-3.939
-8.033
-4.452
-10.701
-3.584
-2.186
-8.490
-8.279
-12.294
-3.793
-3.766
-8.116
-3.742
-11.238
-0.067
-4.789
-6.259
-6.826
-10.516
-3.253
-4.137
-6.931
-4.085
-9.340
-3.626
-2.575
-5.154
-4.446
-8.491
2.011
-5.655
-6.978
-6.439
-10.035
-3.010
-3.767
-7.886
-8.960
-13.145
-5.079
-10.868
1.539
-2.103
-6.819
-6.727
-10.682
3.148
-1.408
-7.998
-4.841
-10.954
1.601
-3.623
-9.085
-5.938
-9.845
1.482
-1.567
-9.698
-6.618
-9.653
3.397
-0.466
-12.019
-4.848
-10.813
1.540
-5.538
-8.207
-5.052
-11.901
2.082
0.998
-4.053
-4.536
-5.949
0.453
-0.219
-8.056
-4.947
-9.790
-0.875
-1.960
-9.829
-6.553
-10.698
1.015
0.637
-6.827
-5.203
-8.392
-5.749
0.339
-5.727
-4.639
-2.377
0.179
2.936
-8.595
-4.700
-7.782
-3.067
2.426
-8.398
-4.804
-3.989
-1.076
1.686
-6.963
-3.987
-7.783
-0.363
0.486
-5.741
-1.996
-2.823
-0.075
4.891
-7.640
-3.489
-4.698
-2.284
3.420
-6.620
-3.579
-4.681
0.620
0.713
-10.009
-3.896
-7.503
-2.714
-1.534
-11.126
-4.999
-6.720
-2.216
-0.576
-10.631
-3.973
-7.925
-2.039
5.822
-0.034
-5.272
-8.846
-1.232
5.744
0.199
-5.326
-5.936
-0.445
6.358
-0.027
-6.236
-7.568
-1.930
5.597
2.214
-4.878
-5.736
-0.146
4.909
-2.030
-4.906
-9.516
1.184
3.590
-2.855
-6.490
-8.843
1.508
1.826
-4.044
-4.201
-6.718
-0.699
5.581
-3.588
-4.593
-9.209
-2.748
4.267
-3.290
-5.094
-9.082
-5.018
3.378
-1.869
-6.704
-8.970
-5.212
-7.287
-5.077
-4.886
-9.659
-8.811
-2.214
-9.533
-6.818
-3.378
-10.132
-5.515
-9.425
-8.719
-6.492
-6.562
-7.676
-6.552
-8.290
-5.674
-4.860
-6.308
-5.263
-6.316
-8.052
-7.095
-5.944
-5.027
-6.652
-6.548
-12.949
-6.926
-4.849
-14.946
-7.926
-8.579
-12.813
-7.042
-4.726
-12.553
-6.264
-4.761
-13.176
-8.198
-5.374
-12.045
-7.061
-5.357
-13.531
-8.969
-3.753
-14.610
-9.658
-6.992
-14.780
-5.962
-6.575
-11.880
-4.562
-2.349
-7.720
-11.454
-3.762
-6.991
-12.647
-6.584
-6.763
-9.550
-4.169
-4.526
-8.606
-3.430
-7.561
-6.126
-4.874
-3.592
-10.254
-4.949
-5.684
-11.182
-5.275
-6.780
-8.954
-5.087
-6.703
-11.292
-7.729
-7.028
-10.791
-6.432
-0.443
-3.561
-9.832
-0.905
-3.452
-8.826
-3.148
-3.601
-9.194
1.684
-4.605
-8.503
-0.590
-3.228
-10.045
-0.033
-1.374
-6.620
-0.570
-1.754
-8.287
0.876
-2.704
-9.673
-0.741
0.471
-8.006
1.778
-1.890
-7.682
-6.447
-4.782
-6.435
-3.929
-2.798
-6.942
-1.126
-3.655
-7.384
-3.611
-7.167
-8.707
-5.131
-4.209
-5.009
-0.884
-6.135
-7.567
-4.427
-3.934
-3.142
-3.893
-3.765
-3.233
-4.125
-5.124
-6.098
-7.591
-2.242
-6.649
-5.325
-4.071
-6.198
-3.313
-4.080
-5.821
-4.977
-1.766
-6.737
-5.553
-2.361
-7.869
-2.464
-3.574
-8.556
-3.449
-3.473
-8.654
-4.886
1.192
-7.894
-5.366
1.018
-9.015
-5.861
-3.202
-8.096
-0.943
-1.209
-7.712
