5.425
9.284
4.977
7.929
7.567
7.892
5.104
9.147
6.486
7.566
9.784
8.553
9.053
2.022
8.382
9.245
7.443
7.104
5.399
8.393
9.295
9.261
6.472
8.186
10.083
8.358
8.453
9.020
8.501
8.794
7.931
9.446
7.417
7.012
9.284
5.049
3.898
11.415
8.508
7.034
9.946
8.891
7.876
9.435
8.869
8.902
8.595
7.704
8.466
4.601
9.813
7.940
5.575
6.286
3.417
5.016
-0.962
9.197
7.577
5.993
3.938
3.122
-1.427
4.990
5.108
4.744
3.736
2.682
5.457
3.156
7.406
3.285
5.989
5.657
-1.724
6.676
-0.615
5.286
-4.005
5.027
6.702
8.760
4.149
2.866
7.457
4.547
7.257
5.902
7.109
7.364
4.867
7.936
6.508
5.861
8.392
7.869
6.237
4.519
6.273
7.328
6.384
5.966
6.843
5.972
4.520
3.902
2.483
5.955
3.875
3.083
7.872
7.222
5.993
4.833
6.749
5.829
7.884
4.724
5.858
6.534
3.980
1.722
3.578
7.210
5.778
4.087
5.633
4.774
5.650
5.315
4.803
7.454
8.022
7.106
6.168
4.531
8.145
8.818
6.197
5.445
7.329
2.869
7.505
3.365
-2.510
6.837
-5.383
6.695
-9.703
5.803
7.853
8.947
5.613
6.403
8.504
6.845
7.226
7.379
7.283
7.377
7.248
6.221
5.426
2.655
5.984
9.242
4.329
8.190
7.260
5.441
6.464
6.591
3.991
5.559
5.194
6.019
7.226
6.810
3.206
7.689
5.683
7.648
8.780
7.801
8.545
8.740
7.016
8.699
7.816
5.215
-2.975
5.492
7.097
7.030
6.491
7.283
6.544
8.946
3.243
4.325
7.458
11.125
7.862
7.213
8.119
8.265
10.239
9.909
10.859
8.905
6.314
7.826
4.983
7.222
7.064
5.481
6.541
6.100
7.376
6.631
8.610
10.864
7.807
7.930
8.475
6.585
9.404
4.847
5.143
10.069
9.163
9.247
8.899
7.597
10.056
9.204
8.469
9.175
11.502
11.824
8.221
7.324
4.733
6.333
7.617
7.329
8.961
8.266
7.702
8.713
10.744
9.314
11.661
6.928
11.232
12.284
8.435
9.213
8.849
4.640
7.439
6.240
9.085
6.775
9.146
9.237
9.113
8.201
5.817
6.221
7.406
9.728
8.590
6.055
8.229
8.315
7.714
6.379
6.997
7.852
7.913
7.000
10.136
8.944
10.210
10.373
9.494
9.213
6.660
8.766
8.437
7.875
8.153
8.281
8.901
9.628
8.247
5.343
9.947
8.425
8.842
9.161
10.400
3.922
8.414
9.127
8.358
7.955
6.459
6.478
7.195
5.787
7.150
7.452
4.495
7.088
8.550
9.132
7.723
7.747
8.474
8.500
8.247
8.192
8.290
7.464
6.144
4.825
8.429
6.065
6.690
9.683
6.632
5.665
6.304
8.034
8.110
7.741
6.499
9.735
