-8.270
-6.525
-1.309
-8.602
-2.530
-6.325
-6.569
-5.248
-4.524
-1.751
-4.261
-5.337
-4.147
-2.078
-1.988
-4.330
-4.955
-4.151
-5.128
-3.298
-1.128
-2.486
-3.239
-1.408
-2.638
-0.511
0.085
-1.122
-1.612
-1.421
0.998
2.820
1.376
3.979
2.164
-0.381
-2.338
3.054
1.565
0.954
-6.046
-0.014
-8.872
-4.487
1.599
-6.582
-5.264
0.975
-7.717
-5.679
1.333
-8.538
-6.497
0.816
-7.529
-6.576
1.002
-7.395
-6.077
-0.425
-6.595
-4.084
0.141
-6.550
-3.472
-2.035
-6.427
-3.595
-2.331
-9.393
-1.539
-2.466
-7.371
-0.617
-0.654
-6.645
-4.288
-3.775
-5.930
1.395
-4.389
-3.416
-4.679
-3.867
-1.741
-5.070
-0.366
-3.451
-6.361
-4.334
-3.347
1.623
-1.699
-5.548
-2.211
-0.393
-5.378
-3.511
-1.820
-6.272
-6.393
-4.657
-5.098
-9.003
-4.105
-9.816
-8.026
-7.345
-7.513
-7.775
-3.038
-10.528
-6.807
-3.632
-8.619
-6.162
-4.126
-7.744
-9.921
-6.682
-7.016
-7.084
-4.860
-9.773
-9.523
-3.947
-11.459
-5.444
-3.101
-8.889
-11.106
-12.075
-8.099
-6.861
-5.864
-4.376
-10.465
-9.545
-6.840
-7.725
-9.489
-6.146
-5.048
-8.151
-5.238
-7.834
-11.038
-6.283
-5.729
-7.548
-3.429
-7.101
-8.420
-6.557
-7.695
-8.887
-5.993
-7.194
-10.174
-7.148
0.993
-1.977
1.796
2.063
-2.102
3.171
3.113
-1.750
-1.937
-0.112
-3.299
-0.732
2.299
0.768
2.211
0.905
-1.471
0.627
3.721
0.135
2.650
-1.461
-4.310
1.987
-0.086
-3.922
1.593
1.365
-3.884
0.239
-1.530
-1.372
3.864
-3.876
-2.653
3.233
-4.076
-4.680
5.172
-2.967
-1.924
4.998
-3.089
-3.494
5.868
-2.131
-0.395
4.460
-2.517
-1.600
7.167
-0.978
-0.929
3.788
-1.308
0.589
2.924
-4.218
-2.646
5.068
0.463
-5.980
-3.458
2.403
-4.096
-2.998
1.863
-4.548
-1.282
1.161
-2.461
-0.367
0.377
-4.847
-3.008
1.165
-6.145
-4.947
0.556
-7.200
-5.691
1.423
-2.302
1.221
-0.111
-7.728
-4.689
-0.777
-7.594
-5.303
3.659
-4.424
-1.233
4.040
-2.233
0.242
3.089
-3.457
-2.659
-0.612
-3.338
-3.339
1.806
-1.904
-1.355
2.375
-2.222
-2.609
4.430
-0.263
-1.324
2.581
-0.771
-0.662
1.290
-4.810
-2.994
3.074
0.895
2.330
2.566
-9.170
-1.044
-10.741
-2.278
-6.236
1.490
-6.104
-0.639
-3.471
0.431
-6.785
0.831
-6.844
1.286
-7.364
1.098
-8.856
0.568
-9.319
-1.496
-6.508
3.251
-9.528
-0.276
-11.828
0.758
-8.898
-1.424
-8.592
-1.239
-9.517
0.438
-9.148
-0.346
-8.092
-3.650
-9.654
-3.767
-10.541
-9.852
-7.663
-7.374
-7.992
-8.855
-6.543
-6.544
-6.228
-6.277
-7.702
-6.782
-4.587
-7.361
-9.203
-7.672
-5.630
-9.298
-8.434
-6.700
-9.776
-2.533
-1.761
-6.777
-2.730
-6.113
-4.201
-4.480
-6.035
-5.768
-5.795
-2.829
-2.659
-7.087
-4.541
-4.965
-1.167
-3.776
-3.630
-8.469
-5.987
-2.294
-4.496
-2.413
-1.031
-3.804
-2.227
0.297
-0.203
1.219
-5.362
0.168
-0.436
-1.257
-0.330
-2.543
-4.050
-3.869
-4.415
-3.669
-2.548
-2.854
-5.038
-0.786
-1.266
-5.083
0.773
-2.467
-5.148
-1.073
-3.141
-6.035
-4.612
-0.589
-1.167
-3.002
-2.878
-4.302
0.069
-0.683
-3.252
-5.578
-2.228
-5.886
-6.622
-5.717
-8.137
-9.233
-7.745
-4.878
-4.966
-6.507
-4.519
-6.521
-6.916
-8.489
-8.481
-5.019
-6.579
-9.658
-5.820
-5.869
-5.654
-6.793
-7.710
-6.478
-9.073
-10.549
-7.953
-2.406
-3.521
-5.800
-6.300
-3.919
-5.491
-6.390
-5.640
-3.536
-3.841
-7.218
-5.885
-8.552
-7.936
-8.318
-9.588
-6.022
-5.601
-7.320
-11.350
-6.071
-5.420
-2.471
-9.013
-5.612
-4.546
-5.409
-9.831
-2.827
-3.766
-1.018
-7.390
-3.703
-6.737
-5.937
-10.284
-3.323
-1.922
-5.150
-8.283
-3.714
-5.746
-0.701
-10.226
-5.136
-7.958
-7.124
-11.440
-5.610
-2.416
-6.325
-7.483
-1.971
-5.268
-3.025
-4.846
-4.075
-8.355
-5.345
-1.665
-5.553
-9.186
-6.131
-7.040
-4.404
-5.432
-4.038
-5.148
-6.080
-5.670
-6.859
-4.864
-2.266
-5.534
-5.577
-6.511
-4.384
-4.677
-5.303
-3.642
-5.050
-7.018
-7.954
-5.086
-2.564
-6.062
-6.228
-1.860
-6.002
-5.507
-5.696
-5.720
-5.031
-1.274
-2.041
-4.165
-6.299
-0.825
-0.565
-1.174
-10.248
-3.609
-1.572
-4.975
-9.567
-4.218
-0.783
-6.136
-6.556
-1.608
2.160
-2.264
-9.337
-4.637
-2.638
-5.216
-10.471
-2.464
-1.463
-5.257
-8.366
-2.700
0.761
-4.076
-6.429
-1.769
-0.561
-4.624
-7.546
-4.502
-3.472
-5.107
-2.446
-3.914
-4.181
-2.674
-1.035
-2.418
-1.161
-1.796
-1.669
-6.451
-5.037
-2.348
-1.214
-4.750
-3.839
-2.918
0.285
-4.839
-1.048
-3.517
-2.636
-4.036
-3.861
-3.985
-0.239
-4.066
-1.725
-5.174
-4.129
-8.590
-3.786
-4.037
-3.236
-5.611
-1.174
-8.530
-0.360
-6.734
-2.502
-3.957
-4.999
-2.034
-8.215
-6.325
-7.399
-8.316
-8.405
-9.434
-9.214
-4.510
-8.610
-7.410
-2.081
-3.863
-6.791
-9.051
-7.698
-1.055
-7.073
-4.950
-6.878
-0.082
-6.064
-4.927
-7.252
-5.670
-8.775
-9.298
-5.244
-6.039
-7.370
-7.448
-8.533
-1.760
-8.053
-6.605
-8.998
-4.004
-6.528
-3.542
-5.136
-7.559
-2.511
-5.022
-5.865
-6.663
-0.675
-1.418
-7.619
-10.107
-1.488
-6.683
-3.703
-7.715
-3.107
-4.300
-7.325
-5.833
-0.657
-3.563
-3.069
-7.445
-2.049
-6.424
-3.461
-5.104
-2.712
-5.785
-6.645
-6.552
-2.549
-5.923
-2.728
-7.518
-2.698
-6.930
-5.874
-7.831
-3.106
-4.305
-6.323
-4.631
-5.098
-3.365
-6.603
-4.594
-6.087
-3.847
-8.782
-3.228
-4.242
-0.964
-6.028
-2.649
-6.628
-1.446
-7.321
-4.860
-6.374
-1.219
-6.504
-4.272
-5.422
-1.744
-3.244
-2.175
-6.256
-1.638
-6.944
-2.279
-5.038
-3.987
-8.397
-3.176
-3.825
-2.577
-9.208
-6.173
-6.039
-4.681
-2.414
-9.125
-0.946
-10.535
-0.284
-3.801
-4.037
-8.427
0.898
-9.357
-3.172
-11.091
-2.707
-6.704
-1.693
-10.522
-0.783
-6.297
-4.000
-7.932
-1.573
-5.248
-1.307
-9.773
-1.113
-6.876
-3.058
-9.517
2.172
-4.973
-1.270
-11.501
-4.954
-7.780
-1.689
-10.202
-2.610
-5.698
-3.489
-6.491
-2.072
-4.192
-8.240
-7.568
-1.097
-2.567
-8.283
-6.940
-2.643
-3.643
-6.607
-7.373
-7.955
-6.587
-8.154
-7.860
-1.983
-3.187
-9.583
-6.960
-2.132
-4.212
-9.999
-2.804
-2.010
-0.285
-6.555
-3.990
-4.290
-3.817
-7.790
-7.459
-1.338
-4.684
-8.179
-6.756
-4.074
-5.586
-8.545
-8.245
-8.157
-3.508
-5.077
-1.857
-3.839
1.059
-6.762
-2.653
-6.887
-1.993
-7.458
-3.677
-9.548
-1.941
-9.282
-2.341
-9.156
-4.568
-9.747
-2.655
-3.607
0.171
-5.280
-2.599
-3.869
-4.354
-5.385
0.778
-1.122
-2.308
-5.651
-3.140
-3.442
-4.713
-8.147
-4.046
-7.079
-1.139
-4.828
-3.467
-8.540
-3.437
-7.524
-2.343
-8.354
-4.130
-9.192
-5.532
-4.593
-2.626
-7.870
-3.599
-7.802
-4.348
-9.491
-2.463
-9.957
-3.826
-6.400
-5.108
-3.831
-4.867
-3.758
-5.880
-2.084
-1.131
-2.643
-4.572
-4.919
-3.180
-2.755
-4.204
-1.326
-2.795
-3.753
-1.957
-2.389
-2.956
-4.889
-2.793
-1.448
-3.774
-5.119
-3.972
-6.247
-2.762
-6.664
-5.725
-4.457
-3.924
-3.883
-4.433
-4.858
-1.668
-5.041
-4.806
-3.988
-2.148
-7.303
-7.150
-4.524
-4.474
-6.752
-5.482
-6.256
-1.778
-1.542
-4.493
-4.098
-5.263
-6.114
-5.000
-3.948
-5.612
-5.414
-3.057
-3.720
-5.373
-1.234
-0.966
