-7.899
-4.922
-5.074
-6.249
-6.358
-6.579
-7.063
-7.192
-7.142
-7.223
-9.783
-7.752
-7.981
-8.285
-8.381
-7.195
-8.141
-4.839
-4.493
-4.400
-6.170
-7.304
-9.333
-4.961
-10.259
-6.390
-8.563
-6.592
-4.464
-5.703
-13.001
-6.807
-5.505
-2.022
-11.577
-7.573
-5.613
-5.265
-7.033
-6.115
-3.151
-1.455
-0.572
-7.232
-3.942
-6.262
-2.353
-6.097
-4.145
-5.816
-4.791
-4.920
-7.500
-5.262
-6.884
-8.732
-4.213
-6.134
-5.287
-9.469
-2.902
-6.594
-2.509
-6.208
-2.546
-6.029
-4.537
-6.309
-2.063
-4.988
-0.526
-3.360
-1.454
-3.284
-2.200
-5.637
-3.085
-7.088
0.395
0.108
0.561
-9.391
-6.834
-4.100
3.657
-7.205
-1.954
-3.027
2.740
-8.159
-7.066
-4.809
1.561
-8.214
-6.510
-7.845
0.923
-7.624
-4.812
-6.015
3.424
-9.136
-1.437
-6.697
3.746
-8.792
-3.855
-4.929
-1.404
-12.624
-10.440
-4.740
1.851
-9.983
-6.116
-6.381
1.556
-8.579
-2.489
-3.918
1.716
-7.511
-4.936
-4.339
3.978
-8.600
-4.131
-9.366
3.790
-8.860
-3.991
-7.779
2.991
-8.645
-5.054
-6.246
4.115
-6.205
-2.458
-7.291
5.000
-6.160
-0.736
-5.754
5.068
-10.093
-6.640
-9.859
2.145
-11.776
-9.486
-7.427
-0.650
-7.983
-7.156
-8.233
3.695
-7.749
0.149
-6.501
3.258
-6.804
-4.271
-6.845
5.433
-4.825
-0.451
-4.333
4.830
-7.770
-1.768
-8.424
6.043
-7.099
-4.512
-6.979
2.768
-7.316
-6.462
-5.547
4.421
-4.668
-2.604
-5.608
5.027
-3.631
-1.675
-5.565
-0.205
-6.389
-7.064
-4.773
3.905
-5.871
-5.463
-5.371
3.072
-4.922
-2.511
-8.329
-2.472
-0.154
-2.104
3.095
-5.997
-5.318
-6.181
1.682
-5.221
-1.900
-3.600
0.196
-5.484
-3.892
-8.504
2.794
-1.986
-4.097
-3.450
6.471
-3.522
-1.480
-3.673
4.080
-3.992
-6.057
-6.301
3.642
-5.843
-5.265
-5.629
3.821
-0.651
-3.335
-4.273
1.943
-5.043
-4.476
-4.981
2.439
-5.879
-5.172
-7.795
-9.008
-2.308
-2.820
-4.870
-3.896
-0.543
-1.669
-7.811
-4.426
0.504
2.525
-1.856
-0.885
-4.507
-5.727
-5.781
-4.142
-1.297
-1.467
-6.859
-4.224
-2.304
-1.836
-5.412
-4.240
-2.091
-2.982
-6.279
-5.172
-6.619
-5.275
-8.065
-8.751
-2.185
-1.948
-3.668
-3.866
-6.090
-6.576
5.269
-0.730
0.206
-1.695
5.373
-0.739
-3.730
-1.599
4.009
-4.074
-1.658
-4.517
4.249
1.099
-1.973
-3.135
4.719
-0.081
-3.756
-5.216
6.029
-0.679
-2.070
-4.005
-1.226
-1.886
-6.460
-4.954
5.022
-2.415
-6.860
-6.996
3.151
-4.766
-2.494
-2.883
2.130
-0.606
-3.115
-6.435
-2.417
-1.137
-2.094
-3.111
-0.502
0.784
-1.130
-3.323
-2.206
-1.487
-2.449
-6.231
-3.782
-2.399
-4.508
-6.495
-3.679
-1.498
-4.063
-6.785
-2.685
-2.548
-4.249
-3.589
0.818
0.865
-3.018
-6.120
-2.001
-1.401
-4.381
-5.426
-3.138
-2.035
-8.701
-8.025
-3.291
-2.888
4.592
2.507
0.743
0.288
5.059
5.616
-1.663
-0.985
3.783
2.935
-4.391
-2.146
2.000
-1.808
-5.357
-2.256
3.948
4.791
-0.539
3.276
2.549
4.175
-1.422
-1.238
1.063
0.866
-3.637
-0.359
1.169
2.394
-2.879
-4.583
3.450
3.345
-3.502
-0.438
-2.912
-0.751
-8.284
-7.316
-5.943
-6.027
-9.362
-4.590
-6.652
-8.834
-5.988
-7.362
-9.840
-4.417
-5.380
-10.802
-5.447
-8.928
-9.087
-6.799
-9.360
-10.440
-2.991
-4.674
-7.966
-5.369
-6.615
-7.387
-5.615
-7.528
-8.244
-3.431
-8.763
-11.978
2.675
-2.433
-7.756
6.200
0.417
-10.600
2.977
-1.799
-7.808
5.545
-0.347
-9.664
0.176
-5.642
-9.323
3.159
-0.896
-7.089
3.307
-3.080
-7.020
3.679
-3.163
-8.884
3.335
-0.292
-12.133
5.770
1.448
-10.274
5.022
1.202
-9.295
-0.105
-1.303
-8.295
0.666
-0.104
-9.490
2.832
2.184
-7.655
-0.324
-1.069
-9.631
3.195
4.182
-6.603
-1.066
-2.815
-10.529
-5.759
-3.154
-2.537
2.554
2.358
-9.497
4.116
2.302
-6.698
5.494
-2.881
-4.976
5.353
0.395
-2.813
6.368
-3.118
0.127
6.031
-0.818
-3.530
4.672
-1.076
0.657
2.668
-3.226
-6.941
5.865
-2.211
-5.843
5.815
-4.829
-4.929
6.145
0.416
-1.517
7.088
-2.020
-1.851
-3.985
-7.185
-0.389
-2.706
-8.127
-1.946
-4.357
-7.388
-1.266
0.656
-6.019
-1.189
-2.660
-7.708
-1.483
-1.272
-9.663
-2.584
-0.808
-9.599
-2.934
-0.189
-8.432
-0.800
-2.120
-5.320
-0.501
-4.175
-4.773
-2.398
4.933
-1.033
-1.315
6.878
-2.030
-3.227
7.034
-2.640
-0.366
5.238
-2.803
-3.128
5.331
0.012
-0.842
2.954
-2.985
-4.580
4.940
0.984
-0.290
3.554
1.091
2.530
4.266
-1.887
-0.069
2.280
-0.011
-0.867
-5.360
-2.393
-7.164
-6.935
-6.437
-6.812
-2.356
-5.691
-8.643
-9.614
-8.352
-4.163
-5.576
-6.449
-8.471
-6.515
-2.867
-6.322
-5.775
-5.914
-5.485
-3.678
-7.157
-7.492
-6.328
-9.220
-3.854
-6.969
-6.940
-8.417
-4.166
-0.904
-5.946
-7.805
-4.767
-3.118
1.232
-2.902
-5.154
-4.497
-4.402
-3.222
-7.012
-9.106
-6.187
-6.883
-2.621
-6.135
-4.964
-6.515
-5.523
-1.184
-4.812
-2.534
-7.500
-8.207
-1.778
-7.394
-4.299
-8.257
-6.824
-1.014
-8.418
-3.190
-5.079
-7.447
-0.204
-5.821
-3.791
-5.855
-6.163
-1.783
-7.357
-4.217
-8.338
-7.980
-2.493
-7.375
-4.915
-10.548
-7.399
0.349
-6.338
-3.777
-5.622
-6.156
-0.429
-7.051
-2.036
-7.984
-6.838
-3.434
-5.769
-3.267
-8.945
-10.899
-3.922
-6.246
-5.848
-11.244
-6.377
-1.576
-2.824
-6.211
-5.030
-5.526
-3.594
-7.172
-9.725
-0.192
-6.748
-8.319
-8.272
-8.810
-2.170
-8.258
-6.643
-7.261
-11.440
-3.344
-3.283
-5.528
-5.375
-8.547
-0.945
-6.603
-5.231
-5.926
-9.165
0.501
-6.123
-2.231
-5.071
-5.726
-1.152
-8.121
-4.354
-6.063
-9.574
-2.794
-5.755
-4.057
-4.621
-6.809
-2.357
-9.365
-7.207
-4.928
-9.367
-6.034
-6.535
5.664
-6.322
-2.980
-3.257
-6.599
6.755
-3.268
-2.735
-4.287
-5.387
6.150
-4.848
-1.332
-4.564
-7.880
4.212
-4.584
-4.703
-1.591
-3.423
3.548
-4.264
-4.833
-2.999
-3.632
5.783
-4.323
-2.412
-3.174
-5.481
0.770
-5.494
-9.174
-8.100
-6.221
6.764
-5.226
-3.648
-1.146
-5.679
4.604
-4.139
-6.222
-4.036
-3.204
7.009
-3.389
-2.148
-1.223
-5.846
-7.824
-6.753
-6.209
-9.926
-6.140
-7.196
-6.421
-6.488
-13.182
-4.021
-0.799
-4.780
-1.835
-7.115
-5.952
-5.412
-8.413
-8.786
-10.860
-2.836
-1.575
-1.242
-2.789
-7.593
-5.879
-1.609
-5.844
-5.092
-7.453
-5.232
0.143
-2.787
-4.983
-7.255
-5.039
-3.499
-7.263
-5.213
-8.807
-7.819
-6.598
-6.708
-7.142
-10.738
-5.554
-4.561
-6.730
-5.717
-11.138
0.243
6.361
-5.911
1.910
-6.174
2.010
4.424
-8.295
-2.582
-7.704
1.047
6.029
-4.997
-1.022
-6.080
-2.132
2.346
-8.218
-0.517
-7.626
-2.763
3.638
-8.448
1.738
-4.049
1.562
5.738
-7.175
0.108
-7.833
2.723
5.484
-7.415
-0.227
-6.697
-3.432
4.909
-2.911
-1.137
-4.502
2.610
4.124
-7.360
-1.502
-6.237
0.353
5.806
-6.126
0.733
-1.254
-8.705
-6.325
-12.101
-0.297
-3.671
-7.642
-6.490
-9.342
-1.875
-3.939
-8.881
-5.198
-10.701
-3.843
-2.186
-8.962
-9.267
-12.294
-3.835
-3.766
-8.678
-4.068
-11.238
-0.409
-4.789
-6.700
-7.593
-10.516
-3.550
-4.137
-7.713
-4.960
-9.340
-4.060
-2.575
-5.538
-4.227
-8.491
2.005
-5.655
-7.245
-6.733
-10.035
-3.176
-3.767
-8.893
-9.434
-13.145
-5.173
-10.868
-1.019
-0.927
-6.819
-7.045
-10.682
1.335
-0.055
-7.998
-5.112
-10.954
-0.171
-2.048
-9.085
-6.175
-9.845
-0.837
-0.401
-9.698
-7.262
-9.653
1.389
0.527
-12.019
-5.360
-10.813
-0.248
-3.585
-8.207
-5.413
-11.901
0.053
2.422
-4.053
-4.892
-5.949
-1.732
0.879
-8.056
-5.396
-9.790
-2.636
-2.102
-9.829
-6.964
-10.698
-1.355
1.617
-6.827
-5.624
-8.392
-6.074
1.363
-5.727
-5.517
-2.377
-1.246
4.172
-8.595
-5.926
-7.782
-4.303
3.596
-8.398
-5.924
-3.989
-2.427
3.872
-6.963
-5.488
-7.783
-1.005
2.477
-5.741
-2.817
-2.823
-0.764
4.781
-7.640
-4.331
-4.698
-3.085
4.253
-6.620
-4.710
-4.681
0.120
2.131
-10.009
-5.181
-7.503
-3.726
-0.113
-11.126
-6.366
-6.720
-3.601
1.897
-10.631
-5.165
-7.925
-3.133
5.882
-0.034
-5.982
-8.846
-1.628
5.329
0.199
-5.869
-5.936
-1.628
5.837
-0.027
-6.773
-7.568
-2.065
5.114
2.214
-5.459
-5.736
-1.551
4.235
-2.030
-5.364
-9.516
0.547
3.482
-2.855
-6.869
-8.843
-0.089
2.740
-4.044
-4.708
-6.718
-1.212
6.614
-3.588
-5.207
-9.209
-3.628
4.345
-3.290
-5.626
-9.082
-6.147
3.362
-1.869
-7.439
-8.970
-5.212
-7.287
-5.077
-4.886
-9.659
-8.811
-2.214
-9.533
-6.818
-3.378
-10.132
-5.515
-9.425
-8.719
-6.492
-6.562
-7.676
-6.552
-8.290
-5.674
-4.860
-6.308
-5.263
-6.316
-8.052
-7.095
-5.944
-5.027
-6.652
-6.548
-12.949
-6.926
-4.849
-14.946
-7.926
-8.579
-12.813
-7.042
-4.726
-12.553
-6.264
-4.761
-13.176
-8.198
-5.374
-12.045
-7.061
-5.357
-13.531
-8.969
-3.753
-14.610
-9.658
-6.992
-14.780
-5.962
-6.575
-11.880
-4.562
-2.349
-7.720
-11.454
-3.762
-6.991
-12.647
-6.584
-6.763
-9.550
-4.169
-4.526
-8.606
-3.430
-7.561
-6.126
-4.874
-3.592
-10.254
-4.949
-5.684
-11.182
-5.275
-6.780
-8.954
-5.087
-6.703
-11.292
-7.729
-7.028
-10.791
-6.432
-1.652
-3.561
-9.832
-2.158
-3.452
-8.826
-4.297
-3.601
-9.194
0.575
-4.605
-8.503
-1.916
-3.228
-10.045
-1.165
-1.374
-6.620
-1.955
-1.754
-8.287
-0.538
-2.704
-9.673
-1.849
0.471
-8.006
0.467
-1.890
-7.682
-6.522
-4.782
-6.435
-4.071
-2.798
-6.942
-1.345
-3.655
-7.384
-3.702
-7.167
-8.707
-5.449
-4.209
-5.009
-0.862
-6.135
-7.567
-4.716
-3.934
-3.142
-4.142
-3.765
-3.233
-4.179
-5.124
-6.098
-7.511
-2.242
-6.649
-5.777
-4.071
-6.198
-3.368
-4.080
-5.821
-5.329
-1.766
-6.737
-5.903
-2.361
-7.869
-3.156
-3.574
-8.556
-3.948
-3.473
-8.654
-5.504
1.192
-7.894
-6.032
1.018
-9.015
-6.192
-3.202
-8.096
-1.566
-1.209
-7.712
