5.425
9.284
4.977
7.929
7.567
7.892
5.104
9.147
6.486
7.566
9.784
8.553
9.053
2.022
8.382
9.245
7.443
7.104
5.399
8.393
9.295
9.261
6.472
8.186
10.083
8.358
8.453
9.020
8.501
8.794
7.890
9.301
6.905
6.710
9.087
4.936
3.936
11.286
8.339
6.877
9.946
8.891
7.876
9.435
8.869
8.902
8.595
7.704
8.466
4.601
9.649
7.796
5.295
6.209
3.301
5.065
-1.066
8.962
7.507
5.586
3.036
3.716
-1.844
3.834
2.681
1.987
2.889
0.709
3.475
2.853
2.855
0.750
0.782
2.158
-2.391
4.949
-2.974
3.996
-3.895
2.575
7.070
9.183
5.357
3.664
7.872
4.937
7.292
6.497
7.527
8.177
5.305
5.273
6.019
6.102
6.165
6.797
6.798
4.448
5.507
5.674
6.297
6.086
6.273
6.031
4.169
3.974
2.555
5.528
3.325
2.295
7.957
7.259
5.659
5.059
6.427
5.520
7.313
4.495
6.393
6.071
3.803
2.640
3.894
7.398
5.364
3.853
6.076
5.022
5.510
4.501
4.709
6.555
7.032
6.242
4.514
3.793
6.916
7.378
5.537
4.494
7.329
2.869
7.505
3.365
-2.510
6.837
-5.383
6.695
-9.703
5.803
6.305
7.837
4.004
5.443
6.517
5.695
5.848
5.964
5.714
4.738
7.248
6.221
5.426
2.655
5.984
9.242
4.329
8.190
7.260
5.441
6.464
6.591
3.991
5.559
5.194
6.019
7.226
6.810
3.206
7.689
3.408
4.947
6.088
3.774
5.365
6.128
3.397
6.340
4.768
2.234
-2.975
5.492
7.097
7.030
6.491
7.283
6.544
8.946
3.243
4.325
7.458
11.125
7.862
7.213
8.119
8.265
10.239
9.909
10.859
8.905
6.677
8.210
6.503
8.541
7.980
7.174
6.917
7.398
8.137
7.449
8.610
10.864
7.807
7.930
8.475
6.585
9.404
4.847
5.143
10.069
9.163
9.247
8.899
7.597
10.056
9.204
8.469
9.175
11.502
11.824
6.659
6.089
3.066
4.359
5.822
6.016
6.839
5.762
6.321
6.765
10.744
9.314
11.661
6.928
11.232
12.284
8.435
9.213
8.849
4.640
7.432
6.144
8.862
6.462
9.684
8.789
9.367
7.997
6.005
5.794
7.561
9.751
8.816
6.510
8.289
8.504
7.672
6.465
7.109
7.981
7.913
7.000
10.136
8.944
10.210
10.373
9.494
9.213
6.660
8.766
8.437
7.875
8.153
8.281
8.901
9.628
8.247
5.343
9.947
8.425
8.842
9.161
10.400
3.922
8.414
9.127
8.358
7.955
6.459
6.478
7.004
5.705
7.054
7.247
4.344
6.972
8.670
9.049
7.649
7.742
8.474
8.500
8.247
8.192
8.290
7.464
6.144
4.825
8.429
6.065
6.690
9.683
6.632
5.665
6.304
8.034
8.110
7.741
6.499
9.735
