-6.980
-3.100
-4.581
-7.510
-2.851
-4.568
-5.758
-3.238
-3.941
-3.193
-2.804
-2.239
-4.042
-2.476
-2.606
-3.388
-4.474
-4.115
-2.693
-4.080
-0.520
-1.671
-1.398
-2.582
-2.055
2.089
-0.650
0.784
-1.834
-0.940
0.701
0.958
0.050
-1.034
-0.094
-1.206
-0.737
0.408
1.530
0.291
-0.627
0.738
-1.684
1.131
3.049
0.070
0.870
2.521
-0.380
0.905
3.052
-0.156
0.439
2.896
-1.384
0.727
2.361
-1.975
-0.409
2.387
-0.559
1.436
3.475
0.011
0.915
2.586
0.545
0.395
2.201
-0.625
0.859
0.434
-1.023
1.956
2.137
1.553
2.065
-0.654
0.942
3.270
0.815
3.041
1.409
2.405
3.035
0.818
1.651
3.240
-1.065
0.013
2.017
3.737
3.007
2.609
0.819
0.647
0.754
1.402
2.904
1.856
-2.262
-0.494
-0.179
-0.082
2.343
0.600
-0.112
1.578
-0.009
-0.495
1.332
0.958
-0.020
2.249
-0.447
-0.991
1.092
-1.268
0.253
1.957
0.488
0.838
2.553
0.730
-1.866
0.667
-1.217
1.162
2.195
1.054
0.912
-0.517
1.056
0.285
0.490
1.827
1.354
-1.252
0.203
1.127
0.789
2.493
-0.436
-0.328
0.719
0.345
0.014
1.844
0.394
-0.545
0.925
0.529
-0.783
0.679
0.494
0.171
2.075
1.294
0.961
2.857
4.216
3.392
4.284
3.375
2.357
4.104
4.828
2.134
3.429
1.830
1.091
2.368
4.190
3.101
3.179
1.880
0.764
4.051
4.195
2.698
5.668
2.771
2.005
4.374
2.378
1.612
3.758
4.574
1.307
3.130
2.887
1.444
5.196
0.921
-0.017
3.705
1.590
0.976
4.404
2.964
1.353
3.701
0.480
-0.896
1.763
1.521
0.680
4.939
-1.481
-1.684
2.129
1.087
0.431
3.942
1.502
1.241
4.516
1.140
2.393
4.694
2.476
-0.441
2.162
2.086
-0.683
1.562
2.306
-1.020
2.670
2.734
-0.328
1.861
3.189
0.176
2.504
0.750
-1.252
1.622
2.902
0.638
3.861
2.958
1.627
4.446
1.213
0.285
3.206
1.644
-0.046
1.792
2.810
0.982
2.942
3.890
1.695
3.219
3.765
-0.289
2.553
1.526
0.998
1.327
3.518
1.512
3.231
4.518
3.169
5.240
3.210
1.080
2.323
2.760
2.306
1.810
2.416
0.292
2.842
3.267
0.538
3.877
2.979
-1.414
3.222
-0.286
1.848
-0.658
3.459
-0.122
1.386
-1.104
0.701
-3.856
3.142
-0.628
-1.527
-4.773
3.711
-1.539
0.825
-2.498
2.232
-1.344
3.738
-0.905
2.749
-2.021
4.427
-1.378
3.495
-4.045
2.897
-2.606
4.892
-1.456
1.543
-4.816
1.806
-2.619
2.079
-5.184
-2.632
-2.155
-2.592
-3.012
-3.569
-2.034
-0.894
-0.557
-0.109
-0.582
-2.352
-2.037
-4.099
-4.208
-2.164
-1.847
-2.620
-2.558
-2.666
-2.529
0.792
0.528
0.149
0.925
-0.375
0.702
-1.525
-0.325
-0.948
-2.414
-0.111
1.752
-0.599
0.040
0.460
0.470
0.529
-0.551
-1.756
-1.817
0.759
-0.027
0.365
0.676
-0.633
0.580
0.517
2.082
1.440
0.642
0.132
1.154
-0.066
0.742
-3.549
0.024
-1.183
0.333
-2.360
-0.942
-0.230
0.281
-1.296
-1.154
-2.287
-0.831
0.153
-0.818
-0.022
-1.722
-2.196
-0.099
1.003
1.308
-1.160
-1.197
-0.517
0.189
0.523
-0.445
-3.752
-4.311
-5.585
-3.078
-4.845
-4.601
-7.865
-4.514
-5.356
-3.700
-7.377
-4.907
-5.754
-4.676
-7.312
-6.077
-6.109
-5.776
-9.315
-5.375
-5.107
-4.867
-7.937
-4.751
-6.101
-5.743
-8.469
-6.724
-5.932
-4.127
-7.379
-5.791
-4.782
-5.239
-7.697
-5.209
-2.392
-3.317
-4.857
-3.294
-2.900
-5.716
-7.148
-6.106
-0.433
-4.111
-4.562
-6.688
-2.395
-3.689
-1.391
-4.548
0.580
-5.427
-3.247
-5.968
-3.320
-3.160
-5.301
-6.056
-1.574
-4.653
-4.161
-6.057
-2.650
-2.242
-6.080
-4.921
-2.010
-4.388
-3.766
-5.850
-0.467
-5.418
-4.007
-6.006
-3.128
-2.890
-6.516
-5.165
-1.267
-5.560
-2.406
-3.307
-2.633
-4.435
-3.716
-3.535
-2.565
-5.984
-3.609
-5.401
-4.828
-5.055
-4.021
-5.154
-4.629
-4.749
-5.421
-4.315
-3.906
-4.738
-5.493
-5.804
-3.930
-3.193
-4.629
-4.328
-4.261
-4.466
-4.734
-4.213
-5.775
-5.770
-4.945
-4.316
-4.054
-5.862
-6.056
-4.657
-6.233
-1.276
-1.659
-6.333
-7.852
-3.022
-1.992
-4.084
-8.356
-2.974
0.183
-6.851
-9.396
-2.648
-3.337
-7.442
-8.128
-1.376
-2.545
-5.754
-7.489
-2.633
-2.740
-7.184
-7.914
-1.329
-2.679
-5.960
-7.273
-2.514
-0.916
-5.279
-7.069
-1.737
-0.574
-7.075
-4.788
-1.538
-3.415
-4.987
-1.452
-5.604
-1.159
-4.177
-2.984
-4.395
-2.194
-2.139
-3.681
-6.061
-4.020
-4.164
-2.784
-4.278
-2.077
-2.466
-0.609
-5.792
-1.833
-3.833
-2.941
-3.102
-2.741
-4.142
-3.018
-4.170
-1.956
-5.654
-1.985
-7.993
-4.623
-5.578
-4.573
-7.872
-2.753
-9.953
-0.694
-3.553
-1.298
-4.515
-1.184
-1.420
-3.544
-5.395
-3.990
-5.431
-7.127
-8.017
-4.636
-4.220
-7.492
-6.467
-1.820
-3.755
-6.299
-8.248
-3.745
-4.068
-8.231
-7.776
-4.322
-3.312
-7.425
-7.211
-5.101
-3.558
-8.841
-8.531
-1.422
-4.041
-7.967
-7.036
-2.647
-3.222
-6.153
-6.025
-4.161
-2.898
-7.168
-7.584
-1.165
-7.184
-1.829
-3.491
-1.508
-8.186
-1.109
-0.840
-4.520
-8.400
-1.696
-1.927
-2.836
-7.590
-2.373
-4.787
-2.361
-8.222
-1.634
-1.643
-1.422
-6.321
-1.559
-1.832
-3.067
-6.823
-4.192
-2.871
-1.189
-6.392
-1.114
-1.610
-0.910
-5.420
-1.772
-2.084
-2.811
-9.153
-1.064
-2.735
-5.491
-4.551
-10.661
-1.829
-6.132
-1.805
-9.006
-3.656
-6.667
-2.440
-10.360
-1.668
-6.113
-1.740
-10.713
-3.985
-7.576
-4.304
-8.991
-1.133
-5.044
-3.707
-10.233
-2.056
-5.469
-3.076
-9.463
-2.705
-2.899
-1.871
-9.456
-1.862
-5.302
-0.892
-10.154
-1.836
-7.180
-3.444
-11.937
-3.131
-2.056
-7.241
-2.178
-5.563
-0.727
-2.292
-4.777
-6.239
-0.670
-4.274
-3.212
-5.868
-3.471
-6.536
-4.648
-7.399
-2.950
-5.226
-2.811
-4.335
-2.975
-3.953
-3.381
-6.308
-2.593
-2.970
-4.000
-5.867
-0.781
-2.849
-2.828
-5.594
-4.850
-2.780
-3.266
-7.966
-2.894
-6.742
-1.688
-4.471
-2.588
-4.357
-12.568
-6.953
-2.694
-1.968
-12.553
-5.331
-1.614
-0.970
-9.427
-2.825
-3.341
-1.845
-10.691
-3.932
-5.216
-2.395
-12.389
-4.078
-4.501
-2.780
-11.923
-4.400
-5.032
-2.714
-12.386
-3.867
-4.236
-3.857
-12.000
-3.711
-1.133
-3.553
-11.205
-3.915
-3.552
-2.268
-11.105
-3.825
-6.442
-3.007
-3.733
-1.485
-3.553
-0.270
-6.769
-3.507
-7.529
-3.791
-6.605
-2.738
-6.468
-1.791
-4.732
-1.398
-7.735
-1.530
-5.431
-1.654
-5.255
-1.193
-5.427
-4.255
-4.919
-0.712
-6.189
-0.336
-2.604
-3.230
-5.396
-1.085
-4.542
-3.353
-8.032
-1.643
-5.689
-1.243
-4.757
-0.968
-7.722
-4.508
-5.888
-3.311
-6.027
-3.381
-5.018
-3.248
-2.874
-2.709
-5.298
-1.941
-5.635
-3.721
-6.347
-3.799
-3.654
-4.001
-6.861
-3.247
-4.204
-3.621
-4.000
-4.112
-1.928
-2.205
-4.527
-5.053
-2.568
-2.881
-3.971
-5.327
-2.579
-3.415
-2.891
-3.312
-2.049
-0.441
-4.459
-3.906
-4.297
-5.007
-3.293
-1.453
-3.829
-1.688
-4.268
-3.038
-5.343
-4.746
-2.386
-3.293
-3.598
-1.096
-4.684
-2.186
-1.175
-0.891
-6.345
-3.704
-1.993
-2.905
-4.259
-1.828
-2.108
-2.082
0.303
-1.299
-3.701
-2.611
-2.696
-0.956
-2.946
-3.271
-3.210
-0.464
0.104
-2.012
-0.263
-2.744
