-6.145
-5.535
-6.017
-4.899
-3.244
-4.528
-4.428
-4.948
-6.691
-6.764
-6.373
-5.312
-7.161
-5.431
-5.845
-5.514
-7.870
-3.750
-4.848
-4.045
-5.269
-5.676
-6.465
-3.618
-7.015
-4.618
-7.438
-6.059
-5.395
-3.278
-5.978
-5.199
-2.729
-1.504
-5.321
-4.325
-5.736
-3.017
-3.058
-3.928
-0.993
-2.565
-1.171
-4.813
-1.824
-4.601
-1.195
-5.561
-2.518
-7.751
-4.301
-5.192
-2.398
-3.229
-1.551
-6.608
-0.630
-2.845
-2.737
-7.151
-0.969
-3.432
-1.112
-3.318
2.536
-2.676
0.163
-4.170
0.644
-4.555
2.546
-1.041
1.331
-3.483
0.359
-4.168
1.039
-3.610
0.380
-2.683
2.033
-2.109
1.965
2.926
0.765
-0.170
2.422
1.590
1.837
0.142
3.210
2.214
3.186
0.778
1.904
1.799
1.489
0.232
1.736
1.914
2.352
0.108
2.905
1.943
0.955
-0.813
2.078
0.216
1.222
-2.627
0.825
1.450
1.386
0.737
3.065
2.330
2.343
0.353
3.509
3.187
2.255
0.329
3.089
2.633
1.625
-0.086
1.539
0.296
1.836
-0.006
2.292
-0.555
1.138
0.803
2.420
0.880
0.389
0.044
1.801
-0.423
0.836
-0.615
2.327
-0.081
0.997
-0.777
-0.146
-1.895
2.658
0.320
2.413
1.474
0.443
0.011
1.294
-0.299
2.097
0.187
2.671
1.026
3.731
-0.857
1.572
-0.286
3.255
0.197
2.005
-0.127
4.142
0.682
3.765
1.113
1.810
-0.640
1.446
0.692
5.433
-0.029
2.625
1.662
3.243
-0.007
2.307
0.972
2.847
0.388
2.679
0.862
3.096
-1.273
1.088
-0.387
3.010
-0.369
1.554
0.861
1.638
-0.566
1.048
-3.430
0.031
1.947
2.084
0.491
-0.066
0.402
1.592
2.250
0.346
0.377
1.849
3.036
-0.420
-0.289
0.352
2.410
-0.202
-0.165
1.776
1.769
-0.045
0.220
0.101
1.010
-1.027
-3.137
-1.056
1.124
-0.214
-0.326
1.240
0.780
-0.661
-1.451
-1.353
0.823
-0.262
-0.044
1.327
-0.204
2.855
3.522
0.551
2.211
2.414
2.453
1.328
3.770
2.608
2.928
-0.441
1.866
2.848
2.212
0.910
2.349
1.803
0.778
-0.504
1.459
2.758
2.627
-1.043
1.636
2.266
3.221
1.039
2.879
0.804
0.437
-0.451
1.589
1.733
3.147
0.825
2.715
1.943
2.695
0.439
2.914
-0.109
-0.576
2.595
2.207
2.157
0.681
3.127
2.832
1.971
1.882
1.915
1.795
2.282
0.371
3.166
3.728
2.563
1.024
2.819
3.577
0.331
0.648
2.186
1.667
2.442
1.827
2.911
4.404
1.469
0.196
3.379
2.305
0.836
0.465
1.534
1.904
3.161
1.894
3.111
3.944
1.951
1.470
-0.026
2.364
3.085
2.934
1.377
1.920
3.374
-0.332
0.409
1.806
1.884
-0.214
-1.185
1.177
-0.652
-1.447
-0.730
0.391
2.092
0.723
0.524
1.660
2.980
2.318
1.495
3.046
1.463
0.396
0.140
2.031
1.582
-0.664
-1.658
1.135
0.744
1.105
0.035
2.139
3.989
3.528
2.140
3.136
4.117
2.231
0.907
3.175
5.062
3.140
1.636
3.478
4.338
2.064
1.569
3.425
3.376
3.415
2.063
3.698
2.356
2.628
2.079
1.977
4.197
0.784
-0.193
1.998
3.561
1.047
0.200
2.217
3.477
2.352
0.430
2.506
3.811
1.752
0.184
3.022
-2.794
-1.918
-3.049
-1.513
-3.186
-2.713
-0.305
-2.369
-3.618
-1.778
-3.224
-2.406
-1.672
-2.888
-2.659
-4.057
-5.271
-5.976
-2.276
-3.641
-1.385
-0.934
-1.689
-1.201
-2.470
-2.082
-2.597
-0.500
-2.424
-4.080
1.376
1.372
-1.519
3.491
1.590
-2.600
2.431
0.769
-1.617
3.742
2.331
-0.039
1.198
-0.140
-2.890
2.555
1.986
-1.900
0.409
0.123
-2.051
-2.355
-2.271
-4.586
3.290
1.524
-1.975
0.373
0.911
-4.632
1.882
0.768
-0.283
1.173
0.089
1.434
2.049
1.027
0.109
1.056
0.300
-1.721
-0.569
-2.206
-2.194
1.057
-0.092
-1.402
-0.916
-2.407
-1.156
-1.854
-1.770
-0.576
2.161
1.507
0.045
0.495
-1.324
-1.833
0.453
-1.352
-1.233
1.344
-0.134
-0.376
0.085
-1.837
-0.430
-2.303
-0.951
-2.721
0.149
-0.558
0.661
1.217
0.426
-1.131
1.311
-0.659
-1.796
2.570
0.512
-0.027
1.187
-0.828
-0.895
2.459
1.045
0.336
-3.794
-1.841
-0.031
-1.389
-0.881
0.211
-1.918
-0.819
0.327
-0.772
-3.643
-1.038
-2.230
-0.681
-0.179
-0.133
-3.396
-1.098
-1.365
-1.367
-0.416
-1.280
-2.694
-3.346
1.911
0.424
1.074
0.356
0.894
1.527
1.852
0.971
-0.868
3.710
2.358
1.168
2.372
-0.468
-0.473
1.625
-0.210
-1.502
2.726
1.503
-0.440
0.756
-0.166
0.070
3.624
1.953
2.261
0.764
0.495
1.104
2.455
-0.048
0.161
0.593
0.756
-1.602
-6.420
-4.491
-6.527
-8.235
-5.694
-7.047
-4.542
-5.413
-7.700
-7.124
-7.914
-6.786
-6.904
-7.524
-7.185
-6.223
-5.015
-4.584
-8.181
-7.338
-6.222
-6.017
-6.004
-9.250
-5.948
-9.126
-6.960
-9.330
-8.834
-7.912
-5.527
-4.335
-5.802
-6.089
-3.744
-4.742
-2.501
-3.488
-5.225
-4.189
-5.449
-3.405
-5.703
-9.670
-4.933
-5.723
-3.766
-5.113
-6.825
-6.220
-7.343
-6.501
-8.082
-6.172
-7.771
-9.360
-5.962
-7.983
-5.197
-7.898
-7.378
-4.749
-5.411
-3.577
-6.157
-8.115
-5.432
-6.197
-4.699
-6.688
-8.416
-6.087
-7.953
-6.741
-8.330
-9.263
-6.396
-7.096
-5.981
-7.580
-6.649
-7.269
-7.394
-6.461
-6.734
-5.211
-5.159
-6.241
-4.278
-6.715
-5.319
-4.779
-4.322
-4.402
-4.747
-8.087
-5.510
-6.901
-5.340
-8.305
-4.236
-1.010
-2.480
-6.607
-2.695
-5.281
-3.144
-2.601
-7.523
-2.328
-5.418
-4.378
-3.782
-8.953
-1.420
-4.036
-1.095
-3.151
-8.414
-1.522
-2.311
-5.635
-1.169
-8.178
-2.815
-5.218
-2.879
-2.578
-7.001
-3.038
-3.605
-3.625
-2.462
-8.169
-1.946
-4.479
-3.139
-4.159
-6.926
-2.330
-3.263
-2.422
-1.992
-6.904
-1.281
-7.311
-5.237
-3.782
-11.855
-5.492
-8.132
-5.196
-7.963
-4.529
-3.314
-4.333
-4.035
-5.339
-4.368
-3.126
-4.004
-3.997
-5.322
-2.738
-4.339
-6.101
-3.715
-5.009
-5.282
-4.480
-3.877
-4.301
-4.863
-4.427
-3.852
-2.857
-3.184
-3.274
-1.492
-2.570
-4.892
-7.867
-6.488
-9.333
-6.829
-4.744
-3.475
-5.292
-3.159
-2.260
-5.110
-3.553
-4.607
-6.388
-3.254
-6.278
-3.095
-6.471
-5.233
-2.059
-3.083
-6.455
-5.478
-4.392
-5.833
-2.923
-3.792
-3.751
-2.097
-5.234
-4.507
-5.400
-2.708
-3.041
-6.419
-4.828
-4.442
-4.226
-5.130
-6.990
-3.631
-4.777
-0.769
-2.007
-4.240
-3.600
-6.481
-3.792
-2.084
-5.804
-4.058
-2.027
-2.414
-4.309
-5.048
-5.813
-6.132
-6.063
-3.191
-6.086
-3.974
-3.643
-3.456
-3.773
-5.284
-4.667
-5.010
-3.739
-7.344
-7.410
0.744
1.363
-6.596
-0.177
-2.203
1.383
0.721
-5.906
-1.526
-6.356
0.711
3.046
-7.103
-0.151
-4.195
-0.867
-0.818
-9.820
-0.066
-4.931
-1.770
0.159
-8.716
1.081
-2.463
0.171
0.368
-6.444
-0.118
-4.337
0.659
-0.215
-8.370
0.627
-5.290
0.661
1.050
-6.149
-0.002
-2.923
1.872
0.630
-6.823
-0.532
-4.269
0.536
-2.063
-7.440
-0.712
-4.324
-7.340
-5.400
-10.242
-4.192
-5.193
-4.593
-3.920
-10.413
-1.853
-2.832
-5.829
-5.992
-9.186
-5.809
-5.298
-4.758
-6.311
-9.957
-4.087
-5.540
-4.993
-2.904
-8.714
-1.683
-1.871
-3.449
-5.056
-9.094
-3.520
-5.265
-6.111
-5.587
-9.736
-3.655
-3.668
-4.029
-5.806
-9.806
-3.537
-6.395
-6.091
-3.865
-10.147
-3.538
-2.916
-5.651
-4.369
-11.918
-4.537
-6.462
-0.357
-1.838
-1.077
-7.023
-6.534
-0.289
-2.433
-3.345
-6.498
-9.969
-0.840
-4.845
-1.482
-7.435
-8.999
0.680
-2.564
-4.627
-3.668
-6.124
0.718
-2.405
-4.558
-3.292
-6.665
-2.017
-5.631
-3.153
-4.880
-8.102
-1.892
-3.634
-1.916
-6.719
-6.612
-1.827
-1.383
-1.473
-4.053
-6.523
1.648
-0.978
-3.240
-3.391
-5.996
-0.461
-3.203
-4.022
-2.352
-6.028
-3.223
-1.302
-9.574
-4.173
-2.638
0.266
-0.502
-7.310
-4.340
-4.299
-2.433
-0.514
-9.567
-4.669
-2.947
-0.886
-2.237
-7.961
-3.657
-4.392
-5.681
-1.577
-12.106
-2.805
-3.371
-0.418
-0.368
-6.773
-4.255
-1.993
-2.758
-1.857
-8.334
-3.380
-2.502
0.049
-0.474
-6.820
-4.158
-3.858
-2.670
-0.400
-5.429
-5.071
-2.639
-2.855
-2.469
-7.975
-3.330
-2.916
-0.106
0.881
-0.759
-4.128
-4.290
-0.700
-0.103
-1.821
-2.506
-3.364
0.791
0.634
-2.228
-3.763
-4.077
0.398
-1.042
0.556
-4.705
-4.847
0.896
-0.054
0.458
-4.016
-4.234
0.431
-1.933
-5.745
-3.378
-2.675
-0.523
-1.272
-5.772
-2.080
-4.207
0.280
0.800
-1.679
-2.977
-2.014
-0.737
0.842
-4.734
-2.926
-4.667
-1.115
-0.166
-3.904
-4.180
-4.688
-3.651
-4.931
-4.119
-5.028
-6.568
-6.106
-3.036
-8.583
-5.233
-3.737
-7.435
-4.758
-5.479
-5.246
-5.394
-3.430
-7.524
-6.325
-6.090
-5.591
-2.963
-3.913
-4.283
-5.545
-3.701
-4.880
-5.719
-1.951
-5.283
-5.867
-12.575
-6.919
-5.756
-8.639
-3.764
-2.480
-10.294
-4.066
-2.481
-12.574
-5.677
-4.967
-10.076
-3.588
-1.447
-12.050
-4.751
-4.568
-11.830
-4.018
-1.553
-9.342
-5.132
-2.063
-11.206
-5.085
-4.607
-12.323
-4.755
-1.783
-4.656
-6.720
-4.253
-7.485
-4.890
-3.732
-5.155
-4.940
-2.469
-5.295
-4.195
-1.701
-4.787
-4.817
-3.108
-5.232
-5.973
-3.603
-3.661
-5.906
-1.443
-5.486
-5.543
-3.189
-4.743
-3.688
-3.740
-3.850
-5.243
-1.819
-2.135
-1.892
-3.797
-1.842
-2.668
-3.609
-2.982
-2.163
-4.645
-1.216
-2.912
-5.330
-1.433
-3.411
-4.992
-0.101
-1.921
-3.863
-1.787
-3.046
-5.679
-1.855
-1.995
-3.867
-1.782
-0.138
-2.215
-1.685
-2.584
-3.667
-3.324
-6.882
-6.086
-2.711
-5.102
-5.170
-3.491
-4.849
-5.616
-3.307
-4.137
-5.471
-4.198
-2.364
-3.257
-1.716
-5.346
-5.560
-3.194
-4.442
-4.643
-4.464
-4.998
-6.151
-3.419
-5.317
-5.409
-5.383
-4.338
-3.807
-5.439
-3.828
-7.334
-3.005
-1.989
-6.212
-6.581
-1.492
-4.597
-4.360
-2.653
-5.880
-4.104
-1.745
-7.215
-5.837
-3.236
-6.786
-6.348
-0.340
-4.959
-8.076
-2.656
-6.683
-7.837
-3.355
-6.727
-4.385
-2.171
-6.499
