2.592
6.175
4.200
3.530
4.353
3.705
1.289
5.354
6.815
6.640
4.403
6.176
4.715
-0.121
1.706
3.344
5.061
1.982
0.235
2.523
6.587
3.021
6.712
4.991
5.498
6.633
5.477
6.306
6.672
4.578
4.972
5.621
4.669
4.282
3.050
3.162
2.717
6.829
4.646
5.012
6.775
6.591
8.126
7.435
7.457
8.733
8.017
7.398
7.822
7.441
5.733
6.337
4.440
4.841
4.161
4.664
2.230
7.752
4.766
6.916
4.742
6.428
5.715
5.425
5.258
4.903
5.119
4.600
6.171
6.483
4.329
5.595
3.696
3.601
2.056
4.502
3.485
3.795
3.880
5.867
7.473
6.483
7.035
5.490
5.297
6.107
7.128
6.267
6.466
6.596
5.474
6.353
5.232
3.547
5.026
4.676
3.778
5.416
4.975
4.404
7.704
6.447
8.084
6.526
7.281
7.507
7.620
6.957
6.660
6.577
6.099
6.002
3.969
4.642
5.948
8.274
3.738
4.321
5.536
6.474
5.703
5.817
4.044
4.895
4.221
0.318
6.095
1.703
5.070
4.128
5.409
4.510
6.053
5.153
6.535
5.791
5.237
5.124
4.184
4.176
3.521
4.143
2.988
2.077
2.468
3.786
2.595
2.725
4.041
2.713
6.169
6.289
6.333
5.142
4.817
6.248
4.799
5.990
5.043
6.046
6.619
5.133
4.668
4.135
4.227
6.613
5.704
6.061
4.552
4.492
4.270
2.489
2.263
3.668
2.292
2.057
3.834
3.670
1.426
3.057
1.023
6.602
5.898
5.995
5.467
5.130
3.478
4.693
3.956
1.018
-1.303
2.889
4.621
4.916
4.442
6.567
3.139
5.998
2.298
2.542
3.300
6.963
3.167
1.150
4.733
2.862
7.213
8.518
6.252
7.780
3.468
5.355
4.442
5.454
5.221
5.126
4.307
6.739
5.368
6.307
4.575
5.066
5.569
2.947
5.622
4.300
3.733
3.979
3.960
4.568
-0.474
2.931
3.151
3.519
5.983
5.825
4.547
5.709
5.228
7.050
7.575
5.124
5.806
5.495
6.142
8.315
4.831
6.963
5.975
4.650
7.000
6.173
7.852
5.726
7.502
8.755
4.047
4.376
5.333
2.003
5.698
4.653
5.483
7.093
6.565
8.089
5.850
6.209
6.001
3.382
4.325
6.662
5.830
5.622
4.480
4.270
5.967
3.979
5.828
5.649
6.640
3.968
5.396
6.648
5.247
6.756
5.648
5.459
3.699
4.067
4.755
5.870
4.911
3.326
5.140
6.549
3.314
3.319
6.033
3.856
3.786
6.570
5.945
-1.265
3.918
2.852
4.638
2.523
1.385
2.837
5.396
4.053
2.783
1.700
2.486
4.168
3.558
3.824
2.396
5.151
5.355
4.270
4.941
2.459
4.382
1.735
4.428
3.993
3.114
2.890
2.496
5.195
2.229
1.940
4.374
6.701
1.704
3.893
1.838
4.978
