-4.382
-4.645
-2.193
-4.229
-3.388
-3.482
-2.947
-4.334
-3.028
-4.914
-3.218
-3.571
-4.516
-4.314
-3.229
-5.481
-3.078
-3.104
-2.303
-3.489
-4.811
-2.995
-2.303
-2.668
-4.833
-3.246
-3.291
-3.270
-1.713
-2.921
-3.541
-3.443
-3.589
-2.552
-4.303
-3.260
-2.898
-3.257
-2.703
-4.259
-3.189
-1.185
-0.923
-1.564
-1.817
-1.223
-1.640
-0.786
-1.372
-1.473
-3.183
-2.124
-2.323
-1.711
-2.540
-2.162
-1.505
-1.712
-1.019
-0.834
-2.021
-0.498
-1.769
-0.851
-2.008
-0.601
-2.427
-0.796
-1.283
-0.270
-1.764
0.779
-1.958
0.469
-2.449
0.390
-2.006
-0.216
-2.540
-0.420
-2.251
-4.110
-3.431
-3.191
-1.316
-3.913
-2.693
-1.973
-2.390
-4.190
-5.042
-2.697
-2.639
-3.228
-3.293
-3.901
-3.258
-3.238
-3.789
-2.040
-2.663
-3.416
-1.880
-1.889
-2.573
-1.997
-2.747
-3.070
-2.043
-3.182
-3.283
-0.801
-2.634
-3.939
-3.738
-1.770
-2.374
-3.454
-4.070
-1.993
-2.090
-3.548
-2.158
-4.082
-1.544
-3.529
-3.481
-4.347
-1.461
-3.681
-3.041
-4.605
-1.684
-2.620
-2.828
-4.574
-2.544
-3.673
-3.252
-5.391
-1.263
-3.763
-2.966
-4.427
-1.683
-2.984
-4.323
-4.578
-1.711
-3.773
-5.071
-4.265
-3.175
-3.361
-4.000
-3.370
-3.002
-3.073
-2.107
-3.428
-0.786
-2.037
-1.854
-2.858
0.841
-3.221
-1.676
-2.811
1.340
-3.188
-2.559
-3.115
1.226
-3.314
-2.688
-2.982
2.029
-3.455
-2.778
-2.725
0.547
-3.111
-2.867
-2.774
0.789
-2.317
-2.416
-2.553
0.207
-2.512
-1.320
-2.002
0.263
-1.696
-2.942
-3.062
0.336
-2.683
-1.831
-2.784
-3.196
-0.652
-1.066
-2.403
-3.442
-1.418
-1.835
-1.165
-3.659
-1.756
-2.099
-1.375
-3.764
-1.163
-2.709
-1.548
-3.777
-1.471
-2.030
0.403
-3.103
-0.898
-2.731
-1.118
-3.882
-1.814
-2.231
-0.710
-2.846
-1.581
-2.358
0.306
-3.033
-1.337
-3.753
-1.926
-4.363
-1.410
-2.579
-2.076
-2.550
-1.361
-3.250
-2.994
-2.306
-1.856
-3.622
-1.475
-2.588
-0.322
-2.660
-1.692
-3.174
-1.573
-2.409
-2.161
-2.475
-1.554
-3.026
-3.874
-2.627
-0.249
-3.577
-3.026
-2.080
-1.801
-3.962
-1.729
-2.491
-2.135
-2.409
-2.597
-1.441
-0.461
-3.762
-2.285
-2.246
-1.694
-3.838
-2.512
-3.438
-3.636
-0.443
-2.247
-2.124
-2.321
-1.131
-2.318
-3.455
-2.858
-1.671
-3.386
-3.240
-3.126
-0.996
-2.717
-3.195
-2.525
-0.044
-2.590
-3.071
-3.593
-0.273
-2.793
-3.343
-2.776
-1.778
-3.248
-2.256
-2.725
-0.449
-2.877
-2.709
-2.800
-0.866
-2.269
-3.228
-1.530
-1.508
-2.321
-3.134
-2.620
-3.434
-2.988
-2.892
-2.507
-2.070
-2.966
-2.281
-2.365
-4.115
-1.861
-2.902
-3.205
-2.875
-2.392
-2.527
-2.974
-3.136
-2.322
-2.398
-2.818
-3.416
-2.503
-3.253
-4.111
-2.087
-3.289
-3.231
-2.541
-2.806
-1.567
-2.569
-3.041
-3.415
-2.952
-2.856
-3.516
-2.884
-2.030
-2.646
-0.557
-2.983
-3.287
-2.299
-0.406
-2.699
-2.145
-2.379
0.160
-3.123
-2.713
-1.141
-0.484
-3.013
-2.345
-1.978
-0.202
-2.502
-1.115
-2.568
-0.584
-2.963
-2.644
-2.309
-2.365
-2.755
-2.862
-2.408
-0.837
-2.962
-2.718
-1.664
-0.162
-2.708
-2.264
-2.871
-1.326
-3.504
-3.466
-3.493
-3.604
-3.623
-2.985
-3.880
-4.132
-2.551
-3.761
-3.075
-2.508
-3.871
-4.931
-3.135
-4.432
-4.541
-3.127
-3.713
-4.517
-2.932
-3.737
-3.465
-4.131
-3.856
-4.501
-2.901
-2.648
-4.504
-2.151
-2.996
-5.367
-1.862
-0.634
-2.469
-0.265
-0.848
-4.413
-1.246
-0.336
-3.349
-0.834
-0.154
-3.430
-2.507
-2.328
-3.784
-1.241
-1.301
-4.368
-1.733
-0.858
-3.656
-1.626
-1.483
-3.390
-1.597
-1.009
-3.114
-1.461
-0.032
-3.914
-0.043
-3.143
-5.302
0.335
-1.671
-3.145
-0.021
-1.566
-2.513
0.190
-0.699
-2.970
-0.891
-2.702
-2.655
-0.372
-1.312
-1.662
-0.792
-2.876
-2.068
-1.575
-3.403
-2.292
0.261
-0.792
-3.136
-0.713
-3.167
-3.177
-2.171
0.547
-4.035
-2.203
-0.290
-3.570
-2.030
0.083
-4.583
-1.544
0.977
-4.408
-0.811
-1.081
-2.535
-3.024
0.325
-4.259
-2.546
0.391
-3.156
-0.995
0.082
-4.392
-0.866
0.324
-2.353
-1.334
-0.471
-3.978
-0.540
-3.111
-2.725
-1.895
-3.290
-3.104
-1.144
-3.382
-4.028
-0.004
-3.083
-3.846
-1.356
-3.967
-3.558
-0.197
-2.720
-4.109
-0.100
-3.333
-3.529
-1.348
-3.873
-2.296
-0.443
-3.182
-3.476
-0.948
-3.679
-4.039
-1.761
-0.978
-4.003
-1.211
-0.244
-4.158
-1.147
0.075
-3.703
-2.220
-0.167
-4.047
-0.447
-0.667
-2.112
-1.908
-0.660
-3.119
-1.308
-0.745
-2.893
-1.466
-0.249
-2.793
-0.957
-0.822
-3.481
-1.856
-0.216
-2.656
-3.174
-3.344
-4.685
-2.443
-1.095
-2.416
-2.110
-2.486
-2.959
-4.050
-3.437
-3.525
-3.267
-2.508
-2.414
-2.898
-2.417
-3.216
-2.560
-2.480
-2.330
-3.951
-3.820
-3.787
-3.150
-3.652
-3.236
-4.513
-2.567
-2.289
-1.948
-3.572
-4.060
-3.086
-2.148
-3.012
-0.722
-2.340
-2.277
-3.617
-1.984
-1.804
-3.467
-2.808
-3.173
-2.907
-2.749
-4.492
-2.314
-3.201
-3.746
-3.282
-3.075
2.064
-0.817
-3.706
-3.436
-3.481
1.751
-1.934
-3.068
-2.569
-4.528
2.460
0.141
-4.462
-3.443
-3.676
1.974
-1.020
-4.098
-3.323
-4.288
1.416
-1.038
-2.672
-2.061
-2.762
2.212
-1.887
-3.267
-3.114
-3.749
2.556
-0.340
-1.685
-1.970
-3.515
3.175
-1.353
-2.630
-3.074
-2.515
1.603
-1.766
-3.854
-3.223
-3.109
1.024
-2.575
-3.424
-2.813
-4.374
-4.439
-3.666
-4.043
-2.840
-3.551
-3.570
-2.875
-3.968
-4.214
-4.199
-3.083
-1.915
-3.012
-2.276
-3.703
-4.251
-3.952
-1.229
-4.364
-2.225
-3.984
-2.556
-3.410
-3.382
-3.088
-3.663
-2.234
-2.699
-3.985
-3.741
-3.736
-3.997
-2.925
-3.246
-3.016
-2.939
-2.991
-3.166
-2.855
-2.572
-3.468
-3.727
-3.716
-3.327
-2.810
-5.129
-3.376
-3.858
-2.184
-5.668
-0.729
1.185
-3.424
-1.508
-3.744
-0.988
2.702
-3.366
-0.598
-3.423
-0.944
0.703
-4.365
-3.786
-3.200
-1.618
0.490
-2.551
-2.162
-3.174
-1.367
0.579
-1.689
-2.034
-3.532
-0.523
-0.140
-3.052
-2.880
-2.639
-2.255
-0.576
-3.372
-1.499
-3.593
-1.583
2.592
-3.745
-1.933
-2.942
-1.222
1.133
-3.783
-2.253
-4.149
-1.524
2.313
-2.077
-3.988
-4.999
-2.805
-3.429
-0.381
-3.669
-3.448
-2.534
-3.512
-1.157
-2.363
-2.385
-0.987
-1.760
-1.207
-2.636
-4.181
-2.928
-1.903
-1.834
-2.202
-1.144
-1.133
-3.376
-1.330
-2.948
-3.775
-1.928
-1.983
-1.846
-0.828
-1.798
-3.984
-4.316
-2.105
-3.572
-4.920
-0.875
-1.863
-2.178
-3.584
-4.618
-2.980
-4.336
-1.925
-3.921
-4.226
-2.117
-4.086
-0.939
-0.155
-3.120
2.505
-2.613
-1.917
-1.176
-1.471
0.622
-3.257
-1.599
-0.758
-2.118
1.933
-1.975
-2.187
-2.089
-1.961
1.909
-2.681
-2.738
-1.108
-4.454
0.605
-2.993
-0.743
-1.914
-2.514
0.781
-3.304
-0.941
-1.436
-2.950
1.593
-3.288
-2.208
-2.252
-1.567
0.539
-3.355
-1.414
-1.648
-2.691
0.981
-3.003
-2.581
-1.764
-3.459
0.900
-2.951
-3.273
-3.697
-3.187
-1.804
0.052
-4.057
-2.918
-3.882
-2.286
1.107
-3.151
-3.250
-2.827
-3.982
-1.337
-2.835
-3.435
-2.112
-2.812
0.998
-3.998
-3.350
-1.913
-2.288
0.111
-2.782
-4.139
-3.959
-3.795
0.037
-3.060
-3.709
-2.075
-3.328
0.607
-2.388
-2.791
-2.458
-2.294
0.290
-2.862
-4.167
-2.302
-2.547
0.863
-3.329
-3.320
-1.359
-2.945
-0.660
0.345
-2.803
-3.247
-3.081
-4.007
0.547
-3.147
-3.836
-3.035
-3.771
0.687
-2.555
-3.146
-2.840
-3.439
-0.401
-2.684
-3.426
-1.917
-3.777
0.309
-2.266
-3.681
-1.850
-3.739
1.090
-2.305
-2.749
-2.022
-3.832
1.224
-3.168
-3.739
-2.102
-3.715
0.343
-2.191
-3.760
-1.795
-3.597
-0.129
-3.352
-3.012
-3.997
-3.433
0.477
-2.407
-3.283
-1.853
-3.584
-2.467
-2.120
-1.713
-1.325
-0.522
-2.249
-2.715
-2.615
-2.180
-1.631
-1.406
-2.200
-2.467
-1.603
-2.431
-1.750
-3.472
-2.982
-1.001
-2.889
-1.657
-2.071
-2.101
-0.355
-1.296
-1.200
-2.827
-1.147
-0.120
-2.276
-1.223
-2.197
-2.599
0.207
-1.662
-1.487
-2.406
-2.951
-0.895
-1.514
-2.821
-2.321
-2.611
-1.451
-2.807
-2.414
-3.123
-3.431
-0.717
-1.678
-0.100
-1.540
-2.657
-2.187
-3.294
0.032
-2.357
-3.093
-2.545
-3.678
1.055
-1.492
-3.357
-1.858
-1.577
0.758
-1.381
-2.674
-2.039
-3.277
0.219
-2.299
-2.535
-2.744
-3.508
-0.174
-1.531
-2.329
-2.946
-2.984
0.463
-2.399
-3.448
-1.774
-2.680
0.441
-0.897
-1.897
-0.905
-3.891
0.015
-1.588
-1.402
-1.154
-3.567
-0.731
-2.069
-2.089
-2.329
-3.673
-4.360
-3.296
-2.493
-2.146
-4.875
-4.183
-2.064
-4.943
-3.865
-2.550
-5.033
-3.770
-5.624
-3.871
-2.489
-2.158
-4.112
-3.167
-5.764
-2.592
-2.528
-4.296
-2.642
-4.811
-5.195
-3.422
-4.137
-1.516
-3.903
-3.239
-4.032
-2.716
1.233
-4.113
-3.220
0.642
-4.497
-3.468
1.902
-3.850
-1.290
2.513
-4.483
-1.782
2.227
-3.831
-2.143
2.004
-4.639
-2.362
0.743
-4.362
-3.601
0.442
-4.528
-2.360
1.023
-4.138
-2.471
2.335
-1.421
-4.420
-2.719
-3.393
-4.431
-2.771
-2.321
-4.775
-2.447
-1.713
-3.808
-1.727
-3.823
-4.044
-3.203
-2.435
-5.241
-2.740
-3.014
-3.942
-2.486
-2.795
-3.687
-3.449
-3.214
-3.088
-3.358
-2.457
-4.085
-2.179
-2.487
-0.092
-3.155
-3.103
-0.708
-4.711
-3.550
-1.241
-2.495
-3.127
-1.843
-2.630
-2.746
-1.374
-4.628
-2.937
-1.216
-2.957
-2.760
-0.298
-2.917
-3.235
-0.447
-3.267
-2.483
-0.270
-4.118
-1.976
-0.576
-2.043
-0.966
-3.384
-2.426
0.328
-3.332
-2.643
-0.668
-2.992
-3.220
-0.135
-2.543
-2.984
-0.580
-2.204
-2.211
-0.199
-4.245
-2.639
-0.800
-2.428
-2.140
0.240
-2.100
-1.660
-0.996
-3.069
-2.819
-0.221
-1.610
-1.871
-0.298
-2.410
-2.193
-0.969
-2.767
-2.822
-0.870
-2.015
-2.179
0.096
-2.322
-0.700
-0.221
-2.363
-3.642
-0.707
-2.848
-3.649
-0.735
-2.613
-2.064
-0.925
-2.945
-1.764
-0.807
-2.714
-2.510
-0.631
-1.799
-2.562
