2.940
3.801
3.040
3.848
2.276
2.996
1.237
4.708
3.384
3.133
4.539
4.488
5.347
0.545
4.522
3.999
5.142
2.799
3.845
2.970
1.678
0.731
1.001
0.266
1.276
0.138
0.874
1.489
0.804
0.161
-1.202
-1.597
-2.219
-0.932
-1.085
-2.408
-1.563
-1.386
-0.877
-1.913
0.837
2.118
1.776
2.215
1.663
2.370
1.890
2.698
1.790
1.445
3.904
4.284
1.737
1.075
0.934
2.301
-1.534
2.717
3.524
1.668
0.057
1.111
-0.032
0.502
0.797
1.006
-0.052
0.458
0.082
0.933
2.649
1.886
2.346
-0.440
1.556
2.610
1.163
0.801
2.476
1.416
-3.211
-2.492
-2.023
-2.806
-2.670
-2.000
-3.239
-1.796
-1.655
-2.790
0.317
0.937
1.228
-0.237
0.069
0.454
1.300
0.819
0.752
-0.170
-1.986
-1.688
-1.648
-1.990
-1.647
-2.044
-2.400
-1.222
-1.462
-2.135
-0.069
-0.490
-0.557
-0.441
-0.461
-0.461
-0.296
0.242
-0.820
-0.351
0.904
0.996
0.047
0.488
0.170
0.066
0.891
0.169
0.626
0.849
1.450
1.077
2.880
1.383
1.443
1.417
1.193
2.447
1.057
1.006
2.625
3.447
4.112
-0.035
2.613
2.154
2.010
3.531
2.984
2.624
0.350
1.590
0.230
0.561
0.125
-0.192
0.786
0.625
-0.366
0.600
-1.839
-1.459
-2.146
-2.792
-2.421
-1.563
-1.850
-1.167
-2.092
-3.150
0.390
-0.036
-1.248
0.630
0.081
-0.088
0.166
0.317
-1.600
-0.832
1.714
3.660
4.289
3.766
4.431
4.798
4.006
4.344
3.023
-0.148
-1.233
2.969
4.605
4.433
3.419
3.775
3.286
4.248
2.447
2.341
1.959
3.019
2.028
0.227
1.958
1.956
3.119
2.441
3.035
2.466
3.307
3.944
2.471
4.434
4.568
4.113
3.193
3.910
3.822
3.533
2.146
3.105
2.220
2.066
3.418
2.789
3.209
2.060
2.188
3.291
-1.645
-1.054
-1.231
-2.137
-2.006
-2.180
-2.292
-2.079
-2.025
-1.186
0.805
0.428
-0.528
-0.088
0.395
0.368
0.892
1.058
0.570
0.812
3.174
1.983
2.760
2.536
2.693
3.079
2.047
1.677
1.830
0.732
0.906
1.074
1.453
0.853
1.599
1.176
1.149
1.308
1.013
1.138
2.431
2.247
2.133
1.738
2.249
2.367
2.264
0.559
0.944
1.626
3.829
3.101
5.017
5.160
5.151
5.637
4.980
3.946
3.174
3.853
0.583
0.105
1.935
0.126
0.623
1.598
0.990
-0.071
1.624
1.640
4.986
5.520
6.622
1.771
6.014
5.982
6.863
4.952
4.890
1.881
-1.350
-1.907
-2.198
-1.645
-2.700
-1.732
-1.476
-1.951
-3.053
-1.205
0.040
-0.728
0.057
0.338
-0.186
-0.728
-0.366
-1.325
-0.646
-0.527
1.187
3.248
2.406
0.601
1.858
3.294
3.683
2.918
2.378
3.976
