-3.476
-1.931
-2.530
-2.866
-2.075
-2.143
-4.446
-1.753
-1.502
-1.332
-0.915
-2.546
-2.343
-3.580
-0.620
-1.811
-2.824
-3.491
-1.434
-1.049
-2.173
-2.294
-2.152
-2.420
-2.679
-2.729
-2.934
-2.152
-2.345
-3.345
1.065
-0.173
-0.254
-0.315
0.960
-0.744
-0.673
0.845
1.120
0.645
-3.094
0.046
-3.956
-3.720
-0.403
-3.148
-3.084
-0.036
-2.790
-3.397
0.330
-4.420
-3.894
0.243
-3.631
-3.334
0.314
-4.121
-3.228
-0.195
-2.608
-3.067
-0.058
-3.626
-2.527
-1.677
-4.275
-3.031
-1.543
-4.466
-2.198
-2.073
-4.910
-1.586
-2.155
-4.238
-3.413
-2.535
-3.487
-0.566
-2.686
-2.375
-3.430
-2.482
-1.783
-4.172
-0.949
-2.799
-3.514
-3.116
-2.054
-2.137
-2.433
-3.498
-2.147
-1.340
-2.916
-3.402
-2.052
-2.638
-3.842
-3.324
-3.271
-4.164
-3.153
-3.634
-3.533
-3.550
-3.067
-3.954
-3.017
-3.927
-3.818
-2.471
-4.331
-3.665
-3.870
-4.109
-3.404
-2.494
-3.219
-3.228
-1.668
-3.263
-4.516
-2.186
-3.388
-3.616
-2.171
-4.630
-4.086
-4.381
-3.691
-2.405
-2.365
-1.561
-4.373
-4.153
-3.279
-3.764
-3.498
-1.460
-3.722
-3.425
-2.612
-4.299
-3.963
-4.208
-4.115
-3.994
-2.644
-3.319
-3.285
-3.531
-3.963
-3.718
-2.703
-3.872
-3.110
-3.891
-3.160
-2.991
-0.212
-3.733
-2.944
1.058
-2.923
-1.443
-0.592
-3.165
-2.455
-0.363
-2.933
-2.359
-0.608
-3.024
-2.675
-0.634
-3.121
-2.053
-0.014
-3.504
-3.134
0.355
-4.421
-3.060
-0.796
-4.274
-2.940
-0.752
-2.842
-3.273
-3.777
-3.586
-3.468
-3.894
-3.421
-3.551
-3.329
-3.222
-2.508
-2.608
-4.390
-3.956
-3.185
-4.027
-3.788
-2.950
-3.009
-3.929
-2.534
-3.210
-4.018
-3.728
-3.908
-3.784
-3.898
-3.745
-3.589
-2.726
-0.808
-3.853
-2.300
-0.330
-2.441
-3.072
-0.347
-3.521
-3.236
-0.043
-3.409
-3.026
-0.367
-2.799
-2.543
-0.489
-2.290
-2.621
-0.468
-2.608
-3.577
-0.973
-3.272
-2.146
-0.353
-2.377
-2.749
-1.279
-2.305
-3.551
-2.477
-4.106
-3.447
-2.673
-2.963
-1.294
-3.103
-3.348
-2.464
-2.833
-3.464
-3.115
-1.894
-3.571
-2.417
-2.513
-3.269
-2.935
-2.013
-2.737
-3.373
-2.765
-3.271
-2.859
-2.039
-4.129
-2.925
-2.477
-2.980
-2.271
-1.869
-2.702
-2.081
-2.667
-2.482
-3.201
-3.245
-2.520
-2.925
-1.289
-2.288
-3.257
-2.977
-2.061
-2.155
-2.584
-1.202
-3.696
-2.305
-2.824
-1.129
-2.686
-0.789
-2.532
-0.702
-3.572
-0.523
-2.453
-0.664
-2.882
-0.660
-2.533
-1.564
-3.080
-1.049
-2.970
-3.252
-2.998
-2.516
-3.795
-4.375
-3.078
-3.067
-3.713
-3.565
-2.376
-2.771
-2.919
-4.030
-3.253
-3.963
-2.908
-3.866
-4.573
-3.663
-2.803
-3.585
-4.023
-4.211
-3.313
-1.381
-3.016
-1.238
-1.848
-1.545
-2.790
-1.133
-2.571
-1.059
-2.073
-0.745
-2.673
-2.324
-2.879
-1.193
-2.739
-1.672
-2.753
-2.422
-3.345
0.091
-3.017
-0.233
-1.312
-0.287
-2.300
-0.829
-1.126
0.708
-1.459
0.010
-3.029
-0.708
-1.980
-0.482
-2.233
-0.315
-2.760
0.124
-1.764
-2.972
-3.282
-2.621
-1.681
-2.984
-2.458
-2.499
-2.778
-1.933
-3.230
-3.549
-3.257
-3.287
-4.121
-2.513
-2.299
-2.799
-4.518
-2.893
-2.845
-2.374
-2.318
-2.681
-2.779
-1.964
-3.581
-3.128
-2.693
-3.052
-2.079
-3.252
-2.339
-2.394
-3.114
-2.454
-3.898
-3.154
-2.547
-3.788
-3.351
-2.122
-2.685
-3.022
-3.608
-3.234
-4.225
-4.530
-3.154
-2.276
-2.531
-2.897
-3.921
-3.785
-3.615
-3.701
-4.550
-3.005
-3.511
-3.769
-2.929
-4.108
-4.304
-2.646
-2.672
-0.585
-2.223
-2.196
-3.544
-2.682
-2.563
-2.925
-5.401
-0.509
-3.097
-3.316
-4.986
-1.265
-3.036
-2.799
-3.914
-1.268
-2.739
-2.405
-4.656
-1.970
-2.547
-2.862
-4.595
-2.307
-2.972
-0.924
-5.043
-0.718
-3.580
-2.197
-4.853
-2.663
-1.685
-2.966
-4.360
-2.274
-1.757
-3.107
-2.056
-1.708
-4.238
-2.561
-0.179
-2.387
-4.838
-3.037
-2.276
-2.768
-3.091
-2.553
-2.218
-2.713
-3.667
-3.435
-2.096
-1.255
-3.921
-4.454
-1.869
-2.473
-3.234
-3.763
-0.951
-1.553
-3.036
-4.133
-0.657
-2.776
-4.717
-3.969
-1.089
-3.676
-3.246
-3.567
-1.701
-3.001
0.177
-3.148
-4.116
-3.207
-1.029
-1.885
-2.175
-4.143
-1.988
-1.603
-2.744
-3.110
-1.175
-2.568
-3.470
-3.026
-0.809
-1.160
-2.457
-3.490
-1.042
-2.588
-2.655
-4.004
-1.119
-2.078
-2.461
-3.468
-1.395
-2.414
-3.558
-3.409
-0.490
-2.526
-2.127
-2.835
-1.655
-2.341
-3.295
-1.678
-2.010
-3.042
-0.456
-2.266
-1.671
-2.130
-0.344
-0.770
-2.499
-2.934
-0.132
-0.803
-2.790
-1.376
-0.860
-0.340
-2.476
-1.359
-0.832
-1.036
-2.128
-1.745
-0.575
-1.109
-2.173
-1.458
-0.764
-1.332
-5.319
-1.590
-0.383
-0.449
-3.018
-2.197
-2.569
-1.146
-2.811
-2.237
-1.144
-0.986
-2.097
-2.420
-2.786
-0.927
-2.358
-3.918
-3.102
-0.937
-2.260
-3.377
-2.419
-0.597
-3.075
-3.462
-2.673
-0.028
-1.599
-2.676
-3.042
-0.064
-1.830
-2.727
-2.904
-0.587
-2.498
-4.296
-2.388
-0.075
-3.051
-3.408
-3.354
-0.150
-2.273
-2.920
-3.267
-0.648
-2.010
-2.193
-3.696
-1.381
-2.811
-0.500
-3.027
-1.126
-2.475
-0.524
-1.916
-1.806
-3.658
-0.931
-3.471
-2.137
-3.874
-1.181
-3.538
-2.114
-4.052
-1.196
-2.298
-1.771
-3.456
0.054
-2.289
-1.209
-2.619
-0.670
-2.705
-1.292
-3.004
-1.014
-3.774
-2.451
-2.068
-1.764
-2.375
-2.096
-2.844
0.155
-1.692
-3.544
-2.917
-3.689
-1.218
-3.282
-2.679
-2.972
-1.999
-3.053
-3.353
-3.470
-1.572
-3.485
-2.202
-4.437
-1.641
-2.410
-2.923
-3.506
-1.447
-3.103
-3.106
-3.212
-1.742
-2.411
-3.046
-3.332
-0.942
-3.096
-2.786
-3.161
-2.070
-3.201
-2.361
-3.169
-1.474
-3.334
-3.655
-3.199
-2.194
-2.399
-3.414
-0.826
-4.602
-2.509
-3.063
-3.150
-4.027
-2.340
-2.670
-0.999
-3.814
-3.195
-3.090
-1.914
-3.542
-3.060
-3.378
-2.046
-3.757
-2.823
-3.357
-1.053
-2.597
-3.082
-3.006
-1.555
-4.924
-3.485
-3.201
-1.505
-3.516
-3.011
-3.388
-1.298
-4.001
-3.407
-3.099
-2.046
-1.679
-1.813
-2.716
-3.979
-2.414
-1.850
-2.165
-3.560
-2.490
-2.044
-2.632
-3.668
-1.361
-3.361
-1.925
-4.193
-2.971
-1.709
-2.173
-2.832
-2.210
-2.671
-2.240
-3.864
-1.187
-1.526
-1.476
-3.873
-2.010
-3.095
-2.443
-4.036
-2.869
-2.434
-3.183
-3.897
-2.912
-1.743
-2.863
-3.501
-3.025
-2.499
-2.574
-2.717
-2.852
-1.960
-2.650
-3.237
-2.509
-2.288
-2.867
-2.881
-2.667
-2.194
-2.750
-3.253
-2.250
-3.410
-2.410
-4.321
-2.246
-3.135
-1.751
-2.390
-1.743
-2.547
-0.959
-3.906
0.091
-1.517
-2.244
-3.460
-1.127
-3.648
-1.106
-2.072
-0.950
-3.593
-1.219
-3.174
-0.846
-1.958
-2.232
-1.787
-1.960
-2.090
-2.820
-1.800
-2.209
-0.854
-1.783
-1.383
-2.189
-2.169
-2.434
-3.597
-1.859
-2.175
-2.659
-2.096
-3.199
-2.804
-1.290
-3.829
-0.715
-2.904
0.168
-2.683
-0.298
-2.785
-0.383
-3.196
0.224
-2.560
-0.697
-2.028
-0.028
-2.695
-1.300
-2.138
0.511
-3.455
-2.860
-3.624
-3.107
-2.783
-1.986
-2.120
-2.287
-2.244
-1.739
-3.200
-2.370
-2.182
-0.855
-3.610
-1.037
-2.963
-2.239
-3.109
-2.797
-3.840
-2.461
-2.992
-2.460
-2.243
-2.756
-2.582
-2.900
-2.873
-3.184
-2.704
-2.790
-2.591
-3.816
-3.297
-2.949
-2.899
-3.322
-3.153
-3.177
