3.305
7.449
2.825
5.994
5.605
5.954
2.961
7.302
4.445
5.604
8.217
6.884
7.425
-0.193
6.698
7.634
5.681
5.313
3.466
6.710
7.870
7.833
4.789
6.659
8.730
6.847
6.951
7.570
7.003
7.323
6.656
8.329
6.088
5.641
8.149
3.473
2.202
10.503
7.293
5.665
8.000
6.874
5.791
7.455
6.851
6.886
6.558
5.608
6.421
2.297
7.057
5.302
2.520
3.801
0.501
2.189
-4.032
6.460
4.824
2.883
0.426
-1.367
-4.966
1.242
1.962
1.748
0.717
-0.790
1.756
-0.705
4.444
0.213
2.989
2.648
-4.931
3.694
-3.792
2.267
-7.272
2.001
3.774
5.266
0.682
-0.198
4.138
1.390
3.788
2.449
3.708
3.976
2.930
5.933
3.617
2.366
7.263
5.402
2.953
1.480
3.974
5.029
2.214
2.090
2.251
1.899
-0.438
0.304
-1.919
1.046
-0.753
-2.170
4.726
4.541
3.616
3.376
4.153
3.137
4.864
2.345
4.790
4.089
0.746
-1.550
0.337
4.030
2.574
0.854
2.427
1.553
2.444
2.103
2.193
4.759
5.831
4.648
4.922
2.862
5.883
7.117
4.558
4.279
5.028
0.307
5.215
0.832
-5.385
4.507
-8.425
4.356
-12.998
3.413
6.185
6.846
3.205
3.147
7.442
3.932
5.272
4.871
4.948
7.271
4.969
3.881
3.039
0.102
3.630
7.082
1.877
5.968
4.983
3.055
3.148
3.276
0.649
2.234
1.865
2.698
3.917
3.497
-0.144
4.385
3.811
5.879
7.143
6.163
6.803
7.079
5.244
7.072
6.126
3.297
-6.004
2.856
4.536
4.466
3.902
4.730
3.957
6.470
0.502
1.635
6.197
10.257
6.644
5.926
6.928
7.090
9.276
8.911
9.962
7.799
4.959
6.628
4.770
6.989
6.377
5.500
5.220
5.744
6.549
5.799
8.482
11.080
7.557
7.698
8.326
6.148
9.397
4.145
4.486
10.164
9.123
9.220
8.818
7.319
10.153
9.170
8.323
9.137
11.819
12.191
5.619
5.642
2.384
4.571
6.286
4.834
6.409
6.674
4.886
6.647
10.877
9.232
11.932
6.489
11.438
12.647
8.222
9.116
8.698
3.858
5.959
4.587
7.636
5.037
8.357
7.475
7.970
6.670
4.511
4.311
5.766
8.200
7.006
4.250
6.825
7.050
6.509
4.962
5.126
6.341
6.472
5.471
8.911
7.602
8.991
9.169
8.206
7.898
5.099
7.407
6.692
6.085
6.385
6.523
7.194
7.979
6.487
3.349
8.324
6.679
7.262
7.608
8.955
1.916
6.797
7.571
6.736
6.298
4.673
4.693
5.820
4.374
5.876
6.090
2.858
5.784
7.674
8.096
6.538
6.641
7.303
7.331
7.051
6.990
7.099
6.185
4.725
3.265
7.253
4.637
5.671
9.033
5.605
4.519
5.237
7.181
7.266
6.852
5.457
9.091
