-10.943
-7.804
-7.882
-9.229
-9.273
-9.583
-10.037
-10.241
-10.123
-10.274
-12.984
-10.842
-11.032
-11.415
-11.466
-10.244
-11.205
-7.714
-7.253
-7.243
-9.070
-10.361
-12.497
-7.845
-13.501
-9.379
-11.662
-9.597
-7.221
-8.642
-16.472
-9.827
-8.348
-4.690
-14.929
-10.650
-8.466
-8.173
-10.005
-9.084
-5.487
-3.863
-2.390
-10.169
-6.207
-9.110
-4.372
-8.930
-6.534
-8.624
-7.239
-7.646
-9.964
-8.019
-9.171
-11.807
-6.297
-8.971
-7.574
-12.611
-4.058
-9.473
-3.664
-9.052
-3.542
-8.856
-5.608
-9.162
-3.081
-7.719
-1.425
-5.943
-2.485
-5.860
-2.958
-8.428
-4.097
-10.012
-0.884
-2.158
-9.676
-12.631
-9.755
-7.911
-5.887
-10.299
-4.662
-7.446
-6.281
-11.317
-10.070
-11.069
-6.354
-11.375
-9.471
-13.402
-9.603
-10.746
-7.615
-11.616
-5.200
-12.359
-4.112
-9.946
-5.504
-11.992
-6.515
-9.911
-9.209
-16.080
-13.455
-7.385
-7.493
-13.262
-8.754
-11.191
-7.400
-11.764
-5.206
-8.279
-7.836
-10.625
-7.676
-9.576
-5.864
-11.787
-6.863
-15.570
-5.249
-12.064
-6.809
-14.989
-6.460
-11.835
-7.838
-12.017
-4.979
-9.231
-5.322
-11.672
-4.830
-9.184
-3.368
-10.997
-4.751
-13.380
-9.329
-14.698
-5.863
-15.175
-12.332
-12.278
-9.357
-11.129
-10.069
-11.299
-5.247
-10.879
-2.600
-10.356
-1.155
-9.871
-6.778
-11.196
-2.661
-7.760
-3.046
-8.231
-1.501
-10.901
-4.141
-12.448
-1.381
-10.185
-7.148
-11.875
-2.320
-10.418
-9.056
-9.252
-3.056
-7.593
-5.188
-10.409
-1.912
-6.486
-4.295
-9.833
-6.452
-9.428
-9.886
-8.212
-1.571
-8.875
-8.098
-9.377
-2.855
-7.863
-5.067
-14.412
-8.359
-2.776
-5.093
-5.795
-12.977
-8.286
-9.548
-6.873
-10.040
-4.639
-6.822
-8.707
-10.275
-6.764
-11.738
-6.192
-9.017
-6.983
-6.492
-1.836
-10.078
-4.191
-6.673
-4.827
-9.323
-9.074
-9.470
-3.684
-11.897
-8.229
-8.922
-4.840
-6.535
-6.169
-7.240
-6.139
-13.141
-7.387
-8.267
-6.639
-9.283
-8.470
-10.915
-12.530
-5.924
-6.102
-9.536
-7.419
-4.228
-5.008
-10.858
-8.699
-2.704
-0.492
-4.494
-4.736
-7.899
-9.700
-8.263
-8.171
-4.766
-4.858
-10.765
-8.199
-5.864
-4.865
-8.791
-7.928
-5.782
-6.265
-10.902
-9.266
-9.836
-8.688
-9.508
-11.796
-5.446
-5.573
-7.451
-7.146
-9.632
-10.069
-4.081
-3.351
-3.549
-5.172
-2.150
-3.176
-6.776
-4.960
-4.382
-6.677
-5.387
-8.425
-2.349
-1.280
-5.511
-6.776
-4.051
-2.445
-7.340
-8.926
-3.641
-3.043
-6.049
-7.163
-8.197
-5.090
-9.294
-8.968
-5.671
-4.934
-10.055
-10.979
-7.266
-6.902
-6.320
-5.762
-6.496
-3.879
-7.124
-10.058
-7.878
-4.584
-5.449
-7.019
-6.145
-2.688
-5.268
-6.275
-7.210
-4.968
-6.597
-9.763
-8.657
-6.582
-8.216
-10.197
-8.143
-5.780
-7.808
-10.673
-7.913
-6.307
-7.677
-6.825
-4.122
-2.990
-6.449
-10.662
-7.865
-4.951
-8.003
-8.938
-6.347
-5.877
-11.987
-11.607
-8.217
-6.813
1.710
-2.439
-4.547
-2.927
2.896
0.381
-7.109
-3.896
1.778
-3.105
-8.351
-5.442
-0.952
-7.309
-8.767
-6.152
1.493
0.135
-4.219
-0.289
0.733
-1.339
-4.786
-4.517
-1.350
-4.301
-6.844
-4.305
-1.165
-2.401
-8.775
-7.442
0.627
-1.024
-7.160
-4.481
-5.033
-5.678
-12.908
-11.647
-9.310
-10.440
-12.636
-8.399
-11.919
-12.078
-8.904
-11.886
-13.143
-6.612
-10.202
-14.161
-8.716
-13.508
-12.346
-10.946
-13.827
-13.777
-6.620
-9.725
-11.159
-9.527
-11.205
-10.547
-10.393
-12.478
-11.453
-7.279
-13.539
-15.405
-4.777
-5.831
-10.937
-0.338
-3.327
-13.947
-3.357
-5.991
-10.992
-0.903
-4.843
-12.957
-7.159
-9.396
-12.596
-3.304
-4.872
-10.231
-4.286
-6.747
-10.158
-3.767
-6.841
-12.131
-3.641
-4.357
-15.570
-0.967
-2.287
-13.603
1.338
-4.830
-12.566
-5.867
-8.713
-11.507
-4.651
-7.547
-12.773
-1.850
-4.776
-10.830
-5.614
-8.431
-12.922
-3.215
-1.969
-9.717
-7.048
-9.786
-13.872
-11.979
-9.687
-5.413
-2.686
-4.293
-12.780
-0.722
-4.130
-9.818
-3.622
-6.295
-7.983
-2.294
-2.985
-5.691
-3.101
-6.535
-2.576
-2.036
-4.210
-6.451
-2.996
-4.471
-2.014
-6.736
-6.643
-10.066
-3.064
-5.618
-8.903
-2.363
-8.263
-7.934
-0.291
-2.964
-4.318
-0.289
-5.425
-4.673
-8.496
-10.644
-3.123
-7.837
-11.595
-4.773
-10.845
-10.849
-4.052
-4.486
-9.465
-3.970
-7.487
-11.172
-4.282
-5.549
-13.148
-5.449
-4.137
-13.083
-5.820
-3.632
-11.903
-3.559
-7.244
-8.759
-3.241
-10.237
-8.207
-5.252
-3.375
-4.427
-4.104
0.417
-5.434
-6.130
-0.581
-6.052
-3.099
-2.545
-6.216
-6.026
0.249
-3.372
-3.603
-3.897
-6.400
-7.564
-1.200
-2.390
-3.018
-5.619
-2.281
-0.030
-1.485
-5.291
-2.784
-6.246
-3.394
-3.630
-8.147
-8.918
-10.388
-9.435
-9.188
-9.729
-7.375
-8.846
-11.403
-12.705
-11.406
-10.176
-8.726
-8.874
-11.440
-9.405
-7.992
-9.506
-8.097
-8.609
-8.284
-6.804
-10.380
-10.076
-9.068
-12.351
-9.584
-10.184
-9.440
-11.380
-6.847
-5.995
-9.113
-10.436
-7.339
-5.707
-3.199
-5.928
-7.381
-7.040
-7.105
-8.091
-10.228
-11.936
-8.911
-9.806
-7.165
-9.311
-7.162
-9.274
-8.325
-7.959
-7.927
-4.361
-10.365
-11.248
-8.098
-10.628
-6.396
-11.204
-9.742
-7.616
-11.700
-5.118
-7.684
-10.420
-7.461
-8.982
-5.810
-8.544
-9.022
-9.659
-10.590
-6.301
-11.293
-11.001
-9.508
-10.609
-7.106
-13.740
-10.368
-7.459
-9.523
-5.794
-8.285
-9.015
-8.165
-10.270
-3.788
-10.901
-9.757
-10.277
-8.928
-5.207
-11.965
-14.179
-9.474
-9.427
-8.181
-14.511
-9.255
-5.242
-5.846
-8.599
-7.630
-8.329
-7.449
-10.396
-12.649
-2.273
-9.659
-12.390
-11.547
-11.595
-4.463
-11.304
-9.203
-10.489
-14.626
-5.764
-5.886
-9.249
-8.516
-11.292
-3.107
-9.501
-9.111
-9.092
-12.004
-1.506
-8.978
-6.594
-8.198
-8.041
-3.336
-11.154
-8.182
-9.236
-12.475
-5.154
-8.578
-7.109
-7.727
-9.289
-4.671
-12.508
-11.407
-8.048
-12.237
-8.741
-9.427
-6.584
-9.507
-4.876
-5.667
-9.497
-5.362
-6.311
-4.594
-6.807
-8.177
-4.304
-7.964
-2.977
-7.114
-10.892
-6.738
-7.688
-6.862
-3.822
-6.038
-7.578
-7.353
-7.012
-5.381
-6.266
-4.464
-7.415
-4.221
-5.575
-8.279
-7.314
-8.641
-12.015
-11.029
-9.085
-5.504
-8.360
-5.645
-3.329
-8.495
-7.210
-7.223
-8.612
-6.530
-5.801
-5.618
-6.437
-3.917
-3.415
-8.677
-13.407
-9.958
-8.597
-13.051
-8.997
-11.770
-9.610
-8.919
-16.656
-6.689
-8.799
-7.893
-3.556
-9.939
-8.793
-11.810
-11.695
-11.568
-14.085
-5.400
-6.986
-4.190
-4.655
-10.467
-8.713
-7.875
-9.007
-7.310
-10.313
-8.008
-5.217
-5.808
-7.184
-10.094
-7.798
-9.552
-10.492
-7.450
-11.813
-10.826
-11.086
-9.911
-9.673
-13.950
-8.359
-10.516
-9.934
-8.030
-14.393
-1.323
-0.103
-8.252
2.371
-8.577
0.508
-0.912
-11.001
-2.770
-10.336
-0.624
-0.459
-7.199
-0.761
-8.469
-4.415
-3.052
-10.912
-0.786
-10.247
-4.656
-1.668
-11.177
1.508
-6.133
-0.011
-1.012
-9.710
0.071
-10.485
1.253
-0.499
-9.986
-0.266
-9.178
-5.428
-0.413
-4.794
-1.366
-6.654
0.924
-2.308
-9.923
-1.498
-8.649
-1.226
0.318
-8.500
0.876
-2.919
-11.171
-10.392
-15.388
-3.055
-5.698
-10.104
-10.037
-12.208
-4.759
-6.007
-11.332
-8.515
-13.774
-6.660
-3.992
-11.572
-12.429
-15.611
-7.256
-5.808
-11.226
-7.380
-14.393
-2.818
-6.984
-8.987
-10.963
-13.560
-6.780
-6.235
-10.014
-8.515
-12.205
-7.018
-4.438
-7.996
-7.645
-11.226
-0.216
-7.980
-9.606
-10.427
-13.007
-6.211
-5.809
-11.522
-13.226
-16.591
-8.409
-13.974
-2.793
-7.541
-9.300
-9.179
-13.760
-0.555
-5.552
-10.659
-6.862
-14.073
-2.118
-8.666
-11.911
-8.255
-12.799
-2.635
-7.183
-12.618
-9.200
-12.577
-0.264
-4.876
-15.294
-7.065
-13.911
-2.417
-10.718
-10.899
-7.688
-15.162
-1.970
-3.440
-6.111
-6.375
-8.318
-3.831
-5.096
-10.725
-7.332
-12.735
-4.790
-6.546
-12.769
-9.541
-13.779
-3.369
-4.195
-9.309
-7.315
-11.127
-8.251
-4.089
-8.041
-7.340
-4.211
-2.836
-2.655
-11.347
-7.357
-10.426
-6.095
-2.807
-11.120
-7.414
-6.065
-3.863
-4.454
-9.465
-6.944
-10.427
-2.524
-4.087
-8.057
-3.858
-4.723
-2.345
0.231
-10.246
-6.173
-6.879
-4.569
-2.738
-9.070
-6.215
-6.860
-1.275
-5.363
-12.976
-6.670
-10.105
-5.232
-7.307
-14.264
-8.113
-9.204
-5.059
-7.437
-13.694
-6.396
-10.590
-5.337
0.785
-1.478
-7.730
-11.650
-3.704
0.721
-1.209
-7.826
-8.303
-3.424
0.816
-1.470
-8.400
-10.180
-4.209
1.776
1.113
-7.054
-8.073
-3.564
-0.479
-3.778
-7.691
-12.420
-1.400
-1.639
-4.730
-8.862
-11.646
-1.770
-4.454
-6.100
-6.390
-9.203
-3.157
0.211
-5.575
-6.507
-12.067
-5.590
-1.031
-5.231
-7.472
-11.921
-8.291
-1.721
-3.594
-9.497
-11.792
-8.008
-10.197
-7.911
-7.653
-12.798
-11.946
-4.750
-12.659
-9.792
-6.015
-13.316
-8.384
-12.584
-11.767
-9.440
-9.474
-10.624
-9.505
-11.351
-8.428
-7.676
-9.198
-7.977
-9.249
-11.093
-9.986
-8.848
-7.806
-9.500
-9.500
-16.413
-9.801
-7.664
-18.582
-10.897
-11.695
-16.265
-9.927
-7.532
-15.983
-9.074
-7.569
-16.659
-11.195
-8.232
-15.431
-9.949
-8.213
-17.045
-12.041
-6.480
-18.218
-12.796
-9.980
-18.402
-8.744
-9.529
-15.251
-7.208
-4.963
-10.731
-14.766
-6.490
-9.940
-16.074
-9.539
-9.693
-12.678
-6.930
-7.262
-11.643
-6.131
-10.559
-8.924
-7.691
-6.247
-13.450
-7.772
-8.520
-14.467
-8.125
-9.711
-12.025
-7.922
-9.627
-14.588
-10.777
-9.980
-14.039
-9.375
-3.817
-6.012
-12.885
-4.380
-5.892
-11.755
-6.762
-6.056
-12.169
-1.338
-7.167
-11.393
-4.111
-5.644
-13.125
-3.274
-3.592
-9.278
-4.154
-4.013
-11.150
-2.576
-5.064
-12.707
-4.037
-1.552
-10.834
-1.457
-4.164
-10.471
-9.239
-7.364
-9.070
-6.510
-5.169
-9.640
-3.475
-6.116
-10.137
-6.100
-10.002
-11.622
-8.044
-6.729
-7.469
-2.937
-8.860
-10.342
-7.228
-6.425
-5.371
-6.589
-6.238
-5.474
-6.630
-7.742
-8.692
-10.339
-4.553
-9.311
-8.410
-6.577
-8.804
-5.727
-6.586
-8.380
-7.910
-4.026
-9.410
-8.550
-4.685
-10.681
-5.492
-6.026
-11.452
-6.373
-5.915
-11.563
-8.105
-0.754
-10.709
-8.693
-0.946
-11.968
-8.871
-5.615
-10.936
-3.721
-3.410
-10.505
