-11.345
-9.454
-3.803
-11.705
-5.125
-9.237
-9.502
-8.071
-7.286
-4.281
-7.094
-8.249
-6.972
-4.750
-4.654
-7.169
-7.839
-6.976
-8.025
-6.060
-3.347
-4.847
-5.678
-3.657
-5.014
-2.666
-2.009
-3.341
-3.882
-3.671
-1.186
0.803
-0.774
2.067
0.086
-2.692
-4.827
1.058
-0.567
-1.234
-10.676
-2.739
-12.269
-9.318
-1.064
-9.918
-9.890
-1.975
-11.084
-11.031
-1.438
-11.927
-11.099
-2.059
-10.891
-11.472
-1.857
-10.753
-10.263
-3.577
-9.931
-8.505
-2.923
-9.885
-7.482
-5.138
-9.759
-8.107
-5.427
-12.805
-6.466
-5.243
-10.728
-5.281
-3.310
-9.984
-9.045
-6.639
-9.249
-3.679
-7.295
-6.667
-8.957
-6.737
-4.948
-9.328
-3.003
-6.704
-10.579
-7.235
-6.597
-3.861
-4.425
-8.857
-7.875
-3.031
-8.682
-7.974
-4.553
-9.600
-9.433
-7.907
-8.394
-12.217
-7.044
-13.239
-11.174
-10.633
-10.874
-10.907
-5.834
-13.970
-9.874
-6.522
-12.010
-9.186
-7.058
-11.112
-13.197
-9.792
-10.365
-10.170
-7.900
-13.195
-12.771
-7.070
-14.926
-8.420
-6.362
-12.288
-14.259
-15.494
-11.438
-10.114
-8.868
-7.698
-13.884
-12.796
-10.268
-11.540
-12.735
-9.331
-9.087
-11.308
-8.543
-11.067
-14.388
-9.599
-9.750
-10.665
-6.596
-11.038
-11.595
-9.871
-10.711
-12.094
-9.435
-10.352
-13.467
-10.477
-3.332
-6.253
-1.733
-1.787
-7.444
-0.105
-1.016
-6.394
-4.847
-3.860
-8.831
-4.210
-0.884
-4.149
-0.197
-3.069
-6.666
-2.509
-0.151
-4.699
0.753
-5.487
-8.999
-0.814
-3.490
-10.058
-1.378
-2.719
-9.000
-2.843
-5.494
-5.939
-0.289
-6.637
-7.563
-0.702
-7.524
-9.486
0.834
-5.822
-6.776
0.737
-6.617
-8.401
2.005
-5.228
-4.952
0.349
-5.185
-6.756
3.090
-4.334
-5.901
-0.289
-5.478
-3.485
-0.663
-7.844
-7.185
1.731
-4.308
-10.489
-7.047
-2.035
-7.822
-6.501
-2.151
-7.789
-5.069
-3.908
-5.725
-4.261
-3.395
-8.215
-6.318
-2.721
-10.412
-8.676
-2.584
-10.961
-9.358
-2.320
-6.469
-2.617
-4.419
-11.723
-8.148
-3.814
-11.981
-8.874
1.186
-7.948
-4.235
0.876
-5.585
-2.913
-0.845
-6.891
-6.217
-4.176
-7.621
-6.416
-0.968
-5.927
-4.525
-1.110
-6.093
-6.099
1.418
-4.200
-4.609
-1.799
-4.465
-4.332
-2.188
-8.719
-6.010
-0.844
-2.577
-0.763
-0.604
-12.434
-6.120
-14.096
-7.362
-9.329
-2.930
-9.188
-4.452
-6.402
-3.432
-9.910
-3.875
-9.972
-2.901
-10.523
-1.783
-12.101
-2.709
-12.591
-4.821
-9.616
0.005
-12.813
-3.581
-15.247
-2.529
-12.146
-4.748
-11.822
-4.559
-12.801
-2.855
-12.410
-3.652
-11.293
-7.011
-12.946
-7.129
-13.885
-14.776
-11.090
-12.204
-11.425
-14.110
-9.951
-11.369
-9.631
-10.289
-11.130
-11.048
-7.963
-12.249
-12.656
-12.053
-9.023
-14.560
-11.874
-11.109
-13.237
-5.943
-4.577
-10.231
-5.603
-9.560
-7.162
-7.911
-9.105
-9.211
-8.851
-6.242
-5.528
-10.545
-7.523
-8.400
-3.947
-7.199
-6.557
-11.941
-9.055
-6.493
-7.927
-8.210
-4.426
-8.295
-5.634
-3.957
-3.589
-3.151
-8.802
-4.168
-3.824
-4.735
-3.717
-6.364
-7.475
-8.452
-7.845
-8.920
-5.958
-8.125
-8.049
-4.854
-4.052
-10.729
-1.892
-8.114
-8.166
-4.971
-6.039
-11.020
-7.598
-6.301
-3.948
-7.702
-5.760
-7.898
-2.638
-6.024
-6.157
-9.963
-5.222
-8.225
-9.392
-9.320
-11.406
-12.083
-10.636
-9.189
-8.088
-8.941
-7.065
-10.690
-10.129
-11.225
-11.451
-9.002
-9.776
-12.572
-8.505
-10.269
-8.807
-9.271
-10.598
-9.802
-12.386
-13.599
-10.867
-7.197
-6.576
-8.126
-9.036
-7.629
-8.637
-8.805
-8.305
-7.205
-6.910
-9.761
-8.577
-11.804
-11.122
-11.028
-12.676
-9.811
-8.387
-9.878
-14.627
-10.280
-8.215
-4.289
-12.040
-10.152
-7.440
-7.675
-12.945
-6.811
-6.479
-2.614
-10.243
-8.078
-9.647
-8.284
-13.448
-7.313
-4.570
-7.377
-11.231
-8.124
-8.488
-2.249
-13.383
-8.497
-11.006
-9.652
-14.727
-9.074
-5.060
-8.731
-10.346
-4.091
-8.806
-6.056
-7.027
-5.428
-12.025
-8.484
-3.360
-7.429
-12.812
-9.306
-9.555
-6.247
-8.488
-7.117
-7.375
-7.638
-8.948
-10.069
-7.047
-3.210
-8.999
-8.727
-8.945
-6.576
-7.862
-8.441
-5.639
-5.923
-10.402
-11.214
-7.303
-3.791
-9.618
-9.408
-3.585
-8.014
-8.774
-8.852
-8.033
-8.136
-4.225
-3.793
-6.673
-9.593
-3.755
-2.092
-3.360
-13.794
-6.668
-3.253
-7.569
-13.012
-7.305
-2.343
-8.854
-9.774
-4.573
1.048
-4.567
-12.833
-7.743
-4.481
-7.836
-13.890
-5.469
-3.128
-7.881
-11.714
-5.716
-0.564
-6.574
-9.773
-4.742
-2.088
-7.181
-10.778
-7.602
-5.443
-7.716
-5.158
-7.001
-7.266
-5.021
-5.109
-5.453
-4.106
-4.049
-4.604
-9.801
-8.162
-4.661
-4.311
-7.901
-6.908
-5.292
-3.201
-8.029
-3.987
-5.955
-6.762
-7.092
-6.931
-6.473
-4.242
-7.063
-4.696
-7.790
-8.017
-12.149
-6.853
-6.530
-8.188
-8.468
-4.120
-11.506
-3.052
-10.112
-5.509
-6.443
-7.766
-5.105
-10.330
-8.751
-10.674
-12.559
-11.427
-12.325
-12.577
-8.990
-11.430
-9.998
-4.970
-8.334
-9.259
-11.885
-11.013
-4.723
-9.542
-7.169
-10.130
-4.211
-8.512
-7.143
-11.235
-10.460
-11.472
-12.169
-8.562
-9.900
-10.195
-10.042
-11.676
-5.029
-10.355
-9.072
-11.888
-6.823
-8.731
-5.551
-7.861
-10.152
-4.673
-7.252
-8.511
-9.119
-2.747
-3.108
-11.000
-13.089
-3.792
-9.162
-6.559
-10.332
-5.309
-6.423
-10.528
-8.162
-2.349
-5.574
-5.673
-10.021
-4.525
-8.864
-6.191
-7.323
-4.955
-8.130
-9.632
-8.991
-5.008
-8.288
-5.863
-10.105
-4.903
-9.446
-9.296
-10.466
-4.998
-6.428
-8.638
-8.379
-7.315
-5.448
-8.777
-8.182
-8.455
-6.425
-11.737
-7.098
-6.329
-2.999
-8.443
-6.604
-9.079
-3.802
-10.240
-9.386
-8.786
-3.563
-9.246
-8.033
-7.689
-3.990
-5.679
-5.578
-8.650
-3.561
-10.156
-5.842
-7.247
-6.208
-11.233
-6.176
-5.848
-4.724
-11.765
-8.776
-8.400
-7.206
-6.220
-11.958
-2.933
-13.591
-5.372
-5.820
-6.719
-11.168
-4.420
-12.225
-5.201
-14.231
-8.067
-9.167
-3.853
-13.576
-5.429
-8.698
-6.128
-10.599
-6.152
-7.488
-3.420
-12.715
-5.369
-9.364
-5.001
-12.421
-2.775
-7.172
-3.089
-14.702
-10.174
-10.407
-4.225
-13.208
-8.316
-8.007
-5.705
-8.941
-4.256
-7.316
-10.937
-10.179
-3.573
-5.998
-10.987
-9.457
-5.107
-6.438
-9.055
-9.956
-10.612
-8.690
-10.838
-10.516
-4.628
-5.981
-12.485
-9.481
-4.227
-6.688
-12.964
-4.702
-5.052
-2.956
-8.995
-6.065
-7.449
-7.064
-10.419
-10.054
-3.485
-8.206
-10.867
-9.247
-6.935
-8.620
-11.288
-10.958
-11.207
-6.215
-7.860
-4.431
-6.515
-1.281
-9.692
-5.292
-9.827
-4.578
-10.447
-6.398
-12.718
-4.522
-12.429
-4.954
-12.292
-7.361
-12.934
-5.294
-6.263
-2.018
-8.081
-5.056
-6.548
-6.980
-8.195
-1.353
-3.564
-4.737
-8.484
-5.649
-6.084
-7.373
-11.196
-6.643
-10.035
-3.455
-7.589
-6.008
-11.570
-6.139
-10.456
-4.956
-11.366
-6.887
-12.285
-8.403
-7.242
-5.262
-10.836
-6.313
-10.761
-7.123
-12.614
-5.086
-13.125
-6.559
-9.224
-7.945
-6.311
-7.309
-6.230
-8.447
-4.378
-3.113
-4.997
-6.978
-7.515
-5.414
-5.120
-6.565
-3.540
-4.982
-6.225
-4.041
-4.716
-5.162
-7.482
-4.980
-4.026
-6.081
-7.748
-6.303
-8.938
-4.946
-9.594
-8.273
-7.219
-6.250
-6.370
-6.821
-7.329
-3.717
-7.594
-7.241
-6.500
-4.255
-10.274
-9.873
-6.948
-7.022
-9.370
-8.137
-8.752
-4.040
-3.463
-7.043
-6.354
-7.895
-8.649
-7.605
-6.064
-8.281
-7.862
-5.455
-6.351
-8.017
-3.245
-3.142
