5.689
9.235
4.919
7.642
7.765
7.860
5.104
8.736
5.643
7.258
-2.554
-3.323
-4.504
-3.929
-2.380
-2.557
-5.157
-2.674
-0.347
-2.618
9.244
9.581
6.557
8.354
9.776
8.200
8.050
8.640
8.460
8.801
4.394
3.824
6.350
3.813
5.259
3.085
3.645
5.550
3.291
4.567
-6.302
-5.542
-2.012
-1.648
-6.956
-1.334
-3.239
-2.325
-4.874
-6.023
-3.754
-3.032
-1.655
0.725
-3.030
-4.219
-3.951
-0.666
-0.396
-2.769
-3.131
-0.925
-6.595
-4.649
-6.366
-5.765
-1.838
-5.633
-3.158
-2.471
6.030
1.799
4.650
4.452
-2.585
6.230
-2.174
4.592
-3.990
3.784
6.409
8.375
5.450
3.548
7.343
4.634
7.453
5.875
6.476
7.032
0.883
-0.702
2.389
3.212
-0.420
2.479
2.917
1.190
0.338
-0.218
-4.268
-2.657
0.282
-1.084
-3.761
-5.883
-5.315
-2.835
-4.868
-3.265
6.406
4.436
2.532
0.602
3.293
2.284
4.730
1.198
1.777
2.961
-1.914
-2.217
-2.536
-2.106
-2.914
-1.845
-0.307
-1.629
-3.285
-1.239
-1.511
0.847
-0.376
0.794
-3.021
-2.723
-0.192
0.766
-2.235
-3.809
7.076
2.555
7.653
2.928
-3.847
6.451
-5.866
6.706
-10.092
5.661
1.282
2.204
-1.200
0.051
-1.086
1.172
0.251
-0.038
0.071
-3.657
2.634
-0.576
-0.129
-0.794
1.871
-1.277
-0.896
-1.619
-0.387
-0.612
6.244
6.447
3.637
5.648
5.230
5.714
7.070
6.592
2.624
7.576
5.962
7.387
8.881
7.928
8.092
9.595
7.218
8.971
8.139
5.158
-3.822
5.086
7.188
6.210
5.431
6.554
6.470
8.202
2.763
4.003
-0.724
-3.132
-3.806
-2.642
-4.979
-3.473
-2.408
-4.110
-0.621
-1.799
5.603
7.825
6.344
8.733
7.941
6.909
7.173
7.074
7.095
7.190
-5.569
-3.825
-6.187
-6.458
-4.465
-4.999
-3.942
-8.734
-5.222
-2.431
8.802
9.189
8.706
7.335
9.700
8.595
8.520
9.275
11.126
11.362
1.141
0.187
-2.089
-2.303
-1.174
0.847
0.630
-0.833
1.817
0.364
10.597
8.978
11.539
6.899
11.040
12.142
8.561
9.350
9.084
4.834
1.578
0.942
2.982
2.719
0.869
4.077
1.656
2.957
-0.053
1.001
2.384
3.882
1.988
-0.253
3.642
4.306
4.630
2.645
0.755
3.039
6.939
6.789
9.652
8.497
9.585
9.906
9.293
8.079
5.908
8.650
8.125
7.223
7.632
8.420
8.475
8.754
7.467
4.815
8.970
7.825
7.933
8.470
9.605
2.440
7.832
8.164
8.232
6.860
4.954
6.014
3.089
1.553
1.575
3.712
0.473
1.091
1.600
2.861
1.512
3.209
-0.696
-1.227
-0.009
-0.819
-1.103
0.750
1.318
-2.659
2.027
-4.546
6.710
9.418
6.440
5.601
5.911
7.878
7.693
7.382
6.365
9.329
