9.575
-5.679
9.992
-6.928
10.062
-7.286
10.811
-8.007
9.084
-7.674
10.168
-7.795
8.045
-9.135
10.264
-7.603
8.712
-5.317
8.256
-4.644
-6.729
-7.694
-7.061
-5.524
-5.010
-7.538
-5.501
-7.026
-3.070
-5.728
-6.630
-7.658
-3.396
-2.719
-5.219
-7.772
-7.462
-6.019
-3.681
-6.551
5.047
-1.294
7.813
-7.545
5.916
-6.412
8.033
-6.460
4.373
-5.964
4.469
-5.214
3.240
-5.094
2.113
-8.786
7.021
-6.095
3.918
-9.941
3.667
-6.713
1.972
-6.702
2.785
-6.520
1.569
-6.426
2.199
-5.467
5.341
-3.831
3.611
-3.748
4.128
-6.071
1.705
-7.373
3.930
-0.529
-3.961
-5.302
7.296
-4.820
-1.207
-4.504
6.933
-4.137
-1.959
-3.575
7.213
-6.351
-0.903
-7.490
1.383
-9.588
-1.780
-5.254
6.008
-7.614
-1.130
-8.394
7.325
-6.140
-2.159
-5.343
7.826
-5.882
-5.736
-7.765
1.341
-4.918
-2.868
-6.666
6.534
-7.680
-4.367
-5.323
7.103
-3.706
5.204
-4.952
-5.100
-5.810
6.067
-6.216
-0.943
-11.971
6.015
-4.854
-2.389
-10.208
6.159
-5.321
-1.184
-7.807
7.060
-7.444
-1.640
-8.446
7.477
-5.476
-0.121
-8.175
6.289
-8.194
1.747
-11.069
3.037
-7.601
-3.615
-8.822
1.064
-9.436
-2.123
-8.894
6.350
-6.909
-1.086
-7.393
-3.248
-7.174
-4.385
-7.986
1.650
-5.722
0.540
-5.343
-0.119
-9.280
-1.337
-9.231
0.616
-6.073
1.061
-8.390
-3.587
-7.272
-4.967
-6.590
0.132
-5.980
-1.334
-7.808
-0.604
-5.152
-0.087
-7.013
-5.165
-6.458
-4.078
-6.313
-2.045
-5.927
-2.988
-6.456
-2.924
-5.915
-4.556
-11.036
-4.674
4.377
-5.132
-0.475
-6.599
2.669
-5.284
-0.734
-9.003
2.380
-5.113
-3.369
-7.502
4.043
-8.457
-0.962
-4.180
6.927
-2.893
2.956
-5.642
4.501
-4.966
0.068
-7.309
3.110
-6.508
0.416
-5.480
3.703
-8.794
0.383
-3.841
2.522
-2.590
-1.234
-4.743
3.966
-4.377
-1.272
1.101
-7.044
-8.706
-8.525
-4.785
-2.878
-5.867
-3.342
1.194
-2.659
-9.254
-3.794
-0.143
0.094
-4.037
-0.351
3.148
-5.128
-7.486
-3.736
-0.127
-2.109
-8.067
-3.657
4.468
-3.570
-7.372
-3.330
-2.460
-3.245
-6.800
-4.231
3.015
-6.915
-10.692
-8.387
4.468
-3.082
-5.333
-3.932
-2.929
-6.952
8.131
-1.828
-2.421
-2.465
6.257
-0.746
-5.169
-3.101
6.064
-4.452
-4.695
-3.918
4.370
0.254
-1.763
-4.013
6.348
-1.087
-2.681
-5.314
8.480
-1.589
-4.550
-4.485
-0.611
-1.848
-5.576
-4.782
8.652
-2.890
-3.101
-6.785
7.048
-5.870
-0.340
-4.767
4.479
-1.349
6.480
-6.196
-2.619
-0.575
5.416
-3.528
-0.856
0.803
6.028
-4.647
-2.834
-0.940
5.537
-6.128
-3.907
-1.863
5.437
-5.985
-4.079
-1.161
6.114
-5.977
-2.440
-1.915
4.117
-4.870
0.946
0.072
1.815
-4.330
-2.109
-0.672
6.228
-5.969
-4.565
-2.008
4.042
-8.639
-2.893
-3.215
-0.900
5.050
-0.430
0.961
-6.656
8.390
-2.780
-0.426
-7.861
7.288
-6.474
-1.138
-6.175
2.942
-6.890
-1.152
-5.110
6.680
-3.363
3.797
-8.234
6.489
-3.735
-0.823
-8.177
3.598
-5.527
0.026
-7.375
4.224
-3.475
-3.481
-3.575
4.724
-5.456
0.643
-7.357
1.176
-7.736
-6.234
-4.239
-8.847
-9.689
-2.852
-7.278
-9.226
-5.546
-9.235
-9.784
-2.952
-9.571
-10.190
-5.531
-7.788
-9.568
-5.824
-8.664
-10.486
-1.695
-6.683
-7.697
-4.753
-7.555
-7.609
-4.515
-6.537
-8.423
-5.095
-5.482
-12.507
-5.344
4.993
-8.293
-2.375
6.842
-10.906
-2.765
3.742
-8.520
-1.475
5.527
-9.692
-7.775
2.788
-9.789
-3.165
3.788
-7.258
-4.983
6.008
-7.398
-4.799
5.632
-9.126
-2.200
2.703
-12.338
-2.720
6.879
-10.629
4.054
0.319
-9.653
7.113
-4.020
-8.527
6.228
-3.132
-8.966
6.637
-1.808
-7.445
5.337
-4.177
-9.848
6.354
0.889
-6.737
5.058
-4.143
-10.747
3.800
-7.620
-2.909
5.442
-1.601
-9.482
6.943
-0.308
-6.638
3.488
-2.716
-2.466
4.027
0.218
-1.925
5.474
-2.904
-0.849
4.371
-0.555
-1.168
4.282
-0.779
-0.470
2.059
-3.077
-2.156
3.749
-1.557
-4.583
3.461
-4.540
1.799
3.346
0.629
-2.383
4.585
-2.205
-1.496
-4.230
-7.155
7.646
-2.486
-8.141
7.642
-4.340
-7.427
8.674
-1.876
-5.879
8.680
-3.551
-7.474
7.461
-1.631
-9.731
6.054
-3.028
-9.524
6.310
-1.453
-8.321
4.920
-2.264
-5.773
6.825
-4.083
-4.969
7.528
7.752
-0.538
-2.876
6.764
-1.630
-1.246
6.765
-2.176
0.214
5.755
-2.134
-2.366
2.565
0.280
-3.718
2.509
-2.876
-3.855
5.185
1.315
-0.660
6.698
1.692
-1.421
3.325
-1.318
-2.258
6.052
0.361
-1.390
-5.144
-6.417
-6.669
-0.675
-2.959
-7.999
-4.412
-5.304
0.392
-5.342
-8.773
-7.353
-6.011
-0.950
-4.747
-7.066
-5.593
-6.062
-3.525
-4.749
-6.137
-3.935
-7.398
-2.016
-2.417
-9.362
-6.463
-6.982
-2.548
-3.300
-4.713
-3.050
-6.213
-0.744
-0.576
-3.735
0.117
-2.785
-1.321
-1.192
-4.976
-5.490
-7.026
-1.983
-2.951
-7.834
-4.446
-6.637
1.522
-3.905
-6.188
-4.771
-5.781
-2.734
-5.958
-8.625
-5.361
-7.884
-3.741
-8.730
-7.457
-5.022
-9.184
-5.143
-8.580
-7.804
-4.034
-6.306
-5.246
-7.472
-6.792
-6.847
-7.971
-1.700
-8.423
-8.138
-6.509
-7.767
-3.923
-9.865
-7.684
-4.308
-7.017
-2.712
-6.828
-6.411
-5.475
-8.107
-3.891
-7.710
-7.225
-7.444
-6.501
-4.004
-8.507
-11.646
-6.392
-6.780
-5.194
-10.507
-6.801
-1.888
-2.520
-4.263
6.105
-6.845
-4.828
-7.981
-5.112
3.937
-8.224
-9.053
-8.338
-7.053
1.286
-8.531
-6.075
-7.961
-9.683
6.019
-4.035
-6.573
-5.658
-4.070
6.368
-7.127
-6.127
-6.397
-6.471
5.255
-6.654
-3.714
-5.434
-6.312
8.238
-8.973
-5.099
-6.630
-7.227
5.110
-6.823
-3.300
-4.526
-9.099
8.275
-10.208
-6.879
-5.289
-7.375
7.170
-6.914
-3.956
-6.449
0.663
-6.727
-6.797
-3.083
-3.882
0.540
-6.290
-5.699
-1.835
-5.117
1.367
-6.015
-7.976
-4.018
-5.342
-3.559
-4.036
-4.041
-5.118
-5.242
-3.802
-5.390
-4.100
-1.544
-4.451
-2.570
-4.897
-6.481
-5.004
-5.861
-3.735
-5.995
-6.433
-3.822
-6.153
-0.459
-7.390
-5.910
-4.733
-5.141
-2.223
-9.066
-3.455
-3.223
-3.789
0.872
-5.166
-7.380
-11.391
-6.826
4.279
-9.124
-6.861
-9.131
-5.818
7.393
-9.164
-4.012
-6.406
-4.724
8.872
-7.659
-6.611
-9.304
-7.997
8.246
-9.168
-3.239
-4.823
-0.870
6.181
-8.320
-6.067
-5.352
-4.927
8.748
-6.362
-5.413
-2.643
-2.774
7.391
-5.070
-5.156
-7.380
-6.952
8.238
-8.575
-8.523
-9.690
-6.963
4.616
-11.377
-6.189
-8.669
-6.161
7.026
-10.030
-0.869
1.699
-5.915
10.772
-5.938
-2.198
-0.857
-8.164
8.080
-7.367
-4.119
1.036
-5.266
8.839
-6.086
-6.821
-1.639
-8.053
7.179
-7.394
-4.581
-0.699
-8.653
7.050
-4.006
-0.405
2.807
-7.247
8.447
-7.585
2.375
1.306
-7.245
8.165
-6.282
-7.333
0.831
-2.994
7.010
-4.652
-0.177
-0.024
-7.412
8.362
-6.127
-2.480
1.819
-6.310
9.481
-1.329
-8.675
-5.326
-11.693
-6.559
-3.146
-8.260
-6.049
-9.277
-7.608
-3.397
-9.094
-4.862
-10.724
-7.197
-1.789
-10.116
-8.194
-12.463
-11.173
-3.492
-8.671
-4.690
-10.924
-4.855
-4.540
-9.586
-6.712
-10.471
-9.701
-3.710
-8.462
-3.774
-9.450
-8.493
-2.355
-6.823
-5.711
-7.980
-3.493
-5.303
-9.933
-6.065
-10.110
-8.391
-3.681
-7.278
-8.350
-12.983
-10.565
-10.241
8.388
-0.439
-6.867
-4.895
-10.092
8.375
-2.496
-7.641
-2.246
-10.577
6.640
-2.143
-8.814
-4.489
-9.227
7.212
-0.076
-9.769
-4.382
-9.265
7.338
-0.327
-11.680
-2.103
-10.279
7.423
-3.488
-8.078
-5.211
-11.638
8.489
-0.159
-3.747
-1.170
-5.868
7.526
-0.033
-8.107
-3.112
-9.499
3.407
-2.377
-9.611
-7.300
-10.246
7.396
0.407
-6.805
-2.119
-7.750
-8.542
2.178
-5.654
-1.650
-2.047
-0.137
5.759
-8.406
-0.728
-7.018
-3.503
6.283
-8.173
-0.519
-3.756
-2.740
7.990
-6.946
-0.479
-7.622
-4.459
2.958
-5.810
1.307
-2.758
-3.300
4.523
-7.583
-0.595
-4.713
-5.509
6.798
-6.772
-0.969
-4.645
-3.561
5.549
-9.596
-1.640
-7.067
-6.676
4.747
-11.166
-3.505
-6.480
-3.418
6.594
-10.190
-0.379
-7.717
0.255
2.531
-0.068
-2.156
-8.502
-2.971
1.048
0.435
-3.544
-5.667
-1.187
2.196
-0.007
-3.344
-7.256
-4.298
0.271
2.021
-1.877
-5.345
1.838
0.881
-1.776
-4.881
-9.183
-0.294
0.071
-2.870
-3.593
-8.631
2.567
1.775
-4.186
-2.653
-6.201
-2.323
3.259
-3.323
-0.582
-9.048
-3.284
1.204
-2.798
-3.367
-8.885
-4.622
0.881
-1.764
-4.378
-8.739
-5.118
-6.101
-5.128
-5.238
-9.397
-9.117
-2.069
-9.057
-7.238
-3.507
-10.060
-6.144
-9.524
-8.603
-6.437
-6.128
-7.483
-6.794
-8.932
-4.854
-4.552
-5.941
-4.758
-6.069
-8.261
-7.155
-6.720
-4.992
-7.267
-7.208
-13.594
-7.257
-4.811
-15.298
-8.621
-8.416
-13.159
-7.471
-5.133
-12.601
-6.584
-5.070
-13.889
-8.462
-5.107
-12.052
-7.583
-5.932
-13.853
-9.169
-4.084
-14.927
-10.733
-7.132
-15.067
-6.952
-6.885
-12.640
-4.982
-2.413
-7.351
-11.580
-4.790
-7.255
-12.707
-7.962
-5.830
-9.627
-5.038
-4.325
-9.101
-4.506
-7.164
-6.806
-5.684
-3.346
-10.043
-5.819
-5.698
-11.132
-6.713
-6.503
-9.298
-6.109
-7.312
-11.585
-8.260
-6.394
-10.818
-7.641
6.517
-3.576
-9.739
6.632
-2.397
-8.584
3.201
-3.040
-8.925
6.015
-3.356
-7.962
6.714
-2.325
-9.839
4.187
-2.059
-6.820
6.700
-2.763
-8.315
8.215
-1.029
-9.380
5.377
-0.371
-7.756
7.790
-4.018
-7.696
-4.821
5.521
-6.104
-4.633
8.323
-6.997
-1.071
6.851
-7.670
-4.489
6.258
-8.812
-2.572
7.284
-4.799
-5.002
6.643
-7.711
-1.973
6.509
-3.105
-1.703
6.622
-3.124
-4.036
7.294
-6.286
-6.817
7.055
-6.442
1.538
-4.380
-5.710
-1.250
-2.997
-5.301
0.832
-2.933
-6.328
1.345
-2.926
-7.468
2.732
-3.494
-8.394
2.571
-3.453
-8.135
0.862
-1.211
-7.642
2.672
-2.874
-8.350
-0.868
-2.528
-7.876
2.709
-3.811
-7.614
