-8.678
-6.177
-4.627
-7.008
-6.402
-5.813
-7.303
-4.395
-7.076
-5.985
-3.744
-5.211
-3.887
-1.880
-1.905
-4.083
-4.810
-3.559
-4.852
-3.560
-0.747
-2.505
-2.372
-4.278
-2.457
0.461
-0.767
-0.675
-2.974
-1.717
0.312
1.818
0.950
3.600
1.521
-0.677
-2.514
2.469
1.235
-0.003
-9.165
-8.232
-9.186
-7.811
-7.601
-6.587
-8.823
-6.677
-6.087
-8.089
-4.535
-6.916
-7.235
-8.039
-7.880
-6.009
-6.782
-6.646
-7.709
-8.701
-5.737
-4.904
-5.161
-6.017
-3.850
-6.243
-6.208
-6.573
-4.819
-9.109
-1.583
-5.171
-6.232
-1.271
-6.049
-5.689
-1.619
-5.073
-5.197
-2.810
-4.185
-2.993
-2.709
-4.769
-1.277
-4.166
-4.784
-2.200
-7.662
-4.398
-2.392
0.711
-5.316
-4.801
-1.209
-3.058
-3.924
1.382
-7.726
-5.765
-8.416
-3.234
-5.524
-9.235
-0.931
-10.582
-8.102
-5.988
-7.184
-9.290
0.709
-9.155
-7.677
-3.054
-8.250
-7.111
-4.756
-7.473
-10.008
-3.861
-6.847
-8.313
-5.872
-9.094
-8.390
-4.072
-10.879
-7.355
-2.287
-8.963
-9.890
-7.115
-10.526
-8.269
-5.869
-9.434
-9.211
-8.525
-8.067
-6.437
-5.635
-6.793
-6.637
-5.330
-5.638
-9.431
-2.507
-5.567
-5.425
-7.259
-5.828
-10.339
-2.986
-8.642
-7.858
-6.337
-8.778
-5.260
-4.247
-5.907
-3.950
-2.225
-1.764
-2.753
-0.155
0.522
-0.565
-0.069
-4.616
-0.196
-1.744
-4.058
0.567
1.919
-1.596
1.374
-1.083
-2.885
-3.024
1.360
-1.731
-1.843
-3.896
-2.983
-1.424
-1.560
-1.151
-1.946
-2.161
-2.864
-4.913
-2.545
2.643
-6.638
-2.781
1.300
-9.260
-5.052
2.253
-4.779
-2.683
1.169
-5.432
-3.316
4.283
-4.957
-1.631
1.625
-6.426
-1.265
4.214
-5.912
-1.522
2.233
-4.902
-2.756
1.146
-3.867
-4.127
2.574
1.923
-5.277
-2.427
1.818
-4.224
-2.989
1.227
-4.980
-0.583
1.140
-3.153
-1.280
-1.045
-6.415
-2.530
1.230
-5.101
-4.369
-1.762
-6.157
-5.732
0.187
-2.013
1.594
-0.459
-6.999
-3.209
-2.960
-6.385
-4.042
-3.897
-5.230
-0.528
-3.412
-3.430
0.657
-1.264
-4.922
-2.028
-7.738
-2.789
-3.429
-6.826
-2.691
-2.524
-5.033
-2.750
-2.716
-3.077
-2.587
-1.843
-2.334
-1.521
-0.786
-5.327
-6.774
-2.810
-2.177
-1.952
1.956
-2.925
-8.748
-2.612
-11.164
-2.546
-6.906
-0.098
-6.775
-4.532
-3.911
-3.799
-7.629
-1.290
-7.320
-1.288
-7.989
-2.259
-8.437
-4.391
-9.361
0.082
-6.890
0.767
-9.485
1.317
-12.365
0.053
-8.826
-2.008
-8.850
-1.902
-10.077
-0.415
-9.362
0.335
-8.574
-0.153
-10.292
-1.991
-10.951
-7.404
-8.757
-6.767
-7.712
-6.358
-8.690
-4.063
-7.101
-8.073
-6.552
-5.906
-7.745
-4.920
-6.878
-7.133
-7.840
-7.550
-8.358
-8.299
-5.649
-2.355
-2.929
-6.544
-2.762
-5.969
-5.898
-4.176
-2.866
-5.467
-5.205
-2.651
0.118
-6.862
-1.763
-4.999
-2.244
-3.377
-3.357
-8.404
-4.782
-3.125
-4.771
-0.200
-1.060
-2.491
-2.475
-1.920
-0.527
-0.987
-5.235
-1.444
-0.673
-3.485
-1.011
-4.286
-4.242
-3.786
-4.708
-3.311
-2.919
-1.865
-4.157
-2.114
-5.699
-2.487
-2.760
-1.506
-5.670
-2.296
-8.489
-3.248
-4.840
0.145
-2.764
-3.059
-7.372
-6.238
-5.183
-1.342
-5.069
-7.351
-2.717
-10.451
-6.919
-6.761
-7.620
-7.478
-8.210
-6.673
-4.581
-7.543
-4.887
-7.896
-6.567
-8.388
-6.143
-6.704
-6.085
-8.609
-6.297
-7.538
-5.046
-7.465
-5.128
-7.316
-8.224
-9.135
-4.732
-4.718
-2.753
-7.211
-4.702
-5.478
-5.065
-8.708
-4.477
-5.131
-3.137
-4.210
-1.967
-9.652
-9.335
-2.120
-8.661
-7.062
-5.404
-5.072
-9.308
-7.338
-5.266
-5.684
-8.710
-7.748
-5.085
-3.532
-9.368
-5.009
-2.610
-7.074
-5.148
-5.758
-6.192
-4.449
-4.401
-5.163
-1.176
-5.177
-7.430
-5.575
-5.077
-5.963
-7.556
-6.683
-8.329
-2.342
-11.642
-6.643
-2.460
-4.155
-7.995
-2.397
-5.437
-3.410
-6.470
-3.288
-8.682
-5.618
-9.068
-5.346
-9.529
-7.018
-10.148
-3.672
-5.000
-3.868
-10.073
-5.616
-6.317
-7.079
-7.464
-1.197
-6.191
-6.132
-5.892
-4.706
-5.049
-5.845
-8.543
-3.935
-7.268
-8.292
-9.337
-1.781
-6.595
-6.556
-7.372
-6.061
-6.263
-6.044
-9.079
-5.821
-2.631
-7.387
-7.661
-6.727
-0.663
-5.100
-3.116
-10.800
-3.647
-6.651
-6.393
-9.921
-4.022
-6.631
-6.629
-6.959
-2.038
-8.238
-6.341
-9.653
-5.199
-7.796
-6.840
-9.878
-3.022
-8.545
-6.883
-8.439
-2.681
-3.877
-6.829
-7.069
-2.357
-5.107
-5.697
-7.904
-4.248
-2.745
-5.476
-2.702
-4.113
-4.686
-5.614
-2.797
-2.314
-1.194
-7.645
-2.556
-7.115
-5.191
-9.102
-2.413
-5.406
-4.087
-10.960
-1.442
-5.000
-1.445
-6.351
-4.334
-4.232
-4.170
-8.309
-2.180
-4.340
-2.082
-8.990
-6.043
-9.116
-4.471
-9.874
-5.197
-5.069
-1.450
-8.950
-1.411
-6.982
-3.033
-7.067
-7.312
-6.150
-4.798
-6.031
-6.516
-8.184
-9.350
-9.230
-7.927
-5.887
-8.188
-7.324
-3.355
-3.718
-4.915
-8.570
-7.624
-3.913
-4.908
-4.789
-5.343
-3.620
-5.238
-4.709
-3.576
-5.373
-7.979
-8.833
-4.082
-5.995
-6.774
-7.183
-8.957
-6.344
-5.399
-6.611
-9.820
-7.402
-4.842
-3.519
-7.143
-7.429
0.085
-4.989
-6.499
-6.652
1.276
-1.503
-7.775
-10.034
-1.227
-6.335
-3.562
-7.565
-0.800
-4.451
-7.189
-5.842
1.381
-3.404
-5.522
-7.291
0.204
-6.382
-6.123
-4.884
-0.480
-5.296
-6.872
-6.488
-1.055
-5.994
-2.670
-7.400
-0.194
-6.398
-4.925
-7.816
0.949
-4.045
-10.255
-4.135
-5.445
-2.372
-11.734
-4.949
-6.611
-3.463
-10.378
-1.956
-4.430
-1.181
-10.421
-2.454
-6.714
-1.975
-8.715
-3.842
-6.591
-4.040
-9.061
-4.327
-5.736
-2.987
-6.639
-2.024
-6.356
0.990
-6.619
-4.034
-5.270
-3.110
-9.660
-2.601
-3.872
-0.816
-12.632
-7.636
-6.147
-4.183
-1.663
-8.600
1.201
-10.096
-0.632
-3.752
-3.507
-7.896
1.259
-8.696
-0.338
-10.650
-0.212
-6.303
-1.521
-9.949
-0.326
-6.086
-0.399
-7.807
-0.699
-4.957
-0.554
-9.354
-2.016
-6.653
-0.481
-9.267
0.986
-4.537
-0.081
-11.295
0.187
-7.739
-0.702
-9.929
-0.571
-5.573
-2.913
-6.238
-5.962
-4.037
-8.023
-7.410
-3.208
-2.453
-8.224
-6.496
-4.786
-4.771
-6.580
-7.189
-9.555
-8.451
-8.081
-7.665
-3.985
-3.530
-9.255
-6.685
-5.750
-4.358
-9.805
-2.627
-2.748
-1.831
-6.323
-3.939
-4.782
-3.667
-7.339
-7.195
-5.177
-3.804
-8.110
-6.598
-4.822
-4.958
-8.236
-7.888
-7.852
-3.213
-4.880
-1.079
-3.316
1.404
-6.292
-2.313
-6.531
-1.510
-7.717
-3.474
-8.749
-1.546
-9.033
-2.104
-9.422
-4.643
-8.954
-1.980
-3.811
-0.220
-6.160
-3.058
-3.945
-4.157
-5.746
1.040
-1.796
-2.443
-6.049
-3.529
-4.097
-4.938
-8.562
-4.809
-6.973
-1.554
-5.167
-3.606
-8.810
-4.697
-7.711
-3.370
-8.371
-5.043
-9.955
-6.431
-4.515
-3.234
-7.978
-4.738
-7.878
-5.054
-9.736
-3.531
-9.774
-4.670
-6.354
-6.083
-1.811
-4.732
-3.236
-5.669
-1.767
-0.672
-2.469
-4.335
-3.485
-2.733
-3.492
-4.212
-1.150
-2.834
-2.906
-1.734
-3.000
-3.152
-1.883
-2.504
-1.346
-3.553
-6.720
-3.928
-6.249
-2.599
-5.753
-5.472
-3.925
-3.501
-4.808
-4.505
-4.683
-1.584
-6.723
-4.410
-3.831
-1.701
-8.110
-6.875
-6.695
-6.802
-10.227
-6.456
-7.495
-2.745
-5.317
-2.792
-7.459
-3.622
-8.762
-6.387
-8.065
-2.819
-8.160
-2.508
-4.870
-4.010
-5.001
-2.909
