-4.594
-5.251
-1.957
-4.695
-3.289
-3.800
-2.868
-4.949
-3.029
-5.522
-3.036
-3.710
-4.700
-4.761
-3.205
-6.303
-2.911
-3.037
-1.932
-3.721
-4.995
-2.763
-2.043
-2.171
-5.209
-3.449
-3.174
-3.330
-1.294
-2.864
-3.779
-3.648
-3.891
-2.232
-4.524
-3.346
-2.993
-3.127
-2.770
-4.575
-2.522
-0.625
-1.163
-4.314
-2.887
-2.552
-1.320
-2.086
-1.559
-3.624
-3.281
-1.711
-4.537
-3.265
-3.335
-4.393
-2.751
-3.965
-1.793
-3.085
-0.010
-3.051
-2.356
-2.381
-0.935
-3.039
-1.919
-3.521
-0.793
-3.154
1.252
-1.503
0.254
-1.644
0.338
-2.108
-1.399
-2.375
-0.832
-1.161
-1.918
-4.590
-3.545
-3.191
-0.409
-4.999
-2.610
-1.715
-2.162
-4.919
-5.869
-2.712
-2.413
-3.536
-3.419
-4.396
-3.636
-4.837
-4.251
-1.946
-2.521
-3.783
-1.570
-1.302
-2.618
-1.714
-2.633
-3.589
-1.553
-3.633
-3.430
-0.406
-2.753
-4.447
-4.019
-1.254
-1.975
-4.475
-4.556
-1.653
-1.900
-3.977
-2.236
-4.235
-1.179
-3.638
-3.719
-4.955
-1.139
-4.024
-3.442
-5.351
-1.326
-2.178
-3.208
-5.439
-2.284
-3.176
-3.525
-6.267
-0.531
-3.841
-3.441
-5.063
-1.325
-2.561
-4.841
-5.463
-1.324
-4.127
-6.066
-4.959
-3.653
-2.605
-4.542
-3.540
-3.108
-2.298
-2.203
-3.664
0.049
-2.114
-1.471
-2.718
2.366
-3.018
-1.275
-2.741
3.191
-3.389
-2.543
-3.222
3.026
-3.275
-2.649
-2.897
4.158
-4.103
-2.631
-2.708
1.775
-2.694
-2.878
-2.579
2.126
-1.695
-2.304
-2.452
1.443
-3.175
-1.022
-1.654
1.492
-1.699
-2.973
-3.351
1.576
-2.614
-1.603
-2.802
-3.060
-0.297
-0.670
-2.742
-3.367
-2.448
-1.672
-0.696
-3.531
-3.064
-1.896
-0.892
-4.054
-2.356
-2.747
-1.515
-4.311
-3.303
-2.088
1.287
-3.024
-1.207
-2.759
-0.688
-4.253
-3.706
-2.080
-0.153
-2.736
-3.035
-2.413
1.151
-2.887
-2.462
-4.101
-1.943
-4.959
-2.636
-2.361
-1.787
-3.643
-0.642
-2.622
-5.566
-3.016
-2.472
-3.524
-3.502
-2.200
0.463
-2.127
-2.890
-3.023
-1.802
-2.094
-2.944
-2.398
-3.316
-2.426
-2.952
-1.667
-0.443
-3.710
-4.344
-2.096
-3.271
-5.030
-2.738
-1.781
-1.721
-2.718
-1.434
-1.655
-0.323
-2.018
-4.326
-3.986
-2.276
-3.570
-4.788
-5.020
-3.018
-1.040
-2.225
-1.871
-1.987
-2.499
-2.032
-4.069
-2.155
-3.360
-2.977
-3.793
-2.770
-1.214
-1.499
-1.278
-3.676
-1.556
0.865
-3.771
-3.374
-1.974
-1.361
-3.152
-1.912
-2.961
-3.309
-2.291
-1.785
-0.746
-1.699
-1.441
-2.624
-3.110
-1.853
-0.962
-1.791
-3.003
-0.068
-3.041
-3.309
-2.264
-2.604
-3.225
-2.111
-2.570
-1.611
-2.061
-2.568
-5.248
-2.039
-2.769
-5.504
-3.296
-1.850
-2.162
-5.650
-4.068
-1.268
-2.503
-5.183
-3.958
-2.182
-4.616
-5.453
-1.975
-1.198
-2.303
-3.386
-3.186
-1.161
-2.857
-3.922
-2.748
-1.884
-3.955
-3.490
-3.076
-1.433
-0.181
0.744
-2.743
-3.089
-0.933
0.707
-2.834
-1.752
-0.139
1.083
-3.657
-3.631
1.421
0.255
-3.967
-3.007
-0.078
1.088
-3.097
-0.939
-1.976
1.362
-2.680
-2.877
-2.846
-2.480
-2.381
-2.205
-0.343
0.585
-3.573
-2.326
1.150
0.271
-3.666
-1.805
-1.562
-0.428
-4.611
-3.223
-3.925
-2.869
-3.670
-3.161
-3.580
-4.406
-2.567
-3.534
-3.047
-1.231
-3.175
-5.118
-2.389
-3.948
-4.737
-3.276
-3.904
-4.749
-2.529
-2.682
-3.400
-4.751
-3.553
-4.688
-3.509
-1.828
-4.739
-1.711
-2.598
-5.800
-2.209
-1.652
-2.290
1.582
-2.686
-4.649
-0.989
-1.648
-3.257
-0.054
-1.508
-3.503
-2.565
-5.240
-3.834
-0.815
-3.395
-4.621
-1.697
-2.386
-3.674
-2.916
-4.352
-3.588
-2.211
-2.721
-3.188
-1.284
-1.357
-4.086
0.473
-4.697
-5.897
-0.048
-1.780
-3.452
0.422
-0.990
-2.488
0.293
0.127
-3.044
-2.407
-3.083
-2.878
-1.353
-0.929
-1.621
-1.686
-2.553
-2.026
-2.333
-3.069
-2.131
-0.297
-0.389
-3.313
-1.488
-3.050
-3.526
-1.437
-1.571
-1.955
-1.421
-2.059
-2.579
-0.813
-2.488
-2.834
0.403
-0.080
-2.762
-0.368
-2.257
-0.116
-3.085
-0.853
-3.517
-1.409
-1.496
-3.077
-0.426
-2.333
-1.577
0.069
-0.401
-1.532
0.325
-2.916
-3.211
-2.455
-4.925
-0.496
-4.247
-5.368
-2.916
-3.342
-6.371
-1.906
-0.964
-5.454
-1.603
-2.804
-5.968
-2.520
0.128
-4.267
-2.737
-0.999
-5.746
-1.319
-1.658
-4.966
-2.003
-1.548
-5.923
-2.595
-2.937
-6.281
-1.758
-0.509
-3.233
-2.726
0.219
-2.564
-1.839
-0.053
-1.355
-0.730
-2.172
-2.788
-2.369
-0.306
-1.715
1.440
-0.966
-1.767
-2.308
-0.443
-0.750
-1.261
-1.680
-0.902
0.503
0.261
-2.197
-1.572
-0.812
-0.939
-1.866
-3.129
-3.401
-5.115
-2.674
-1.478
-2.180
-1.686
-2.331
-2.638
-5.248
-3.457
-3.566
-3.244
-1.420
-2.293
-2.902
-2.126
-3.062
-1.833
-3.032
-1.951
-4.371
-4.197
-3.995
-2.338
-3.768
-3.397
-4.791
-3.107
-3.189
-1.430
-3.773
-4.355
-3.656
-1.935
-2.909
0.248
-2.099
-0.824
-3.760
-1.486
-1.523
-3.460
-3.609
-3.579
-2.762
-2.482
-4.807
-0.985
-3.722
-3.827
-3.331
-3.003
-0.353
-1.633
-3.681
-3.698
-3.476
-1.744
-2.232
-2.818
-2.768
-4.780
-0.608
-0.147
-4.745
-3.930
-3.686
-1.890
-2.257
-4.148
-3.429
-4.439
-1.837
-1.192
-2.426
-1.876
-2.558
-1.303
-1.862
-3.190
-3.392
-3.862
-0.936
-0.693
-1.190
-1.821
-3.549
0.670
-2.049
-2.408
-3.229
-2.240
-1.826
-1.948
-3.996
-3.351
-3.004
-1.542
-2.828
-3.397
-2.635
-4.983
-3.799
-2.722
-4.108
-2.910
-3.829
-3.174
-1.354
-4.209
-4.470
-4.757
-3.606
-0.251
-2.886
-2.127
-4.249
-4.721
-2.826
-0.569
-4.706
-2.217
-4.946
-0.575
-3.409
-3.556
-3.438
-4.151
-0.566
-2.341
-4.277
-4.126
-4.938
-2.972
-2.701
-3.414
-3.032
-3.682
-2.453
-3.108
-2.930
-2.540
-3.297
-2.617
-3.840
-3.146
-3.172
-5.335
-2.666
-3.997
-2.305
-6.210
-1.146
-1.672
-3.357
-1.643
-3.746
-1.743
0.192
-3.284
-0.270
-3.302
-1.124
-1.996
-4.636
-4.627
-3.206
-2.051
-1.086
-2.533
-2.599
-3.159
-2.334
-1.927
-1.282
-2.181
-3.568
-0.969
-2.024
-3.047
-3.314
-2.343
-2.566
-2.702
-3.345
-1.889
-3.629
-2.382
-0.292
-3.924
-2.263
-2.778
-3.571
-1.202
-3.872
-2.563
-4.288
-3.253
-0.070
-1.582
-4.133
-5.415
-1.405
-4.353
0.288
-3.447
-3.205
-0.319
-3.585
-0.638
-2.061
-2.149
-0.242
-3.083
-0.734
-2.286
-4.518
-2.889
-2.334
-1.342
-2.192
-0.230
-0.393
-4.326
-1.070
-2.888
-3.870
-1.465
-2.658
-1.409
0.284
-1.385
-3.509
-5.060
-1.965
-3.572
-5.135
0.120
-2.921
-2.155
-3.139
-4.909
-2.444
-4.318
-1.699
-3.878
-4.296
-1.544
-4.478
-0.247
5.895
-2.541
2.024
-1.394
-0.685
4.175
-2.713
-0.476
-2.412
-0.491
5.438
-2.599
0.348
-0.206
-0.581
4.652
-3.919
1.248
-1.806
-3.176
2.579
-3.414
0.109
-2.322
0.143
3.265
-1.814
-0.181
-1.518
0.137
3.986
-1.283
1.307
-2.853
-2.148
2.824
-0.610
-1.095
-1.393
0.790
3.728
-2.098
-0.135
-1.988
-2.125
2.484
-2.652
0.433
-2.334
-2.613
-4.362
-2.519
0.576
-2.063
-3.420
-3.897
-3.015
-0.075
-0.944
-1.946
-4.652
-2.185
-2.819
-3.482
-2.106
-4.536
-1.879
-1.101
-1.646
-3.639
-4.474
-2.880
-0.651
-2.328
-0.931
-6.161
-2.012
-1.575
-2.890
-2.447
-5.931
-3.359
-1.350
-1.648
-0.925
-3.770
-2.359
-0.717
-2.323
-0.730
-5.062
-2.285
-0.112
-1.213
-2.035
-5.169
-2.511
-0.868
-3.985
-2.204
-1.688
-1.986
-3.652
-4.463
-0.173
-1.654
-3.591
-3.142
-4.262
0.752
-2.284
-3.526
-2.352
-3.098
-0.775
-0.782
-3.963
-2.508
-3.492
-0.086
-0.765
-3.377
-1.904
-4.644
1.156
-2.158
-2.141
-1.345
-3.653
0.095
-1.475
-2.497
-1.909
-3.112
-1.474
-1.056
-3.058
-1.264
-4.152
0.371
-3.454
-2.768
-4.233
-3.187
0.447
-1.938
-2.476
-0.663
-4.050
-2.680
0.130
-0.957
-2.217
1.755
-3.216
-1.677
-2.054
-3.884
-1.354
-1.867
-0.593
-1.685
-3.788
-1.709
-1.739
-0.567
-2.979
-3.797
-2.486
-1.318
-0.168
-1.668
-1.144
-0.742
-0.035
1.099
-3.420
-1.180
-1.428
-0.733
-0.091
-1.482
-0.416
-0.642
-1.058
0.677
-4.116
-2.700
-1.405
-2.119
-1.465
-3.825
-2.994
-2.667
-1.880
-1.366
-2.643
-2.893
-1.298
-2.359
1.013
-1.349
-3.108
-2.993
-0.334
-2.168
-0.575
-2.036
-3.340
-0.179
0.101
1.003
-2.178
-0.626
0.212
0.261
0.155
-2.772
-2.536
-1.138
-1.032
-0.703
-2.868
-3.850
-1.541
-0.335
-0.373
-4.055
-2.384
-0.978
-0.777
-0.328
-2.018
-2.271
-0.595
2.155
-0.696
-1.532
-2.908
-1.199
1.769
-0.304
-1.198
-3.413
-2.526
-0.422
0.206
-2.891
-3.150
-4.393
-3.095
-2.528
-2.003
-5.059
-4.239
-1.915
-4.988
-2.298
-2.440
-5.257
-2.569
-5.758
-3.787
-2.349
-2.016
-4.072
-2.868
-5.909
-2.258
-2.940
-4.324
-2.561
-6.703
-5.295
-3.288
-4.406
-1.323
-4.017
-4.277
-4.040
-2.595
-3.176
-4.127
-3.191
-2.891
-4.541
-3.441
-1.701
-3.842
-0.835
-0.709
-4.526
-1.456
-0.469
-3.822
-1.855
-0.959
-4.695
-2.137
-2.421
-4.395
-3.674
-2.828
-4.574
-2.137
-2.889
-4.154
-2.245
-0.813
-1.220
-4.566
-2.489
-3.349
-4.539
-2.393
-2.192
-4.954
-1.779
-1.536
-3.800
-0.882
-3.814
-4.022
-3.524
-2.315
-5.421
-2.286
-2.940
-3.835
-1.675
-2.703
-3.625
-3.155
-3.156
-2.885
-3.277
-2.338
-4.108
-1.081
-1.713
0.472
-3.868
-2.119
-2.237
-5.975
-1.638
-0.221
-2.895
0.230
-2.676
-3.780
-0.132
-0.882
-6.360
0.723
-1.850
-4.299
-0.774
0.146
-3.525
-1.398
-0.202
-3.973
-0.585
-1.002
-5.469
-0.430
-1.477
-2.419
-3.695
-3.363
-1.944
-2.451
-1.929
-2.301
-1.224
-3.110
-4.008
-1.782
-2.776
-3.216
-3.933
-1.984
-1.348
-0.895
-4.259
-2.862
-2.906
-2.610
-1.477
-1.882
-1.010
-1.164
-2.626
-3.404
-2.605
-3.584
-1.381
-1.046
-2.009
-0.825
-1.957
-1.184
-1.817
-3.154
-0.294
-0.256
-2.401
-0.445
-0.857
-0.351
-1.115
-0.664
-4.508
-1.819
-0.660
-3.960
-1.479
-0.481
-1.946
-0.607
-0.839
-1.724
-2.590
-1.215
-2.122
-0.538
0.428
-2.901
