-8.269
-5.679
-5.979
-6.928
-6.996
-7.286
-7.565
-8.007
-8.257
-7.674
-11.085
-7.795
-8.458
-9.135
-9.332
-7.603
-9.299
-5.317
-4.862
-4.644
-7.726
-7.694
-9.932
-5.524
-10.482
-7.538
-8.870
-7.026
-6.328
-5.728
-13.164
-7.658
-6.984
-2.719
-12.894
-7.772
-6.603
-6.019
-7.537
-6.551
-2.611
-1.562
-0.930
-7.201
-4.193
-6.505
-2.806
-5.759
-4.106
-5.482
-4.697
-4.929
-6.796
-5.525
-6.702
-8.896
-4.293
-6.151
-5.522
-9.473
-2.990
-6.814
-2.838
-6.706
-3.218
-6.373
-4.978
-6.613
-2.944
-5.049
-0.924
-3.453
-1.754
-3.512
-2.681
-5.624
-3.487
-7.186
0.615
-0.078
-6.761
-8.877
-7.041
-5.208
-3.026
-6.281
-1.427
-4.521
-2.736
-7.039
-7.182
-8.054
-2.769
-8.603
-6.615
-11.181
-6.971
-6.771
-4.905
-9.138
-2.860
-8.599
-1.223
-7.149
-2.493
-7.938
-3.665
-7.014
-6.386
-12.122
-10.434
-4.860
-4.640
-8.887
-6.240
-8.098
-4.589
-7.308
-1.914
-4.704
-4.639
-8.096
-4.982
-6.984
-3.126
-7.944
-4.305
-12.575
-2.290
-8.646
-4.334
-11.735
-3.489
-8.526
-5.542
-9.241
-1.733
-6.825
-3.266
-8.754
-1.705
-6.709
-1.520
-8.374
-2.367
-9.723
-7.086
-11.689
-2.855
-12.331
-9.880
-9.466
-5.848
-8.418
-7.638
-9.804
-2.189
-8.055
-0.546
-7.119
1.309
-6.595
-4.422
-8.458
0.018
-4.794
-0.526
-5.102
1.925
-7.614
-1.830
-10.065
0.395
-6.156
-3.828
-8.466
-0.144
-6.941
-6.564
-6.304
-0.800
-5.322
-3.120
-8.392
0.354
-3.132
-1.450
-6.876
-4.426
-6.432
-6.974
-6.147
0.882
-5.299
-4.988
-6.403
-0.545
-4.216
-2.145
-11.545
-5.610
-0.294
-2.405
-2.963
-9.593
-5.379
-6.595
-3.920
-7.012
-2.353
-4.265
-5.404
-6.810
-3.918
-9.569
-2.777
-6.052
-3.861
-4.358
0.793
-6.922
-1.218
-4.062
-2.012
-5.904
-6.094
-7.347
-0.590
-8.266
-5.731
-6.657
-1.958
-2.802
-3.688
-5.017
-2.801
-9.878
-4.650
-6.541
-4.220
-5.466
-5.469
-8.224
-9.404
-2.839
-3.341
-6.807
-5.380
0.152
-2.451
-7.721
-6.082
0.114
2.114
-1.866
-1.891
-4.583
-6.829
-5.686
-4.891
-1.519
-2.360
-7.982
-6.083
-2.289
-2.190
-6.288
-5.190
-2.447
-3.213
-8.067
-6.441
-6.460
-5.888
-6.719
-9.139
-2.965
-2.866
-4.858
-3.922
-6.441
-6.632
-1.552
-0.198
-0.409
-2.216
0.725
-1.305
-4.786
-2.216
-1.594
-4.386
-2.028
-5.878
-0.495
1.034
-1.773
-3.663
-2.241
-0.116
-4.167
-5.238
-1.600
-0.968
-1.781
-4.390
-5.435
-3.145
-7.778
-5.644
-3.127
-2.419
-7.509
-7.508
-4.807
-4.447
-2.026
-2.874
-4.138
-0.636
-3.027
-7.256
-5.252
-1.713
-2.576
-4.339
-4.018
0.565
-1.228
-3.734
-4.866
-2.065
-2.470
-6.812
-5.825
-2.846
-4.524
-6.828
-5.746
-1.856
-4.366
-7.907
-5.375
-2.692
-4.582
-3.939
-1.250
0.613
-3.322
-7.631
-5.250
-2.453
-4.547
-6.351
-3.661
-1.946
-9.003
-8.423
-5.617
-2.458
2.999
0.575
-1.901
-0.653
2.371
3.189
-3.606
-2.182
1.116
-0.383
-5.505
-3.154
-0.430
-4.069
-5.159
-3.816
1.558
2.935
-0.889
1.944
-0.584
0.581
-2.115
-1.785
-0.076
-1.578
-3.392
-1.301
-1.073
0.612
-5.607
-6.596
1.626
1.443
-4.281
-2.022
-3.945
-2.287
-9.784
-9.173
-6.590
-7.450
-9.689
-5.543
-9.228
-9.226
-6.246
-9.173
-9.784
-3.599
-7.955
-10.190
-6.321
-10.840
-9.568
-7.943
-11.163
-10.486
-3.910
-6.905
-7.697
-6.998
-8.488
-7.609
-7.244
-9.588
-8.423
-4.561
-10.522
-12.507
-2.191
-3.173
-8.293
2.265
-1.293
-10.906
-0.388
-3.238
-8.520
1.955
-2.636
-9.692
-4.045
-6.887
-9.789
-0.310
-2.603
-7.258
-1.346
-4.252
-7.398
-0.247
-4.270
-9.126
-1.259
-2.153
-12.338
1.563
0.386
-10.629
3.441
-2.064
-9.653
-3.888
-5.950
-8.527
-1.680
-4.982
-8.966
0.732
-2.213
-7.445
-3.285
-5.175
-9.848
-1.165
1.250
-6.737
-4.152
-7.120
-10.747
-9.182
-6.209
-2.909
-0.357
-1.544
-9.482
1.145
-1.801
-6.638
-1.081
-3.094
-5.261
0.812
-0.390
-3.041
-0.617
-2.878
-0.409
0.867
-1.471
-3.779
-0.145
-0.789
0.288
-3.507
-3.021
-7.355
-0.723
-1.692
-5.921
0.241
-5.306
-5.273
2.170
0.115
-1.956
2.325
-2.279
-2.201
-5.573
-8.254
-0.650
-4.412
-8.497
-2.748
-7.935
-8.320
-1.854
-1.452
-6.626
-1.344
-3.975
-7.890
-1.817
-2.501
-9.906
-2.980
-1.284
-9.426
-3.295
-0.743
-8.459
-1.534
-4.434
-5.293
-1.222
-7.383
-6.280
-3.083
-0.783
-0.425
-1.787
2.649
-2.311
-3.972
2.053
-3.442
-0.984
0.298
-2.880
-3.653
2.591
-0.368
-0.971
-0.914
-2.263
-5.025
1.099
0.814
-0.506
-3.180
1.137
1.853
0.689
-1.741
-0.298
-3.484
-0.371
-1.732
-5.144
-6.417
-6.644
-7.507
-6.235
-7.999
-4.412
-5.258
-9.186
-9.502
-8.773
-7.353
-5.955
-6.623
-8.349
-7.066
-5.593
-6.023
-6.122
-5.392
-6.137
-3.935
-7.384
-7.796
-6.405
-9.362
-6.463
-6.913
-7.152
-8.229
-4.713
-3.050
-6.183
-8.109
-5.102
-3.735
0.117
-2.770
-5.603
-4.133
-4.976
-5.490
-7.007
-9.321
-5.827
-7.834
-4.446
-6.603
-5.281
-6.973
-6.188
-4.771
-5.758
-2.289
-7.807
-8.625
-5.361
-7.887
-4.323
-8.588
-7.457
-5.022
-9.189
-3.433
-5.946
-7.804
-4.034
-6.292
-3.839
-6.172
-6.792
-6.847
-7.958
-4.431
-8.808
-8.138
-6.509
-7.785
-5.119
-10.681
-7.684
-4.308
-7.018
-3.975
-6.216
-6.411
-5.475
-8.134
-2.418
-8.415
-7.225
-7.444
-6.516
-3.253
-9.379
-11.646
-6.392
-6.740
-5.951
-11.239
-6.801
-1.888
-2.489
-6.434
-4.728
-6.845
-4.828
-7.947
-9.674
-0.146
-8.224
-9.053
-8.308
-8.785
-1.640
-8.531
-6.075
-8.004
-11.990
-3.574
-4.035
-6.573
-5.669
-8.566
-1.325
-7.127
-6.127
-6.318
-9.354
0.651
-6.654
-3.714
-5.393
-5.434
-0.965
-8.973
-5.099
-6.662
-9.141
-2.247
-6.823
-3.300
-4.478
-6.848
-1.798
-10.208
-6.879
-5.189
-9.117
-6.218
-6.914
-3.956
-6.444
-3.378
-2.869
-6.797
-3.083
-3.902
-3.212
-3.976
-5.699
-1.835
-5.089
-1.829
-3.976
-7.976
-4.018
-5.314
-4.907
-0.808
-4.041
-5.118
-5.275
-5.503
-2.571
-4.100
-1.544
-4.472
-2.408
-2.596
-6.481
-5.004
-5.899
-9.566
-7.834
-6.433
-3.822
-6.206
-4.172
-1.559
-5.910
-4.733
-5.150
-6.294
-3.592
-3.455
-3.223
-3.784
-2.758
-0.857
-7.380
-11.391
-6.829
-6.311
-10.580
-6.861
-9.131
-5.811
-6.257
-13.088
-4.012
-6.406
-4.700
-2.398
-7.688
-6.611
-9.304
-7.991
-8.832
-11.110
-3.239
-4.823
-0.844
-3.316
-7.691
-6.067
-5.352
-4.898
-5.340
-7.751
-5.413
-2.643
-2.728
-5.340
-7.535
-5.156
-7.380
-6.959
-5.630
-9.271
-8.523
-9.690
-7.003
-7.299
-11.372
-6.189
-8.669
-6.178
-5.654
-11.621
0.291
0.236
-5.915
2.256
-5.938
2.098
-0.232
-8.164
-2.241
-7.367
1.143
-0.052
-5.266
-0.569
-6.086
-1.924
-1.716
-8.053
-0.203
-7.394
-2.483
-0.367
-8.653
2.218
-4.006
1.507
-0.752
-7.247
0.656
-7.585
2.547
0.136
-7.245
0.300
-6.282
-3.140
0.384
-2.994
-0.451
-4.652
2.630
-2.148
-7.412
-0.948
-6.127
0.435
0.966
-6.310
1.040
-1.329
-8.654
-6.370
-11.693
-0.194
-3.146
-8.122
-6.255
-9.277
-2.056
-3.397
-9.357
-4.572
-10.724
-3.993
-1.789
-9.258
-7.971
-12.463
-4.336
-3.492
-8.597
-3.635
-10.924
-0.310
-4.540
-6.970
-6.885
-10.471
-3.670
-3.710
-8.108
-4.744
-9.450
-3.858
-2.355
-5.919
-4.084
-7.980
1.729
-5.303
-7.439
-6.594
-10.110
-3.301
-3.681
-9.071
-8.745
-12.983
-5.211
-10.241
-0.841
-5.756
-6.867
-6.764
-10.092
1.280
-3.828
-7.641
-4.495
-10.577
0.063
-7.015
-8.814
-5.952
-9.227
-0.857
-5.500
-9.769
-6.407
-9.265
0.992
-2.872
-11.680
-4.657
-10.279
0.373
-9.506
-8.078
-5.037
-11.638
0.156
-2.932
-3.747
-4.669
-5.868
-1.499
-3.917
-8.107
-5.219
-9.499
-2.244
-3.553
-9.611
-6.537
-10.246
-1.147
-3.073
-6.805
-5.235
-7.750
-6.059
-2.105
-5.654
-5.072
-2.047
-1.553
-1.253
-8.406
-5.187
-7.018
-4.357
-1.001
-8.173
-5.307
-3.756
-2.858
-3.499
-6.946
-4.813
-7.622
-1.164
-2.551
-5.810
-2.601
-2.758
-0.686
1.799
-7.583
-3.852
-4.713
-3.231
-1.145
-6.772
-4.453
-4.645
0.184
-3.754
-9.596
-4.479
-7.067
-4.295
-5.028
-11.166
-6.118
-6.480
-3.277
-5.820
-10.190
-4.685
-7.717
-3.185
1.306
-0.068
-5.300
-8.502
-1.240
1.427
0.435
-5.223
-5.667
-1.324
1.720
-0.007
-6.214
-7.256
-1.739
2.877
2.021
-5.092
-5.345
-1.330
0.662
-1.776
-4.808
-9.183
0.755
-0.467
-2.870
-6.277
-8.631
0.479
-3.454
-4.186
-4.348
-6.201
-1.038
1.023
-3.323
-4.407
-9.048
-3.360
0.448
-2.798
-4.972
-8.885
-5.881
-0.873
-1.764
-6.869
-8.739
-5.118
-6.101
-5.128
-5.238
-9.397
-9.117
-2.069
-9.057
-7.238
-3.507
-10.060
-6.144
-9.524
-8.603
-6.437
-6.128
-7.483
-6.794
-8.932
-4.854
-4.552
-5.941
-4.758
-6.069
-8.261
-7.155
-6.720
-4.992
-7.267
-7.208
-13.594
-7.257
-4.811
-15.298
-8.621
-8.416
-13.159
-7.471
-5.133
-12.601
-6.584
-5.070
-13.889
-8.462
-5.107
-12.052
-7.583
-5.932
-13.853
-9.169
-4.084
-14.927
-10.733
-7.132
-15.067
-6.952
-6.885
-12.640
-4.982
-2.413
-7.351
-11.580
-4.790
-7.255
-12.707
-7.962
-5.830
-9.627
-5.038
-4.325
-9.101
-4.506
-7.164
-6.806
-5.684
-3.346
-10.043
-5.819
-5.698
-11.132
-6.713
-6.503
-9.298
-6.109
-7.312
-11.585
-8.260
-6.394
-10.818
-7.641
-1.341
-3.504
-9.739
-2.215
-3.795
-8.584
-3.795
-3.624
-8.925
0.838
-5.096
-7.962
-1.774
-3.150
-9.839
-0.934
-1.408
-6.820
-1.892
-1.885
-8.315
-0.480
-2.856
-9.380
-1.557
0.077
-7.756
0.712
-2.251
-7.696
-6.518
-4.400
-6.104
-4.404
-2.123
-6.997
-1.255
-3.094
-7.670
-4.087
-6.714
-8.812
-5.700
-3.344
-4.799
-1.459
-5.493
-7.711
-5.085
-3.525
-3.105
-4.276
-3.126
-3.124
-4.593
-4.549
-6.286
-7.394
-1.928
-6.442
-5.788
-4.005
-5.710
-3.357
-3.529
-5.301
-5.346
-1.784
-6.328
-5.834
-2.210
-7.468
-3.073
-3.737
-8.394
-4.085
-3.234
-8.135
-5.389
1.066
-7.642
-5.794
1.198
-8.350
-6.160
-2.685
-7.876
-1.464
-0.916
-7.614
