5.689
9.235
4.919
7.642
7.765
7.860
5.104
8.736
5.643
7.258
8.988
8.617
8.525
0.340
7.427
8.144
7.131
6.111
4.016
7.240
9.133
8.801
6.424
8.324
9.947
8.453
8.157
9.163
8.443
8.853
8.116
9.103
6.802
6.673
8.946
5.114
3.862
11.036
8.037
6.948
9.703
8.307
7.957
10.225
8.076
9.090
8.281
7.170
8.114
4.185
10.064
7.872
5.038
6.447
2.872
4.968
-1.171
9.306
7.402
5.200
3.626
1.672
-1.024
5.209
5.668
5.426
3.903
2.090
4.435
3.020
7.519
2.592
6.241
5.141
-2.796
6.052
-0.683
4.443
-4.580
4.302
6.964
9.318
5.699
4.028
8.192
4.726
7.210
7.182
8.014
8.928
4.552
8.620
6.141
4.896
9.735
7.458
4.920
3.953
6.230
7.145
5.721
6.067
6.979
6.536
4.058
3.817
2.659
5.666
3.687
3.706
7.085
6.080
5.995
6.011
6.331
5.642
7.306
5.224
6.714
6.435
2.995
0.523
3.591
7.414
6.172
4.189
5.243
5.228
5.881
4.292
4.218
7.058
8.255
7.230
7.232
5.898
8.518
9.626
6.934
7.164
7.076
2.555
7.653
2.928
-3.847
6.451
-5.866
6.706
-10.092
5.661
8.678
8.828
5.423
5.496
9.709
5.908
7.212
6.974
7.190
9.528
7.503
6.489
5.557
2.751
6.139
9.125
4.373
8.092
7.454
5.443
6.314
5.333
2.393
4.173
4.352
4.622
5.432
5.562
1.485
7.484
5.962
7.387
8.881
7.928
8.092
9.595
7.218
8.971
8.139
5.158
-3.840
5.070
7.188
6.165
5.461
6.568
6.490
8.175
2.749
3.974
7.884
10.513
6.643
7.018
7.612
7.530
9.218
9.023
10.363
7.974
5.603
7.825
6.344
8.733
7.941
6.909
7.173
7.074
7.095
7.190
8.519
10.657
7.755
7.986
7.946
6.359
9.051
4.748
4.473
10.335
8.802
9.189
8.706
7.335
9.700
8.595
8.520
9.275
11.126
11.362
8.295
8.634
5.917
7.903
9.561
7.799
9.431
9.746
8.056
9.953
10.597
8.978
11.539
6.899
11.040
12.142
8.561
9.350
9.084
4.834
7.220
5.869
8.675
6.700
9.128
8.398
8.897
8.125
6.225
5.655
7.512
9.586
8.309
6.297
8.272
8.127
7.726
6.305
6.864
8.133
6.939
6.789
9.652
8.497
9.585
9.906
9.293
8.079
5.908
8.650
8.125
7.223
7.632
8.420
8.475
8.754
7.467
4.815
8.970
7.825
7.933
8.470
9.605
2.440
7.832
8.164
8.232
6.860
4.954
6.014
6.989
5.373
6.714
7.241
3.411
6.824
8.928
9.098
7.657
7.219
8.041
8.033
8.006
8.237
7.878
7.327
6.132
4.661
8.660
5.730
6.710
9.418
6.440
5.601
5.911
7.878
7.693
7.382
6.365
9.329
