-8.546
-6.952
-1.390
-8.785
-3.240
-6.743
-6.557
-6.217
-4.316
-1.869
-3.744
-5.211
-3.887
-1.880
-1.905
-4.083
-4.810
-3.559
-4.852
-3.560
-0.719
-2.056
-2.747
-0.394
-2.081
0.632
-0.137
-0.499
-0.590
-1.258
0.839
2.855
1.450
4.180
1.994
-0.767
-2.130
2.883
1.617
0.647
-7.252
-0.110
-9.181
-6.315
1.147
-6.965
-6.600
0.695
-7.241
-7.853
1.149
-7.796
-8.032
0.099
-7.913
-7.952
0.365
-7.661
-6.980
-0.601
-6.580
-4.684
-0.894
-6.450
-4.264
-2.272
-6.214
-4.871
-2.374
-9.684
-3.562
-1.983
-7.973
-2.054
-0.546
-7.192
-6.570
-4.005
-6.716
-0.986
-3.534
-3.753
-5.332
-3.835
-2.171
-6.195
-0.668
-3.765
-7.417
-4.976
-4.397
-0.643
-1.480
-5.815
-5.467
-0.435
-5.899
-4.719
-2.456
-6.669
-7.133
-5.043
-5.992
-8.494
-4.508
-10.778
-9.001
-8.272
-8.319
-7.047
-3.230
-10.309
-6.366
-3.209
-8.910
-6.056
-4.316
-8.226
-10.370
-6.748
-7.347
-6.765
-4.822
-10.073
-8.431
-4.190
-11.128
-5.914
-4.512
-9.951
-11.498
-12.868
-8.156
-7.089
-7.075
-4.688
-11.441
-10.036
-6.688
-8.246
-10.379
-6.355
-6.553
-8.589
-5.578
-8.429
-11.567
-6.620
-7.399
-8.329
-3.883
-7.823
-9.192
-6.532
-8.149
-9.929
-6.066
-7.107
-10.695
-7.570
-0.031
-4.044
1.355
0.750
-5.018
3.190
1.808
-4.210
-1.480
-1.466
-5.968
-1.579
0.783
-2.227
2.432
0.245
-3.973
1.002
2.224
-2.899
3.600
-2.694
-6.786
2.059
-1.206
-7.260
1.416
0.612
-6.976
-0.047
-3.194
-3.423
1.177
-4.908
-5.035
2.240
-5.296
-6.961
3.558
-3.280
-4.277
3.395
-4.594
-5.588
4.764
-3.037
-2.319
2.433
-3.701
-4.356
5.328
-2.375
-3.263
1.861
-2.331
-0.402
0.539
-5.597
-4.563
4.065
-1.673
-6.579
-4.381
0.717
-4.724
-4.793
-0.199
-4.884
-1.556
-1.154
-2.550
-1.678
-0.400
-5.060
-3.728
0.116
-7.002
-6.045
0.300
-8.110
-6.818
0.430
-2.986
-0.315
-1.203
-8.708
-5.882
-0.400
-9.177
-5.974
2.217
-5.373
-2.360
2.276
-3.195
-1.051
1.976
-4.168
-4.458
-2.066
-4.957
-4.729
0.489
-3.383
-3.140
1.717
-3.506
-5.064
2.744
-1.170
-2.949
1.351
-1.819
-2.168
0.200
-6.198
-2.853
1.591
-0.233
0.847
2.979
-8.748
-3.371
-11.164
-4.567
-6.906
0.248
-6.775
-1.960
-3.911
-0.544
-7.629
-0.764
-7.320
-0.286
-7.989
1.644
-8.437
-0.009
-9.361
-2.204
-6.890
2.707
-9.485
-0.988
-12.365
0.188
-8.826
-1.439
-8.850
-1.875
-10.077
-0.148
-9.362
-1.031
-8.574
-4.426
-10.292
-4.048
-10.951
-11.807
-7.671
-9.504
-8.399
-11.251
-6.448
-8.924
-6.380
-7.705
-8.051
-8.260
-4.346
-9.557
-9.290
-8.881
-5.636
-11.450
-8.923
-8.627
-9.336
-3.670
-1.767
-6.374
-3.151
-6.723
-4.516
-4.723
-5.938
-5.961
-5.874
-3.406
-3.167
-7.505
-5.187
-6.228
-1.253
-3.444
-3.885
-8.306
-6.058
-4.062
-5.117
-5.633
-1.382
-5.828
-3.299
-1.102
-1.474
-1.138
-6.217
-1.942
-1.238
-2.513
-1.713
-3.946
-4.977
-5.645
-5.204
-6.058
-4.105
-5.288
-4.822
-2.177
-1.270
-7.631
0.753
-5.426
-5.017
-1.859
-3.031
-8.006
-5.286
-3.542
-1.217
-4.898
-2.684
-4.678
0.460
-3.490
-3.128
-7.351
-2.712
-6.041
-5.585
-6.761
-7.624
-9.298
-6.904
-6.673
-4.591
-6.485
-3.654
-7.896
-6.592
-8.721
-8.412
-6.704
-6.121
-9.971
-5.160
-7.538
-5.029
-6.822
-7.164
-7.316
-8.263
-10.005
-7.473
-4.718
-2.761
-5.926
-5.260
-5.478
-5.080
-7.008
-4.736
-5.131
-3.090
-7.610
-4.758
-9.652
-9.335
-8.365
-10.706
-7.062
-5.404
-7.943
-11.612
-7.338
-5.266
-2.776
-8.711
-7.748
-5.085
-5.604
-9.783
-5.009
-2.610
-1.359
-6.895
-5.758
-6.192
-6.119
-10.218
-5.163
-1.176
-5.669
-7.551
-5.575
-5.077
-1.223
-10.111
-6.683
-8.329
-7.437
-12.131
-6.643
-2.460
-6.357
-7.356
-2.397
-5.437
-3.360
-5.065
-3.288
-8.682
-5.583
-1.910
-5.346
-9.529
-7.016
-7.173
-3.672
-5.000
-3.879
-5.183
-5.616
-6.317
-7.069
-4.935
-1.197
-6.191
-6.113
-6.454
-4.706
-5.049
-5.840
-4.050
-3.935
-7.268
-8.282
-5.139
-1.781
-6.595
-6.500
-2.117
-6.061
-6.263
-6.075
-5.990
-5.821
-2.635
-1.579
-4.285
-6.727
-0.630
-1.041
-0.971
-10.800
-3.661
-1.322
-5.371
-9.921
-4.016
-0.921
-6.187
-6.959
-2.050
1.930
-1.908
-9.653
-5.178
-2.857
-5.317
-9.878
-2.987
-1.041
-5.353
-8.439
-2.659
0.924
-4.122
-7.069
-2.363
-0.293
-4.699
-7.904
-4.238
-3.765
-5.218
-2.702
-4.113
-4.725
-2.796
-2.797
-2.314
-1.203
-1.740
-2.556
-7.115
-5.190
-3.016
-2.413
-5.406
-4.116
-3.099
-1.442
-5.000
-1.429
-3.707
-4.334
-4.232
-4.200
-4.479
-2.180
-4.340
-2.077
-5.215
-6.043
-9.116
-4.424
-3.974
-5.197
-5.069
-1.426
-8.079
-1.411
-6.982
-3.044
-4.364
-5.256
-3.353
-8.563
-6.031
-7.827
-10.400
-8.758
-9.230
-9.439
-6.993
-8.739
-7.324
-2.447
-7.510
-7.140
-8.570
-8.590
-3.396
-7.496
-4.789
-7.313
-2.398
-6.312
-4.709
-8.487
-9.077
-8.907
-8.833
-5.773
-7.951
-7.607
-7.183
-8.766
-3.532
-8.215
-6.611
-8.537
-5.338
-6.680
-3.519
-5.956
-7.429
-2.626
-4.989
-6.627
-6.652
-0.955
-1.503
-8.875
-10.034
-1.297
-6.335
-4.234
-7.565
-2.469
-4.451
-8.365
-5.842
-0.713
-3.404
-4.068
-7.291
-2.139
-6.382
-5.047
-4.884
-2.877
-5.296
-7.522
-6.488
-2.707
-5.994
-3.991
-7.400
-2.602
-6.398
-7.410
-7.816
-3.053
-4.045
-6.206
-6.040
-5.445
-3.678
-6.280
-5.860
-6.611
-4.435
-9.342
-5.021
-4.430
-1.434
-5.903
-4.626
-6.714
-1.530
-7.560
-7.243
-6.591
-1.658
-6.962
-6.076
-5.736
-2.022
-3.734
-3.663
-6.356
-1.906
-7.260
-3.595
-5.270
-4.066
-8.857
-4.219
-3.872
-3.025
-8.794
-5.945
-6.147
-5.247
-4.704
-8.600
-0.870
-10.096
-3.971
-3.752
-4.320
-7.896
-3.245
-8.696
-2.960
-10.650
-6.780
-6.303
-1.992
-9.949
-4.406
-6.086
-3.949
-7.807
-4.771
-4.957
-0.992
-9.354
-4.759
-6.653
-2.661
-9.267
-1.676
-4.537
-1.020
-11.295
-9.569
-7.739
-2.057
-9.929
-7.304
-5.573
-3.437
-6.238
-1.961
-5.734
-8.023
-7.410
-1.329
-4.207
-8.224
-6.496
-2.730
-4.109
-6.580
-7.189
-7.605
-5.819
-8.081
-7.665
-2.369
-3.995
-9.255
-6.685
-2.100
-4.642
-9.805
-2.627
-2.915
-1.657
-6.323
-3.939
-4.708
-5.653
-7.339
-7.195
-1.553
-6.155
-8.110
-6.598
-4.390
-6.732
-8.236
-7.888
-7.852
-3.213
-4.880
-1.079
-3.316
1.404
-6.292
-2.313
-6.531
-1.510
-7.717
-3.474
-8.749
-1.546
-9.033
-2.104
-9.422
-4.643
-8.954
-1.980
-3.811
-0.220
-6.160
-3.058
-3.945
-4.157
-5.746
1.040
-1.796
-2.443
-6.049
-3.529
-4.097
-4.938
-8.562
-4.809
-6.973
-1.554
-5.167
-3.606
-8.810
-4.697
-7.711
-3.370
-8.371
-5.043
-9.955
-6.431
-4.515
-3.234
-7.978
-4.738
-7.878
-5.054
-9.736
-3.531
-9.774
-4.670
-6.354
-6.083
-3.685
-4.732
-3.661
-5.669
-2.003
-0.672
-2.815
-4.335
-4.778
-2.733
-2.771
-4.212
-1.449
-2.834
-3.770
-1.734
-2.480
-3.152
-4.658
-2.504
-1.397
-3.553
-4.847
-3.928
-6.188
-2.599
-6.882
-5.472
-4.693
-3.501
-3.577
-4.505
-4.155
-1.584
-4.747
-4.410
-3.686
-1.701
-7.187
-6.875
-4.402
-4.356
-6.768
-5.367
-6.217
-1.081
-1.509
-4.262
-3.951
-4.938
-5.865
-4.752
-3.894
-4.955
-5.713
-2.598
-3.712
-5.088
-1.336
-0.687
