-23.238
-19.103
-9.268
-24.431
-11.006
-19.084
-20.061
-16.457
-15.531
-9.876
-16.952
-16.745
-14.444
-12.011
-10.422
-14.700
-16.510
-15.404
-16.852
-13.231
-9.068
-10.136
-13.131
-8.071
-11.160
-7.648
-6.270
-9.088
-8.951
-10.190
-1.388
2.666
-0.481
4.047
-0.264
-3.131
-7.295
2.484
-1.875
-0.410
-15.798
-4.636
-23.896
-13.111
-1.134
-19.724
-14.423
-2.919
-21.934
-14.289
-2.220
-22.977
-17.362
-2.825
-21.274
-16.334
-3.529
-20.876
-15.948
-5.671
-18.896
-12.498
-4.428
-18.528
-11.153
-9.086
-18.881
-11.542
-10.135
-24.758
-7.788
-10.758
-21.161
-5.646
-6.566
-18.902
-12.284
-13.235
-18.212
-2.066
-15.371
-12.512
-13.852
-13.195
-10.078
-14.810
-6.844
-14.568
-17.290
-14.437
-14.346
-0.821
-9.693
-18.045
-7.707
-5.972
-17.273
-11.372
-7.925
-19.370
-19.691
-15.572
-15.723
-24.735
-13.749
-24.936
-22.405
-20.611
-20.136
-22.429
-11.419
-26.953
-20.686
-11.998
-22.820
-18.714
-13.092
-20.226
-27.183
-19.076
-19.082
-20.771
-15.916
-24.078
-26.328
-13.651
-28.856
-17.512
-12.234
-23.551
-27.148
-30.938
-21.718
-19.166
-18.410
-13.531
-25.496
-26.025
-19.123
-19.789
-26.049
-17.971
-14.851
-22.854
-15.854
-20.927
-28.563
-18.775
-16.161
-20.592
-11.750
-19.480
-25.167
-20.342
-20.837
-24.593
-18.091
-19.050
-27.172
-19.019
-3.831
-10.431
1.088
-0.383
-11.703
2.692
1.029
-10.368
-7.025
-4.189
-13.671
-7.277
0.259
-6.093
0.304
-3.085
-10.231
-2.518
2.363
-7.718
2.294
-7.475
-13.651
-0.893
-4.276
-16.121
-0.401
-1.980
-14.746
-3.503
-8.701
-9.338
1.366
-9.331
-12.700
-0.181
-11.589
-15.714
3.110
-8.604
-10.822
2.803
-9.304
-14.210
5.237
-6.917
-7.880
2.895
-8.539
-11.310
6.625
-6.096
-7.942
0.842
-7.884
-3.781
1.878
-11.974
-11.094
5.181
-7.411
-13.599
-8.902
-2.048
-10.257
-7.210
-2.620
-10.681
-4.648
-6.751
-8.033
-4.205
-3.491
-11.546
-7.200
-4.883
-15.046
-11.670
-2.406
-17.213
-11.116
-2.721
-7.363
-1.886
-6.899
-17.591
-11.237
-6.332
-19.087
-12.557
4.304
-11.768
-2.603
2.939
-7.334
0.013
1.029
-9.738
-7.839
-6.952
-9.592
-6.880
-0.216
-7.477
-4.257
0.271
-7.395
-6.078
5.168
-5.005
-4.288
-0.789
-5.095
-2.019
-1.803
-13.646
-6.037
0.821
-1.867
3.526
-1.356
-25.591
-7.626
-27.901
-10.540
-17.930
-3.344
-18.351
-6.477
-12.280
-4.369
-19.861
-3.644
-20.346
-3.190
-21.474
-3.578
-24.203
-3.501
-25.324
-7.826
-19.461
1.984
-25.833
-6.168
-29.877
-3.558
-24.740
-7.908
-23.741
-7.332
-26.320
-4.272
-24.516
-6.048
-22.851
-11.724
-26.051
-11.032
-28.417
-25.240
-21.582
-20.068
-21.419
-24.098
-19.016
-19.441
-17.842
-17.175
-19.784
-19.836
-14.964
-19.761
-23.005
-20.846
-17.826
-23.424
-21.072
-17.340
-25.269
-10.877
-7.962
-15.389
-8.256
-15.885
-11.670
-11.382
-13.296
-14.389
-14.595
-8.884
-8.324
-17.156
-11.794
-14.364
-5.287
-9.982
-10.192
-19.016
-16.201
-7.224
-11.063
-6.854
-5.792
-8.722
-8.957
-3.188
-5.424
-0.576
-14.708
-2.607
-5.748
-4.639
-5.883
-7.348
-11.640
-9.935
-11.237
-8.806
-8.523
-8.222
-13.669
-4.939
-7.083
-12.731
-3.105
-8.020
-12.474
-5.971
-11.080
-13.314
-10.956
-4.124
-6.218
-8.132
-10.518
-11.958
-4.779
-4.217
-11.075
-20.860
-9.013
-20.584
-21.180
-19.332
-21.330
-26.880
-23.403
-19.150
-15.099
-21.699
-17.084
-21.833
-20.152
-25.305
-24.734
-18.911
-19.072
-28.291
-19.520
-20.464
-16.462
-21.525
-23.678
-19.724
-24.160
-30.338
-24.382
-15.963
-12.448
-20.254
-20.809
-15.944
-15.914
-20.882
-18.928
-15.656
-11.970
-23.852
-20.240
-25.285
-22.898
-24.725
-26.770
-21.292
-18.882
-22.953
-31.571
-21.803
-18.485
-12.708
-25.686
-21.942
-15.739
-18.572
-27.166
-15.027
-15.905
-9.634
-24.050
-17.229
-20.971
-20.505
-28.930
-16.262
-11.770
-19.158
-25.101
-17.827
-19.055
-8.520
-28.896
-18.753
-23.287
-22.523
-31.356
-19.436
-11.360
-21.213
-22.845
-9.761
-17.708
-8.882
-19.488
-13.003
-24.713
-14.871
-12.184
-16.868
-25.113
-16.176
-23.226
-14.464
-17.986
-12.161
-19.862
-16.801
-16.985
-17.353
-18.292
-8.391
-17.636
-14.743
-22.116
-15.237
-16.154
-14.563
-16.023
-14.181
-20.874
-20.150
-19.625
-9.473
-19.236
-16.126
-12.083
-18.347
-17.039
-15.793
-20.987
-15.635
-8.043
-10.980
-14.848
-19.768
-7.000
-8.800
-9.614
-27.253
-13.446
-10.410
-16.481
-25.978
-13.942
-8.489
-18.870
-20.232
-9.020
-2.019
-11.292
-26.074
-14.324
-12.739
-17.556
-29.307
-10.533
-10.799
-17.987
-23.035
-10.689
-6.290
-14.851
-19.566
-9.291
-8.217
-16.162
-22.008
-14.685
-13.918
-16.764
-12.719
-15.012
-15.768
-12.955
-12.284
-11.897
-8.410
-11.141
-11.245
-19.466
-15.401
-11.406
-11.035
-16.102
-13.659
-13.601
-8.881
-17.255
-8.105
-15.119
-15.940
-15.499
-14.204
-15.767
-10.795
-15.254
-9.238
-18.136
-18.001
-24.861
-11.663
-15.495
-17.479
-18.512
-7.783
-25.459
-8.294
-20.230
-11.404
-15.567
-12.368
-8.204
-21.425
-17.686
-18.903
-19.457
-22.166
-22.621
-21.092
-11.888
-22.040
-19.525
-8.255
-11.117
-18.602
-23.171
-16.382
-6.347
-19.959
-16.040
-15.508
-4.575
-17.715
-14.493
-17.583
-13.823
-22.929
-23.214
-14.043
-15.364
-20.360
-19.638
-18.856
-7.485
-22.306
-18.438
-19.335
-11.421
-19.152
-12.167
-10.764
-21.112
-11.699
-16.226
-9.558
-18.904
-7.491
-8.525
-14.014
-25.931
-8.483
-19.737
-7.813
-21.136
-12.052
-13.043
-12.531
-18.021
-7.824
-13.214
-6.482
-21.090
-10.427
-18.145
-7.815
-16.488
-11.554
-18.675
-12.984
-17.995
-11.112
-17.549
-5.872
-21.674
-11.313
-19.907
-10.606
-21.526
-12.955
-14.652
-15.022
-12.863
-14.440
-14.603
-15.855
-12.815
-15.065
-14.602
-18.036
-10.461
-12.844
-10.322
-15.087
-9.814
-18.079
-9.911
-17.392
-13.736
-16.426
-10.207
-15.358
-12.373
-14.889
-11.178
-7.558
-7.998
-17.366
-10.932
-14.988
-7.664
-15.112
-14.570
-16.676
-9.589
-13.136
-12.553
-19.687
-16.205
-16.792
-14.006
-9.348
-24.097
-7.675
-25.883
-4.779
-12.869
-14.211
-21.628
-3.717
-25.172
-12.501
-26.698
-10.404
-19.109
-8.651
-25.735
-5.834
-17.487
-14.097
-20.668
-8.179
-16.332
-8.494
-24.938
-6.352
-20.075
-11.020
-23.778
-1.352
-15.412
-7.500
-27.169
-13.867
-20.259
-9.840
-25.138
-10.096
-16.878
-12.805
-18.095
-5.181
-13.873
-20.449
-20.474
-2.619
-10.897
-21.103
-20.039
-6.079
-13.214
-17.385
-19.766
-14.818
-18.320
-20.414
-20.923
-3.835
-12.201
-24.334
-19.626
-4.641
-13.309
-24.608
-11.205
-2.836
-6.294
-18.192
-13.426
-7.599
-12.169
-21.001
-20.418
-4.691
-15.007
-20.149
-18.358
-7.523
-16.402
-21.704
-22.594
-24.548
-13.844
-18.057
-10.775
-15.978
-3.933
-21.785
-11.702
-22.009
-10.099
-22.753
-14.330
-27.631
-10.481
-26.673
-10.834
-25.867
-15.939
-27.927
-11.823
-14.162
-5.466
-17.285
-11.487
-15.578
-15.540
-18.537
-3.866
-9.041
-10.419
-18.492
-12.459
-14.422
-15.381
-24.747
-13.318
-22.313
-8.313
-17.232
-12.993
-25.153
-12.650
-23.054
-9.906
-24.800
-13.629
-25.705
-16.539
-16.492
-11.765
-22.700
-12.576
-23.339
-14.870
-26.799
-10.091
-28.621
-13.379
-20.485
-15.980
-12.750
-14.303
-13.280
-16.660
-9.211
-8.221
-10.261
-15.009
-14.038
-11.312
-9.802
-13.200
-6.862
-10.051
-12.056
-9.419
-9.312
-10.881
-14.128
-10.682
-9.125
-14.384
-15.817
-13.631
-17.193
-11.473
-18.186
-17.607
-13.947
-14.784
-12.846
-14.394
-14.549
-8.811
-14.622
-15.523
-12.986
-10.772
-20.135
-18.438
-12.475
-13.313
-17.202
-15.401
-16.633
-9.854
-6.098
-14.609
-11.519
-15.543
-15.735
-13.504
-12.908
-15.149
-14.125
-12.427
-11.731
-15.521
-6.266
-7.627
