-22.708
-15.343
-17.159
-17.701
-19.743
-18.783
-21.360
-20.333
-20.547
-19.767
-26.366
-21.456
-23.374
-21.961
-23.462
-20.148
-22.912
-15.583
-15.753
-14.750
-19.147
-22.190
-26.080
-16.788
-27.388
-18.272
-23.873
-19.607
-13.603
-17.129
-33.426
-19.603
-16.744
-9.311
-29.413
-21.139
-17.382
-17.286
-21.332
-18.346
-12.921
-5.841
-8.313
-17.285
-13.800
-14.046
-10.590
-14.761
-14.360
-14.790
-15.441
-11.710
-20.580
-12.016
-19.159
-19.047
-14.655
-14.541
-16.974
-20.346
-10.141
-14.923
-9.765
-14.674
-9.696
-14.145
-13.151
-15.408
-8.334
-13.084
-6.099
-9.904
-7.138
-9.361
-9.009
-14.522
-10.281
-16.516
-4.515
-2.851
-12.802
-24.915
-18.420
-14.276
-5.331
-20.890
-8.330
-13.957
-6.629
-22.927
-19.428
-20.610
-7.737
-22.428
-17.866
-26.083
-12.664
-21.685
-14.877
-21.639
-5.422
-23.722
-6.853
-18.533
-4.600
-24.331
-12.997
-18.458
-14.367
-32.540
-25.781
-12.947
-7.945
-26.790
-17.471
-21.206
-7.951
-25.145
-10.182
-16.260
-8.039
-20.089
-15.443
-18.528
-2.586
-22.747
-13.550
-30.179
-2.917
-22.991
-13.585
-29.526
-7.304
-22.188
-14.687
-23.389
-4.568
-17.084
-10.114
-22.576
-3.999
-16.350
-5.763
-21.142
-1.964
-24.699
-18.315
-28.297
-6.135
-29.080
-23.942
-24.939
-14.436
-19.836
-19.259
-20.668
-5.314
-19.597
-4.724
-19.992
4.026
-21.158
-13.267
-23.225
1.685
-17.060
-6.546
-16.946
4.727
-21.377
-8.731
-24.326
6.442
-21.375
-14.452
-23.350
3.657
-21.573
-17.962
-18.227
2.559
-15.271
-9.991
-20.257
5.202
-14.672
-8.506
-19.216
-3.897
-19.161
-19.968
-16.546
4.219
-18.516
-15.828
-18.125
5.897
-16.225
-11.099
-28.449
-12.613
-6.139
-8.991
-11.010
-20.151
-17.412
-17.941
-13.607
-15.566
-9.719
-11.978
-17.268
-16.267
-13.987
-22.804
-11.875
-11.895
-14.158
-12.086
-3.509
-14.294
-10.118
-12.953
-9.872
-12.901
-18.077
-18.169
-6.521
-18.743
-16.159
-17.452
-9.527
-9.012
-12.553
-13.525
-12.204
-20.177
-14.429
-15.091
-12.955
-15.613
-12.377
-18.426
-19.457
-9.381
-10.088
-14.683
-9.691
-5.630
-7.304
-17.240
-10.920
-2.496
1.174
-7.064
-5.058
-12.477
-15.104
-13.954
-12.454
-7.372
-6.631
-17.922
-11.082
-9.043
-5.066
-14.375
-10.677
-8.746
-9.653
-17.189
-13.725
-15.779
-12.417
-17.361
-20.034
-8.059
-6.414
-11.548
-8.764
-16.788
-15.498
-1.859
-2.515
-4.474
-6.126
1.060
-2.606
-10.927
-7.708
-2.293
-7.727
-8.749
-14.228
-0.457
-0.230
-9.676
-10.069
-2.050
-0.621
-12.494
-12.659
-0.963
-1.287
-9.882
-11.213
-10.303
-4.828
-17.421
-14.637
-4.006
-4.634
-18.505
-17.844
-7.136
-7.529
-10.260
-8.628
-7.199
-2.627
-11.371
-14.678
-11.782
-5.561
-9.018
-9.976
-8.680
-0.897
-8.314
-8.932
-10.922
-6.470
-10.279
-14.566
-12.732
-6.569
-13.393
-15.617
-13.435
-7.541
-13.310
-16.098
-11.450
-7.690
-11.977
-9.156
-4.712
-1.651
-10.189
-17.205
-11.572
-6.086
-12.769
-13.891
-10.191
-7.146
-21.372
-17.683
-12.962
-7.977
5.227
-3.524
-5.044
-2.535
6.984
1.064
-10.063
-3.678
4.654
-6.621
-13.686
-10.747
0.254
-12.113
-13.631
-9.754
4.465
1.862
-5.419
1.948
3.368
-2.386
-7.483
-6.103
-0.147
-8.310
-10.548
-6.381
-1.592
-5.316
-12.202
-9.897
3.526
-0.706
-10.164
-5.553
-8.056
-10.058
-20.648
-17.563
-18.123
-19.208
-24.697
-15.430
-21.811
-24.122
-17.885
-21.243
-26.318
-15.783
-18.279
-27.882
-16.502
-24.273
-24.380
-19.931
-25.483
-27.161
-12.832
-17.556
-21.859
-17.209
-19.480
-19.721
-16.850
-23.116
-22.241
-12.278
-24.599
-30.989
0.209
-9.633
-21.476
7.832
-5.546
-27.518
0.499
-10.170
-22.249
5.607
-7.609
-24.906
-4.256
-16.148
-24.420
1.639
-7.701
-19.889
0.878
-10.886
-19.589
3.063
-11.077
-23.735
-0.008
-6.508
-30.148
7.292
-3.542
-26.034
3.268
-8.172
-24.255
-9.053
-16.100
-21.842
-7.019
-13.816
-24.731
-1.962
-8.257
-20.923
-8.153
-15.361
-24.207
-0.968
-3.864
-18.640
-10.564
-17.339
-26.252
-19.552
-18.040
-9.281
-2.421
-6.803
-24.527
1.312
-6.593
-18.568
2.303
-8.853
-11.137
3.689
-3.044
-8.328
5.643
-10.451
-3.179
4.711
-6.322
-10.248
2.951
-5.959
-2.714
-3.006
-9.069
-15.849
4.312
-8.539
-14.286
3.409
-11.511
-11.350
6.817
-2.686
-7.391
7.954
-7.889
-7.122
-10.705
-15.548
-3.774
-11.410
-16.502
-6.189
-13.585
-15.890
-4.890
-4.244
-12.820
-5.019
-11.154
-15.453
-4.865
-7.206
-20.096
-7.637
-7.001
-18.291
-8.385
-5.038
-17.716
-3.393
-9.205
-11.337
-2.971
-12.987
-12.689
-6.527
3.845
-5.068
-5.752
8.245
-7.746
-9.337
7.312
-9.829
-4.233
3.054
-10.050
-9.369
4.825
-3.361
-6.455
0.203
-7.647
-12.241
4.580
-1.872
-4.863
0.180
-2.443
1.059
3.788
-6.983
-3.809
-3.628
-3.508
-4.119
-17.468
-17.739
-18.916
-23.067
-20.599
-20.085
-16.070
-15.424
-26.308
-27.510
-24.408
-21.189
-14.846
-21.679
-24.416
-20.421
-16.702
-16.764
-20.086
-18.494
-17.708
-15.720
-19.705
-23.917
-20.471
-25.261
-19.743
-17.816
-23.177
-25.167
-14.419
-12.130
-16.143
-25.302
-16.926
-12.746
-8.647
-9.766
-19.471
-16.299
-15.939
-17.257
-18.043
-27.590
-19.605
-21.585
-15.784
-16.375
-17.964
-20.712
-17.925
-16.375
-14.200
-12.665
-23.290
-23.567
-15.965
-20.082
-16.030
-23.577
-20.699
-15.198
-22.483
-12.567
-16.703
-22.013
-16.109
-16.206
-15.780
-19.996
-18.909
-19.403
-19.354
-15.320
-24.125
-22.742
-19.289
-20.319
-17.399
-28.548
-22.216
-15.223
-17.739
-14.992
-18.289
-19.450
-16.469
-19.577
-10.647
-23.840
-20.080
-19.715
-17.423
-12.968
-25.171
-29.452
-19.265
-17.386
-19.108
-31.103
-19.243
-12.149
-10.020
-22.119
-17.597
-18.196
-16.097
-17.749
-28.661
-7.064
-20.887
-26.240
-20.858
-26.310
-11.061
-24.134
-20.193
-19.985
-31.795
-12.770
-13.767
-19.367
-15.360
-26.130
-8.505
-20.334
-18.793
-14.509
-28.112
-6.182
-18.868
-14.441
-14.487
-19.972
-8.994
-23.705
-17.803
-16.273
-28.408
-11.855
-17.692
-16.411
-13.279
-23.134
-11.669
-25.218
-24.338
-12.930
-28.829
-19.346
-20.697
-12.802
-16.442
-14.588
-13.179
-20.504
-10.139
-10.986
-13.235
-14.606
-18.028
-8.701
-13.449
-10.163
-16.085
-23.027
-13.890
-12.383
-18.172
-9.220
-13.625
-15.937
-13.047
-18.535
-12.906
-13.760
-9.975
-13.146
-13.481
-12.941
-17.768
-15.462
-16.177
-27.038
-23.603
-19.939
-9.974
-14.885
-15.046
-7.555
-18.584
-14.137
-11.391
-21.362
-14.540
-13.266
-10.507
-10.544
-12.538
-8.325
-19.068
-26.352
-19.284
-20.123
-26.850
-19.075
-23.870
-19.035
-21.231
-34.143
-15.630
-16.666
-14.737
-11.472
-21.636
-18.576
-22.930
-22.129
-26.800
-29.677
-12.858
-14.314
-7.549
-13.853
-22.285
-18.101
-15.085
-16.569
-18.499
-22.860
-17.526
-11.003
-9.684
-17.768
-22.774
-17.409
-18.701
-20.345
-19.085
-25.449
-23.419
-21.252
-19.986
-21.602
-28.895
-17.991
-20.212
-19.245
-19.888
-30.303
6.600
-0.064
-17.154
-2.035
-17.336
6.325
-2.677
-23.384
-10.398
-19.470
4.955
0.930
-15.164
-7.457
-16.620
-2.287
-5.773
-21.903
-6.345
-20.704
-1.946
-3.445
-20.981
-2.784
-12.698
6.228
-1.025
-18.980
-4.915
-20.459
8.401
-0.395
-21.087
-6.468
-17.755
-3.522
-0.361
-11.561
-8.596
-13.985
7.645
-3.165
-19.395
-8.644
-17.024
4.094
0.102
-17.316
-4.391
-7.028
-19.207
-18.202
-30.231
-5.629
-13.732
-17.747
-17.359
-24.073
-8.342
-13.648
-19.164
-14.665
-25.491
-12.169
-9.783
-22.487
-22.297
-28.325
-11.825
-12.598
-18.728
-12.497
-28.095
-6.029
-15.038
-18.754
-19.571
-26.020
-11.073
-14.475
-18.251
-12.588
-22.465
-12.876
-9.134
-13.350
-14.368
-22.992
0.337
-16.992
-18.514
-18.051
-24.738
-9.875
-12.304
-20.299
-23.079
-30.919
-13.789
-26.514
-0.214
-8.835
-19.594
-18.441
-25.519
2.922
-8.088
-22.818
-15.497
-26.399
-1.415
-11.174
-24.185
-17.173
-23.058
-1.391
-8.207
-24.619
-20.504
-23.987
3.008
-6.269
-30.199
-16.059
-26.141
-1.341
-14.078
-22.235
-14.944
-27.388
1.557
-1.844
-14.704
-15.209
-16.110
-1.434
-4.594
-21.560
-15.346
-23.665
-7.413
-8.998
-25.890
-19.634
-26.266
-0.313
-2.819
-19.429
-16.607
-21.221
-11.492
-3.937
-16.040
-15.790
-8.821
-2.270
0.836
-22.304
-18.180
-20.638
-7.583
0.381
-21.725
-17.155
-11.341
-4.520
-1.011
-17.912
-16.875
-19.676
-2.810
-4.954
-15.926
-12.116
-10.835
-3.148
5.072
-19.044
-13.068
-12.895
-6.870
1.728
-16.668
-14.269
-12.898
-3.979
-3.521
-24.985
-16.546
-19.497
-8.997
-8.301
-27.306
-17.453
-17.712
-6.706
-6.621
-26.521
-15.923
-19.373
-6.111
7.604
-5.386
-16.917
-22.768
-7.027
7.255
-5.876
-17.866
-16.966
-5.321
7.894
-6.657
-18.803
-19.542
-5.943
7.357
-1.619
-15.826
-15.820
-4.970
5.306
-9.959
-15.731
-23.161
-2.464
3.559
-10.532
-18.963
-21.302
-1.139
-0.657
-13.370
-14.363
-17.255
-4.134
7.330
-14.262
-15.644
-22.784
-8.438
3.467
-13.029
-16.625
-22.502
-12.161
3.170
-8.450
-19.937
-21.807
-17.329
-23.101
-16.293
-15.691
-27.608
-23.686
-10.584
-27.085
-19.507
-13.296
-28.364
-16.655
-26.934
-24.447
-20.130
-20.331
-23.164
-19.169
-23.894
-19.388
-16.578
-20.291
-19.296
-18.841
-22.934
-22.077
-18.649
-17.829
-20.263
-19.309
-34.357
-19.665
-16.988
-38.987
-21.552
-24.956
-33.999
-19.443
-15.830
-33.597
-18.620
-15.873
-35.285
-22.294
-18.215
-32.382
-19.224
-17.438
-35.104
-23.866
-14.136
-38.025
-25.017
-21.889
-38.464
-16.831
-20.262
-32.073
-14.554
-11.432
-23.913
-29.746
-13.643
-22.098
-31.661
-19.830
-22.122
-26.848
-14.167
-16.415
-24.317
-12.248
-23.400
-18.456
-16.249
-14.865
-28.231
-15.624
-18.103
-29.536
-16.851
-21.575
-24.806
-16.066
-20.950
-28.756
-22.573
-22.076
-28.735
-19.327
-7.277
-13.733
-25.428
-7.693
-11.753
-23.211
-12.552
-13.167
-24.210
-3.744
-13.183
-22.517
-7.889
-12.706
-25.634
-6.364
-7.572
-18.364
-6.604
-9.382
-22.676
-5.287
-10.434
-24.370
-7.726
-5.119
-22.100
-2.597
-9.981
-20.928
-17.735
-14.825
-18.395
-13.005
-10.367
-18.486
-7.281
-11.983
-18.924
-12.365
-19.471
-21.354
-15.195
-13.973
-16.059
-6.502
-17.228
-19.100
-13.451
-11.823
-10.269
-13.006
-13.654
-12.333
-13.061
-14.117
-16.081
-19.966
-10.191
-18.919
-13.798
-12.578
-17.191
-9.846
-12.882
-15.943
-13.817
-8.010
-18.675
-14.593
-10.206
-22.095
-9.372
-11.946
-20.943
-10.940
-11.164
-21.205
-13.962
-3.006
-20.849
-14.786
-2.428
-23.696
-15.430
-11.226
-21.001
-6.247
-7.383
-20.403
