3.803
12.884
3.962
9.517
9.176
10.146
4.125
12.561
6.890
9.401
15.288
12.431
13.628
-0.450
12.274
14.611
8.818
9.639
7.401
12.157
11.451
10.662
5.649
8.918
13.780
12.519
10.388
11.170
11.191
10.704
9.277
12.488
8.303
7.677
11.905
3.696
2.582
16.647
11.625
8.478
14.805
12.575
9.671
13.191
12.626
11.787
11.738
10.538
11.167
3.547
13.549
10.815
5.880
8.001
1.818
5.195
-7.065
12.994
10.400
6.526
1.507
1.037
-8.943
3.543
3.372
2.191
1.323
-1.537
4.217
-0.350
9.261
0.751
7.803
5.923
-8.274
8.093
-6.552
4.555
-13.622
5.751
9.563
11.331
2.814
-0.030
9.266
4.925
7.813
4.787
9.124
9.111
6.509
11.113
8.648
6.115
12.915
10.957
7.328
4.551
9.069
10.307
6.196
5.270
6.015
6.215
1.659
2.474
-1.313
4.596
0.941
-1.714
8.736
9.665
7.675
6.882
8.281
6.279
10.227
5.176
9.373
9.167
3.503
-1.972
1.829
8.723
5.973
2.289
5.827
3.102
6.884
5.678
3.643
7.753
9.612
6.827
5.946
2.558
8.477
10.507
6.484
4.270
8.897
0.261
9.624
1.229
-11.108
7.673
-17.693
7.313
-24.846
6.323
10.754
10.875
5.283
5.543
10.841
8.959
8.306
8.200
7.982
7.933
8.531
7.478
6.658
0.996
6.426
12.579
3.491
10.009
8.806
5.891
8.826
6.394
2.515
3.195
3.648
6.724
6.851
7.154
0.842
10.017
4.867
10.447
12.317
9.861
11.790
11.681
7.415
11.179
9.414
3.922
-12.124
4.283
8.742
8.280
8.332
8.516
8.229
11.148
0.348
2.430
9.031
16.596
10.901
8.765
10.719
10.949
14.735
13.539
16.104
12.650
7.705
11.386
7.752
12.184
9.905
9.366
7.908
9.481
11.332
10.242
12.226
17.466
10.749
10.376
11.410
7.430
14.564
4.566
4.237
15.540
11.930
13.585
12.918
9.620
14.273
12.925
10.607
11.299
16.568
18.144
10.016
8.276
3.120
6.837
8.347
9.560
11.177
10.328
9.209
11.119
15.530
14.379
17.022
7.562
16.082
17.849
11.595
12.675
10.828
3.688
10.209
4.270
10.836
6.702
10.899
11.241
11.145
9.851
5.672
4.376
11.235
14.181
13.150
8.671
12.132
11.962
11.050
9.024
9.933
10.731
9.897
7.778
14.581
11.108
16.152
15.097
13.246
14.043
9.064
11.663
12.139
10.474
10.629
10.498
12.808
13.716
11.781
4.711
14.272
11.924
13.877
13.786
16.867
3.576
11.809
14.291
10.304
11.053
9.724
8.112
8.179
7.095
10.434
10.856
6.492
9.715
11.781
13.919
9.873
11.983
11.493
10.727
9.785
9.469
10.637
9.268
6.642
5.712
10.780
8.606
7.771
14.159
6.892
7.292
7.909
10.365
11.534
9.731
7.789
13.547
