3.502
12.403
3.779
9.054
8.759
9.813
4.034
11.988
6.239
9.167
15.288
12.431
13.628
-0.450
12.274
14.611
8.818
9.639
7.401
12.157
10.664
9.567
4.961
8.230
13.037
12.360
10.068
10.624
10.564
9.984
9.068
12.142
7.575
7.196
11.497
3.458
2.563
16.293
11.294
8.180
14.852
12.326
9.357
12.814
12.312
11.449
11.674
10.491
10.870
3.429
13.102
10.410
5.560
7.639
1.287
4.178
-7.677
12.270
10.087
6.698
1.337
-0.771
-3.385
3.004
4.722
4.936
3.069
-0.083
3.503
0.781
9.007
0.402
8.181
5.384
-7.872
7.558
-5.766
3.644
-13.191
5.628
8.458
8.705
1.629
-0.381
7.172
4.408
5.652
3.063
7.609
6.998
5.608
11.221
7.867
4.858
12.844
10.029
5.306
3.962
8.649
9.502
6.185
5.264
7.013
7.536
3.633
2.499
1.095
6.165
2.324
1.453
8.161
9.364
7.323
6.959
7.943
6.208
9.883
5.209
9.183
8.960
3.980
-1.423
1.961
7.330
5.526
1.780
5.892
2.273
6.760
5.544
2.242
8.289
10.532
7.165
10.312
3.629
10.039
13.325
7.484
5.721
8.805
0.620
9.452
1.420
-10.675
7.758
-17.762
7.310
-24.291
6.426
10.905
9.250
4.193
3.011
10.958
8.749
8.228
6.759
6.973
9.499
8.531
7.478
6.658
0.996
6.426
12.579
3.491
10.009
8.806
5.891
8.488
5.402
2.459
2.271
3.167
6.114
5.344
6.166
1.160
9.103
4.027
10.284
11.562
9.623
11.634
11.266
7.035
10.419
8.845
3.282
-11.596
3.128
7.861
7.333
8.354
7.400
7.960
9.303
-0.049
2.177
8.498
16.475
10.782
8.315
10.142
10.798
14.608
13.303
15.763
12.428
7.705
11.386
7.752
12.184
9.905
9.366
7.908
9.481
11.332
10.242
12.226
17.466
10.749
10.376
11.410
7.430
14.564
4.566
4.237
15.540
11.930
13.585
12.918
9.620
14.273
12.925
10.607
11.299
16.568
18.144
8.651
8.810
4.205
7.375
10.269
10.410
11.334
11.971
8.456
12.753
15.530
14.379
17.022
7.562
16.082
17.849
11.595
12.675
10.828
3.688
10.389
5.994
11.865
6.858
13.527
12.079
13.378
10.301
6.315
5.071
11.235
14.181
13.150
8.671
12.132
11.962
11.050
9.024
9.933
10.731
9.894
7.714
14.452
10.832
16.155
14.894
13.025
13.871
9.200
11.492
12.139
10.474
10.629
10.498
12.808
13.716
11.781
4.711
14.272
11.924
13.877
13.786
16.867
3.576
11.809
14.291
10.304
11.053
9.724
8.112
7.891
6.991
10.314
10.608
6.382
9.558
11.842
13.775
9.724
11.964
11.350
10.466
9.528
9.115
10.492
9.237
6.487
5.562
10.446
8.675
7.587
13.869
6.608
7.377
7.888
10.128
11.386
9.598
7.526
13.255
