-23.238
-19.103
-9.268
-24.431
-11.006
-19.084
-20.061
-16.457
-15.531
-9.876
-17.214
-16.172
-14.266
-12.251
-10.328
-14.483
-16.182
-15.327
-16.581
-13.178
-9.011
-9.943
-12.904
-7.741
-11.066
-7.469
-6.336
-8.967
-8.528
-10.362
-0.648
3.488
0.177
4.407
0.319
-2.422
-6.258
2.931
-1.362
0.654
-8.137
-4.338
-23.247
-8.478
-1.499
-19.653
-9.500
-3.204
-21.149
-11.823
-2.370
-22.106
-11.454
-2.734
-20.753
-10.748
-4.103
-20.554
-8.759
-5.528
-18.069
-6.491
-5.288
-17.685
-6.776
-8.924
-18.188
-8.576
-10.130
-23.868
-6.956
-10.489
-20.908
-4.109
-6.151
-18.611
-9.624
-12.786
-18.442
-3.076
-14.936
-12.317
-9.395
-12.722
-10.568
-9.291
-6.829
-15.189
-11.909
-14.015
-15.391
-2.915
-9.659
-18.307
-7.972
-5.714
-17.368
-7.291
-7.386
-19.283
-19.290
-15.584
-15.207
-24.388
-13.616
-24.056
-21.839
-20.849
-19.262
-22.072
-11.331
-25.585
-20.365
-12.004
-21.690
-18.150
-13.040
-18.860
-26.763
-19.091
-18.134
-20.434
-16.007
-22.358
-26.007
-13.530
-27.221
-17.234
-13.055
-22.808
-17.014
-30.430
-21.652
-10.698
-17.820
-13.629
-15.491
-25.445
-19.118
-11.541
-25.443
-18.040
-11.214
-22.400
-15.755
-13.001
-27.946
-19.663
-10.841
-19.920
-11.356
-11.828
-25.184
-21.550
-11.610
-24.182
-18.357
-11.330
-26.606
-18.769
-2.664
-8.626
1.839
-0.341
-9.505
3.041
1.537
-8.680
-4.611
-3.577
-11.591
-5.986
-1.563
-4.796
1.339
-2.476
-8.533
-1.031
1.848
-6.200
3.078
-5.947
-11.175
0.231
-4.432
-13.444
0.383
-0.636
-12.388
-2.125
-8.565
-7.663
1.791
-8.933
-10.798
0.777
-10.335
-13.292
3.510
-7.973
-8.890
3.373
-8.610
-12.110
5.035
-6.388
-6.327
4.069
-9.894
-9.532
6.062
-6.148
-6.130
1.073
-6.625
-2.851
3.660
-10.980
-9.087
6.448
-6.371
-10.981
-5.613
-1.198
-8.267
-3.494
-1.939
-8.355
-2.286
-6.003
-6.671
-1.654
-2.140
-9.091
-3.565
-3.749
-12.871
-7.392
-0.932
-14.513
-6.147
-1.693
-6.248
-1.109
-5.910
-15.336
-7.446
-5.261
-16.329
-8.712
1.105
-10.116
0.313
0.474
-6.071
2.045
0.766
-8.081
-4.432
-7.904
-8.304
-2.425
-2.115
-6.800
-0.772
-0.153
-6.517
-2.366
3.273
-4.076
-1.297
-0.420
-4.346
0.905
-1.971
-11.540
-2.122
0.081
-1.483
5.222
-1.546
-25.342
-10.627
-27.516
-14.049
-17.781
-3.023
-18.161
-6.751
-12.019
-5.608
-19.687
-5.980
-20.101
-3.651
-21.218
-1.642
-24.109
-5.479
-25.352
-6.307
-19.317
2.382
-25.784
-5.051
-29.452
-2.453
-24.529
-6.187
-23.602
-5.481
-26.147
-3.147
-24.057
-4.897
-22.558
-9.281
-25.589
-8.043
-28.202
-28.422
-19.631
-22.236
-18.605
-26.712
-16.965
-21.979
-15.704
-19.777
-16.184
-20.875
-13.091
-22.657
-19.753
-22.870
-16.107
-26.629
-17.811
-20.515
-22.509
-8.637
-7.962
-10.880
-8.256
-12.060
-11.670
-7.952
-13.296
-10.495
-14.595
-6.113
-8.324
-12.854
-11.794
-11.251
-5.287
-6.621
-10.192
-13.955
-16.201
-5.308
-7.478
-7.116
-3.551
-7.144
-6.521
-2.363
-3.799
-0.387
-11.255
-1.768
-3.922
-1.498
-4.341
-4.280
-8.537
-8.235
-7.730
-7.429
-5.954
-8.259
-13.669
-4.041
-7.083
-12.225
-3.105
-8.919
-12.474
-5.513
-11.080
-11.806
-10.956
-4.715
-6.218
-7.001
-10.518
-9.902
-4.779
-3.531
-11.075
-20.860
-7.645
-20.584
-21.582
-19.332
-19.511
-26.880
-24.010
-19.150
-13.782
-21.699
-17.660
-21.833
-19.020
-25.305
-24.753
-18.911
-17.935
-28.291
-20.069
-20.464
-14.796
-21.525
-23.964
-19.724
-22.301
-30.338
-24.694
-15.963
-11.317
-20.254
-21.003
-15.944
-14.522
-20.882
-19.276
-15.656
-10.296
-23.852
-20.680
-25.285
-22.206
-24.725
-26.587
-21.292
-19.170
-22.953
-31.322
-21.803
-19.095
-12.708
-25.417
-21.942
-15.477
-18.572
-27.197
-15.027
-17.111
-9.634
-24.290
-17.229
-21.256
-20.505
-29.001
-16.262
-12.424
-19.158
-25.285
-17.827
-19.604
-8.520
-28.794
-18.753
-23.045
-22.523
-31.152
-19.436
-11.610
-21.213
-22.731
-9.761
-17.987
-6.701
-19.488
-13.003
-24.693
-12.854
-12.184
-16.868
-24.629
-13.831
-23.226
-14.464
-18.310
-10.261
-19.862
-16.801
-16.454
-14.848
-18.292
-8.391
-17.402
-12.127
-22.116
-15.237
-16.236
-12.318
-16.023
-14.181
-20.905
-17.495
-19.625
-9.473
-18.898
-13.554
-12.083
-18.347
-16.637
-13.834
-20.987
-14.966
-7.682
-10.980
-14.949
-19.582
-6.713
-8.800
-9.965
-26.512
-13.181
-10.410
-16.277
-25.459
-13.569
-8.489
-18.770
-19.998
-8.903
-2.019
-11.379
-25.728
-13.450
-12.739
-17.450
-29.616
-10.133
-10.799
-18.031
-22.609
-10.298
-6.290
-14.648
-19.132
-8.862
-8.217
-16.071
-21.781
-14.280
-13.918
-16.864
-12.719
-14.971
-15.324
-13.090
-12.284
-11.896
-7.969
-11.358
-11.245
-19.130
-14.161
-11.281
-11.035
-15.791
-12.616
-13.583
-8.881
-17.442
-7.422
-14.998
-15.940
-15.493
-13.311
-15.424
-10.795
-15.360
-8.781
-18.014
-18.001
-24.501
-9.690
-15.640
-17.479
-18.863
-7.428
-25.319
-8.294
-20.153
-10.835
-15.557
-14.209
-8.355
-21.425
-17.686
-20.321
-21.495
-22.166
-22.621
-23.887
-14.309
-22.040
-19.525
-10.089
-14.073
-18.602
-23.171
-20.510
-8.004
-19.959
-16.040
-19.836
-7.624
-17.715
-14.493
-22.080
-17.053
-22.929
-23.214
-16.865
-16.985
-20.360
-19.638
-22.751
-9.341
-22.306
-18.438
-22.879
-12.110
-19.152
-12.167
-16.126
-21.112
-11.699
-16.226
-15.424
-18.904
-7.491
-8.525
-19.215
-25.931
-8.483
-19.737
-12.368
-21.136
-12.052
-13.043
-19.645
-18.021
-7.824
-13.214
-10.381
-21.090
-10.427
-18.145
-11.980
-16.488
-11.554
-18.675
-18.382
-17.995
-11.112
-17.549
-11.682
-21.674
-11.313
-19.907
-18.549
-21.526
-12.955
-14.652
-18.223
-12.397
-14.440
-14.603
-17.491
-10.913
-15.065
-14.602
-24.463
-11.037
-12.844
-10.322
-18.584
-10.799
-18.079
-9.911
-21.290
-13.701
-16.426
-10.207
-19.294
-11.914
-14.889
-11.178
-12.157
-7.699
-17.366
-10.932
-20.102
-7.214
-15.112
-14.570
-22.602
-8.996
-13.136
-12.553
-22.404
-12.801
-16.792
-14.006
-11.831
-24.097
-7.675
-25.883
-8.358
-12.869
-14.211
-21.628
-9.349
-25.172
-12.501
-26.698
-16.414
-19.109
-8.651
-25.735
-10.240
-17.487
-14.097
-20.668
-13.769
-16.332
-8.494
-24.938
-11.113
-20.075
-11.020
-23.778
-8.102
-15.412
-7.500
-27.169
-19.311
-20.259
-9.840
-25.138
-15.704
-16.878
-12.805
-18.095
-8.185
-14.717
-20.449
-20.474
-7.209
-12.412
-21.103
-20.039
-9.538
-12.823
-17.385
-19.766
-17.955
-16.384
-20.414
-20.923
-8.963
-13.569
-24.334
-19.626
-8.766
-13.198
-24.608
-11.205
-9.606
-7.421
-18.192
-13.426
-13.715
-12.700
-21.001
-20.418
-6.875
-16.230
-20.149
-18.358
-13.275
-17.424
-21.704
-22.594
-24.548
-13.844
-18.057
-10.775
-15.978
-3.933
-21.785
-11.702
-22.009
-10.099
-22.753
-14.330
-27.631
-10.481
-26.673
-10.834
-25.867
-15.939
-27.927
-11.823
-14.162
-5.437
-17.285
-11.437
-15.578
-15.477
-18.537
-3.847
-9.041
-10.356
-18.492
-12.483
-14.422
-15.252
-24.747
-13.195
-22.313
-8.375
-17.232
-12.934
-25.112
-12.650
-22.969
-9.906
-24.720
-13.629
-25.588
-16.539
-16.449
-11.765
-22.399
-12.576
-23.235
-14.870
-26.682
-10.091
-28.545
-13.379
-20.333
-15.980
-12.473
-13.699
-13.073
-16.321
-9.039
-8.129
-9.983
-14.775
-13.716
-10.947
-9.455
-12.776
-6.667
-9.638
-11.780
-9.287
-9.145
-10.744
-13.797
-10.425
-9.523
-14.055
-15.790
-13.198
-17.063
-11.118
-18.245
-17.137
-14.120
-14.426
-12.819
-13.924
-14.378
-8.684
-14.502
-15.133
-12.969
-10.648
-20.172
-17.804
-12.263
-12.930
-16.909
-14.978
-16.294
-9.665
-5.749
-14.331
-11.191
-14.959
-15.436
-12.876
-12.505
-14.453
-13.821
-12.049
-11.846
-15.122
-6.065
-7.388
