-22.708
-14.860
-17.159
-17.250
-19.743
-18.267
-21.360
-19.903
-20.547
-19.395
-26.366
-21.132
-23.374
-21.426
-23.462
-19.657
-22.912
-15.231
-15.753
-14.408
-19.147
-22.140
-26.080
-16.824
-27.388
-17.877
-23.873
-19.273
-13.603
-16.668
-33.426
-19.462
-16.744
-9.188
-29.413
-20.939
-17.382
-17.156
-21.332
-18.018
-13.005
-5.412
-8.722
-16.137
-14.018
-12.863
-10.919
-13.468
-14.467
-13.524
-15.542
-10.537
-20.916
-10.998
-19.621
-17.657
-15.103
-13.493
-17.310
-18.601
-11.412
-13.601
-11.010
-13.483
-11.112
-12.773
-14.664
-14.152
-9.669
-11.777
-7.438
-8.776
-8.402
-8.076
-10.648
-13.198
-11.718
-15.169
-5.364
-1.952
-14.305
-24.622
-18.475
-13.833
-6.061
-20.728
-8.631
-13.625
-7.670
-22.716
-19.848
-19.979
-8.205
-21.756
-17.785
-25.448
-13.667
-21.365
-15.131
-21.342
-8.276
-23.006
-6.629
-17.871
-6.880
-23.947
-13.044
-17.873
-13.135
-32.280
-25.367
-12.315
-8.529
-26.313
-17.526
-20.606
-8.247
-25.021
-10.232
-16.249
-7.237
-19.224
-15.340
-18.270
-5.492
-22.110
-13.669
-29.117
-4.666
-22.165
-13.601
-28.431
-5.688
-21.207
-14.254
-22.942
-3.815
-16.719
-10.690
-21.810
-3.374
-15.571
-5.643
-20.312
-4.678
-23.704
-18.138
-27.273
-5.667
-28.128
-23.946
-24.661
-8.299
-18.747
-19.156
-20.534
-4.522
-19.023
-4.918
-19.373
-0.630
-21.183
-13.250
-23.111
-3.901
-17.115
-6.344
-17.232
1.303
-20.865
-8.504
-24.186
-3.073
-21.369
-14.022
-22.541
-2.447
-21.398
-17.214
-17.793
-4.189
-14.829
-9.922
-19.992
-3.375
-14.767
-7.970
-18.847
-8.874
-18.943
-20.284
-16.889
-1.259
-18.102
-15.737
-17.363
-1.841
-16.129
-10.841
-27.695
-6.773
-5.956
-9.607
-10.701
-14.228
-17.424
-18.961
-14.267
-10.164
-9.750
-13.252
-16.968
-8.778
-13.548
-23.852
-11.244
-8.259
-13.997
-13.249
-3.633
-10.770
-10.329
-14.195
-10.112
-7.034
-17.696
-19.233
-6.180
-10.017
-15.585
-18.752
-9.410
-6.455
-12.494
-14.652
-11.632
-12.071
-14.319
-16.647
-13.147
-13.135
-10.754
-14.754
-13.309
-8.835
-8.340
-12.356
-5.902
-3.934
-6.675
-13.400
-6.503
-2.401
1.376
-5.074
-2.903
-10.883
-13.211
-10.985
-8.502
-7.007
-5.594
-14.653
-7.052
-7.691
-3.839
-11.639
-6.734
-7.475
-8.250
-14.377
-9.729
-13.293
-10.954
-13.209
-14.101
-7.278
-5.291
-9.494
-4.727
-15.015
-12.644
-3.808
-0.701
-3.490
-4.286
-0.039
-1.166
-10.572
-6.051
-3.258
-4.340
-7.841
-11.968
-1.837
0.747
-8.644
-8.032
-3.897
1.038
-11.193
-9.521
-3.315
0.406
-8.120
-9.386
-9.637
-2.198
-18.238
-11.702
-5.963
-2.437
-17.971
-14.637
-8.479
-3.609
-8.210
-7.005
-7.821
-0.868
-9.139
-12.104
-9.892
-3.950
-8.715
-7.942
-7.876
0.221
-6.608
-7.549
-9.027
-4.453
-7.711
-11.954
-10.338
-3.775
-11.551
-12.998
-11.456
-5.126
-11.845
-13.621
-9.750
-5.178
-10.382
-7.159
-3.772
-0.201
-9.430
-14.642
-10.048
-4.256
-10.860
-11.946
-7.474
-4.424
-19.661
-14.389
-10.880
-4.698
2.367
-2.357
-4.860
-1.319
1.748
1.779
-8.613
-1.573
-0.836
-5.604
-11.618
-9.000
-2.868
-9.956
-10.660
-7.386
0.094
2.416
-3.779
1.836
-1.607
-1.371
-5.980
-4.057
-2.713
-6.983
-8.396
-4.736
-5.770
-4.066
-10.593
-6.155
0.795
0.150
-7.859
-3.761
-10.500
-7.886
-17.406
-12.227
-18.013
-16.501
-24.343
-16.028
-18.800
-23.717
-17.566
-17.950
-26.101
-14.481
-15.554
-27.778
-16.673
-20.445
-24.180
-21.202
-22.014
-26.956
-13.803
-15.122
-21.686
-18.777
-16.114
-19.441
-18.474
-20.189
-21.816
-13.263
-20.935
-30.726
-9.163
-7.516
-21.034
0.472
-4.322
-27.395
-7.417
-8.008
-21.791
-0.721
-5.798
-24.659
-12.783
-12.611
-24.179
-4.294
-5.548
-19.411
-9.253
-8.153
-19.185
-4.948
-8.059
-23.300
-7.513
-4.559
-29.941
-0.681
-2.328
-25.785
2.031
-6.964
-24.069
-10.539
-14.440
-21.598
-8.337
-11.897
-24.545
-2.388
-7.025
-20.713
-8.638
-13.408
-23.772
-3.987
-4.181
-18.254
-12.711
-14.723
-25.925
-19.679
-16.106
-8.915
-3.193
-5.279
-24.242
1.465
-4.929
-18.196
-2.417
-6.043
-11.137
0.758
-1.559
-8.328
1.344
-7.687
-3.179
-0.663
-4.614
-10.248
-0.454
-3.640
-2.714
-7.186
-6.078
-15.849
-0.541
-6.027
-14.286
-1.454
-8.013
-11.350
3.086
-1.045
-7.391
4.280
-5.463
-7.122
-8.356
-11.145
-3.774
-10.929
-11.431
-6.189
-11.886
-11.337
-4.890
-4.600
-8.683
-5.019
-11.020
-10.454
-4.865
-6.728
-14.578
-7.637
-6.593
-12.455
-8.385
-5.298
-12.581
-3.393
-7.704
-7.038
-2.971
-11.150
-9.331
-6.527
0.061
-2.680
-5.752
4.481
-5.374
-9.337
3.775
-7.568
-4.233
-1.419
-7.414
-9.369
1.749
-1.504
-6.455
-1.114
-4.322
-12.241
1.885
-0.413
-4.863
-4.246
-1.185
1.059
1.862
-4.493
-3.809
-8.030
-1.776
-4.119
-17.468
-17.367
-16.691
-23.067
-20.832
-20.085
-16.296
-13.108
-26.308
-27.532
-24.408
-21.223
-12.137
-21.679
-24.380
-20.421
-16.675
-14.448
-20.086
-18.602
-17.708
-16.148
-17.808
-23.917
-20.511
-25.261
-19.759
-15.062
-23.177
-25.494
-14.419
-12.229
-13.865
-25.302
-17.057
-12.746
-9.395
-8.005
-19.471
-16.505
-15.939
-17.276
-15.455
-27.590
-19.876
-21.585
-15.863
-13.820
-17.964
-20.741
-17.925
-16.360
-12.194
-12.665
-23.266
-23.567
-15.409
-18.054
-16.030
-23.613
-20.699
-14.673
-20.447
-12.567
-16.529
-22.013
-16.334
-13.954
-15.780
-19.949
-18.909
-18.981
-17.152
-15.320
-23.924
-22.742
-18.792
-18.694
-17.399
-28.425
-22.216
-15.003
-15.697
-14.992
-18.165
-19.450
-16.052
-17.777
-10.647
-23.674
-20.080
-18.924
-15.803
-12.968
-25.179
-29.452
-19.027
-15.058
-19.108
-31.219
-19.243
-12.410
-8.623
-22.119
-17.752
-18.196
-16.145
-15.288
-28.661
-7.359
-20.887
-26.352
-18.627
-26.310
-11.413
-24.134
-20.060
-18.294
-31.795
-12.656
-13.767
-19.125
-13.506
-26.130
-8.586
-20.334
-18.968
-11.618
-28.112
-6.567
-18.868
-14.700
-12.663
-19.972
-9.266
-23.705
-18.110
-14.158
-28.408
-12.097
-17.692
-17.304
-11.519
-23.134
-11.684
-25.218
-25.155
-9.954
-28.829
-19.251
-20.697
-12.371
-13.973
-14.588
-13.539
-20.504
-9.567
-9.147
-13.235
-14.819
-18.028
-8.423
-11.287
-10.163
-16.412
-23.027
-14.072
-10.021
-18.172
-9.598
-13.625
-15.813
-11.506
-18.535
-13.192
-13.760
-10.225
-11.286
-13.481
-13.216
-17.768
-15.377
-14.535
-27.038
-23.857
-19.939
-9.130
-12.851
-15.046
-7.554
-18.584
-13.900
-8.797
-21.362
-14.940
-13.266
-10.192
-8.481
-12.538
-8.476
-19.068
-25.290
-18.173
-20.123
-26.557
-19.075
-23.285
-18.237
-21.231
-34.101
-15.630
-15.835
-13.221
-11.472
-21.507
-18.576
-21.937
-20.120
-26.800
-29.753
-12.858
-14.223
-7.012
-13.853
-21.998
-18.101
-14.513
-14.990
-18.499
-22.901
-17.526
-10.758
-7.841
-17.768
-22.974
-17.409
-17.976
-18.929
-19.085
-25.263
-23.419
-19.921
-19.241
-21.602
-28.847
-17.991
-19.226
-17.959
-19.888
-30.061
-3.456
-1.684
-17.154
-2.035
-17.336
-0.249
-2.801
-23.384
-10.398
-19.470
-1.585
-0.966
-15.164
-7.457
-16.620
-8.560
-4.125
-21.903
-6.345
-20.704
-10.266
-4.110
-20.981
-2.784
-12.698
-1.849
-3.654
-18.980
-4.915
-20.459
-0.089
-2.295
-21.087
-6.468
-17.755
-11.398
-1.632
-11.561
-8.596
-13.985
0.332
-4.073
-19.395
-8.644
-17.024
-4.330
-1.043
-17.316
-4.391
-7.028
-21.777
-16.984
-30.231
-5.629
-13.732
-19.004
-14.997
-24.073
-8.342
-13.648
-21.700
-13.423
-25.491
-12.169
-9.783
-21.981
-20.361
-28.325
-11.825
-12.598
-22.430
-10.473
-28.095
-6.029
-15.038
-18.121
-17.553
-26.020
-11.073
-14.475
-19.560
-11.166
-22.465
-12.876
-9.134
-15.912
-13.515
-22.992
0.337
-16.992
-18.512
-17.246
-24.738
-9.875
-12.304
-21.401
-21.352
-30.919
-13.789
-26.514
-5.987
-13.604
-19.594
-18.441
-25.519
-2.317
-12.409
-22.818
-15.497
-26.399
-6.019
-16.054
-24.185
-17.173
-23.058
-7.442
-13.598
-24.619
-20.504
-23.987
-1.944
-9.148
-30.199
-16.059
-26.141
-5.600
-18.330
-22.235
-14.944
-27.388
-5.949
-6.993
-14.704
-15.209
-16.110
-8.406
-9.072
-21.560
-15.346
-23.665
-11.131
-11.279
-25.890
-19.634
-26.266
-8.091
-6.496
-19.429
-16.607
-21.221
-15.232
-5.449
-16.040
-15.790
-8.821
-7.582
-2.821
-22.304
-18.180
-20.638
-13.978
-2.508
-21.725
-17.155
-11.341
-9.847
-5.597
-17.912
-16.875
-19.676
-7.198
-6.909
-15.926
-12.116
-10.835
-6.454
4.146
-19.044
-13.068
-12.895
-10.869
-2.117
-16.668
-14.269
-12.898
-6.282
-6.619
-24.985
-16.546
-19.497
-11.842
-9.525
-27.306
-17.453
-17.712
-12.891
-10.668
-26.521
-15.923
-19.373
-11.697
0.594
-5.386
-16.917
-22.768
-9.460
0.539
-5.876
-17.866
-16.966
-9.336
1.399
-6.657
-18.803
-19.542
-8.660
3.761
-1.619
-15.826
-15.820
-8.368
-1.793
-9.959
-15.731
-23.161
-4.715
-2.486
-10.532
-18.963
-21.302
-5.830
-7.468
-13.370
-14.363
-17.255
-8.508
-0.785
-14.262
-15.644
-22.784
-12.185
-3.456
-13.029
-16.625
-22.502
-17.063
-1.068
-8.450
-19.937
-21.807
-17.329
-23.050
-16.293
-15.691
-27.473
-23.686
-10.584
-26.900
-19.507
-13.296
-28.209
-16.655
-26.934
-24.289
-20.130
-20.331
-23.090
-19.169
-23.894
-19.414
-16.578
-20.291
-19.391
-18.841
-22.934
-22.095
-18.649
-17.829
-20.139
-19.309
-34.357
-19.609
-16.988
-38.987
-21.316
-24.956
-33.999
-19.261
-15.830
-33.597
-18.541
-15.873
-35.285
-22.141
-18.215
-32.382
-18.989
-17.438
-35.104
-23.650
-14.136
-38.025
-24.784
-21.889
-38.464
-16.699
-20.262
-32.073
-14.516
-11.432
-23.913
-29.494
-13.643
-22.098
-31.317
-19.830
-22.122
-26.711
-14.167
-16.415
-24.221
-12.248
-23.400
-18.268
-16.249
-14.865
-28.077
-15.624
-18.103
-29.260
-16.851
-21.575
-24.641
-16.066
-20.950
-28.488
-22.573
-22.076
-28.481
-19.327
-8.590
-13.468
-25.047
-9.036
-11.394
-22.634
-13.762
-12.910
-23.753
-4.994
-12.754
-22.066
-9.337
-12.544
-25.145
-7.596
-7.408
-18.104
-8.085
-9.109
-22.301
-6.860
-10.236
-23.826
-8.921
-5.004
-21.801
-4.046
-9.884
-20.615
-17.684
-14.560
-18.008
-13.068
-10.032
-17.918
-7.461
-11.499
-18.267
-12.375
-18.872
-20.649
-15.430
-13.565
-15.779
-6.412
-16.731
-18.520
-13.653
-11.245
-9.746
-13.189
-13.490
-12.243
-13.014
-13.581
-15.581
-19.726
-9.907
-18.548
-14.130
-12.426
-16.768
-9.769
-12.680
-15.458
-14.063
-7.910
-18.183
-14.819
-10.294
-21.708
-10.039
-11.655
-20.212
-11.371
-10.944
-20.439
-14.510
-2.999
-20.390
-15.376
-2.213
-23.223
-15.637
-10.942
-20.610
-6.856
-7.270
-20.009
