0.438
3.847
2.259
2.123
2.364
1.889
-0.309
3.395
5.389
4.575
3.534
4.767
3.582
0.344
1.845
2.178
2.988
1.861
1.468
2.065
4.418
1.609
4.337
2.681
3.180
4.642
3.420
3.669
4.653
2.105
3.308
3.965
2.174
2.263
1.545
1.806
0.979
5.314
3.731
3.656
5.016
5.242
6.527
5.491
6.949
7.065
7.053
6.165
6.611
6.362
5.325
6.177
4.297
4.697
4.256
4.528
2.364
7.023
3.807
7.064
4.360
5.898
5.175
4.581
4.510
4.885
4.509
3.985
5.811
5.919
3.365
4.862
3.043
2.930
2.890
4.149
3.252
3.400
4.147
4.880
6.497
5.700
5.803
4.023
4.926
5.185
6.114
5.625
6.006
5.021
4.451
4.432
3.808
2.626
4.213
3.320
3.217
3.635
4.062
3.165
6.886
5.821
7.844
6.046
7.217
6.421
6.987
6.887
5.912
5.487
5.246
5.858
3.245
4.028
5.516
7.277
2.846
3.671
5.026
5.956
4.218
3.255
2.025
2.111
3.648
-1.997
4.210
-0.001
3.163
2.255
5.368
3.631
5.227
4.019
5.637
3.993
3.832
4.626
3.027
2.207
2.944
3.058
2.326
1.575
2.520
4.072
2.433
2.538
4.106
2.093
4.934
5.056
5.151
3.801
3.407
5.142
4.147
4.728
4.393
3.988
4.947
3.558
4.128
3.625
3.192
4.928
4.180
4.481
3.837
3.698
4.040
2.692
2.370
3.780
2.189
1.895
3.943
3.363
1.454
3.026
0.320
4.283
3.311
4.316
3.090
2.198
0.800
2.391
1.668
0.205
-0.813
2.611
3.433
2.982
2.951
5.051
2.487
3.894
2.411
1.155
1.186
4.234
2.285
-0.931
1.929
1.480
4.130
4.843
3.366
5.092
2.217
2.314
2.589
3.327
3.239
3.114
1.914
4.222
4.037
4.654
2.372
3.290
3.187
0.966
2.930
2.785
3.117
2.094
1.781
3.251
-1.249
1.362
2.189
1.243
2.726
3.859
2.263
3.624
2.936
5.156
5.182
3.155
3.531
2.755
3.236
5.462
2.624
4.141
4.265
2.096
4.201
4.608
5.346
4.302
4.869
5.925
2.735
2.298
3.679
0.079
4.265
3.523
3.554
4.608
5.123
5.969
4.114
4.580
3.455
1.470
3.299
4.229
4.226
4.265
2.677
2.261
3.964
3.481
4.180
4.874
4.613
2.729
4.380
4.546
3.526
4.324
3.114
3.586
2.894
3.034
3.862
4.285
4.126
2.293
4.006
4.941
3.086
2.598
4.454
2.979
3.457
4.767
4.584
-0.910
1.888
1.793
2.872
1.291
1.681
2.258
4.362
3.969
2.382
1.573
2.434
3.702
3.482
3.967
1.933
5.266
3.750
2.374
3.040
0.364
2.166
0.758
2.854
3.048
1.195
2.192
1.700
3.702
0.778
1.239
3.037
4.456
0.345
2.383
1.697
3.430
