-7.982
-8.457
-8.424
-7.835
-4.953
-7.395
-6.561
-7.216
-10.072
-11.031
-8.450
-7.436
-9.261
-8.910
-8.098
-8.426
-10.215
-6.509
-7.074
-6.208
-7.473
-8.335
-8.449
-5.257
-10.947
-7.373
-10.728
-8.199
-8.433
-5.663
-7.949
-7.259
-4.103
-2.809
-7.674
-5.683
-8.815
-5.226
-5.357
-6.095
-2.970
-3.752
-1.862
-5.886
-3.277
-6.388
-2.589
-6.655
-2.687
-8.101
-7.083
-6.797
-3.712
-4.434
-2.619
-8.189
-1.063
-3.969
-4.013
-8.900
0.295
-4.956
-1.289
-6.094
3.856
-4.204
0.895
-6.345
0.721
-7.044
3.855
-2.367
2.198
-4.999
-0.204
-6.568
0.269
-6.336
0.142
-5.195
2.082
-1.135
3.965
5.555
-2.193
0.069
2.671
1.821
3.732
1.644
5.756
5.372
1.473
2.104
2.968
4.351
6.930
2.108
3.828
5.288
-0.395
0.404
4.024
3.256
1.318
-0.506
3.440
1.518
-2.320
-3.173
1.179
2.342
4.930
2.520
5.570
4.953
4.623
1.837
6.228
6.606
0.540
1.217
5.054
5.619
-1.226
0.573
2.522
1.127
-1.689
0.779
3.594
0.358
2.583
2.509
3.874
2.523
-2.461
-0.135
2.583
0.535
-0.549
-0.788
3.165
1.624
-2.843
0.471
0.793
-1.122
0.171
1.406
4.037
3.949
-1.753
1.536
3.330
0.900
-0.016
0.370
4.071
2.826
-1.590
-0.719
3.302
1.515
-1.716
0.212
2.633
1.245
0.545
1.271
5.959
4.310
-1.095
0.163
3.511
3.036
-0.632
0.893
4.447
4.202
-3.196
0.451
4.077
2.980
-1.781
1.359
4.895
2.891
-3.439
-1.072
2.347
1.166
-1.728
-0.340
2.500
2.399
-7.016
-0.866
1.982
-3.693
6.696
2.197
2.199
0.661
9.451
0.990
3.094
4.625
6.800
0.578
3.287
4.758
8.451
0.890
2.138
4.989
9.557
1.049
3.706
3.899
5.018
0.737
0.559
2.262
3.753
-4.042
-0.734
1.818
6.566
-0.567
1.727
1.244
6.029
-1.719
-1.414
1.960
5.047
0.341
2.062
-0.270
7.444
3.868
13.762
2.108
7.341
3.877
9.679
3.958
8.796
4.261
12.109
1.988
8.749
5.170
9.670
2.524
7.715
2.498
11.248
1.575
9.343
2.789
12.409
1.903
8.163
4.817
11.887
3.071
6.557
2.077
8.255
0.827
6.381
3.635
12.188
3.001
7.953
4.401
12.796
2.926
1.792
10.913
1.998
2.648
4.132
11.414
3.593
2.883
3.413
8.182
3.424
2.124
7.013
11.136
4.540
3.271
7.129
9.625
6.697
4.037
2.449
10.913
1.933
2.335
7.609
10.834
7.062
4.341
5.688
12.786
4.304
2.061
4.934
8.215
2.278
2.401
7.747
10.888
7.180
3.896
9.048
3.951
10.424
2.312
8.067
4.903
7.007
1.754
10.046
3.952
8.946
1.670
9.586
3.695
8.585
0.797
4.273
-0.979
4.744
0.031
9.511
3.954
10.045
1.872
10.004
3.890
7.577
2.617
5.377
1.649
5.995
2.114
9.380
2.336
9.024
1.180
7.153
2.397
7.470
2.107
5.825
6.391
6.271
2.791
4.471
3.972
2.571
2.414
5.550
6.033
4.642
2.834
4.855
5.450
3.795
2.846
4.047
5.574
3.638
3.845
2.572
2.849
2.631
1.316
6.738
3.753
2.207
1.447
4.262
2.060
3.383
2.137
3.830
3.560
3.647
2.371
3.197
4.049
3.053
2.501
-0.899
-2.181
9.647
-1.898
-4.286
7.782
-1.444
-2.027
7.180
-0.328
-2.913
9.424
-1.988
-2.977
7.795
-2.750
-4.608
11.318
-0.943
-3.373
10.705
0.001
-1.420
9.678
-0.121
-1.463
10.572
-0.244
-1.762
7.255
5.397
0.587
-3.303
7.412
-0.597
-1.799
5.929
-0.426
-1.002
7.882
1.435
-1.799
6.436
-1.111
-2.821
6.067
1.149
-3.175
3.762
-0.551
-3.636
3.680
-2.295
-4.549
9.998
1.637
-1.436
7.134
0.903
-4.334
2.162
-0.484
-0.896
1.728
-0.056
0.597
2.695
0.367
-2.404
-0.649
-0.241
-4.242
-0.113
-4.249
-1.013
4.756
-1.480
-0.256
-0.639
-3.582
0.660
-1.727
-1.873
-4.258
4.139
0.896
-0.559
-0.762
-1.613
-0.857
0.895
3.658
-1.247
1.874
6.181
0.267
-0.823
3.777
-0.776
-3.565
0.781
-3.451
0.449
3.983
0.527
1.249
3.145
-1.438
1.796
2.900
-1.711
3.656
8.482
1.233
2.002
5.157
0.198
3.693
7.023
1.420
-4.227
-2.923
0.163
-1.095
1.525
0.529
-1.096
1.138
0.471
-0.874
-2.271
-1.348
-1.335
0.490
-0.182
0.607
-1.194
-1.740
-0.913
-1.080
-0.687
-1.081
-0.469
-3.603
3.927
2.899
2.244
1.394
4.571
2.818
2.843
5.650
-0.897
5.534
9.113
2.505
2.725
6.106
0.300
1.701
5.150
-1.314
3.781
4.743
0.164
2.076
3.091
0.958
5.402
7.855
3.446
2.369
7.679
2.527
3.796
4.121
0.557
0.862
4.112
-1.986
-8.575
-6.290
-7.414
-10.565
-8.026
-10.437
-6.477
-6.612
-11.901
-10.796
-11.153
-10.103
-9.522
-10.982
-11.319
-9.436
-7.964
-5.556
-12.130
-10.024
-8.279
-8.604
-7.741
-12.590
-8.859
-12.452
-8.595
-10.556
-11.880
-11.667
-7.310
-6.124
-7.043
-9.015
-6.864
-7.741
-5.149
-5.092
-8.244
-6.735
-7.166
-5.201
-7.205
-12.803
-7.360
-8.283
-6.231
-6.447
-10.300
-9.601
-10.813
-8.824
-9.648
-9.689
-10.724
-14.391
-9.097
-10.033
-8.438
-10.823
-12.067
-7.336
-7.205
-7.401
-9.619
-11.744
-7.438
-7.031
-7.560
-8.270
-13.552
-8.658
-10.105
-10.882
-11.804
-13.898
-8.526
-8.653
-9.490
-9.878
-10.163
-10.212
-8.735
-10.037
-8.221
-8.310
-7.291
-8.045
-7.437
-9.058
-8.561
-8.035
-5.395
-7.696
-6.036
-11.696
-6.830
-8.876
-8.521
-10.711
-6.717
-2.806
-3.344
-9.466
-4.879
-8.441
-6.150
-4.335
-10.674
-4.353
-8.478
-6.582
-4.422
-11.821
-3.144
-6.403
-2.161
-4.177
-11.433
-2.577
-4.216
-7.732
-2.126
-11.579
-4.462
-8.569
-4.231
-3.430
-9.489
-5.040
-5.692
-5.788
-4.092
-10.855
-3.381
-7.176
-4.982
-6.449
-9.411
-5.330
-5.373
-4.446
-3.267
-9.718
-2.349
-11.647
-7.218
-6.072
-16.219
-9.015
-12.112
-7.743
-9.864
-7.272
-6.197
-7.403
-6.942
-7.454
-8.266
-5.649
-6.678
-6.432
-7.507
-6.405
-7.180
-10.227
-5.991
-7.171
-8.299
-6.259
-7.210
-6.863
-6.810
-7.463
-5.880
-6.026
-5.440
-5.518
-3.962
-4.002
-7.942
-11.404
-7.962
-13.274
-9.489
-7.599
-6.101
-6.579
-6.411
-4.086
-9.277
-6.369
-6.642
-10.757
-5.193
-10.118
-6.174
-7.543
-8.434
-4.199
-5.673
-9.051
-8.422
-7.995
-8.955
-3.369
-5.922
-5.331
-4.045
-6.452
-6.143
-7.833
-3.505
-6.026
-8.833
-5.909
-6.370
-4.717
-7.900
-9.336
-5.556
-7.619
-2.640
-4.778
-5.771
-5.357
-9.185
-4.374
-4.833
-7.333
-6.706
-4.181
-3.463
-7.448
-7.866
-7.835
-8.445
-6.884
-5.037
-8.121
-5.395
-5.484
-4.577
-6.251
-6.993
-6.383
-7.073
-2.899
-10.901
-9.997
-0.518
0.827
-8.409
-1.227
-2.230
-0.271
0.126
-7.633
-2.897
-8.350
-0.839
2.874
-8.387
-0.829
-5.073
-3.376
-1.521
-11.778
-1.511
-6.579
-4.562
-1.050
-10.713
-0.018
-3.528
-1.648
-1.305
-8.285
-0.704
-5.535
-1.621
-1.132
-9.748
-0.360
-5.944
-1.512
0.922
-7.614
-1.234
-3.328
-0.180
0.459
-9.001
-1.842
-6.199
-1.302
-3.581
-8.827
-1.886
-5.131
-10.102
-7.199
-11.431
-6.475
-6.341
-6.839
-5.176
-10.825
-3.128
-3.382
-8.135
-8.009
-10.875
-7.933
-6.796
-7.325
-8.286
-11.119
-6.219
-6.275
-7.742
-4.342
-9.929
-3.561
-1.819
-5.683
-7.225
-10.972
-5.976
-6.593
-9.966
-8.041
-11.309
-5.934
-5.079
-5.808
-7.106
-11.934
-4.631
-7.389
-8.214
-5.452
-11.384
-5.767
-4.013
-8.791
-5.247
-13.528
-6.976
-7.623
-2.212
-2.549
-2.242
-9.052
-7.066
-2.994
-2.490
-4.378
-8.024
-10.935
-3.261
-6.875
-2.574
-9.093
-9.727
-0.887
-3.269
-5.692
-4.769
-6.465
-0.713
-3.041
-5.468
-4.073
-6.717
-5.016
-7.283
-4.299
-7.029
-9.563
-4.425
-4.439
-2.833
-9.007
-7.411
-3.425
-1.057
-1.699
-4.635
-6.393
1.191
-1.477
-4.924
-4.675
-6.002
-2.990
-4.713
-5.266
-3.572
-6.209
-4.799
-2.860
-10.857
-6.445
-2.660
-0.758
-0.700
-9.161
-6.689
-5.563
-3.563
-1.550
-11.141
-5.700
-3.633
-2.814
-4.626
-10.168
-5.603
-5.617
-9.228
-3.598
-14.170
-4.687
-5.149
-2.319
-1.489
-8.807
-6.766
-2.680
-5.607
-4.159
-9.787
-4.989
-3.201
-1.830
-1.277
-9.032
-5.147
-4.275
-4.694
-1.535
-7.105
-6.460
-3.101
-5.859
-4.760
-9.319
-5.085
-3.722
-1.936
-0.456
-2.459
-5.669
-5.412
-2.631
-1.435
-2.875
-3.695
-4.529
-0.575
-0.383
-4.235
-5.256
-4.753
-1.180
-2.261
-0.908
-7.010
-5.746
-1.078
-0.917
-1.591
-5.565
-4.402
-1.727
-4.066
-7.781
-5.575
-3.833
-2.685
-3.110
-8.040
-4.102
-4.986
-1.066
-0.203
-2.800
-4.474
-1.793
-2.886
-0.473
-6.974
-4.345
-5.569
-3.670
-2.041
-6.018
-6.536
-6.360
-4.588
-6.933
-5.131
-7.278
-9.565
-8.583
-5.257
-12.650
-8.082
-6.100
-10.432
-5.824
-6.299
-7.554
-7.085
-5.284
-9.611
-8.488
-8.392
-8.087
-4.242
-5.561
-7.465
-6.872
-4.329
-7.303
-7.252
-3.890
-7.601
-7.413
-15.000
-8.349
-8.268
-9.877
-4.990
-3.615
-11.438
-6.533
-4.241
-14.025
-6.778
-6.605
-13.039
-4.218
-2.532
-13.835
-5.921
-6.647
-12.414
-5.208
-2.544
-10.959
-7.994
-4.563
-12.543
-7.243
-6.897
-13.813
-6.195
-3.420
-7.054
-9.056
-5.468
-9.179
-8.074
-4.602
-6.892
-6.589
-3.122
-7.168
-5.786
-2.654
-5.924
-7.586
-4.279
-7.650
-9.322
-4.764
-6.036
-7.386
-2.219
-8.124
-9.020
-3.948
-5.850
-5.830
-4.782
-7.154
-6.340
-2.716
-2.574
-2.569
-4.694
-2.620
-2.991
-4.216
-3.635
-2.498
-5.115
-1.447
-2.678
-5.977
-2.319
-3.943
-5.750
-0.474
-1.811
-4.086
-2.716
-4.034
-6.711
-2.462
-1.339
-4.254
-2.437
0.159
-2.352
-3.536
-4.213
-5.364
-4.210
-7.914
-8.168
-3.413
-5.182
-6.581
-4.372
-5.966
-6.817
-5.326
-4.444
-7.067
-5.897
-2.777
-5.527
-3.217
-6.622
-7.494
-5.065
-5.278
-6.028
-5.774
-5.626
-7.773
-5.264
-6.323
-7.676
-7.826
-5.364
-5.513
-6.171
-5.198
-8.787
-3.754
-1.622
-7.662
-7.605
-2.555
-5.498
-6.686
-4.006
-7.734
-5.314
-2.383
-8.793
-7.092
-3.699
-8.643
-8.876
-1.631
-6.893
-9.554
-3.166
-7.762
-9.513
-4.806
-7.488
-6.296
-3.390
-7.686
