-9.645
-5.440
-6.659
-10.096
-5.686
-6.445
-8.995
-5.893
-7.027
-5.566
-4.788
-3.886
-6.541
-4.040
-4.882
-4.971
-6.762
-6.550
-5.206
-7.127
-1.197
-2.354
-2.239
-3.490
-2.867
2.936
-2.263
0.326
-3.412
-1.585
-0.435
0.038
-0.714
-2.594
-0.646
-2.065
-1.131
0.057
0.498
-1.081
-1.206
1.847
-0.308
-1.813
3.854
0.769
0.269
3.476
1.647
2.439
5.132
2.138
-3.338
2.821
-0.980
1.304
3.813
-0.509
1.266
4.092
0.941
0.623
4.835
1.188
2.898
4.529
2.188
1.314
2.394
-0.276
-2.842
0.631
-0.766
3.605
2.546
3.511
1.159
-0.271
2.116
1.093
1.839
6.118
2.316
3.626
5.251
0.357
2.147
4.003
-1.109
-0.899
2.232
2.015
4.245
5.695
-0.421
0.754
0.857
1.864
3.908
4.086
-1.400
0.351
0.561
1.140
5.035
3.581
-0.208
2.543
1.639
0.778
3.079
3.805
0.062
3.800
1.054
-0.463
2.626
-0.009
0.793
3.853
3.132
2.545
5.306
4.184
-1.602
2.218
0.708
2.007
3.525
3.387
1.758
-0.850
1.639
0.693
0.600
2.496
-0.072
-1.188
1.416
-0.442
1.204
3.873
-2.724
-0.434
2.220
-1.543
-0.073
3.239
0.550
-1.216
1.727
-0.249
-1.346
1.499
1.768
-0.284
3.746
4.438
1.515
4.671
7.167
8.686
8.227
5.839
7.147
4.214
7.289
7.961
6.334
5.094
5.089
3.263
5.638
5.197
7.247
5.991
6.767
3.330
7.940
10.358
7.181
7.186
8.181
6.374
6.235
5.858
4.731
7.464
7.397
5.761
5.801
8.519
4.707
4.201
7.796
3.851
2.614
7.939
4.248
5.176
5.346
3.119
1.469
6.612
1.089
3.236
5.717
4.429
-3.095
5.490
2.239
4.573
6.917
3.785
2.744
6.049
4.641
2.317
4.881
4.977
4.135
4.602
1.632
5.000
4.528
1.293
3.990
7.118
3.059
4.390
5.854
1.703
5.045
6.248
2.349
4.642
4.486
1.390
7.586
8.126
3.422
7.571
9.324
3.844
5.084
4.721
1.987
4.360
6.342
1.211
2.839
6.434
3.117
5.578
7.426
3.204
7.132
7.106
2.242
1.507
2.769
1.613
5.115
7.259
3.914
5.862
8.411
5.261
5.681
4.946
1.978
2.046
4.026
1.921
2.219
3.745
2.527
4.503
7.311
4.579
1.391
-3.967
3.953
-1.790
2.164
-3.668
4.486
-1.473
-0.521
-5.834
-2.288
-7.212
5.194
-0.483
-1.266
-7.521
0.724
-5.088
0.304
-4.127
1.856
-3.306
1.419
-1.443
1.839
-0.578
2.934
-2.127
3.767
-3.472
1.628
-2.565
3.768
0.171
0.283
-5.218
0.948
-3.334
0.828
-3.522
-1.635
-3.041
-1.415
-4.132
-2.829
-2.353
-0.378
-0.863
-0.368
-2.023
-2.451
-3.508
-3.703
-5.249
-1.776
-3.443
-2.213
-3.799
-3.249
-2.119
6.585
1.578
7.065
2.879
5.461
2.580
0.911
0.061
2.171
-1.944
6.356
3.771
4.661
1.867
4.930
2.856
4.415
1.195
3.496
-0.444
2.380
2.368
1.695
3.730
0.207
1.994
2.401
3.660
2.862
3.790
1.448
3.284
0.566
0.657
-2.568
-1.846
-1.118
0.627
-2.728
-3.111
0.753
0.582
0.810
0.281
-2.014
-0.313
1.799
0.775
1.718
-0.907
-1.851
-0.777
3.252
3.264
-0.316
-1.624
0.523
0.943
1.540
-0.019
-6.066
-6.442
-9.035
-5.190
-7.495
-6.271
-10.632
-6.433
-8.602
-5.773
-10.821
-7.833
-9.622
-6.729
-11.278
-8.486
-9.124
-7.154
-13.161
-7.165
-8.649
-5.584
-11.588
-7.200
-9.222
-6.364
-11.722
-9.200
-9.653
-6.719
-11.064
-8.870
-8.425
-7.520
-11.197
-7.696
-4.858
-5.283
-7.648
-5.037
-5.989
-8.745
-12.223
-9.030
-1.785
-6.968
-8.118
-8.780
-5.688
-6.251
-4.124
-6.786
-1.009
-8.184
-7.137
-7.816
-7.102
-5.154
-10.003
-8.727
-3.733
-6.298
-7.882
-8.076
-4.787
-4.427
-10.973
-7.695
-3.940
-7.318
-7.470
-8.221
-2.232
-8.789
-7.658
-9.256
-5.542
-5.180
-11.325
-7.647
-3.916
-9.489
-4.484
-6.294
-5.466
-6.167
-5.304
-6.772
-6.041
-9.017
-5.973
-9.463
-9.122
-9.275
-6.714
-9.306
-8.454
-7.954
-7.422
-7.254
-7.320
-8.344
-7.877
-9.768
-6.514
-4.711
-5.447
-6.046
-7.402
-6.426
-5.966
-6.643
-10.240
-8.636
-6.187
-6.925
-7.211
-8.285
-7.687
-6.820
-8.219
-2.697
-5.606
-8.691
-10.003
-5.204
-5.654
-6.396
-12.007
-6.141
-2.279
-8.491
-12.172
-5.134
-7.917
-9.713
-10.996
-3.488
-6.356
-7.786
-10.594
-5.656
-6.977
-9.808
-10.617
-4.350
-7.328
-8.763
-9.442
-4.414
-4.061
-7.941
-9.942
-4.210
-4.000
-10.837
-6.707
-3.100
-8.431
-7.600
-5.178
-8.413
-2.894
-6.343
-7.487
-7.452
-4.296
-3.743
-8.022
-8.597
-6.536
-6.837
-7.608
-7.906
-4.984
-5.599
-3.996
-8.796
-4.446
-5.465
-6.223
-6.033
-4.492
-7.118
-6.898
-7.524
-3.348
-8.825
-5.427
-11.290
-6.883
-8.332
-8.485
-10.869
-5.068
-12.456
-3.589
-5.245
-2.949
-6.224
-3.506
-3.613
-5.671
-7.298
-6.773
-7.816
-8.901
-9.410
-7.454
-5.431
-9.311
-7.551
-5.111
-5.704
-8.149
-9.925
-6.526
-6.574
-9.976
-9.064
-8.047
-5.492
-9.003
-8.323
-8.199
-5.485
-10.639
-10.601
-4.235
-5.725
-9.829
-8.016
-5.103
-4.634
-7.275
-6.788
-7.122
-4.641
-8.104
-8.321
-2.508
-8.956
-2.844
-4.106
-2.848
-9.731
-2.535
-1.455
-6.744
-9.603
-2.555
-1.727
-3.852
-8.776
-3.095
-5.405
-3.319
-9.971
-3.047
-2.616
-2.464
-7.718
-2.244
-1.757
-4.844
-7.940
-6.106
-3.100
-1.599
-7.925
-1.442
-1.629
-1.655
-6.631
-2.375
-1.735
-5.111
-9.890
-2.727
-3.283
-7.407
-6.215
-10.664
-3.984
-7.148
-2.878
-10.262
-5.758
-8.452
-2.517
-11.507
-3.416
-8.010
-3.027
-12.952
-6.868
-10.177
-6.143
-9.692
-2.969
-6.037
-4.427
-11.032
-3.472
-7.520
-4.540
-10.818
-4.994
-4.485
-1.652
-10.310
-4.070
-7.098
-1.918
-11.586
-3.715
-10.165
-5.054
-13.656
-5.869
-3.277
-8.886
-3.617
-6.438
-1.848
-3.844
-6.539
-7.914
-1.687
-5.712
-4.117
-5.702
-5.025
-8.711
-6.962
-8.893
-4.287
-6.782
-3.794
-5.059
-4.312
-4.870
-4.281
-6.796
-3.972
-3.447
-5.092
-5.314
-1.482
-4.118
-3.499
-6.100
-6.378
-4.218
-5.129
-9.484
-4.618
-7.811
-2.873
-4.964
-4.761
-6.021
-14.497
-8.944
-4.575
-3.126
-14.443
-6.817
-3.624
-1.195
-10.998
-3.760
-5.149
-2.086
-12.423
-5.277
-7.798
-4.611
-14.549
-5.749
-7.147
-4.734
-13.372
-7.068
-7.308
-4.009
-13.654
-5.201
-6.292
-5.253
-12.975
-4.479
-2.526
-4.980
-13.385
-4.591
-4.480
-2.447
-11.842
-5.000
-7.818
-3.309
-5.018
-1.657
-4.065
-0.242
-8.250
-4.877
-9.299
-5.288
-7.803
-4.384
-7.995
-2.021
-5.691
-2.040
-10.030
-2.041
-6.826
-3.936
-7.811
-3.731
-7.110
-6.854
-6.765
-1.220
-8.186
-2.684
-3.831
-5.459
-7.329
-2.569
-6.954
-5.794
-10.261
-3.860
-7.421
-3.684
-7.700
-1.960
-11.401
-7.584
-8.085
-5.272
-8.792
-5.338
-9.126
-4.324
-4.854
-3.910
-7.719
-3.897
-6.288
-5.467
-8.066
-4.831
-5.139
-6.419
-9.965
-4.353
-5.083
-5.034
-5.782
-5.879
-3.058
-3.245
-5.421
-6.173
-3.078
-4.058
-6.166
-6.645
-4.176
-4.394
-3.727
-4.750
-2.260
-0.711
-6.146
-5.097
-6.037
-6.997
-4.965
-3.254
-6.086
-3.142
-4.844
-4.801
-6.217
-5.878
-3.291
-4.351
-5.425
-2.662
-5.527
-3.586
-1.740
-2.104
-8.038
-5.221
-4.049
-3.912
-6.044
-2.958
-4.457
-3.937
-0.363
-2.265
-6.233
-4.458
-3.468
-2.203
-4.178
-4.171
-5.122
-1.689
-0.660
-2.104
-1.585
-4.420
