2.368
7.705
4.184
3.507
4.721
3.247
0.058
6.238
7.978
8.630
3.930
6.736
4.283
-1.742
1.088
2.335
5.521
0.322
-1.292
1.575
7.441
3.484
7.819
6.027
6.387
8.209
6.608
7.696
8.225
5.881
4.935
5.154
4.423
4.247
2.355
2.687
2.291
6.826
3.862
4.395
10.200
8.154
11.286
11.171
9.585
13.032
11.648
10.289
11.574
9.878
8.176
9.279
5.963
7.181
6.182
6.427
2.401
11.635
6.594
10.637
-3.347
-0.671
-3.503
-1.288
-3.365
-2.394
-1.975
1.802
-2.435
-0.752
7.563
9.629
6.822
5.533
3.993
7.811
6.460
7.635
7.103
9.820
6.497
5.700
5.803
4.023
4.926
5.185
6.114
5.625
6.006
5.021
4.605
3.509
3.593
4.198
1.657
3.377
-1.634
4.398
3.879
2.503
8.307
6.977
8.562
8.031
8.428
8.772
10.341
10.306
8.092
8.737
4.262
3.989
4.154
2.903
5.606
7.995
3.468
5.031
2.915
4.895
5.526
4.386
2.747
3.160
5.181
-2.247
6.374
0.832
4.603
2.804
2.984
2.405
3.934
2.698
2.154
1.947
3.651
0.769
1.160
0.850
-2.496
-3.425
-7.221
-1.019
-1.655
-3.083
-4.276
-6.140
-4.464
-5.449
9.111
9.295
9.654
7.571
6.915
9.526
7.134
9.495
8.174
9.498
9.179
7.785
6.351
6.564
6.507
9.450
8.188
7.742
6.168
5.418
2.176
1.360
-0.655
5.890
-0.208
-0.274
5.012
-0.440
1.089
3.796
-0.995
8.088
6.664
6.057
6.626
6.281
3.652
5.038
4.078
0.041
-3.069
1.692
5.064
5.127
3.830
7.715
3.657
6.583
0.683
3.048
3.060
8.250
1.135
-0.447
4.943
1.199
8.239
9.557
6.480
8.592
2.897
5.284
4.047
6.035
5.076
4.952
3.616
7.129
4.845
6.679
3.385
4.603
5.016
0.586
5.895
4.375
1.686
2.534
3.315
3.401
-0.880
2.540
1.903
4.179
6.101
5.939
4.385
5.778
5.294
7.949
8.513
5.991
6.583
6.270
7.258
10.075
5.088
8.037
7.492
4.755
8.008
6.667
8.282
5.903
8.879
10.395
3.753
5.020
5.777
2.473
6.182
4.397
5.308
7.537
6.762
8.976
6.046
6.649
5.886
2.045
3.902
7.584
5.889
6.346
3.491
2.983
6.416
4.017
5.778
6.835
6.783
3.967
5.501
6.673
4.436
7.190
6.350
6.234
3.036
3.496
5.326
7.363
5.869
4.839
6.649
7.849
4.312
3.078
7.507
5.310
3.370
7.714
5.384
-3.160
4.395
0.408
3.691
1.364
0.704
2.689
6.970
4.318
2.733
2.413
2.819
5.504
3.994
5.241
3.569
6.335
6.085
5.565
6.002
3.997
4.995
1.918
5.372
4.743
4.424
2.455
2.841
6.759
1.552
1.927
4.524
8.785
1.672
4.338
2.193
5.525
