-7.898
-4.301
-5.542
-5.075
-6.751
-5.820
-7.578
-6.701
-6.493
-6.171
-9.035
-7.516
-8.392
-6.865
-7.879
-6.601
-7.420
-4.855
-5.046
-4.674
-5.719
-8.866
-9.363
-6.174
-9.731
-5.314
-8.160
-6.937
-2.312
-5.622
-12.630
-6.499
-4.105
-1.805
-9.820
-7.427
-4.846
-6.102
-7.372
-6.205
-4.298
-1.336
-2.140
-7.183
-4.592
-5.000
-3.023
-5.740
-4.884
-5.798
-5.541
-3.912
-8.407
-4.080
-7.633
-7.936
-5.341
-5.632
-6.332
-8.440
-3.363
-5.548
-3.265
-5.559
-3.243
-5.127
-4.991
-6.047
-2.375
-4.800
-1.363
-3.102
-1.872
-2.691
-2.970
-5.560
-3.428
-6.540
-0.402
0.574
-9.890
-10.040
-6.489
-5.267
-4.134
-8.757
-1.931
-5.550
-5.280
-9.848
-7.372
-8.463
-5.682
-8.526
-6.235
-11.284
-9.432
-9.071
-5.294
-8.813
-5.720
-8.883
-0.815
-7.504
-4.713
-10.428
-4.407
-7.527
-9.047
-14.236
-9.765
-4.323
-5.700
-11.624
-6.480
-8.985
-5.677
-11.966
-3.154
-7.528
-4.634
-6.677
-5.638
-7.774
-3.463
-8.674
-4.434
-13.239
-2.871
-8.364
-4.610
-13.279
-3.535
-7.663
-4.515
-10.266
-2.269
-5.127
-2.894
-9.590
-1.885
-4.192
-0.309
-8.638
-2.876
-8.469
-6.451
-12.265
-3.565
-10.832
-9.177
-11.567
-5.281
-5.574
-6.862
-7.627
-2.827
-5.702
-0.245
-8.606
-0.261
-9.594
-4.067
-11.089
-2.551
-7.594
-1.386
-8.073
1.209
-8.175
-2.166
-10.652
-2.091
-9.608
-5.028
-10.451
-1.464
-9.327
-5.978
-7.858
-2.702
-5.390
-2.445
-8.484
-2.207
-6.868
-1.815
-8.339
-6.036
-7.611
-8.024
-7.271
-0.738
-7.931
-5.398
-7.504
-1.045
-6.757
-3.700
-12.741
-4.369
-1.648
-2.425
-4.220
-9.701
-7.219
-7.033
-6.339
-6.770
-3.103
-4.029
-7.748
-5.777
-5.269
-9.226
-4.752
-5.487
-5.287
-4.133
-0.930
-7.246
-4.644
-4.888
-4.386
-4.565
-6.872
-7.018
-1.928
-6.561
-5.521
-7.141
-3.895
-4.340
-4.364
-4.652
-5.123
-8.012
-4.852
-5.332
-5.418
-5.763
-5.656
-8.415
-9.461
-3.552
-4.096
-6.978
-4.104
-1.015
-3.035
-7.571
-4.489
0.284
1.715
-2.468
-1.927
-4.311
-7.162
-6.257
-6.083
-2.737
-2.217
-8.484
-4.984
-2.901
-1.002
-6.560
-4.782
-2.712
-4.148
-8.312
-6.854
-5.311
-5.803
-7.615
-10.071
-2.332
-2.204
-5.169
-3.315
-6.888
-6.836
-1.560
-0.668
-0.532
-1.482
0.927
-0.889
-4.186
-3.070
-1.105
-3.133
-3.235
-6.502
-0.308
0.481
-4.112
-4.063
-1.540
0.647
-4.958
-4.714
-1.207
0.103
-3.542
-4.572
-5.234
-1.462
-8.908
-6.430
-2.768
-1.749
-8.732
-8.140
-4.333
-2.564
-3.502
-3.313
-4.033
-0.715
-3.669
-6.140
-5.506
-2.880
-3.626
-3.724
-4.213
0.150
-2.576
-3.512
-4.851
-3.267
-2.915
-6.181
-5.664
-2.651
-4.849
-6.965
-6.700
-3.752
-5.286
-7.209
-5.398
-3.643
-3.937
-3.323
-1.705
-0.288
-3.723
-7.922
-5.590
-3.080
-4.299
-6.286
-4.006
-3.146
-9.275
-7.778
-6.168
-3.386
2.556
-0.788
-2.370
-0.804
2.279
1.699
-4.760
-0.768
0.897
-3.180
-6.765
-6.377
0.107
-5.314
-6.020
-5.309
1.417
2.377
-1.637
1.517
1.044
-0.140
-3.109
-2.741
0.109
-3.837
-4.747
-3.266
-2.102
-2.191
-5.917
-4.107
1.994
0.881
-4.064
-2.607
-4.343
-4.393
-10.212
-8.631
-7.206
-7.578
-9.636
-6.316
-8.438
-9.723
-7.321
-7.719
-10.929
-6.536
-6.581
-11.651
-6.498
-8.940
-9.643
-9.138
-10.049
-11.156
-5.464
-6.600
-8.600
-7.881
-6.600
-6.737
-6.858
-9.200
-8.373
-4.733
-9.467
-13.072
-2.922
-2.483
-8.101
1.431
-1.251
-11.119
-2.541
-2.909
-8.879
1.056
-1.391
-9.627
-5.088
-4.961
-9.403
-0.498
-1.480
-7.287
-3.521
-2.492
-6.987
-0.861
-2.635
-9.145
-2.550
-0.791
-12.116
1.028
-0.471
-9.825
2.151
-2.532
-9.231
-3.085
-6.372
-7.941
-2.483
-5.171
-9.831
0.580
-2.538
-7.938
-1.705
-6.010
-8.689
0.197
-1.706
-6.727
-4.441
-6.180
-9.899
-7.008
-7.497
-1.418
0.520
-1.529
-9.384
3.202
-1.294
-6.394
-0.706
-3.901
-3.932
1.519
-0.725
-2.949
2.354
-5.261
-0.281
0.472
-3.028
-4.204
0.825
-2.500
-0.274
-3.302
-3.855
-6.864
0.885
-4.175
-6.275
-0.258
-5.005
-4.159
2.848
-0.466
-3.013
3.761
-3.566
-2.519
-3.989
-7.050
-0.490
-6.136
-7.256
-1.493
-6.078
-7.218
-0.821
-2.112
-5.336
-1.075
-6.117
-6.601
-0.673
-3.476
-9.544
-2.443
-3.958
-7.898
-2.880
-3.023
-8.210
0.264
-3.909
-4.345
0.424
-5.711
-6.075
-1.485
1.258
-1.711
-1.622
3.727
-3.509
-3.499
3.469
-5.050
-0.892
0.010
-5.185
-3.644
1.684
-0.821
-2.709
0.325
-2.659
-5.255
2.226
-0.129
-1.612
-1.220
-0.799
1.901
2.042
-2.914
-0.778
-3.988
-0.954
-0.357
-5.921
-5.324
-6.824
-7.134
-7.012
-6.577
-5.772
-4.747
-8.581
-10.038
-9.209
-7.603
-3.886
-6.514
-8.536
-7.311
-5.306
-5.348
-5.802
-5.791
-5.672
-5.955
-7.587
-7.513
-6.794
-9.221
-6.932
-5.514
-7.183
-9.153
-3.856
-3.149
-5.013
-8.132
-5.229
-3.576
-3.048
-2.190
-5.528
-4.899
-5.222
-5.896
-5.754
-9.154
-6.505
-7.965
-5.576
-4.849
-4.855
-6.910
-6.002
-5.168
-4.211
-2.488
-8.152
-8.473
-4.255
-7.563
-3.991
-8.286
-7.087
-4.112
-8.788
-2.445
-4.919
-7.811
-5.553
-5.288
-3.880
-6.703
-6.153
-6.116
-6.619
-3.674
-8.416
-8.012
-6.152
-8.015
-4.603
-10.495
-8.084
-4.542
-6.300
-3.528
-5.781
-6.851
-4.889
-7.291
-1.587
-8.381
-6.721
-5.754
-6.828
-2.624
-8.915
-10.957
-6.368
-5.993
-5.366
-11.906
-6.174
-4.176
-2.724
-6.711
-5.828
-5.935
-5.353
-4.818
-9.632
-0.784
-7.134
-10.147
-7.217
-8.582
-2.608
-8.941
-7.773
-7.628
-11.032
-3.238
-4.369
-6.586
-5.016
-8.502
-1.232
-6.966
-6.446
-2.920
-9.387
-0.539
-6.280
-4.915
-4.414
-5.752
-1.770
-8.544
-6.568
-4.903
-9.519
-2.957
-5.378
-6.535
-3.866
-7.164
-2.783
-8.553
-10.085
-2.650
-9.707
-6.122
-7.622
-2.741
-4.811
-3.347
-3.615
-7.340
-1.305
-2.756
-2.743
-4.147
-6.333
-1.190
-3.435
-1.371
-4.999
-8.392
-3.600
-2.370
-4.948
-1.710
-4.004
-4.795
-3.638
-5.110
-3.421
-3.980
-2.523
-4.004
-2.853
-3.352
-5.630
-4.844
-5.810
-8.908
-8.334
-7.124
-0.686
-4.339
-3.552
-0.544
-6.482
-3.249
-1.688
-6.373
-4.135
-4.079
-1.530
-2.170
-2.432
-1.196
-6.424
-8.591
-7.809
-5.819
-9.358
-6.568
-8.152
-8.389
-6.314
-12.923
-5.649
-4.142
-5.356
-1.956
-7.124
-6.111
-7.101
-8.830
-8.801
-10.964
-3.926
-3.902
-2.285
-3.019
-7.389
-6.035
-3.675
-6.313
-5.094
-7.804
-5.962
-2.707
-2.218
-4.767
-8.096
-6.212
-5.253
-8.495
-5.356
-8.833
-8.817
-5.884
-8.749
-6.480
-10.474
-5.913
-5.643
-8.044
-5.714
-11.201
0.170
0.628
-6.334
1.158
-6.661
1.735
0.119
-9.597
-3.092
-7.684
1.130
1.234
-5.312
-1.613
-6.192
-2.515
-0.024
-8.681
-1.034
-8.333
-3.445
-0.853
-8.165
0.729
-4.230
0.959
-0.348
-7.203
-0.249
-8.224
1.739
0.411
-8.442
-1.097
-6.885
-4.015
0.691
-3.515
-2.188
-4.770
1.899
-0.244
-7.434
-2.216
-6.394
-0.445
0.973
-6.435
0.004
-1.286
-9.010
-7.971
-12.943
-0.658
-4.900
-7.529
-6.664
-9.811
-1.867
-4.961
-8.912
-6.000
-10.419
-3.798
-2.921
-9.145
-9.951
-11.868
-3.515
-4.292
-9.681
-4.055
-11.830
-0.864
-5.482
-7.248
-8.392
-10.735
-3.269
-5.280
-7.987
-4.323
-8.871
-4.221
-2.479
-6.034
-6.234
-9.325
2.503
-6.495
-7.502
-8.236
-10.082
-2.610
-4.026
-8.768
-10.208
-13.171
-4.616
-11.435
-0.831
-5.977
-7.670
-7.045
-10.746
0.926
-5.787
-9.376
-5.672
-11.172
-1.100
-7.173
-10.022
-6.439
-9.580
-1.936
-6.009
-10.145
-8.281
-9.978
1.231
-3.743
-13.037
-5.980
-11.093
-0.912
-7.812
-8.998
-5.342
-11.705
-1.155
-2.317
-5.299
-5.419
-5.944
-2.177
-3.372
-8.686
-5.448
-9.759
-3.902
-4.821
-10.808
-7.708
-11.168
-2.203
-1.730
-7.572
-6.085
-8.648
-5.614
-1.121
-5.672
-5.714
-2.262
-1.792
0.340
-8.876
-7.117
-8.402
-5.267
0.685
-8.582
-6.502
-3.504
-2.931
-0.874
-6.569
-6.448
-7.682
-1.814
-2.297
-5.644
-3.932
-3.308
-1.378
4.243
-7.230
-4.433
-4.265
-3.597
0.754
-5.921
-4.904
-4.287
-1.410
-1.519
-10.201
-6.343
-7.773
-3.833
-2.980
-11.374
-6.605
-6.759
-4.815
-3.661
-11.018
-5.909
-7.632
-4.057
1.640
-0.427
-6.384
-9.304
-3.147
1.387
-0.727
-6.891
-6.367
-2.971
1.879
-1.146
-7.330
-7.711
-2.490
3.503
1.424
-5.749
-5.851
-2.390
0.154
-2.836
-5.815
-9.542
-0.810
0.282
-2.949
-7.467
-8.589
-1.288
-2.173
-4.440
-5.029
-6.633
-2.569
0.944
-5.026
-5.780
-9.254
-4.360
-0.889
-4.366
-6.254
-9.221
-6.888
1.050
-1.930
-7.849
-8.843
-5.952
-10.267
-4.945
-4.258
-11.749
-7.668
-2.551
-11.319
-5.827
-4.005
-11.885
-4.477
-10.375
-9.517
-7.375
-7.469
-9.541
-5.948
-8.372
-8.383
-5.745
-7.548
-8.681
-6.035
-7.934
-9.054
-6.033
-6.457
-7.631
-5.949
-13.536
-6.461
-5.932
-15.755
-7.099
-9.702
-13.421
-5.894
-4.633
-13.402
-6.211
-4.719
-14.169
-7.660
-6.794
-12.747
-5.637
-5.545
-13.731
-8.431
-4.306
-15.158
-8.448
-8.538
-15.496
-4.481
-7.000
-12.473
-4.066
-3.336
-9.724
-11.361
-3.493
-8.549
-11.753
-6.215
-9.403
-10.819
-3.448
-5.841
-9.245
-2.267
-9.311
-6.195
-4.858
-5.413
-11.349
-3.921
-5.972
-11.585
-4.713
-8.444
-9.249
-4.235
-7.474
-10.463
-8.056
-8.745
-11.173
-5.918
-2.591
-5.478
-11.004
-2.701
-4.049
-9.812
-5.170
-5.066
-10.371
-0.856
-4.455
-9.522
-2.965
-4.952
-11.036
-2.135
-1.961
-7.261
-2.163
-3.033
-9.444
-1.654
-3.468
-10.357
-2.722
-0.902
-9.387
-0.241
-3.403
-8.650
-7.156
-5.843
-7.415
-4.677
-3.620
-7.129
-1.754
-4.425
-7.266
-4.319
-8.254
-8.517
-5.997
-5.616
-6.246
-1.243
-7.135
-7.412
-4.990
-3.997
-2.953
-4.768
-5.539
-4.376
-4.655
-5.269
-5.832
-8.174
-3.613
-7.644
-5.182
-4.510
-6.825
-2.944
-4.893
-6.098
-5.185
-2.144
-7.719
-5.495
-3.598
-9.454
-3.074
-4.171
-8.443
-3.741
-3.873
-8.659
-5.423
0.325
-8.650
-5.895
0.635
-10.284
-6.062
-4.020
-8.697
-1.500
-2.003
-8.350
