-7.888
-5.785
-2.263
-8.834
-2.243
-5.944
-6.846
-4.425
-4.821
-2.197
-7.838
-5.729
-5.038
-5.175
-3.562
-5.047
-6.009
-6.319
-6.306
-4.770
-2.314
-2.605
-4.269
-1.620
-3.267
-1.574
-0.797
-2.288
-2.135
-2.908
1.375
3.692
1.843
3.931
1.616
0.745
-1.679
3.285
0.679
2.295
-5.347
-0.133
-10.372
-5.559
1.686
-8.867
-6.272
0.414
-10.043
-7.961
0.748
-10.135
-7.764
1.021
-9.214
-7.187
-0.221
-9.111
-5.791
-0.559
-7.859
-4.191
-0.058
-7.459
-4.487
-2.078
-8.118
-5.744
-2.881
-10.732
-4.534
-3.821
-9.502
-2.596
-1.350
-7.917
-6.265
-4.429
-8.018
-1.823
-6.512
-4.994
-6.215
-4.267
-4.551
-6.184
-2.096
-7.447
-8.023
-4.827
-7.249
-1.719
-3.667
-8.564
-5.213
-1.082
-7.847
-4.662
-0.787
-8.957
-7.984
-5.466
-6.039
-10.514
-4.228
-10.132
-8.575
-7.784
-7.802
-9.675
-3.172
-11.783
-9.041
-3.515
-9.505
-7.503
-3.717
-7.585
-11.617
-6.826
-7.474
-8.726
-6.012
-9.254
-11.849
-4.276
-12.674
-7.069
-3.957
-9.769
-11.536
-12.568
-8.531
-7.076
-7.038
-4.235
-10.458
-10.728
-7.402
-7.797
-10.678
-6.719
-7.550
-9.150
-5.485
-8.810
-11.398
-7.892
-7.281
-7.155
-3.147
-8.034
-11.429
-9.249
-7.728
-9.840
-7.034
-7.653
-11.092
-6.452
-0.086
-4.336
2.102
1.496
-4.835
2.626
2.373
-4.469
-2.237
-0.064
-6.080
-3.321
0.518
-2.135
1.375
0.080
-4.502
-0.016
2.487
-2.943
2.573
-1.458
-5.633
0.788
-0.878
-7.241
0.921
1.314
-6.574
-0.652
-3.320
-3.807
1.340
-2.614
-6.062
0.714
-3.671
-7.170
2.419
-2.746
-4.700
2.433
-2.499
-6.686
3.681
-1.563
-3.332
2.921
-4.055
-5.108
4.373
-1.843
-2.607
0.838
-2.055
-0.814
2.683
-3.908
-4.671
4.637
-3.108
-5.865
-3.981
0.277
-4.298
-2.298
-0.265
-4.346
-1.491
-3.167
-3.558
-0.991
-0.044
-4.752
-2.420
-1.631
-7.348
-5.116
0.590
-8.344
-4.155
-0.109
-3.101
-0.871
-2.542
-8.902
-5.233
-2.531
-9.477
-6.385
2.013
-5.645
0.581
1.270
-2.940
1.772
1.804
-4.371
-3.055
-3.330
-4.271
-1.635
0.118
-3.458
-0.379
1.220
-3.220
-1.434
3.395
-1.849
-0.671
1.134
-1.878
0.830
0.336
-6.539
-1.273
1.417
-0.020
3.941
-0.382
-11.212
-3.429
-11.298
-5.655
-6.030
0.238
-6.762
-1.512
-3.529
-1.618
-7.427
-1.586
-8.086
-0.025
-8.531
0.560
-9.963
-1.963
-10.484
-1.958
-7.584
2.670
-10.862
-1.830
-11.831
-0.157
-10.560
-2.339
-9.557
-1.796
-11.064
-0.604
-9.634
-1.585
-9.170
-3.289
-10.662
-2.441
-12.116
-12.525
-9.714
-8.657
-8.677
-11.429
-8.181
-9.041
-7.198
-8.124
-7.173
-8.923
-6.291
-9.119
-9.001
-9.693
-8.211
-11.297
-7.593
-8.091
-11.076
-6.077
-3.443
-7.255
-2.911
-8.205
-5.021
-5.142
-5.225
-7.055
-6.603
-3.967
-3.015
-8.704
-4.824
-7.581
-1.358
-4.346
-4.073
-9.438
-7.982
-2.003
-4.735
-3.005
-2.316
-2.815
-4.409
-0.504
-2.523
0.898
-7.634
0.028
-2.684
0.293
-2.808
-1.231
-5.628
-3.664
-4.958
-2.914
-3.735
-3.377
-6.367
-1.322
-2.994
-6.001
-0.794
-4.259
-5.131
-2.330
-5.356
-5.639
-3.988
-1.510
-2.240
-2.761
-5.037
-4.967
-1.903
-0.841
-5.265
-7.245
-2.155
-6.025
-7.534
-6.357
-8.320
-8.837
-8.522
-6.317
-5.689
-6.523
-5.759
-7.501
-8.807
-8.133
-8.796
-6.266
-8.057
-9.467
-6.800
-6.612
-6.356
-6.445
-8.607
-6.230
-10.546
-10.381
-8.912
-5.281
-4.831
-5.878
-7.288
-4.781
-5.887
-6.158
-6.412
-4.995
-3.679
-7.484
-7.209
-9.385
-7.741
-7.874
-9.569
-7.786
-7.289
-7.083
-11.845
-7.873
-7.047
-2.507
-9.050
-7.962
-4.739
-5.126
-9.875
-4.559
-6.788
-1.135
-8.823
-5.733
-8.132
-5.990
-10.783
-5.230
-4.535
-5.388
-9.196
-6.103
-7.402
-0.637
-10.640
-6.264
-8.756
-6.891
-11.783
-6.677
-3.417
-6.306
-7.879
-2.010
-5.586
-0.703
-5.535
-3.917
-8.712
-4.469
-2.273
-5.385
-8.243
-4.530
-7.205
-4.539
-6.314
-3.343
-5.702
-5.405
-4.203
-5.044
-5.001
-1.548
-5.039
-3.734
-6.709
-4.912
-4.772
-4.006
-3.988
-4.394
-6.808
-6.767
-5.597
-2.162
-5.932
-4.572
-2.228
-6.503
-4.415
-4.963
-6.205
-3.782
-2.130
-1.736
-4.127
-6.850
-2.155
-0.762
-1.907
-9.427
-5.672
-1.481
-4.580
-9.140
-5.374
-0.623
-5.731
-6.886
-3.282
2.266
-2.537
-9.522
-4.842
-2.522
-5.260
-11.903
-3.677
-1.655
-5.496
-7.594
-3.711
0.359
-3.882
-6.238
-3.218
-0.502
-4.548
-7.633
-5.859
-3.048
-4.860
-4.446
-4.736
-7.510
-3.322
-3.900
-3.396
-3.348
-2.575
-2.969
-5.935
-5.714
-2.363
-3.079
-4.657
-5.409
-3.584
-2.209
-5.968
-2.955
-4.277
-5.493
-5.085
-6.086
-4.386
-3.310
-4.818
-3.319
-5.677
-5.938
-8.665
-2.801
-4.527
-5.806
-6.876
-2.459
-9.161
-1.848
-6.579
-4.756
-4.385
-5.251
-3.212
-8.383
-6.797
-8.539
-10.031
-8.711
-9.212
-10.387
-6.150
-8.721
-7.651
-3.245
-5.825
-7.020
-9.621
-8.450
-3.112
-7.669
-5.852
-8.316
-3.047
-6.523
-5.161
-9.445
-7.489
-9.192
-9.605
-6.943
-7.728
-7.942
-7.673
-9.903
-3.887
-8.915
-7.088
-10.047
-5.197
-7.259
-3.936
-6.205
-8.356
-3.743
-5.875
-5.627
-7.226
-1.574
-2.094
-7.344
-10.739
-2.103
-7.822
-4.266
-8.343
-4.060
-4.282
-7.936
-6.815
-1.736
-4.505
-3.053
-8.331
-3.218
-6.843
-3.743
-6.097
-3.679
-7.379
-7.349
-6.682
-3.396
-6.560
-3.905
-8.632
-3.603
-7.887
-7.453
-8.532
-4.386
-5.163
-7.648
-4.777
-4.921
-5.122
-7.179
-3.900
-5.145
-5.011
-10.936
-4.137
-4.083
-2.960
-7.837
-4.189
-6.756
-2.849
-9.311
-5.494
-5.866
-2.867
-8.154
-4.614
-5.160
-3.347
-4.418
-2.074
-6.430
-3.337
-8.611
-1.820
-5.280
-5.093
-9.845
-2.916
-4.325
-4.030
-9.643
-5.204
-6.153
-4.684
-4.746
-9.849
-1.854
-10.917
-2.645
-4.154
-4.980
-8.791
-3.637
-10.497
-4.272
-11.378
-7.297
-7.363
-2.146
-10.987
-3.704
-6.529
-5.016
-8.190
-6.180
-6.007
-2.190
-10.381
-4.468
-7.951
-3.472
-9.839
-3.369
-5.534
-1.620
-11.567
-8.594
-7.848
-2.886
-10.479
-6.859
-6.192
-4.331
-6.962
-2.045
-6.908
-7.887
-8.239
-1.591
-5.651
-8.184
-8.122
-2.772
-5.899
-6.370
-7.928
-6.864
-8.058
-7.838
-8.476
-2.390
-6.543
-9.913
-7.854
-2.479
-5.891
-10.080
-3.571
-2.817
-3.064
-6.816
-4.668
-4.900
-5.489
-8.292
-8.275
-1.441
-7.674
-7.689
-7.154
-4.722
-8.495
-8.519
-9.312
-9.580
-4.514
-6.800
-3.792
-6.425
0.002
-8.726
-3.276
-8.625
-2.564
-8.394
-4.849
-11.303
-3.033
-10.232
-2.758
-9.403
-5.244
-11.242
-3.577
-4.271
-0.417
-5.264
-3.392
-5.715
-5.584
-6.673
0.368
-2.195
-2.479
-6.214
-3.683
-4.923
-4.700
-9.727
-3.254
-8.734
-1.682
-6.175
-3.827
-10.195
-2.625
-9.324
-1.281
-10.282
-2.841
-9.803
-4.125
-6.225
-3.127
-8.446
-2.391
-9.247
-4.075
-10.843
-1.308
-12.416
-3.215
-8.295
-4.078
-4.752
-5.234
-5.177
-6.509
-2.948
-2.448
-3.325
-5.805
-5.201
-3.821
-2.951
-4.532
-1.483
-3.034
-4.213
-2.959
-2.914
-3.526
-5.365
-3.512
-3.008
-5.618
-6.271
-5.045
-6.803
-3.922
-7.404
-7.133
-5.269
-5.842
-4.532
-5.293
-5.479
-2.470
-5.328
-6.153
-4.705
-3.827
-8.498
-7.206
-4.181
-4.797
-6.651
-5.884
-6.472
-3.584
-0.804
-5.718
-3.767
-6.002
-5.850
-4.666
-4.526
-5.754
-5.021
-4.769
-4.190
-6.036
-1.051
-2.166
