1.889
6.493
2.842
4.966
4.937
5.599
2.739
6.579
4.168
5.180
9.417
7.607
8.535
3.277
8.053
9.525
5.541
7.053
6.740
8.073
6.992
6.272
3.692
5.546
8.417
8.301
6.724
6.792
7.144
6.544
6.549
8.370
6.108
5.949
7.985
3.904
3.663
10.325
8.033
6.425
7.813
6.876
4.636
6.239
7.100
5.563
6.210
6.220
5.705
2.637
7.487
6.732
4.727
5.677
2.571
3.828
-1.878
7.547
6.609
5.136
0.961
-0.386
-2.068
2.021
3.384
3.596
2.176
0.146
2.664
0.765
5.257
1.301
5.451
3.780
-2.121
4.928
-1.743
2.757
-5.309
4.683
6.090
6.120
1.086
-0.301
5.110
3.246
4.102
2.065
5.416
4.942
4.243
7.798
5.699
3.708
8.784
7.060
3.978
3.154
6.348
6.700
4.137
3.225
4.193
4.890
2.929
2.196
1.457
4.258
2.157
1.482
5.605
6.725
5.284
5.027
5.677
4.319
6.751
3.732
6.489
6.402
3.724
0.508
1.905
4.567
3.473
1.417
3.883
1.399
4.799
4.162
1.915
4.891
5.791
4.013
6.355
1.923
5.560
7.454
4.420
2.798
5.261
1.910
5.621
2.184
-3.144
4.689
-7.284
4.273
-9.255
4.452
7.347
5.655
3.211
1.941
7.013
6.011
5.122
4.383
4.373
5.891
5.202
4.991
4.842
1.626
4.201
7.567
2.704
5.926
5.454
4.128
6.109
3.691
1.955
1.356
2.063
4.456
3.655
4.261
0.957
6.310
3.113
6.984
7.209
5.755
7.288
6.369
4.234
6.045
5.203
2.865
-4.690
1.918
4.587
4.542
5.545
4.375
5.016
4.861
0.711
1.373
6.613
10.315
7.804
6.478
7.401
7.712
9.497
8.880
10.040
8.546
5.845
7.692
6.175
7.992
6.443
7.038
5.941
6.687
7.964
7.292
8.628
10.968
7.968
7.802
8.263
6.486
9.672
5.207
5.060
10.108
8.182
9.140
8.797
7.136
9.406
8.857
7.508
7.945
10.540
11.456
5.269
5.363
2.993
4.543
5.999
6.835
6.807
6.926
5.478
7.595
10.119
9.588
10.838
6.080
10.326
11.276
8.075
8.549
7.630
3.988
7.400
4.787
8.034
5.291
8.977
8.298
8.900
7.221
5.109
4.308
7.971
9.447
9.003
6.742
8.388
8.312
7.911
6.965
7.383
7.688
5.957
4.463
7.933
5.661
9.560
8.211
7.077
8.753
6.568
6.390
7.692
6.650
6.387
5.741
7.769
7.828
7.637
3.773
8.022
7.444
8.879
8.389
10.007
4.861
7.173
9.196
5.391
7.336
7.903
5.942
6.031
5.602
7.477
7.600
5.663
6.982
8.123
9.184
6.968
8.389
7.750
7.318
6.594
6.216
7.168
6.387
5.035
4.917
6.956
6.696
5.849
9.155
5.263
5.828
6.109
7.146
8.005
6.876
5.930
8.721
