4.536
8.859
4.612
7.256
7.094
7.556
4.690
8.706
6.006
7.201
9.993
8.654
9.215
2.618
8.580
9.675
6.961
7.346
6.297
8.526
7.673
7.067
4.522
6.328
8.984
8.610
7.344
7.651
7.618
7.297
6.962
8.505
6.213
6.022
8.181
4.147
3.697
10.588
8.079
6.516
9.788
8.708
7.303
9.007
8.733
8.327
8.303
7.723
8.027
4.340
8.964
7.630
5.229
6.258
3.112
4.544
-1.327
8.551
7.470
5.792
1.413
-0.133
-1.914
2.525
3.747
3.824
2.641
0.417
2.863
1.030
6.856
2.394
6.428
4.978
-1.895
6.105
-0.803
4.075
-4.653
5.104
6.258
6.436
1.327
-0.126
5.329
3.333
4.232
2.362
5.645
5.203
4.497
8.030
5.919
4.026
9.051
7.280
4.307
3.462
6.411
6.948
5.185
4.672
5.645
5.936
3.765
3.134
2.353
5.173
3.037
2.552
6.363
6.880
5.864
5.674
6.181
5.031
7.256
4.519
6.927
6.764
4.199
1.137
3.025
6.430
5.031
3.230
5.049
3.566
5.800
5.090
3.763
6.751
7.780
6.303
7.590
4.381
7.717
9.299
6.482
5.454
6.858
2.846
7.175
3.238
-2.688
6.345
-6.161
6.125
-9.361
5.692
7.819
6.809
3.722
3.001
7.851
6.503
6.185
5.288
5.418
6.961
6.521
5.946
5.498
2.405
5.371
8.733
3.769
7.329
6.672
5.079
6.520
4.520
2.460
2.565
3.003
4.834
4.604
4.923
1.165
6.929
4.686
7.640
8.244
7.328
8.277
8.104
6.106
7.704
6.961
4.334
-3.696
4.213
6.665
6.321
6.623
6.333
6.452
7.586
2.285
3.464
6.983
10.510
7.921
6.903
7.748
7.920
9.635
9.034
10.241
8.647
6.432
8.161
6.454
8.536
7.465
7.212
6.527
7.266
8.136
7.624
8.628
10.968
7.968
7.802
8.263
6.486
9.672
5.207
5.060
10.108
8.392
9.228
8.891
7.226
9.575
8.895
7.724
8.074
10.734
11.529
6.952
7.106
4.543
6.273
7.910
7.716
8.382
8.732
6.894
9.128
10.212
9.630
10.968
6.176
10.492
11.387
8.219
8.766
7.830
4.213
7.583
5.321
8.343
5.766
9.198
8.453
9.121
7.538
5.486
4.846
8.043
9.529
9.008
6.749
8.495
8.409
7.949
6.927
7.386
7.788
7.428
6.385
9.609
7.877
10.424
9.820
8.926
9.331
7.096
8.193
8.515
7.733
7.806
7.745
8.830
9.256
8.347
5.028
9.517
8.414
9.332
9.289
10.731
4.513
8.364
9.525
7.660
8.011
7.389
6.635
6.271
5.803
7.531
7.684
5.487
7.138
8.325
9.330
7.224
8.389
8.077
7.616
7.127
6.912
7.630
6.976
5.543
5.061
7.606
6.683
6.272
9.518
5.825
6.028
6.342
7.590
8.184
7.268
6.281
9.207
