-8.060
-6.123
-1.514
-8.619
-2.328
-6.113
-6.571
-4.882
-4.449
-1.799
-5.344
-5.246
-4.150
-2.992
-2.235
-4.272
-5.134
-4.607
-5.296
-3.573
-2.112
-2.580
-4.066
-1.475
-3.144
-1.338
-0.769
-2.090
-1.870
-2.790
1.422
3.708
1.878
4.215
1.956
0.441
-1.678
3.399
1.028
2.141
-5.299
0.327
-9.867
-5.434
1.733
-8.004
-6.193
0.889
-8.779
-7.772
1.301
-9.275
-7.581
1.121
-8.573
-7.138
0.443
-8.470
-5.765
-0.263
-7.182
-4.136
-0.144
-6.983
-4.335
-1.944
-7.244
-5.541
-2.541
-10.189
-4.386
-2.582
-8.654
-2.454
-0.554
-7.463
-6.326
-3.781
-7.376
-1.671
-4.815
-4.200
-6.207
-3.762
-3.293
-6.047
-0.689
-5.689
-7.834
-4.363
-5.794
-1.541
-2.068
-7.306
-5.084
-0.267
-6.819
-4.633
-1.212
-7.812
-6.905
-5.242
-5.698
-9.347
-4.268
-10.286
-8.219
-7.850
-7.800
-8.231
-3.136
-11.079
-7.387
-3.470
-9.059
-6.433
-3.983
-7.592
-10.531
-6.979
-7.216
-7.428
-5.452
-9.406
-10.117
-4.226
-11.927
-5.851
-3.990
-9.639
-11.488
-12.348
-8.248
-7.094
-6.286
-4.274
-10.419
-9.971
-6.993
-7.697
-9.982
-6.459
-7.461
-8.436
-5.327
-8.704
-11.199
-7.263
-7.157
-7.342
-3.149
-7.877
-9.555
-8.197
-7.786
-9.278
-6.616
-7.534
-10.526
-6.820
0.261
-4.069
2.126
1.553
-4.666
2.883
2.599
-4.148
-1.933
-0.247
-5.819
-2.798
0.874
-1.769
1.812
0.366
-4.032
0.321
2.772
-2.600
2.906
-1.565
-5.700
1.114
-0.723
-7.049
1.210
1.390
-6.461
-0.368
-3.022
-3.458
1.444
-3.227
-5.479
0.711
-4.007
-6.981
2.684
-2.693
-4.356
2.586
-3.047
-6.156
3.786
-1.811
-2.655
3.089
-3.762
-4.675
4.528
-1.677
-2.552
0.925
-1.943
-0.477
2.793
-4.366
-4.287
4.806
-2.659
-5.941
-3.904
0.500
-4.233
-2.374
0.051
-4.288
-1.501
-2.421
-3.228
-1.045
0.045
-4.752
-2.425
-0.962
-7.130
-5.188
0.702
-8.163
-4.290
0.232
-2.963
-0.651
-2.038
-8.681
-5.227
-1.761
-9.306
-6.142
2.358
-5.396
0.376
2.007
-2.851
1.627
2.169
-4.116
-3.051
-2.654
-4.256
-1.601
0.567
-3.310
-0.408
1.658
-3.132
-1.559
3.564
-1.596
-0.787
1.510
-1.765
0.803
0.647
-6.293
-1.383
1.788
0.036
3.921
1.667
-9.876
-3.047
-10.941
-4.811
-6.171
0.597
-6.357
-1.250
-3.347
-0.694
-7.105
-0.805
-7.308
0.332
-7.855
1.523
-9.272
-0.464
-9.881
-1.507
-6.923
3.341
-10.092
-0.744
-11.890
0.654
-9.477
-1.483
-9.023
-1.201
-10.270
0.288
-9.246
-0.615
-8.512
-3.228
-9.997
-2.713
-11.278
-12.093
-8.914
-8.919
-8.423
-11.213
-7.395
-8.724
-6.913
-7.644
-7.220
-8.223
-5.407
-9.228
-9.173
-9.021
-6.990
-11.214
-7.919
-7.999
-10.510
-5.114
-2.488
-6.782
-2.648
-7.640
-4.513
-4.703
-5.402
-6.500
-6.111
-3.574
-2.686
-8.145
-4.581
-7.048
-1.027
-3.831
-3.706
-9.033
-6.989
-2.077
-4.796
-3.180
-1.964
-3.197
-3.979
-0.279
-1.979
0.927
-7.076
0.084
-2.258
0.249
-2.362
-1.449
-5.382
-3.863
-4.993
-3.371
-3.697
-3.878
-5.605
-1.303
-2.008
-6.298
0.165
-4.281
-4.952
-2.202
-4.191
-6.043
-4.123
-1.715
-1.535
-3.110
-3.884
-4.881
-0.749
-0.992
-4.188
-6.987
-1.880
-6.025
-6.887
-6.269
-8.008
-8.837
-7.925
-6.183
-4.986
-6.523
-5.027
-7.444
-7.623
-8.133
-8.579
-6.071
-7.074
-9.467
-6.174
-6.801
-5.580
-6.445
-8.054
-6.453
-9.438
-10.381
-8.402
-4.686
-3.696
-5.878
-6.716
-4.677
-5.314
-6.158
-5.828
-4.542
-3.332
-7.484
-6.474
-9.066
-7.700
-7.874
-9.468
-7.190
-6.267
-7.083
-11.762
-7.430
-6.231
-2.507
-8.948
-7.495
-4.523
-5.126
-9.635
-4.247
-5.295
-1.135
-8.263
-5.281
-7.252
-5.990
-10.489
-4.827
-3.082
-5.388
-8.697
-5.562
-6.472
-0.637
-10.484
-5.997
-8.096
-6.891
-11.626
-6.318
-2.697
-6.306
-7.631
-1.773
-5.708
-1.470
-5.535
-3.296
-8.874
-4.564
-2.273
-5.111
-8.844
-5.233
-7.205
-3.982
-5.861
-3.266
-5.702
-5.080
-4.985
-5.758
-5.001
-1.129
-5.432
-4.491
-6.709
-4.345
-4.881
-4.482
-3.988
-3.849
-7.086
-7.205
-5.597
-1.638
-6.138
-5.121
-2.228
-5.806
-5.071
-5.164
-6.205
-4.282
-1.648
-1.736
-3.919
-6.462
-1.050
-0.762
-1.564
-9.734
-4.277
-1.481
-4.654
-9.236
-4.415
-0.623
-5.733
-6.658
-2.062
2.266
-2.247
-9.363
-4.584
-2.522
-5.149
-11.199
-2.688
-1.655
-5.377
-7.890
-2.837
0.359
-3.894
-6.249
-2.220
-0.502
-4.520
-7.500
-4.841
-3.048
-4.803
-3.163
-4.284
-5.597
-3.151
-2.958
-2.833
-1.817
-2.303
-2.470
-6.248
-5.062
-2.387
-2.371
-4.671
-4.428
-3.424
-1.359
-5.451
-1.743
-4.116
-4.676
-4.531
-4.775
-4.398
-2.259
-4.468
-2.179
-5.508
-5.644
-8.784
-3.108
-4.265
-5.399
-6.122
-1.515
-8.800
-1.084
-6.731
-3.292
-4.349
-5.078
-2.924
-8.432
-6.615
-8.224
-10.082
-8.806
-9.115
-10.059
-6.216
-8.742
-7.547
-2.957
-6.176
-7.008
-9.394
-8.321
-2.762
-7.692
-5.781
-7.974
-2.435
-6.561
-4.997
-9.129
-7.867
-9.191
-9.415
-6.445
-7.673
-7.895
-7.604
-9.474
-3.403
-8.876
-6.996
-9.540
-4.993
-7.285
-3.819
-6.064
-8.290
-3.526
-5.875
-5.703
-7.176
-1.403
-1.974
-7.654
-10.723
-1.904
-7.654
-4.130
-8.302
-3.704
-4.263
-7.876
-6.729
-1.571
-4.349
-3.107
-8.279
-2.884
-6.848
-3.931
-5.955
-3.453
-7.116
-7.225
-6.717
-3.230
-6.546
-3.777
-8.574
-3.331
-7.740
-7.312
-8.499
-4.159
-5.078
-7.144
-5.077
-4.921
-4.991
-6.767
-4.380
-5.237
-4.990
-10.355
-4.279
-4.116
-2.831
-7.330
-4.130
-6.759
-2.624
-8.723
-5.926
-5.924
-2.773
-7.695
-4.893
-5.148
-3.263
-4.022
-2.466
-6.399
-3.139
-8.111
-2.266
-5.261
-4.974
-9.398
-3.256
-4.263
-3.956
-9.296
-5.319
-6.109
-4.689
-4.622
-9.797
-1.496
-10.768
-2.884
-4.129
-4.793
-8.612
-3.299
-10.340
-3.930
-11.181
-7.108
-7.279
-1.988
-10.693
-3.823
-6.460
-4.735
-8.126
-5.547
-5.877
-1.909
-10.289
-4.370
-7.767
-3.183
-9.701
-2.471
-5.412
-1.408
-11.419
-8.930
-7.859
-2.588
-10.390
-6.841
-6.152
-4.084
-6.822
-1.977
-6.251
-7.956
-8.027
-1.475
-4.906
-8.285
-7.807
-2.674
-5.070
-6.409
-7.669
-7.006
-7.097
-7.938
-8.255
-2.378
-5.452
-9.917
-7.598
-2.276
-5.307
-10.055
-3.332
-2.709
-2.230
-6.816
-4.457
-4.823
-5.342
-8.234
-7.999
-1.303
-7.031
-7.804
-6.955
-4.597
-7.708
-8.589
-9.101
-8.643
-3.684
-5.607
-2.243
-4.635
0.970
-7.351
-2.678
-7.456
-1.925
-7.804
-3.912
-10.086
-2.105
-9.637
-2.270
-9.260
-4.668
-10.224
-2.735
-3.785
0.092
-5.246
-2.778
-4.447
-4.712
-5.832
0.853
-1.389
-2.261
-5.810
-3.279
-3.907
-4.604
-8.737
-3.620
-7.598
-1.314
-5.221
-3.495
-9.322
-3.123
-8.296
-1.835
-9.134
-3.583
-9.550
-4.949
-5.177
-2.707
-8.024
-3.088
-8.424
-4.166
-10.073
-1.922
-10.965
-3.466
-7.035
-4.686
-4.334
-4.948
-4.646
-6.146
-2.545
-1.857
-3.036
-5.307
-4.981
-3.428
-2.761
-4.388
-1.309
-2.787
-3.972
-2.466
-2.600
-3.209
-5.023
-3.108
-2.782
-4.990
-6.041
-4.607
-6.702
-3.510
-7.317
-6.628
-5.172
-5.193
-4.496
-4.995
-5.306
-2.157
-5.371
-5.569
-4.574
-3.154
-8.319
-7.050
-4.207
-4.571
-6.622
-5.638
-6.303
-2.871
-0.821
-5.301
-3.649
-5.628
-5.856
-4.543
-4.333
-5.365
-5.017
-4.113
-3.990
-5.713
-0.984
-1.685
