-7.812
-4.578
-5.212
-5.701
-6.422
-6.216
-7.180
-6.954
-6.799
-6.684
-9.526
-7.488
-8.124
-7.729
-8.165
-6.865
-7.908
-4.692
-4.553
-4.296
-6.143
-7.838
-9.392
-5.266
-10.005
-5.972
-8.358
-6.608
-3.545
-5.428
-12.834
-6.606
-5.017
-1.707
-10.954
-7.338
-5.316
-5.503
-7.167
-6.008
-4.117
-1.211
-1.967
-7.137
-4.625
-5.328
-3.070
-5.663
-4.851
-5.693
-5.390
-4.043
-8.088
-4.298
-7.438
-7.977
-5.170
-5.677
-6.278
-8.499
-3.318
-5.736
-3.116
-5.671
-3.167
-5.278
-4.950
-6.041
-2.443
-4.728
-1.323
-3.069
-1.806
-2.683
-2.934
-5.513
-3.471
-6.603
-0.282
0.701
-9.547
-9.433
-6.674
-4.986
-3.857
-7.486
-1.799
-4.878
-4.918
-8.471
-7.354
-8.172
-5.225
-8.230
-6.333
-11.008
-9.140
-7.870
-5.018
-8.879
-5.317
-8.856
-0.808
-7.080
-4.435
-9.151
-3.985
-7.080
-8.708
-13.123
-10.087
-4.199
-5.529
-10.341
-6.204
-8.498
-5.385
-9.545
-2.592
-6.238
-4.474
-7.098
-5.122
-7.286
-3.509
-8.384
-4.294
-12.910
-2.767
-8.503
-4.261
-12.555
-3.600
-8.114
-4.584
-9.709
-2.327
-5.644
-2.819
-9.122
-1.864
-5.289
-0.319
-8.345
-2.875
-9.329
-6.508
-11.954
-3.506
-11.449
-9.384
-10.600
-5.377
-6.976
-7.011
-8.460
-2.780
-6.860
0.039
-7.858
0.138
-7.615
-4.087
-9.796
-2.128
-5.632
-0.666
-6.748
1.489
-7.721
-1.736
-10.354
-1.594
-7.720
-4.469
-9.501
-1.046
-7.816
-6.050
-7.039
-2.394
-4.766
-2.438
-8.179
-1.761
-4.477
-1.472
-7.585
-5.767
-6.649
-7.570
-6.570
-0.352
-6.337
-5.318
-6.816
-0.783
-5.228
-2.894
-12.173
-4.444
-0.348
-2.283
-3.362
-9.681
-5.803
-6.915
-5.211
-6.782
-2.080
-4.088
-6.611
-5.867
-4.145
-9.337
-3.644
-5.502
-4.228
-4.086
0.302
-7.150
-2.273
-4.555
-3.057
-4.567
-6.124
-7.050
-1.018
-6.797
-5.196
-6.811
-2.692
-4.178
-3.452
-4.781
-3.845
-8.126
-4.359
-5.769
-4.630
-5.565
-5.405
-8.315
-9.462
-3.173
-3.698
-6.806
-4.112
-0.445
-2.699
-7.463
-4.547
0.407
2.060
-2.223
-1.947
-4.312
-6.836
-5.943
-5.990
-2.155
-2.039
-8.251
-4.943
-2.536
-1.110
-6.355
-4.713
-2.416
-3.717
-8.078
-6.876
-5.653
-5.577
-7.342
-10.034
-2.306
-2.098
-5.005
-3.264
-6.611
-6.668
-1.427
-0.357
-0.199
-1.487
0.945
-0.692
-4.139
-2.666
-1.081
-2.984
-2.619
-6.163
-0.187
0.689
-3.066
-3.740
-1.483
0.900
-4.485
-4.730
-1.117
0.443
-2.774
-4.405
-5.095
-1.438
-8.404
-6.082
-2.783
-1.610
-8.256
-7.889
-4.366
-2.457
-2.825
-3.051
-3.952
-0.477
-3.342
-6.275
-5.255
-2.702
-3.105
-3.719
-3.987
0.309
-1.933
-3.372
-4.711
-3.066
-2.547
-6.227
-5.536
-2.577
-4.683
-6.759
-6.239
-3.552
-4.847
-7.166
-5.166
-3.590
-4.033
-3.245
-1.404
0.005
-3.503
-7.728
-5.354
-2.923
-4.299
-6.083
-3.734
-3.045
-9.196
-7.760
-5.877
-3.243
3.060
-0.175
-2.089
-0.803
2.716
2.316
-4.450
-0.986
1.278
-2.134
-6.341
-6.350
0.148
-4.788
-5.739
-5.184
1.796
2.696
-1.409
1.476
0.849
0.335
-2.794
-2.780
0.234
-2.957
-4.314
-3.270
-1.467
-1.189
-5.697
-4.295
2.186
1.325
-3.976
-2.566
-4.099
-3.622
-9.984
-8.680
-6.589
-7.221
-9.386
-5.675
-8.420
-9.079
-6.377
-8.002
-10.248
-4.611
-6.605
-11.070
-6.040
-9.529
-9.307
-8.318
-10.255
-10.667
-4.288
-6.302
-8.084
-7.074
-7.131
-6.984
-6.943
-9.203
-8.148
-4.286
-9.682
-12.514
-2.012
-2.505
-7.765
2.609
-0.394
-10.882
-1.159
-2.635
-8.135
2.023
-1.291
-9.541
-4.263
-5.277
-9.306
0.060
-1.191
-6.969
-2.098
-2.947
-6.858
-0.261
-2.763
-8.875
-1.326
-0.627
-12.129
1.997
0.824
-10.093
3.503
-1.697
-9.252
-2.966
-5.780
-8.041
-1.781
-4.459
-9.485
1.047
-1.818
-7.608
-2.024
-5.207
-9.106
0.218
0.063
-6.403
-4.082
-6.046
-10.161
-7.981
-6.813
-1.826
0.528
-0.967
-9.337
2.912
-0.899
-6.374
-0.312
-3.425
-4.222
1.625
-0.321
-2.688
1.983
-4.378
0.125
0.759
-2.244
-3.737
0.886
-1.819
0.379
-3.223
-3.356
-6.796
0.833
-3.126
-5.942
0.275
-4.707
-4.339
3.047
0.016
-2.176
3.775
-2.973
-2.029
-3.937
-7.123
-0.200
-5.508
-7.402
-1.519
-6.092
-7.354
-0.810
-1.645
-5.405
-0.880
-5.563
-6.702
-0.796
-2.944
-9.523
-2.311
-2.861
-8.241
-2.719
-2.071
-8.093
0.008
-3.539
-4.491
0.239
-5.642
-5.952
-1.704
1.200
-0.996
-1.281
3.898
-2.823
-3.239
3.467
-4.225
-0.451
0.297
-4.255
-3.256
2.230
-0.392
-1.664
0.483
-2.288
-4.825
2.313
0.439
-0.795
-1.429
0.101
2.440
2.299
-2.223
-0.219
-3.738
-0.417
-0.389
-5.393
-5.415
-6.774
-7.134
-6.674
-6.623
-4.910
-4.974
-8.581
-9.844
-8.653
-7.236
-4.612
-6.514
-8.398
-6.781
-5.089
-5.656
-5.802
-5.629
-5.506
-4.840
-7.239
-7.513
-6.572
-9.054
-6.545
-6.116
-7.183
-8.775
-3.961
-2.989
-5.369
-8.132
-4.988
-3.175
-1.652
-2.230
-5.528
-4.653
-4.675
-5.372
-6.231
-9.154
-6.140
-7.327
-4.705
-5.524
-4.855
-6.634
-5.608
-4.940
-4.468
-2.488
-7.848
-8.258
-4.491
-7.439
-3.991
-7.925
-6.911
-4.144
-8.642
-2.445
-4.768
-7.528
-4.928
-5.402
-3.880
-6.342
-6.070
-6.177
-7.015
-3.674
-8.186
-7.871
-6.088
-7.590
-4.603
-10.207
-7.624
-4.299
-6.233
-3.528
-5.528
-6.324
-4.795
-7.267
-1.587
-8.083
-6.620
-6.151
-6.203
-2.624
-8.700
-11.023
-6.199
-6.011
-5.366
-11.493
-6.227
-3.075
-2.488
-6.711
-5.242
-5.735
-4.839
-6.048
-9.632
-0.368
-6.999
-9.658
-7.701
-8.582
-2.167
-8.525
-6.687
-7.500
-11.032
-2.922
-3.655
-6.245
-5.061
-8.502
-1.071
-6.740
-6.171
-4.347
-9.387
0.030
-6.051
-4.156
-4.602
-5.752
-1.276
-8.323
-5.766
-5.444
-9.519
-2.500
-5.498
-5.386
-3.947
-7.164
-2.462
-9.034
-9.092
-3.523
-9.707
-6.056
-6.910
-3.057
-5.491
-3.347
-3.127
-6.820
-1.733
-2.932
-2.743
-3.793
-5.656
-1.193
-4.055
-1.371
-4.492
-8.005
-3.860
-3.353
-4.948
-1.279
-3.588
-4.682
-3.985
-5.110
-3.001
-3.652
-2.043
-3.926
-2.853
-3.000
-5.534
-4.476
-5.564
-8.908
-7.983
-6.554
-1.526
-4.848
-3.552
-0.527
-5.918
-3.778
-2.883
-6.373
-3.786
-3.419
-2.028
-2.560
-2.432
-0.875
-6.145
-9.156
-7.127
-5.819
-9.422
-6.148
-8.210
-7.079
-6.314
-12.840
-4.530
-4.692
-4.847
-1.956
-7.110
-5.914
-7.573
-8.420
-8.801
-10.804
-3.228
-3.931
-1.314
-3.019
-7.340
-5.691
-4.068
-5.674
-5.094
-7.681
-5.420
-2.295
-2.224
-4.767
-7.687
-5.366
-5.703
-7.657
-5.356
-8.905
-8.189
-6.621
-7.668
-6.480
-10.456
-5.639
-6.293
-7.185
-5.714
-11.051
0.457
0.809
-6.292
1.349
-6.438
2.108
0.208
-9.437
-2.870
-7.519
1.420
1.104
-5.287
-1.386
-6.075
-2.170
-0.516
-8.690
-0.825
-8.144
-3.048
-0.368
-8.224
0.971
-4.088
1.284
-0.230
-7.214
-0.104
-8.020
2.190
0.556
-8.278
-0.887
-6.650
-3.631
0.855
-3.468
-1.961
-4.740
2.406
-0.606
-7.423
-1.985
-6.280
0.007
1.268
-6.374
0.160
-1.216
-8.973
-7.361
-12.894
-0.464
-4.612
-7.546
-6.348
-9.785
-1.832
-4.569
-8.933
-5.292
-10.501
-3.763
-2.611
-9.078
-9.088
-11.932
-3.589
-4.037
-9.309
-3.806
-11.816
-0.666
-5.273
-7.091
-7.622
-10.768
-3.210
-4.989
-7.832
-4.306
-8.973
-4.120
-2.282
-5.954
-5.324
-9.240
2.545
-6.264
-7.293
-7.472
-10.121
-2.606
-3.889
-8.780
-9.664
-13.242
-4.580
-11.087
-0.846
-5.643
-7.524
-6.927
-10.583
1.043
-4.846
-9.152
-5.442
-11.029
-0.862
-7.010
-9.842
-6.287
-9.337
-1.595
-5.512
-10.061
-7.967
-9.807
1.235
-3.174
-12.878
-5.725
-10.898
-0.647
-8.392
-8.857
-5.163
-11.530
-0.826
-2.142
-5.055
-5.296
-5.817
-2.091
-3.197
-8.516
-5.366
-9.644
-3.493
-4.151
-10.703
-7.528
-10.962
-1.929
-1.880
-7.441
-6.002
-8.406
-5.604
-1.241
-5.729
-5.590
-2.124
-1.667
0.081
-8.892
-6.795
-8.111
-4.959
0.279
-8.600
-6.278
-3.401
-2.833
-1.487
-6.675
-6.137
-7.623
-1.469
-2.068
-5.672
-3.736
-3.144
-1.086
3.877
-7.246
-4.216
-4.188
-3.359
0.443
-6.046
-4.822
-4.189
-0.998
-2.083
-10.246
-5.971
-7.532
-3.859
-3.559
-11.417
-6.428
-6.628
-4.399
-4.267
-11.021
-5.657
-7.470
-3.785
2.027
-0.351
-6.158
-9.190
-2.634
1.965
-0.598
-6.637
-6.250
-2.570
2.431
-0.992
-7.109
-7.555
-2.222
3.772
1.551
-5.607
-5.670
-2.071
0.806
-2.659
-5.560
-9.389
-0.191
0.397
-2.948
-7.190
-8.447
-0.765
-2.417
-4.381
-4.870
-6.397
-2.144
1.328
-4.832
-5.516
-9.197
-4.036
-0.021
-4.209
-6.011
-9.055
-6.547
0.893
-1.898
-7.681
-8.703
-5.266
-8.335
-4.833
-4.500
-10.451
-8.305
-2.111
-10.177
-6.342
-3.380
-10.804
-5.003
-9.760
-8.928
-6.635
-6.671
-8.354
-6.184
-8.338
-6.596
-4.967
-6.652
-6.585
-6.030
-7.888
-7.878
-5.940
-5.500
-6.942
-6.249
-13.232
-6.689
-5.160
-15.398
-7.506
-8.901
-13.065
-6.522
-4.616
-12.877
-6.178
-4.636
-13.666
-7.900
-5.736
-12.308
-6.392
-5.371
-13.582
-8.622
-3.821
-14.948
-9.165
-7.461
-15.153
-5.296
-6.697
-12.164
-4.252
-2.551
-8.347
-11.419
-3.590
-7.497
-12.291
-6.494
-7.509
-10.087
-3.835
-4.839
-8.896
-2.934
-8.107
-6.047
-4.813
-4.114
-10.740
-4.520
-5.629
-11.307
-5.096
-7.253
-9.096
-4.727
-6.960
-10.937
-7.782
-7.487
-10.934
-6.258
-2.297
-4.852
-10.603
-2.529
-3.771
-9.476
-4.986
-4.561
-9.984
-0.428
-4.480
-9.123
-2.686
-4.371
-10.708
-1.781
-1.695
-7.013
-2.035
-2.581
-9.204
-1.398
-3.168
-10.065
-2.470
-0.442
-8.912
0.065
-2.985
-8.316
-7.025
-5.421
-7.028
-4.625
-3.062
-7.074
-1.710
-3.826
-7.297
-4.265
-7.667
-8.533
-5.853
-4.902
-5.841
-1.165
-6.551
-7.387
-4.930
-3.694
-2.898
-4.689
-4.863
-3.947
-4.598
-4.911
-5.852
-8.087
-2.997
-7.295
-5.178
-4.309
-6.417
-2.910
-4.441
-5.782
-5.143
-1.957
-7.171
-5.536
-3.198
-8.909
-3.051
-3.907
-8.324
-3.743
-3.537
-8.457
-5.375
0.602
-8.276
-5.825
1.011
-9.723
-5.961
-3.536
-8.353
-1.396
-1.623
-8.049
