-23.238
-19.103
-9.268
-24.431
-11.006
-19.084
-20.061
-16.457
-15.531
-9.876
-16.952
-16.745
-14.444
-12.011
-10.422
-14.700
-16.510
-15.404
-16.852
-13.231
-9.011
-9.943
-12.904
-7.741
-11.066
-7.469
-6.336
-8.967
-8.528
-10.362
-1.388
2.666
-0.481
4.047
-0.264
-3.131
-7.295
2.484
-1.875
-0.410
-15.841
-4.770
-23.896
-13.101
-1.216
-19.724
-14.698
-3.209
-21.934
-14.873
-2.432
-22.977
-17.350
-2.959
-21.274
-16.490
-3.687
-20.876
-16.250
-5.788
-18.896
-12.126
-4.670
-18.528
-11.552
-9.175
-18.881
-11.807
-10.445
-24.758
-8.250
-10.758
-21.161
-6.036
-6.566
-18.902
-12.938
-13.235
-18.212
-2.468
-15.371
-12.512
-14.240
-13.195
-10.078
-15.211
-6.844
-14.568
-17.785
-14.437
-14.346
-1.285
-9.693
-18.045
-8.054
-5.972
-17.273
-11.721
-7.925
-19.370
-19.691
-15.641
-15.723
-24.735
-13.753
-24.936
-22.405
-21.041
-20.136
-22.429
-11.583
-26.953
-20.686
-12.251
-22.820
-18.714
-13.075
-20.226
-27.183
-19.289
-19.082
-20.771
-16.194
-24.078
-26.328
-13.762
-28.856
-17.512
-12.600
-23.551
-27.657
-30.938
-21.857
-19.170
-18.410
-13.733
-25.838
-26.025
-19.366
-20.197
-26.049
-18.086
-15.333
-22.854
-16.170
-21.344
-28.563
-19.077
-16.573
-20.592
-11.970
-19.529
-25.167
-20.665
-21.002
-24.593
-18.385
-19.546
-27.172
-19.296
-3.831
-10.169
0.954
-0.383
-11.628
2.363
1.029
-10.421
-6.431
-4.189
-14.015
-7.187
0.259
-6.194
0.780
-3.085
-10.671
-2.326
2.363
-7.501
2.862
-7.475
-13.736
-0.506
-4.276
-16.177
-0.505
-1.980
-14.713
-3.262
-8.701
-9.304
1.394
-9.331
-12.985
-0.091
-11.589
-15.641
2.850
-8.604
-10.929
2.419
-9.304
-14.228
5.522
-6.917
-8.063
2.985
-8.539
-11.321
6.536
-6.096
-8.106
0.712
-7.884
-4.220
2.093
-11.974
-11.186
5.747
-7.419
-13.719
-9.056
-2.053
-10.180
-7.281
-2.769
-10.485
-4.640
-7.154
-8.166
-4.243
-3.472
-11.015
-7.092
-4.633
-15.455
-11.659
-2.189
-17.174
-11.233
-2.668
-7.961
-2.308
-6.860
-17.901
-11.068
-6.335
-19.126
-12.797
4.304
-11.747
-2.251
2.939
-7.282
0.061
1.029
-9.717
-7.564
-6.952
-10.019
-6.604
-0.216
-8.070
-4.131
0.271
-7.848
-6.090
5.168
-5.360
-4.249
-0.789
-5.421
-2.149
-1.803
-13.560
-5.689
0.821
-2.051
3.795
-1.170
-25.591
-8.575
-27.901
-11.405
-17.930
-3.091
-18.351
-6.479
-12.280
-4.821
-19.861
-4.494
-20.346
-3.591
-21.474
-2.648
-24.203
-4.237
-25.324
-7.826
-19.461
1.984
-25.833
-6.168
-29.877
-3.558
-24.740
-7.908
-23.741
-7.332
-26.320
-4.272
-24.516
-6.048
-22.851
-11.724
-26.051
-11.032
-28.417
-26.551
-21.582
-20.779
-21.419
-25.036
-19.016
-19.792
-17.842
-18.398
-19.784
-19.988
-14.964
-20.892
-23.005
-21.229
-17.826
-25.674
-21.072
-18.537
-25.269
-10.877
-7.962
-15.389
-8.256
-15.885
-11.670
-11.382
-13.296
-14.389
-14.595
-8.884
-8.324
-17.156
-11.794
-14.364
-5.287
-9.982
-10.192
-19.016
-16.201
-7.217
-11.063
-7.685
-5.792
-9.463
-8.957
-3.008
-5.424
-0.940
-14.708
-2.766
-5.748
-4.397
-5.883
-6.990
-11.640
-10.199
-11.237
-9.253
-8.523
-8.625
-13.669
-4.997
-7.083
-13.153
-3.105
-8.929
-12.474
-6.185
-11.080
-14.142
-10.956
-4.439
-6.218
-8.513
-10.518
-12.163
-4.779
-4.188
-11.075
-20.860
-9.013
-20.584
-21.180
-19.332
-21.330
-26.880
-23.403
-19.150
-15.099
-21.699
-17.084
-21.833
-20.152
-25.305
-24.734
-18.911
-19.072
-28.291
-19.520
-20.464
-16.462
-21.525
-23.678
-19.724
-24.160
-30.338
-24.382
-15.963
-12.448
-20.254
-20.809
-15.944
-15.914
-20.882
-18.928
-15.656
-11.970
-23.852
-20.240
-25.285
-22.898
-24.725
-26.770
-21.292
-18.882
-22.953
-31.571
-21.803
-18.485
-12.708
-25.686
-21.942
-15.739
-18.572
-27.166
-15.027
-15.905
-9.634
-24.050
-17.229
-20.971
-20.505
-28.930
-16.262
-11.770
-19.158
-25.101
-17.827
-19.055
-8.520
-28.896
-18.753
-23.287
-22.523
-31.356
-19.436
-11.360
-21.213
-22.845
-9.761
-17.708
-8.882
-19.488
-13.003
-24.713
-14.871
-12.184
-16.868
-25.113
-16.176
-23.226
-14.464
-17.986
-12.161
-19.862
-16.801
-16.985
-17.353
-18.292
-8.391
-17.636
-14.743
-22.116
-15.237
-16.154
-14.563
-16.023
-14.181
-20.874
-20.150
-19.625
-9.473
-19.236
-16.126
-12.083
-18.347
-17.039
-15.793
-20.987
-15.635
-8.043
-10.980
-14.848
-19.768
-7.000
-8.800
-9.614
-27.253
-13.446
-10.410
-16.481
-25.978
-13.942
-8.489
-18.870
-20.232
-9.020
-2.019
-11.292
-26.074
-14.324
-12.739
-17.556
-29.307
-10.533
-10.799
-17.987
-23.035
-10.689
-6.290
-14.851
-19.566
-9.291
-8.217
-16.162
-22.008
-14.685
-13.918
-16.764
-12.719
-15.012
-15.768
-12.955
-12.284
-11.897
-8.410
-11.141
-11.245
-19.466
-15.401
-11.406
-11.035
-16.102
-13.659
-13.601
-8.881
-17.255
-8.105
-15.119
-15.940
-15.499
-14.204
-15.767
-10.795
-15.254
-9.238
-18.136
-18.001
-24.861
-11.663
-15.495
-17.479
-18.512
-7.783
-25.459
-8.294
-20.230
-11.404
-15.567
-14.522
-8.702
-21.425
-17.686
-20.591
-22.526
-22.166
-22.621
-24.182
-15.358
-22.040
-19.525
-10.182
-14.175
-18.602
-23.171
-20.505
-8.150
-19.959
-16.040
-19.799
-7.585
-17.715
-14.493
-22.175
-18.098
-22.929
-23.214
-17.079
-17.757
-20.360
-19.638
-22.922
-9.258
-22.306
-18.438
-23.123
-12.206
-19.152
-12.167
-15.809
-21.112
-11.699
-16.226
-15.114
-18.904
-7.491
-8.525
-19.179
-25.931
-8.483
-19.737
-12.345
-21.136
-12.052
-13.043
-19.499
-18.021
-7.824
-13.214
-10.218
-21.090
-10.427
-18.145
-11.583
-16.488
-11.554
-18.675
-18.164
-17.995
-11.112
-17.549
-11.327
-21.674
-11.313
-19.907
-18.220
-21.526
-12.955
-14.652
-18.035
-13.650
-14.440
-14.603
-17.370
-12.542
-15.065
-14.602
-24.009
-11.641
-12.844
-10.322
-18.259
-11.216
-18.079
-9.911
-21.083
-15.333
-16.426
-10.207
-18.983
-13.106
-14.889
-11.178
-11.732
-8.070
-17.366
-10.932
-20.190
-8.237
-15.112
-14.570
-22.404
-9.666
-13.136
-12.553
-22.288
-14.577
-16.792
-14.006
-10.879
-24.097
-7.675
-25.883
-8.218
-12.869
-14.211
-21.628
-8.199
-25.172
-12.501
-26.698
-15.381
-19.109
-8.651
-25.735
-9.211
-17.487
-14.097
-20.668
-12.188
-16.332
-8.494
-24.938
-9.754
-20.075
-11.020
-23.778
-6.222
-15.412
-7.500
-27.169
-18.481
-20.259
-9.840
-25.138
-15.218
-16.878
-12.805
-18.095
-8.190
-14.379
-20.449
-20.474
-7.166
-11.878
-21.103
-20.039
-9.626
-12.700
-17.385
-19.766
-18.259
-17.003
-20.414
-20.923
-8.863
-12.630
-24.334
-19.626
-8.718
-12.849
-24.608
-11.205
-9.439
-6.244
-18.192
-13.426
-13.712
-12.718
-21.001
-20.418
-6.851
-16.017
-20.149
-18.358
-13.209
-17.265
-21.704
-22.594
-24.548
-13.844
-18.057
-10.775
-15.978
-3.933
-21.785
-11.702
-22.009
-10.099
-22.753
-14.330
-27.631
-10.481
-26.673
-10.834
-25.867
-15.939
-27.927
-11.823
-14.162
-5.466
-17.285
-11.487
-15.578
-15.540
-18.537
-3.866
-9.041
-10.419
-18.492
-12.459
-14.422
-15.381
-24.747
-13.318
-22.313
-8.313
-17.232
-12.993
-25.153
-12.650
-23.054
-9.906
-24.800
-13.629
-25.705
-16.539
-16.492
-11.765
-22.700
-12.576
-23.339
-14.870
-26.799
-10.091
-28.621
-13.379
-20.485
-15.980
-12.750
-14.303
-13.280
-16.660
-9.211
-8.221
-10.261
-15.009
-14.038
-11.312
-9.802
-13.200
-6.862
-10.051
-12.056
-9.419
-9.312
-10.881
-14.128
-10.682
-9.523
-14.384
-15.790
-13.631
-17.063
-11.473
-18.245
-17.607
-14.120
-14.784
-12.819
-14.394
-14.378
-8.811
-14.502
-15.523
-12.969
-10.772
-20.172
-18.438
-12.263
-13.313
-16.909
-15.401
-16.294
-9.854
-5.749
-14.609
-11.191
-15.543
-15.436
-13.504
-12.505
-15.149
-13.821
-12.427
-11.846
-15.521
-6.065
-7.627
