3.803
12.884
3.962
9.517
9.176
10.146
4.125
12.561
6.890
9.401
15.288
12.431
13.628
-0.450
12.274
14.611
8.818
9.639
7.401
12.157
11.451
10.662
5.649
8.918
13.780
12.519
10.388
11.170
11.191
10.704
9.068
12.142
7.575
7.196
11.497
3.458
2.563
16.293
11.294
8.180
14.805
12.575
9.671
13.191
12.626
11.787
11.738
10.538
11.167
3.547
13.466
10.570
5.687
7.715
1.417
4.801
-7.696
12.748
10.064
6.268
1.303
0.661
-8.799
3.101
3.187
2.618
1.129
-1.332
4.100
-0.075
9.261
0.751
7.803
5.923
-8.274
8.093
-6.552
4.555
-13.622
5.751
9.777
11.337
2.899
0.235
9.342
5.078
8.009
4.864
9.287
9.088
6.431
11.838
8.309
5.083
13.941
10.826
6.199
4.035
9.339
10.394
6.196
5.270
6.015
6.215
1.659
2.474
-1.313
4.596
0.941
-1.714
8.889
9.866
7.636
7.275
8.507
6.302
10.160
5.075
9.771
9.212
3.503
-1.972
1.829
8.723
5.973
2.289
5.827
3.102
6.884
5.678
4.352
9.077
10.511
7.743
8.063
3.862
10.386
12.167
8.227
5.678
8.897
0.261
9.624
1.229
-11.108
7.673
-17.693
7.313
-24.846
6.323
11.319
11.166
5.425
5.458
11.432
9.350
8.651
8.420
8.303
8.916
8.531
7.478
6.658
0.996
6.426
12.579
3.491
10.009
8.806
5.891
8.826
6.394
2.515
3.195
3.648
6.724
6.851
7.154
0.842
10.017
4.867
10.447
12.317
9.861
11.790
11.681
7.415
11.179
9.414
3.922
-12.124
4.283
8.742
8.280
8.332
8.516
8.229
11.148
0.348
2.430
9.031
16.596
10.901
8.765
10.719
10.949
14.735
13.539
16.104
12.650
7.705
11.386
7.752
12.184
9.905
9.366
7.908
9.481
11.332
10.242
12.226
17.466
10.749
10.376
11.410
7.430
14.564
4.566
4.237
15.540
11.930
13.585
12.918
9.620
14.273
12.925
10.607
11.299
16.568
18.144
9.958
10.126
4.398
8.226
11.173
10.799
11.996
12.521
9.408
13.056
15.530
14.379
17.022
7.562
16.082
17.849
11.595
12.675
10.828
3.688
10.352
6.026
12.004
6.996
13.490
12.121
13.280
10.402
6.408
5.214
11.235
14.181
13.150
8.671
12.132
11.962
11.050
9.024
9.933
10.731
9.897
7.778
14.581
11.108
16.152
15.097
13.246
14.043
9.064
11.663
12.139
10.474
10.629
10.498
12.808
13.716
11.781
4.711
14.272
11.924
13.877
13.786
16.867
3.576
11.809
14.291
10.304
11.053
9.724
8.112
7.891
6.991
10.314
10.608
6.382
9.558
11.842
13.775
9.724
11.964
11.493
10.727
9.785
9.469
10.637
9.268
6.642
5.712
10.780
8.606
7.771
14.159
6.892
7.292
7.909
10.365
11.534
9.731
7.789
13.547
