-22.708
-15.343
-17.159
-17.701
-19.743
-18.783
-21.360
-20.333
-20.547
-19.767
-26.366
-21.456
-23.374
-21.961
-23.462
-20.148
-22.912
-15.583
-15.753
-14.750
-19.147
-22.190
-26.080
-16.788
-27.388
-18.272
-23.873
-19.607
-13.603
-17.129
-33.426
-19.603
-16.744
-9.311
-29.413
-21.139
-17.382
-17.286
-21.332
-18.346
-13.005
-5.841
-8.722
-17.285
-14.018
-14.046
-10.919
-14.761
-14.467
-14.790
-15.542
-11.710
-20.916
-12.016
-19.621
-19.047
-15.103
-14.541
-17.310
-20.346
-11.412
-14.923
-11.010
-14.674
-11.112
-14.145
-14.664
-15.408
-9.669
-13.084
-7.438
-9.904
-8.402
-9.361
-10.648
-14.522
-11.718
-16.516
-5.364
-2.851
-14.742
-24.915
-18.660
-14.276
-7.069
-20.890
-8.694
-13.957
-8.163
-22.927
-19.683
-20.610
-8.625
-22.428
-18.180
-26.083
-14.064
-21.685
-15.116
-21.639
-7.109
-23.722
-7.306
-18.533
-6.202
-24.331
-13.326
-18.458
-15.779
-32.540
-26.085
-12.947
-9.360
-26.790
-17.836
-21.206
-9.811
-25.145
-10.484
-16.260
-8.183
-20.089
-15.760
-18.528
-3.457
-22.747
-13.625
-30.179
-3.602
-22.991
-13.776
-29.526
-7.867
-22.188
-15.032
-23.389
-5.005
-17.084
-10.264
-22.576
-4.175
-16.350
-5.947
-21.142
-3.082
-24.699
-18.515
-28.297
-6.584
-29.080
-24.287
-24.939
-14.952
-19.836
-19.412
-20.668
-5.988
-19.597
-4.908
-19.992
3.993
-21.158
-13.539
-23.225
1.221
-17.060
-6.715
-16.946
4.740
-21.377
-9.012
-24.326
5.466
-21.375
-14.636
-23.350
3.667
-21.573
-18.102
-18.227
2.303
-15.271
-10.335
-20.257
4.567
-14.672
-8.554
-19.216
-4.123
-19.161
-20.298
-16.546
4.014
-18.516
-16.107
-18.125
5.813
-16.225
-11.176
-28.449
-12.984
-6.139
-9.192
-11.010
-21.130
-17.412
-18.131
-13.607
-15.951
-9.719
-12.312
-17.268
-16.328
-13.987
-22.997
-11.875
-12.178
-14.158
-12.284
-3.509
-15.012
-10.118
-13.186
-9.872
-12.834
-18.077
-18.367
-6.521
-19.006
-16.159
-17.680
-9.527
-9.430
-12.553
-13.821
-12.204
-20.688
-14.429
-15.218
-12.955
-15.613
-13.343
-17.492
-19.388
-9.381
-9.799
-14.651
-9.538
-5.630
-7.862
-16.238
-10.627
-2.496
0.714
-6.377
-4.952
-12.477
-15.811
-13.269
-12.042
-7.372
-6.853
-17.304
-10.786
-9.043
-5.607
-13.650
-10.522
-8.746
-9.996
-17.186
-13.495
-15.779
-13.613
-15.660
-19.776
-8.059
-7.457
-11.345
-8.826
-16.788
-15.715
-4.922
-3.647
-4.474
-6.310
-0.808
-3.478
-10.927
-7.813
-4.715
-8.719
-8.749
-14.141
-2.163
-0.752
-9.676
-10.310
-4.641
-1.478
-12.494
-12.592
-3.984
-2.604
-9.882
-11.128
-11.587
-5.249
-17.421
-14.382
-7.280
-5.988
-18.505
-17.816
-10.148
-8.749
-10.260
-8.699
-9.414
-3.563
-11.371
-15.060
-11.934
-5.890
-9.018
-10.108
-9.230
-1.328
-8.314
-9.344
-10.611
-6.757
-10.279
-14.891
-12.785
-6.941
-13.393
-15.953
-13.602
-7.540
-13.310
-16.629
-11.829
-8.005
-11.977
-9.578
-5.535
-2.128
-10.189
-17.347
-11.978
-6.376
-12.769
-14.342
-9.481
-7.243
-21.372
-17.943
-13.252
-8.250
5.227
-3.449
-6.044
-2.603
6.984
1.384
-10.466
-3.562
4.654
-6.468
-13.558
-10.471
0.254
-11.958
-13.103
-9.556
4.465
1.905
-5.101
2.135
3.368
-1.936
-7.363
-6.005
-0.147
-8.081
-10.397
-6.137
-1.592
-4.879
-12.616
-9.941
3.526
-0.602
-9.771
-5.262
-8.056
-9.728
-20.690
-17.226
-17.780
-19.208
-24.697
-15.090
-21.811
-24.122
-17.609
-21.243
-26.318
-14.921
-18.279
-27.882
-16.224
-24.273
-24.380
-20.407
-25.483
-27.161
-12.714
-17.556
-21.859
-17.745
-19.480
-19.721
-17.395
-23.116
-22.241
-12.761
-24.599
-30.989
-2.704
-9.633
-21.476
4.525
-5.546
-27.518
-2.012
-10.170
-22.249
3.730
-7.609
-24.906
-7.857
-16.148
-24.420
-0.645
-7.701
-19.889
-2.249
-10.886
-19.589
-0.197
-11.077
-23.735
-2.627
-6.508
-30.148
3.844
-3.542
-26.034
3.467
-8.172
-24.255
-9.122
-16.100
-21.842
-6.857
-13.816
-24.731
-1.554
-8.257
-20.923
-7.823
-15.361
-24.207
-1.345
-3.864
-18.640
-10.957
-17.339
-26.252
-19.529
-18.040
-9.281
-1.953
-6.803
-24.527
2.241
-6.593
-18.568
1.145
-8.853
-11.137
3.134
-3.044
-8.328
4.937
-10.451
-3.179
3.609
-6.322
-10.248
2.256
-5.959
-2.714
-4.123
-9.069
-15.849
3.196
-8.539
-14.286
2.597
-11.511
-11.350
6.215
-2.686
-7.391
7.585
-7.889
-7.122
-10.788
-15.548
-3.774
-11.948
-16.502
-6.189
-13.610
-15.890
-4.890
-4.212
-12.820
-5.019
-11.645
-15.453
-4.865
-7.796
-20.096
-7.637
-7.205
-18.291
-8.385
-5.501
-17.716
-3.393
-9.270
-11.337
-2.971
-13.445
-12.689
-6.527
2.627
-5.068
-5.752
7.488
-7.746
-9.337
6.673
-9.829
-4.233
1.958
-10.050
-9.369
4.151
-3.361
-6.455
-0.002
-7.647
-12.241
3.872
-1.872
-4.863
-1.620
-2.443
1.059
3.132
-6.983
-3.809
-5.280
-3.508
-4.119
-17.468
-17.739
-18.916
-23.067
-20.599
-20.085
-16.070
-15.424
-26.308
-27.510
-24.408
-21.189
-14.846
-21.679
-24.416
-20.421
-16.702
-16.764
-20.086
-18.494
-17.708
-15.720
-19.705
-23.917
-20.471
-25.261
-19.743
-17.816
-23.177
-25.167
-14.419
-12.130
-16.143
-25.302
-16.926
-12.746
-8.647
-9.766
-19.471
-16.299
-15.939
-17.257
-18.043
-27.590
-19.605
-21.585
-15.784
-16.375
-17.964
-20.712
-17.925
-16.375
-14.200
-12.665
-23.290
-23.567
-15.965
-20.082
-16.030
-23.577
-20.699
-15.198
-22.483
-12.567
-16.703
-22.013
-16.109
-16.206
-15.780
-19.996
-18.909
-19.403
-19.354
-15.320
-24.125
-22.742
-19.289
-20.319
-17.399
-28.548
-22.216
-15.223
-17.739
-14.992
-18.289
-19.450
-16.469
-19.577
-10.647
-23.840
-20.080
-19.715
-17.423
-12.968
-25.171
-29.452
-19.265
-17.386
-19.108
-31.103
-19.243
-12.149
-10.020
-22.119
-17.597
-18.196
-16.097
-17.749
-28.661
-7.064
-20.887
-26.240
-20.858
-26.310
-11.061
-24.134
-20.193
-19.985
-31.795
-12.770
-13.767
-19.367
-15.360
-26.130
-8.505
-20.334
-18.793
-14.509
-28.112
-6.182
-18.868
-14.441
-14.487
-19.972
-8.994
-23.705
-17.803
-16.273
-28.408
-11.855
-17.692
-16.411
-13.279
-23.134
-11.669
-25.218
-24.338
-12.930
-28.829
-19.346
-20.697
-12.802
-16.442
-14.588
-13.179
-20.504
-10.139
-10.986
-13.235
-14.606
-18.028
-8.701
-13.449
-10.163
-16.085
-23.027
-13.890
-12.383
-18.172
-9.220
-13.625
-15.937
-13.047
-18.535
-12.906
-13.760
-9.975
-13.146
-13.481
-12.941
-17.768
-15.462
-16.177
-27.038
-23.603
-19.939
-9.974
-14.885
-15.046
-7.555
-18.584
-14.137
-11.391
-21.362
-14.540
-13.266
-10.507
-10.544
-12.538
-8.325
-19.068
-26.352
-19.284
-20.123
-26.850
-19.075
-23.870
-19.035
-21.231
-34.143
-15.630
-16.666
-14.737
-11.472
-21.636
-18.576
-22.930
-22.129
-26.800
-29.677
-12.858
-14.314
-7.549
-13.853
-22.285
-18.101
-15.085
-16.569
-18.499
-22.860
-17.526
-11.003
-9.684
-17.768
-22.774
-17.409
-18.701
-20.345
-19.085
-25.449
-23.419
-21.252
-19.986
-21.602
-28.895
-17.991
-20.212
-19.245
-19.888
-30.303
-2.998
0.331
-17.154
-2.035
-17.336
0.135
-0.981
-23.384
-10.398
-19.470
-1.311
0.562
-15.164
-7.457
-16.620
-8.647
-3.348
-21.903
-6.345
-20.704
-9.878
-2.851
-20.981
-2.784
-12.698
-1.483
-1.551
-18.980
-4.915
-20.459
0.302
-0.335
-21.087
-6.468
-17.755
-11.067
0.104
-11.561
-8.596
-13.985
0.488
-2.584
-19.395
-8.644
-17.024
-3.866
1.039
-17.316
-4.391
-7.028
-21.500
-18.992
-30.231
-5.629
-13.732
-18.829
-17.481
-24.073
-8.342
-13.648
-21.403
-15.232
-25.491
-12.169
-9.783
-21.841
-22.968
-28.325
-11.825
-12.598
-22.223
-12.190
-28.095
-6.029
-15.038
-17.815
-20.000
-26.020
-11.073
-14.475
-19.198
-13.485
-22.465
-12.876
-9.134
-15.880
-14.526
-22.992
0.337
-16.992
-18.257
-19.075
-24.738
-9.875
-12.304
-21.297
-24.004
-30.919
-13.789
-26.514
-5.642
-13.657
-19.594
-18.441
-25.519
-2.264
-11.448
-22.818
-15.497
-26.399
-5.881
-15.922
-24.185
-17.173
-23.058
-7.090
-13.346
-24.619
-20.504
-23.987
-1.654
-9.018
-30.199
-16.059
-26.141
-5.704
-18.344
-22.235
-14.944
-27.388
-5.900
-5.827
-14.704
-15.209
-16.110
-8.316
-8.720
-21.560
-15.346
-23.665
-10.998
-11.835
-25.890
-19.634
-26.266
-7.931
-6.150
-19.429
-16.607
-21.221
-14.906
-5.594
-16.040
-15.790
-8.821
-6.994
-2.804
-22.304
-18.180
-20.638
-13.337
-2.680
-21.725
-17.155
-11.341
-9.000
-5.686
-17.912
-16.875
-19.676
-6.554
-6.835
-15.926
-12.116
-10.835
-5.901
3.843
-19.044
-13.068
-12.895
-10.026
-2.540
-16.668
-14.269
-12.898
-5.567
-7.392
-24.985
-16.546
-19.497
-10.975
-10.798
-27.306
-17.453
-17.712
-11.951
-11.546
-26.521
-15.923
-19.373
-11.587
2.129
-5.386
-16.917
-22.768
-9.321
1.718
-5.876
-17.866
-16.966
-8.907
2.259
-6.657
-18.803
-19.542
-8.599
4.862
-1.619
-15.826
-15.820
-8.194
-0.665
-9.959
-15.731
-23.161
-4.634
-1.591
-10.532
-18.963
-21.302
-5.421
-6.671
-13.370
-14.363
-17.255
-8.271
0.886
-14.262
-15.644
-22.784
-11.791
-2.201
-13.029
-16.625
-22.502
-16.651
-0.979
-8.450
-19.937
-21.807
-17.329
-23.101
-16.293
-15.691
-27.608
-23.686
-10.584
-27.085
-19.507
-13.296
-28.364
-16.655
-26.934
-24.447
-20.130
-20.331
-23.164
-19.169
-23.894
-19.388
-16.578
-20.291
-19.296
-18.841
-22.934
-22.077
-18.649
-17.829
-20.263
-19.309
-34.357
-19.665
-16.988
-38.987
-21.552
-24.956
-33.999
-19.443
-15.830
-33.597
-18.620
-15.873
-35.285
-22.294
-18.215
-32.382
-19.224
-17.438
-35.104
-23.866
-14.136
-38.025
-25.017
-21.889
-38.464
-16.831
-20.262
-32.073
-14.554
-11.432
-23.913
-29.746
-13.643
-22.098
-31.661
-19.830
-22.122
-26.848
-14.167
-16.415
-24.317
-12.248
-23.400
-18.456
-16.249
-14.865
-28.231
-15.624
-18.103
-29.536
-16.851
-21.575
-24.806
-16.066
-20.950
-28.756
-22.573
-22.076
-28.735
-19.327
-8.590
-13.733
-25.428
-9.036
-11.753
-23.211
-13.762
-13.167
-24.210
-4.994
-13.183
-22.517
-9.337
-12.706
-25.634
-7.596
-7.572
-18.364
-8.085
-9.382
-22.676
-6.860
-10.434
-24.370
-8.921
-5.119
-22.100
-4.046
-9.981
-20.928
-17.684
-14.825
-18.395
-13.068
-10.367
-18.486
-7.461
-11.983
-18.924
-12.375
-19.471
-21.354
-15.430
-13.973
-16.059
-6.412
-17.228
-19.100
-13.653
-11.823
-10.269
-13.189
-13.654
-12.333
-13.014
-14.117
-16.081
-19.726
-10.191
-18.919
-14.130
-12.578
-17.191
-9.769
-12.882
-15.943
-14.063
-8.010
-18.675
-14.819
-10.206
-22.095
-10.039
-11.946
-20.943
-11.371
-11.164
-21.205
-14.510
-3.006
-20.849
-15.376
-2.428
-23.696
-15.637
-11.226
-21.001
-6.856
-7.383
-20.403
