5.425
9.284
4.977
7.929
7.567
7.892
5.104
9.147
6.486
7.566
9.784
8.553
9.053
2.022
8.382
9.245
7.443
7.104
5.399
8.393
9.295
9.261
6.472
8.186
10.083
8.358
8.453
9.020
8.501
8.794
7.890
9.301
6.905
6.710
9.087
4.936
3.936
11.286
8.339
6.877
9.946
8.891
7.876
9.435
8.869
8.902
8.595
7.704
8.466
4.601
9.573
7.804
5.249
6.314
3.252
4.975
-1.005
9.045
7.502
5.696
3.840
2.208
-1.126
4.681
5.873
5.387
4.466
2.762
5.005
3.215
7.509
3.075
6.175
5.595
-2.003
6.764
-0.873
5.185
-4.213
4.787
7.397
8.571
4.289
2.707
7.699
4.681
7.265
5.032
7.044
7.511
4.972
8.693
6.328
5.315
9.534
8.022
5.469
4.380
6.394
7.490
6.218
6.230
6.586
6.392
4.380
3.995
2.919
5.679
3.624
2.913
7.305
7.128
6.243
6.014
6.757
5.785
7.437
5.027
7.366
6.695
3.980
1.722
3.578
7.210
5.778
4.087
5.633
4.774
5.650
5.315
4.832
7.437
8.519
7.285
7.717
5.581
8.557
9.849
7.251
6.863
7.329
2.869
7.505
3.365
-2.510
6.837
-5.383
6.695
-9.703
5.803
8.679
9.310
5.830
5.775
9.879
6.525
7.805
7.422
7.496
9.716
7.248
6.221
5.426
2.655
5.984
9.242
4.329
8.190
7.260
5.441
6.451
6.047
3.590
5.246
4.921
5.534
6.991
6.348
2.805
7.726
5.539
7.592
8.659
7.962
8.434
8.792
7.009
8.669
7.707
5.103
-3.084
5.411
7.125
6.838
6.587
7.301
6.601
8.857
3.130
4.235
7.458
11.125
7.862
7.213
8.119
8.265
10.239
9.909
10.859
8.905
6.677
8.210
6.503
8.541
7.980
7.174
6.917
7.398
8.137
7.449
8.610
10.864
7.807
7.930
8.475
6.585
9.404
4.847
5.143
10.069
9.163
9.247
8.899
7.597
10.056
9.204
8.469
9.175
11.502
11.824
8.765
8.596
5.740
7.828
9.525
7.962
9.738
9.946
8.098
10.106
10.744
9.314
11.661
6.928
11.232
12.284
8.435
9.213
8.849
4.640
7.416
6.168
8.944
6.577
9.600
8.797
9.248
8.064
6.098
5.915
7.561
9.751
8.816
6.510
8.289
8.504
7.672
6.465
7.109
7.981
7.913
7.000
10.136
8.944
10.210
10.373
9.494
9.213
6.660
8.766
8.437
7.875
8.153
8.281
8.901
9.628
8.247
5.343
9.947
8.425
8.842
9.161
10.400
3.922
8.414
9.127
8.358
7.955
6.459
6.478
7.004
5.705
7.054
7.247
4.344
6.972
8.670
9.049
7.649
7.742
8.474
8.500
8.247
8.192
8.290
7.464
6.144
4.825
8.429
6.065
6.690
9.683
6.632
5.665
6.304
8.034
8.110
7.741
6.499
9.735
