-8.270
-6.525
-1.309
-8.602
-2.530
-6.325
-6.569
-5.248
-4.524
-1.751
-4.261
-5.337
-4.147
-2.078
-1.988
-4.330
-4.955
-4.151
-5.128
-3.298
-1.058
-2.354
-3.052
-1.135
-2.579
-0.327
0.054
-0.995
-1.249
-1.548
0.998
2.820
1.376
3.979
2.164
-0.381
-2.338
3.054
1.565
0.954
-6.439
0.179
-8.915
-5.350
1.652
-6.747
-5.930
0.995
-7.792
-7.237
1.474
-8.581
-7.268
0.834
-7.713
-7.492
0.916
-7.735
-6.394
-0.451
-6.707
-4.477
-0.215
-6.772
-3.806
-2.197
-6.557
-4.656
-2.447
-9.535
-3.141
-2.466
-7.684
-1.852
-0.654
-6.982
-5.633
-3.775
-6.401
-0.061
-4.389
-3.609
-5.531
-3.867
-2.123
-5.895
-0.366
-3.728
-7.130
-4.334
-3.618
-0.372
-1.699
-5.797
-4.439
-0.393
-5.778
-4.322
-1.820
-6.616
-6.393
-5.109
-5.315
-9.003
-4.340
-9.923
-8.026
-7.801
-7.464
-7.775
-3.078
-10.468
-6.807
-3.705
-8.745
-6.162
-4.325
-7.774
-9.921
-7.040
-7.007
-7.084
-5.110
-9.859
-9.523
-4.122
-11.451
-5.444
-3.785
-9.017
-11.006
-12.075
-8.195
-6.525
-5.864
-4.647
-10.710
-9.545
-6.882
-7.963
-9.489
-6.264
-5.983
-8.151
-5.422
-7.685
-11.038
-6.612
-6.482
-7.548
-3.593
-7.208
-8.420
-6.939
-7.353
-8.887
-6.260
-6.765
-10.174
-7.373
0.317
-3.199
1.359
1.315
-4.339
2.890
2.423
-3.335
-1.664
-0.473
-5.666
-1.072
1.559
-1.186
2.654
0.365
-3.594
0.694
3.041
-1.712
3.315
-1.948
-5.827
2.175
-0.398
-6.840
1.424
1.131
-5.828
0.273
-2.469
-2.899
2.773
-3.973
-4.453
2.629
-4.447
-6.293
3.924
-2.717
-3.700
3.718
-3.889
-5.255
4.933
-2.089
-1.955
3.531
-2.914
-3.681
5.901
-1.155
-2.863
2.757
-1.745
-0.551
2.435
-4.781
-4.091
4.978
-1.339
-6.886
-2.255
0.836
-4.478
-2.424
0.726
-4.864
-0.526
-0.955
-2.719
-0.584
-0.465
-5.175
-2.597
0.180
-7.145
-4.508
0.311
-7.854
-5.789
0.563
-3.228
1.283
-1.445
-8.647
-4.368
-0.866
-8.449
-5.441
3.251
-4.887
-0.041
3.272
-2.519
1.383
2.511
-3.946
-2.079
-1.516
-4.436
-2.247
1.710
-2.758
-0.864
2.071
-2.975
-2.147
4.313
-0.887
-0.739
1.557
-1.419
-0.388
0.936
-5.458
-1.932
2.389
0.402
3.117
2.517
-9.170
-2.843
-10.741
-4.143
-6.236
0.090
-6.104
-1.198
-3.471
-0.284
-6.785
-0.520
-6.844
0.252
-7.364
1.236
-8.856
0.167
-9.319
-1.496
-6.508
3.251
-9.528
-0.276
-11.828
0.758
-8.898
-1.424
-8.592
-1.239
-9.517
0.438
-9.148
-0.346
-8.092
-3.650
-9.654
-3.767
-10.541
-11.392
-7.663
-8.779
-7.992
-10.654
-6.543
-8.002
-6.228
-7.074
-7.702
-7.608
-4.587
-9.033
-9.203
-8.587
-5.630
-11.110
-8.434
-7.763
-9.776
-2.878
-1.761
-6.556
-2.730
-6.221
-4.201
-4.118
-6.035
-5.704
-5.795
-2.736
-2.659
-7.101
-4.541
-5.026
-1.167
-3.513
-3.630
-8.419
-5.987
-3.440
-4.602
-5.081
-1.078
-5.162
-2.624
-1.016
-0.404
-0.245
-5.485
-1.217
-0.673
-1.759
-0.807
-3.316
-4.391
-5.312
-4.457
-5.759
-2.839
-4.999
-5.038
-1.873
-1.266
-7.488
0.773
-4.989
-5.148
-1.985
-3.141
-7.766
-4.612
-3.256
-1.167
-4.595
-2.878
-4.782
0.069
-2.991
-3.252
-7.027
-2.231
-5.886
-6.622
-6.436
-8.166
-9.233
-7.745
-6.316
-5.005
-6.507
-4.519
-7.695
-7.004
-8.489
-8.481
-6.145
-6.713
-9.658
-5.820
-7.308
-5.567
-6.793
-7.710
-6.880
-9.168
-10.549
-7.953
-4.487
-3.535
-5.800
-6.300
-4.883
-5.524
-6.390
-5.640
-4.494
-3.677
-7.218
-5.885
-8.718
-7.968
-8.318
-9.588
-6.887
-5.467
-7.320
-11.350
-7.318
-5.488
-2.471
-9.013
-7.201
-4.504
-5.409
-9.831
-4.133
-4.050
-1.018
-7.390
-5.296
-6.746
-5.937
-10.284
-4.593
-2.108
-5.150
-8.283
-5.338
-5.639
-0.701
-10.226
-5.681
-7.882
-7.124
-11.440
-6.211
-2.433
-6.325
-7.483
-1.634
-6.031
-2.867
-4.846
-2.863
-8.951
-5.214
-1.665
-4.700
-9.460
-6.171
-7.040
-3.615
-5.725
-4.076
-5.148
-4.892
-5.911
-6.867
-4.864
-0.826
-5.939
-5.566
-6.511
-3.917
-5.073
-5.336
-3.642
-3.317
-7.414
-7.949
-5.086
-1.359
-6.615
-6.044
-1.860
-5.238
-5.844
-5.861
-5.720
-5.078
-1.368
-2.041
-4.165
-6.636
-0.715
-0.565
-1.174
-10.442
-3.647
-1.572
-4.975
-9.677
-4.189
-0.783
-6.136
-6.777
-1.640
2.160
-2.264
-9.576
-4.592
-2.638
-5.216
-10.675
-2.322
-1.463
-5.257
-8.491
-2.620
0.761
-4.076
-6.738
-1.819
-0.561
-4.624
-7.694
-4.466
-3.472
-5.107
-2.615
-4.253
-4.315
-2.674
-2.569
-2.786
-1.185
-1.796
-2.105
-6.768
-5.036
-2.348
-1.836
-5.016
-3.976
-2.918
-0.817
-5.209
-1.035
-3.517
-4.087
-4.294
-3.988
-3.985
-1.773
-4.271
-1.729
-5.174
-5.240
-8.930
-3.667
-4.037
-5.397
-5.718
-1.114
-8.530
-0.680
-7.108
-2.540
-3.957
-5.082
-2.304
-8.361
-6.325
-7.730
-9.819
-8.592
-9.434
-9.463
-6.071
-8.723
-7.410
-2.536
-5.903
-7.077
-9.051
-8.039
-1.982
-7.433
-4.950
-7.235
-1.515
-6.336
-4.927
-8.241
-7.723
-8.982
-9.298
-5.807
-7.206
-7.660
-7.448
-8.643
-2.349
-8.285
-6.605
-8.836
-4.259
-6.637
-3.542
-5.169
-7.559
-3.117
-5.022
-5.761
-6.663
-1.187
-1.418
-8.027
-10.107
-1.773
-6.683
-3.983
-7.715
-3.347
-4.300
-7.597
-5.833
-1.043
-3.563
-3.176
-7.445
-2.777
-6.424
-3.648
-5.104
-3.216
-5.785
-6.781
-6.552
-3.088
-5.923
-3.349
-7.518
-3.258
-6.930
-6.475
-7.831
-3.689
-4.305
-5.876
-5.483
-5.098
-3.664
-6.003
-5.385
-6.087
-4.244
-8.698
-4.367
-4.242
-1.539
-5.699
-3.883
-6.628
-1.923
-7.335
-6.375
-6.374
-1.537
-6.430
-5.210
-5.422
-2.009
-3.182
-3.010
-6.256
-2.120
-7.259
-2.939
-5.038
-4.230
-8.240
-3.462
-3.825
-3.105
-8.724
-5.807
-6.039
-4.889
-3.938
-9.125
-1.462
-10.535
-2.835
-3.801
-4.512
-8.427
-2.055
-9.357
-3.602
-11.091
-5.710
-6.704
-2.064
-10.522
-3.147
-6.297
-4.346
-7.932
-3.923
-5.248
-1.623
-9.773
-3.258
-6.876
-3.330
-9.517
-0.477
-4.973
-1.461
-11.501
-8.096
-7.780
-2.520
-10.202
-5.866
-5.698
-3.808
-6.491
-1.886
-4.903
-8.240
-7.568
-1.264
-3.451
-8.283
-6.940
-2.661
-3.757
-6.607
-7.373
-7.674
-5.889
-8.154
-7.860
-2.225
-3.647
-9.583
-6.960
-1.859
-4.231
-9.999
-2.804
-2.611
-0.671
-6.555
-3.990
-4.793
-4.641
-7.790
-7.459
-1.184
-5.702
-8.179
-6.756
-4.325
-6.080
-8.545
-8.245
-8.157
-3.508
-5.077
-1.857
-3.839
1.059
-6.762
-2.653
-6.887
-1.993
-7.458
-3.677
-9.548
-1.941
-9.282
-2.341
-9.156
-4.568
-9.747
-2.655
-3.607
0.171
-5.280
-2.599
-3.869
-4.354
-5.385
0.778
-1.122
-2.308
-5.651
-3.140
-3.442
-4.713
-8.147
-4.046
-7.079
-1.139
-4.828
-3.467
-8.540
-3.437
-7.524
-2.343
-8.354
-4.130
-9.192
-5.532
-4.593
-2.626
-7.870
-3.599
-7.802
-4.348
-9.491
-2.463
-9.957
-3.826
-6.400
-5.108
-3.831
-4.867
-3.758
-5.880
-2.084
-1.131
-2.643
-4.572
-4.919
-3.180
-2.755
-4.204
-1.326
-2.795
-3.753
-1.957
-2.389
-2.956
-4.889
-2.793
-1.840
-3.774
-5.183
-3.972
-6.252
-2.762
-6.841
-5.725
-4.708
-3.924
-3.945
-4.433
-4.807
-1.668
-5.045
-4.806
-4.062
-2.148
-7.452
-7.150
-4.465
-4.474
-6.640
-5.482
-6.085
-1.778
-1.335
-4.493
-3.931
-5.263
-5.992
-5.000
-3.671
-5.612
-5.285
-3.057
-3.928
-5.373
-1.138
-0.966
