-7.899
-4.922
-5.074
-6.249
-6.358
-6.579
-7.063
-7.192
-7.142
-7.223
-9.783
-7.752
-7.981
-8.285
-8.381
-7.195
-8.141
-4.839
-4.493
-4.400
-6.170
-7.304
-9.333
-4.961
-10.259
-6.390
-8.563
-6.592
-4.464
-5.703
-13.001
-6.807
-5.505
-2.022
-11.577
-7.573
-5.613
-5.265
-7.033
-6.115
-3.151
-1.455
-0.572
-7.232
-3.942
-6.262
-2.353
-6.097
-4.145
-5.816
-4.791
-4.920
-7.500
-5.262
-6.884
-8.732
-4.213
-6.134
-5.287
-9.469
-2.902
-6.594
-2.509
-6.208
-2.546
-6.029
-4.537
-6.309
-2.063
-4.988
-0.526
-3.360
-1.454
-3.284
-2.200
-5.637
-3.085
-7.088
0.395
0.108
-6.458
-9.391
-6.838
-4.873
-2.559
-7.205
-1.785
-4.326
-3.000
-8.159
-7.161
-7.962
-2.827
-8.214
-6.598
-10.371
-6.446
-7.624
-4.812
-8.687
-2.444
-9.136
-1.229
-6.667
-2.209
-8.792
-3.666
-6.740
-6.358
-12.624
-10.222
-4.209
-4.010
-9.983
-6.014
-8.111
-4.034
-8.579
-2.319
-5.046
-4.181
-7.511
-4.942
-6.613
-2.698
-8.600
-4.111
-12.313
-1.682
-8.860
-4.051
-11.795
-2.924
-8.645
-4.942
-8.903
-1.518
-6.205
-2.561
-8.575
-1.250
-6.160
-0.829
-7.855
-1.672
-10.093
-6.665
-11.538
-2.430
-11.776
-9.536
-9.239
-5.603
-7.983
-7.288
-8.529
-1.869
-7.749
0.131
-7.188
2.087
-6.804
-4.230
-7.983
0.645
-4.825
-0.373
-5.105
2.262
-7.770
-1.607
-9.336
1.362
-7.099
-4.261
-8.438
0.982
-7.316
-6.342
-5.960
-0.070
-4.668
-2.605
-7.412
1.278
-3.631
-1.634
-6.618
-3.323
-6.389
-7.145
-5.221
1.534
-5.871
-5.449
-6.188
0.388
-4.922
-2.467
-11.179
-4.826
-0.154
-2.412
-2.851
-9.419
-5.318
-6.407
-3.935
-6.878
-1.900
-3.965
-5.830
-6.427
-3.892
-8.959
-3.224
-5.485
-4.097
-3.910
0.990
-6.619
-1.480
-4.058
-1.817
-5.508
-6.057
-6.701
-0.559
-8.247
-5.265
-6.121
-1.815
-2.793
-3.335
-4.646
-3.075
-9.815
-4.476
-5.529
-3.746
-5.805
-5.321
-7.860
-8.811
-2.578
-3.056
-6.592
-3.543
-0.513
-2.008
-7.792
-4.142
0.282
2.313
-1.665
-0.974
-4.772
-6.497
-5.020
-4.248
-1.461
-1.864
-7.756
-4.250
-2.254
-1.872
-5.717
-4.362
-2.145
-3.211
-7.700
-5.501
-6.542
-5.529
-6.253
-8.440
-2.279
-2.549
-4.308
-3.372
-6.165
-6.850
-0.984
-0.343
0.009
-2.165
0.737
-0.005
-4.055
-1.962
-1.005
-2.941
-2.000
-5.278
0.142
2.257
-1.868
-3.700
-1.251
0.873
-3.801
-5.758
-0.781
0.006
-1.958
-4.070
-4.943
-1.276
-7.143
-5.797
-2.452
-1.557
-7.239
-7.722
-3.945
-3.253
-2.387
-2.730
-3.310
-0.579
-3.062
-6.840
-4.596
-1.364
-2.346
-3.932
-3.291
0.742
-1.371
-3.221
-4.201
-1.503
-2.400
-6.558
-5.298
-2.427
-4.677
-6.973
-4.842
-1.841
-4.299
-7.428
-4.914
-2.381
-4.526
-3.747
-0.702
0.837
-3.344
-7.418
-4.665
-1.523
-4.649
-5.768
-3.262
-2.051
-9.063
-8.323
-5.179
-3.500
4.229
0.450
-1.675
1.024
4.360
3.148
-3.579
-0.126
2.893
-0.188
-5.102
-2.046
1.289
-4.210
-5.540
-2.656
3.212
2.913
-0.935
3.062
1.444
1.502
-1.818
-0.671
0.670
-1.332
-3.714
-0.700
0.294
0.486
-5.569
-3.207
3.051
1.803
-3.894
-0.424
-3.395
-2.649
-9.745
-7.260
-6.230
-7.024
-9.362
-5.270
-8.479
-8.834
-5.692
-8.446
-9.840
-3.577
-6.790
-10.802
-5.574
-10.042
-9.087
-7.790
-10.356
-10.440
-3.607
-6.321
-7.966
-6.478
-7.776
-7.387
-7.161
-9.028
-8.244
-4.191
-10.072
-11.978
-1.713
-2.490
-7.756
2.657
-0.027
-10.600
-0.469
-2.648
-7.808
2.210
-1.518
-9.664
-3.774
-5.997
-9.323
0.060
-1.546
-7.089
-1.300
-3.391
-7.020
-0.500
-3.484
-8.884
-0.605
-1.039
-12.133
2.131
0.997
-10.274
4.017
-1.505
-9.295
-2.824
-5.325
-8.295
-1.532
-4.178
-9.490
1.098
-1.452
-7.655
-2.435
-5.047
-9.631
-0.119
1.309
-6.603
-4.083
-6.380
-10.529
-8.590
-6.284
-2.537
0.280
-0.977
-9.497
2.361
-0.817
-6.698
-0.695
-2.511
-4.976
0.574
0.616
-2.813
-0.197
-2.827
0.127
0.821
-0.621
-3.530
-0.097
-0.811
0.657
-3.672
-2.656
-6.941
-0.162
-1.864
-5.843
0.508
-4.461
-4.929
2.489
0.638
-1.517
2.491
-1.782
-1.851
-5.354
-7.261
-0.389
-4.724
-8.156
-1.946
-7.599
-7.534
-1.266
-1.521
-5.830
-1.189
-4.390
-7.741
-1.483
-2.537
-9.744
-2.584
-1.188
-9.418
-2.934
-0.705
-8.482
-0.800
-4.157
-5.504
-0.501
-7.019
-5.230
-2.398
-0.460
-0.569
-1.315
3.165
-1.782
-3.227
2.211
-2.409
-0.366
0.334
-2.456
-3.128
3.005
0.229
-0.842
-0.958
-2.630
-4.580
1.620
1.166
-0.290
-2.604
1.328
2.530
1.347
-1.545
-0.069
-3.204
0.163
-0.867
-5.360
-5.921
-7.101
-6.935
-6.437
-6.812
-4.650
-5.577
-8.643
-9.614
-8.352
-7.264
-5.454
-6.449
-8.471
-6.515
-5.259
-6.252
-5.775
-5.914
-5.485
-4.183
-7.143
-7.492
-6.328
-9.220
-6.677
-6.786
-6.940
-8.417
-4.166
-3.243
-5.906
-7.805
-4.767
-3.118
-0.848
-2.894
-5.154
-4.497
-4.402
-5.327
-6.992
-9.106
-6.187
-6.883
-4.401
-6.119
-4.964
-6.515
-5.523
-5.054
-4.795
-2.534
-7.500
-8.207
-5.083
-7.452
-4.299
-8.257
-6.824
-4.673
-8.484
-3.190
-5.079
-7.447
-4.666
-5.797
-3.791
-5.855
-6.163
-6.497
-7.386
-4.217
-8.338
-7.980
-6.361
-7.453
-4.915
-10.548
-7.399
-4.512
-6.376
-3.777
-5.622
-6.156
-5.191
-7.209
-2.036
-7.984
-6.838
-7.013
-5.852
-3.267
-8.945
-10.899
-6.449
-6.155
-5.848
-11.244
-6.377
-2.613
-2.745
-6.211
-5.030
-5.526
-4.735
-7.147
-9.725
-0.192
-6.748
-9.395
-8.224
-8.810
-2.170
-8.258
-6.405
-7.473
-11.440
-3.344
-3.283
-6.293
-5.465
-8.547
-0.945
-6.603
-6.370
-5.722
-9.165
0.501
-6.123
-3.981
-4.971
-5.726
-1.152
-8.121
-5.595
-6.249
-9.574
-2.794
-5.755
-4.636
-4.466
-6.809
-2.357
-9.365
-8.570
-4.613
-9.367
-6.034
-6.535
-3.687
-6.375
-2.980
-3.257
-6.599
-2.508
-3.429
-2.735
-4.287
-5.387
-1.639
-4.825
-1.332
-4.564
-7.880
-3.984
-4.546
-4.703
-1.591
-3.423
-4.761
-4.471
-4.833
-2.999
-3.632
-1.912
-4.431
-2.412
-3.174
-5.481
-4.526
-5.685
-9.174
-8.100
-6.221
-2.569
-5.517
-3.648
-1.146
-5.679
-4.270
-4.266
-6.222
-4.036
-3.204
-2.833
-3.422
-2.148
-1.223
-5.846
-9.955
-6.789
-6.209
-9.926
-6.140
-8.451
-6.375
-6.488
-13.182
-4.021
-5.612
-4.724
-1.835
-7.115
-5.952
-8.409
-8.399
-8.786
-10.860
-2.836
-4.131
-1.159
-2.789
-7.593
-5.879
-4.808
-5.726
-5.092
-7.453
-5.232
-2.348
-2.667
-4.983
-7.255
-5.039
-6.383
-7.289
-5.213
-8.807
-7.819
-7.715
-6.880
-7.142
-10.738
-5.554
-7.218
-6.805
-5.717
-11.138
0.785
1.909
-5.911
1.910
-6.174
2.453
0.984
-8.295
-2.582
-7.704
1.422
1.599
-4.997
-1.022
-6.080
-2.031
-0.759
-8.218
-0.517
-7.626
-2.250
0.740
-8.448
1.738
-4.049
1.980
0.955
-7.175
0.108
-7.833
3.131
1.576
-7.415
-0.227
-6.697
-2.953
1.608
-2.911
-1.137
-4.502
2.831
-0.319
-7.360
-1.502
-6.237
0.873
2.223
-6.126
0.733
-1.254
-8.183
-7.012
-12.101
-0.297
-3.671
-7.211
-6.486
-9.342
-1.875
-3.939
-8.330
-4.965
-10.701
-3.843
-2.186
-8.548
-8.719
-12.294
-3.835
-3.766
-8.233
-4.026
-11.238
-0.409
-4.789
-6.194
-7.295
-10.516
-3.550
-4.137
-7.129
-5.089
-9.340
-4.060
-2.575
-5.292
-4.356
-8.491
2.005
-5.655
-6.758
-7.083
-10.035
-3.176
-3.767
-8.502
-9.497
-13.145
-5.173
-10.868
-0.554
-4.748
-6.819
-7.045
-10.682
1.485
-2.963
-7.998
-5.112
-10.954
0.062
-6.070
-9.085
-6.175
-9.845
-0.410
-4.259
-9.698
-7.262
-9.653
1.750
-2.094
-12.019
-5.360
-10.813
-0.211
-8.231
-8.207
-5.413
-11.901
0.196
-1.162
-4.053
-4.892
-5.949
-1.499
-2.410
-8.056
-5.396
-9.790
-2.372
-3.362
-9.829
-6.964
-10.698
-1.078
-1.594
-6.827
-5.624
-8.392
-5.523
-1.477
-5.727
-5.517
-2.377
-0.593
0.043
-8.595
-5.926
-7.782
-3.560
-0.137
-8.398
-5.924
-3.989
-1.528
-1.766
-6.963
-5.488
-7.783
-0.309
-1.432
-5.741
-2.817
-2.823
-0.145
2.971
-7.640
-4.331
-4.698
-2.171
0.000
-6.620
-4.710
-4.681
0.829
-2.620
-10.009
-5.181
-7.503
-2.775
-4.311
-11.126
-6.366
-6.720
-2.617
-4.654
-10.631
-5.165
-7.925
-2.871
3.254
-0.034
-5.982
-8.846
-1.383
3.253
0.199
-5.869
-5.936
-1.128
3.490
-0.027
-6.773
-7.568
-1.843
4.256
2.214
-5.459
-5.736
-1.256
2.151
-2.030
-5.364
-9.516
0.715
1.074
-2.855
-6.869
-8.843
0.378
-2.008
-4.044
-4.708
-6.718
-0.885
2.612
-3.588
-5.207
-9.209
-3.101
1.604
-3.290
-5.626
-9.082
-5.560
0.901
-1.869
-7.439
-8.970
-5.212
-7.287
-5.077
-4.886
-9.659
-8.811
-2.214
-9.533
-6.818
-3.378
-10.132
-5.515
-9.425
-8.719
-6.492
-6.562
-7.676
-6.552
-8.290
-5.674
-4.860
-6.308
-5.263
-6.316
-8.052
-7.095
-5.944
-5.027
-6.652
-6.548
-12.949
-6.926
-4.849
-14.946
-7.926
-8.579
-12.813
-7.042
-4.726
-12.553
-6.264
-4.761
-13.176
-8.198
-5.374
-12.045
-7.061
-5.357
-13.531
-8.969
-3.753
-14.610
-9.658
-6.992
-14.780
-5.962
-6.575
-11.880
-4.562
-2.349
-7.720
-11.454
-3.762
-6.991
-12.647
-6.584
-6.763
-9.550
-4.169
-4.526
-8.606
-3.430
-7.561
-6.126
-4.874
-3.592
-10.254
-4.949
-5.684
-11.182
-5.275
-6.780
-8.954
-5.087
-6.703
-11.292
-7.729
-7.028
-10.791
-6.432
-1.652
-3.561
-9.832
-2.158
-3.452
-8.826
-4.297
-3.601
-9.194
0.575
-4.605
-8.503
-1.916
-3.228
-10.045
-1.165
-1.374
-6.620
-1.955
-1.754
-8.287
-0.538
-2.704
-9.673
-1.849
0.471
-8.006
0.467
-1.890
-7.682
-6.522
-4.782
-6.435
-4.071
-2.798
-6.942
-1.345
-3.655
-7.384
-3.702
-7.167
-8.707
-5.449
-4.209
-5.009
-0.862
-6.135
-7.567
-4.716
-3.934
-3.142
-4.142
-3.765
-3.233
-4.179
-5.124
-6.098
-7.511
-2.242
-6.649
-5.777
-4.071
-6.198
-3.368
-4.080
-5.821
-5.329
-1.766
-6.737
-5.903
-2.361
-7.869
-3.156
-3.574
-8.556
-3.948
-3.473
-8.654
-5.504
1.192
-7.894
-6.032
1.018
-9.015
-6.192
-3.202
-8.096
-1.566
-1.209
-7.712
