-6.838
6.055
-4.036
4.812
-5.326
4.223
-6.024
4.818
-6.109
4.717
-8.616
5.233
-7.057
2.929
-7.286
4.937
-7.089
5.007
-3.602
3.743
-5.940
-0.388
-9.155
1.704
-9.876
2.336
-8.281
1.611
-4.095
1.658
-12.681
1.329
-5.176
4.468
-11.189
1.547
-5.484
-0.193
-6.610
2.406
2.314
-1.455
5.344
-7.232
2.644
-6.262
4.095
-6.097
1.480
-5.816
0.893
-4.920
-0.434
-5.262
-0.313
-8.732
2.980
-6.134
0.599
-9.469
3.372
-6.594
2.767
-6.208
3.491
-6.029
1.649
-6.309
3.022
-4.988
5.452
-3.360
4.245
-3.284
4.351
-5.637
2.611
-7.088
4.913
0.108
1.248
-8.736
-6.588
-4.074
4.098
-6.326
-1.607
-3.232
3.379
-7.265
-6.837
-5.117
1.869
-7.715
-6.195
-8.102
1.577
-6.723
-4.604
-6.468
3.973
-8.946
-0.961
-6.549
4.314
-7.930
-3.559
-5.178
-1.002
-12.057
-10.103
-4.481
2.462
-9.125
-5.779
-6.673
2.110
-7.660
-2.235
-4.138
1.667
-7.090
-4.667
-4.278
3.975
-8.132
-4.092
-9.704
3.727
-8.125
-3.848
-8.171
3.129
-8.059
-4.693
-6.402
4.134
-6.075
-2.340
-7.345
4.980
-5.617
-0.545
-6.003
5.112
-9.937
-6.439
-9.894
2.134
-11.385
-9.137
-7.321
-0.397
-8.178
-6.997
-7.994
3.618
-7.298
0.299
-6.634
3.088
-6.478
-4.001
-6.974
5.369
-4.204
-0.342
-4.611
4.807
-7.703
-1.518
-8.421
5.948
-6.527
-4.370
-7.293
2.568
-6.766
-6.306
-5.705
4.395
-4.190
-2.261
-5.893
4.891
-3.359
-1.653
-5.756
-0.159
-5.995
-6.786
-4.804
3.722
-5.727
-5.196
-5.292
2.832
-4.536
-2.507
-8.761
-2.395
1.495
-1.926
2.338
-5.655
-3.407
-6.046
0.946
-4.898
-0.584
-3.301
-0.433
-5.318
-2.021
-8.353
2.089
-1.769
-2.155
-3.293
6.043
-3.313
0.424
-3.516
3.297
-3.864
-4.598
-6.144
3.481
-5.749
-3.441
-5.483
3.336
-0.483
-1.926
-4.007
1.491
-4.702
-2.766
-4.882
1.871
0.039
-5.321
-7.618
-7.392
-1.073
-3.056
-6.288
-3.298
3.080
-2.008
-7.563
-5.143
3.555
2.313
-1.430
-0.726
0.882
-6.497
-5.062
-4.071
1.992
-1.864
-7.473
-4.280
2.944
-1.872
-5.571
-3.231
0.522
-3.211
-7.605
-4.584
0.075
-5.529
-6.262
-7.763
3.645
-2.549
-4.280
-2.173
-3.918
-6.850
-1.033
5.519
0.757
-2.165
0.828
4.753
-2.413
-1.962
-1.322
2.333
-1.645
-5.278
0.637
4.692
-0.365
-3.700
-1.003
5.508
-2.757
-5.758
-0.608
5.971
-1.465
-4.070
-4.999
0.529
-4.977
-5.797
-2.565
4.779
-4.534
-7.722
-4.101
2.735
-0.070
-2.730
-3.359
3.997
1.618
-6.840
-4.691
1.250
2.320
-3.932
-3.022
3.107
3.313
-3.221
-4.047
0.880
1.548
-6.558
-5.442
-0.629
0.177
-6.973
-4.946
-0.419
1.045
-7.428
-4.725
-0.090
0.565
-3.747
-1.072
3.233
0.631
-7.418
-4.679
0.704
1.001
-5.768
-3.216
-0.827
-3.207
-8.323
-5.017
-0.519
5.039
0.450
-1.482
2.028
3.744
3.148
-3.950
-0.220
2.273
-0.188
-5.147
-2.525
0.877
-4.210
-5.548
-3.306
3.520
2.913
-1.165
2.125
1.607
1.502
-1.712
-0.998
-0.246
-1.332
-3.695
-1.558
0.631
0.486
-5.556
-2.598
3.627
1.803
-3.999
-1.324
-2.368
-2.649
-9.538
-7.260
0.965
-7.024
-9.362
2.846
-8.156
-8.834
1.246
-8.348
-9.840
2.254
-7.227
-10.802
0.880
-9.562
-9.087
0.448
-9.796
-10.440
3.290
-5.736
-7.966
0.897
-7.249
-7.387
0.002
-8.101
-8.244
1.734
-8.684
-11.978
-0.410
0.432
-7.756
2.843
3.237
-10.600
2.206
-0.433
-7.808
2.756
1.130
-9.664
-2.636
-3.114
-9.323
1.543
0.804
-7.089
0.497
-0.478
-7.020
0.932
-0.289
-8.884
1.186
1.476
-12.133
2.559
3.858
-10.274
5.835
-0.070
-9.295
3.298
-4.304
-8.295
2.464
-3.417
-9.490
5.360
-0.696
-7.655
2.683
-4.280
-9.631
3.906
2.217
-6.603
2.197
-5.374
-10.529
-2.756
-6.022
-2.537
3.792
0.012
-9.497
6.296
0.258
-6.698
5.385
-2.274
-2.155
4.976
1.042
-0.363
5.892
-2.176
1.828
5.951
-0.336
-0.904
4.400
-0.795
2.181
2.363
-2.517
-3.291
5.850
-1.702
-3.972
5.833
-4.127
-0.058
6.195
0.723
-0.104
6.877
-1.291
0.107
-4.217
-6.768
5.437
-2.935
-7.470
4.719
-4.797
-6.931
5.762
0.544
-5.537
5.694
-2.724
-7.426
4.754
-1.379
-8.955
3.275
-0.567
-9.233
3.148
-0.078
-8.036
3.793
-2.497
-4.774
5.297
-4.433
-4.592
4.121
4.394
-0.045
-0.016
6.663
-1.220
-0.356
6.510
-1.489
2.163
4.835
-1.851
-0.916
5.313
0.488
-0.548
2.612
-2.120
-2.636
4.594
1.522
1.723
2.857
1.905
2.848
4.137
-1.113
0.480
1.588
0.863
1.059
-5.360
-6.007
-7.164
-1.420
3.378
-6.812
-4.578
-5.691
-2.232
-0.180
-8.352
-7.171
-5.576
-2.381
1.364
-6.515
-5.149
-6.322
-2.702
2.005
-5.485
-4.049
-7.157
-4.227
2.993
-9.220
-6.623
-6.969
-3.000
2.546
-4.166
-3.301
-5.946
-1.518
3.742
-3.118
-0.713
-2.902
-0.478
3.034
-4.402
-5.241
-7.012
-3.290
3.449
-6.883
-4.384
-6.135
-0.851
0.359
-5.523
-5.118
-4.812
5.857
-4.702
-8.207
-5.247
-7.394
4.360
-6.563
-6.824
-4.801
-8.418
4.582
-5.279
-7.447
-4.658
-5.821
5.019
-4.880
-6.163
-6.693
-7.357
5.431
-5.891
-7.980
-6.552
-7.375
4.997
-8.539
-7.399
-4.656
-6.338
5.925
-4.339
-6.156
-5.309
-7.051
5.891
-6.105
-6.838
-7.265
-5.769
4.439
-7.125
-10.899
-6.521
-6.246
1.258
-8.570
-6.377
-2.604
-2.824
-3.033
2.667
-5.526
-4.646
-7.172
-5.068
4.699
-6.748
-9.221
-8.272
-7.364
0.881
-8.258
-6.271
-7.261
-9.313
2.143
-3.283
-6.313
-5.375
-5.430
5.194
-6.603
-6.185
-5.926
-6.709
5.944
-6.123
-3.855
-5.071
-3.252
5.389
-8.121
-5.325
-6.063
-5.711
3.054
-5.755
-4.332
-4.621
-5.908
3.880
-9.365
-8.310
-4.928
-6.744
2.921
-6.535
-3.846
-6.322
6.312
-1.478
-6.599
-2.715
-3.268
7.294
-2.121
-5.387
-1.735
-4.848
6.421
-1.877
-7.880
-3.988
-4.584
2.734
-0.533
-3.423
-4.766
-4.264
2.380
-1.766
-3.632
-1.883
-4.323
4.946
-1.789
-5.481
-4.521
-5.494
-0.579
-3.610
-6.221
-2.846
-5.226
5.458
-1.508
-5.679
-4.426
-4.139
4.010
-2.956
-3.204
-2.951
-3.389
7.437
0.372
-5.846
-10.162
-6.753
-0.711
-7.006
-6.140
-8.646
-6.421
-0.537
-8.569
-4.021
-5.896
-4.780
5.823
-4.365
-5.952
-8.684
-8.413
0.196
-6.368
-2.836
-4.218
-1.242
3.280
-5.564
-5.879
-5.041
-5.844
2.966
-4.064
-5.232
-2.581
-2.787
3.597
-2.543
-5.039
-6.593
-7.263
2.999
-5.542
-7.819
-8.013
-6.708
-1.248
-8.652
-5.554
-7.486
-6.730
1.951
-8.638
1.603
1.854
-5.911
6.551
-6.174
1.782
0.394
-8.295
2.763
-7.704
0.246
2.208
-4.997
3.725
-6.080
-2.967
-1.947
-8.218
3.554
-7.626
-2.095
0.087
-8.448
4.602
-4.049
2.788
1.688
-7.175
4.487
-7.833
4.585
1.787
-7.415
4.572
-6.697
-3.620
1.559
-2.911
2.479
-4.502
3.057
-0.274
-7.360
3.301
-6.237
0.832
1.737
-6.126
5.356
-1.254
-7.709
-6.839
-12.101
1.821
-3.671
-6.913
-6.769
-9.342
1.421
-3.939
-7.978
-5.311
-10.701
0.296
-2.186
-8.812
-8.880
-12.294
-1.377
-3.766
-7.736
-4.596
-11.238
3.041
-4.789
-7.119
-7.462
-10.516
-0.419
-4.137
-6.761
-4.649
-9.340
-0.517
-2.575
-5.442
-4.873
-8.491
4.346
-5.655
-7.830
-6.679
-10.035
0.426
-3.767
-7.541
-9.337
-13.145
-1.985
-10.868
5.450
-1.243
-6.819
-4.441
-10.682
6.250
-0.534
-7.998
-2.632
-10.954
4.492
-2.329
-9.085
-3.947
-9.845
4.866
-0.881
-9.698
-3.968
-9.653
6.241
-0.236
-12.019
-2.063
-10.813
4.989
-4.440
-8.207
-4.918
-11.901
5.765
2.082
-4.053
-2.386
-5.949
4.369
0.627
-8.056
-3.270
-9.790
1.711
-1.395
-9.829
-4.196
-10.698
4.765
1.109
-6.827
-3.100
-8.392
-5.026
-0.104
-5.727
-2.631
-2.377
2.224
2.798
-8.595
-1.553
-7.782
-1.084
1.999
-8.398
-1.854
-3.989
0.740
1.668
-6.963
-1.020
-7.783
-0.193
-0.080
-5.741
0.801
-2.823
0.766
3.917
-7.640
-0.670
-4.698
-1.444
3.068
-6.620
-0.839
-4.681
1.354
0.261
-10.009
-1.098
-7.503
-1.980
-2.459
-11.126
-2.081
-6.720
-0.267
-1.057
-10.631
-1.240
-7.925
0.155
7.230
-0.034
-3.182
-8.846
-0.751
7.299
0.199
-4.399
-5.936
0.512
7.544
-0.027
-4.496
-7.568
-1.879
6.299
2.214
-2.876
-5.736
1.809
6.492
-2.030
-4.116
-9.516
1.532
4.762
-2.855
-4.622
-8.843
3.078
2.833
-4.044
-2.213
-6.718
-0.041
7.585
-3.588
-2.789
-9.209
-1.705
5.722
-3.290
-3.615
-9.082
-3.468
4.294
-1.869
-5.511
-8.970
0.909
-6.300
-2.541
0.100
-8.970
-5.386
2.961
-9.614
-3.347
1.383
-9.779
-1.034
-3.507
-5.645
-2.395
-0.376
-6.304
-2.880
-2.780
-5.353
-2.246
-1.588
-3.539
-3.758
-1.799
-5.529
-2.699
-1.162
-5.436
-3.703
-10.486
2.561
-5.631
-13.303
-1.050
-7.642
-11.116
1.735
-5.585
-10.882
3.069
-5.638
-11.222
0.727
-7.182
-10.151
1.537
-5.079
-11.379
0.012
-4.159
-11.520
-1.835
-6.648
-12.159
2.811
-6.065
-10.626
3.898
-3.749
-6.851
-11.257
6.706
-5.846
-11.508
3.260
-5.416
-8.753
6.526
-3.857
-9.166
6.820
-6.852
-6.535
4.230
-1.344
-10.808
4.169
-3.467
-11.011
5.202
-4.854
-8.489
4.241
-5.923
-10.472
0.493
-5.205
-10.938
4.669
4.283
-3.561
-9.832
4.126
-3.452
-8.826
1.047
-3.601
-9.194
4.211
-4.605
-8.503
4.525
-3.228
-10.045
3.543
-1.374
-6.620
4.714
-1.754
-8.287
6.372
-2.704
-9.673
3.948
0.471
-8.006
5.563
-1.890
-7.682
-0.408
-4.782
-6.435
1.368
-2.798
-6.942
3.546
-3.655
-7.384
0.412
-7.167
-8.707
1.274
-4.209
-5.009
1.876
-6.135
-7.567
1.620
-3.934
-3.142
2.106
-3.765
-3.233
1.030
-5.124
-6.098
-2.211
-2.242
-6.649
1.087
-4.071
-6.198
0.779
-4.080
-5.821
1.250
-1.766
-6.737
0.532
-2.361
-7.869
2.709
-3.574
-8.556
2.877
-3.473
-8.654
1.704
1.192
-7.894
1.811
1.018
-9.015
0.124
-3.202
-8.096
3.220
-1.209
-7.712
