-8.096
-6.399
-1.133
-8.500
-2.412
-6.267
-6.425
-5.051
-4.473
-1.711
-4.481
-5.096
-4.266
-2.320
-1.960
-3.807
-5.529
-1.899
-2.253
-2.340
0.362
-1.199
-1.485
-1.881
-1.344
1.130
1.021
0.323
-1.137
0.169
0.998
2.820
1.376
3.979
2.164
-0.381
-2.338
3.054
1.565
0.954
-6.152
0.331
-7.588
-4.474
1.802
-5.679
-4.816
1.256
-4.800
-4.356
1.667
-5.417
-5.437
1.018
-7.156
-5.038
1.191
-4.261
-5.810
-0.315
-4.604
-2.682
0.359
-4.100
-2.550
-2.073
-5.464
-2.657
-2.216
-7.673
0.050
-2.010
-5.717
1.192
-0.549
-5.445
-0.672
-3.328
-4.615
2.829
-3.844
-2.659
-1.633
-3.382
-1.537
-2.874
0.076
-2.386
-4.153
-3.792
-1.919
3.747
-1.280
-4.545
0.764
-0.034
-3.464
0.273
-1.628
-5.944
-6.353
-5.026
-5.689
-8.781
-4.407
-9.294
-7.908
-7.328
-6.443
-7.549
-3.078
-9.595
-6.458
-3.580
-7.758
-5.985
-4.298
-6.773
-9.902
-6.889
-7.238
-6.867
-4.903
-8.500
-9.409
-4.216
-10.255
-5.311
-3.279
-7.317
-9.911
-11.578
-7.971
-6.453
-5.479
-4.292
-8.623
-9.399
-6.653
-5.714
-9.111
-6.103
-3.687
-7.735
-5.125
-6.254
-9.668
-6.139
-3.790
-7.673
-3.331
-6.912
-7.318
-6.478
-6.626
-8.340
-5.958
-4.732
-9.466
-7.050
0.208
-3.199
1.231
1.280
-4.339
2.799
3.127
-3.335
-1.771
1.180
-5.666
-1.156
3.372
-1.186
2.711
2.605
-3.594
0.483
2.783
-1.712
3.626
-0.703
-5.827
2.116
0.610
-6.840
1.572
0.996
-5.828
0.161
-1.577
-2.899
3.891
-2.850
-4.453
2.001
-5.022
-6.293
4.488
-2.104
-3.700
5.411
-2.969
-5.255
4.161
-1.466
-1.955
4.212
-2.114
-3.681
6.553
-0.925
-2.863
3.650
-0.947
-0.551
2.964
-2.914
-4.091
4.178
-1.339
-7.207
-2.688
0.836
-4.637
-2.036
0.726
-4.606
-0.931
-0.955
-2.617
-0.246
-0.465
-5.016
-2.786
0.180
-7.133
-3.705
0.311
-7.662
-4.926
0.563
-3.333
1.875
-1.445
-8.396
-4.071
-0.866
-8.644
-3.843
3.952
-4.759
-1.203
4.329
-2.481
0.681
3.816
-3.740
-2.136
-1.298
-4.443
-1.660
1.263
-2.811
-0.482
2.497
-2.971
-1.432
4.489
-1.147
-0.251
2.708
-1.403
0.580
0.758
-5.501
-2.821
3.351
0.417
2.442
0.331
-9.170
-2.183
-10.741
-2.836
-6.236
0.692
-6.104
-1.998
-3.471
-1.601
-6.785
0.433
-6.844
0.366
-7.364
-0.685
-8.856
-1.046
-9.319
-0.122
-6.508
3.834
-9.528
1.365
-11.828
1.675
-8.898
-0.488
-8.592
-0.623
-9.517
1.523
-9.148
0.817
-8.092
-2.242
-9.654
-2.545
-10.541
-9.135
-7.727
-7.006
-7.579
-8.492
-6.522
-5.548
-6.250
-5.412
-7.185
-6.334
-5.169
-5.905
-8.528
-7.624
-6.080
-7.434
-7.797
-7.310
-8.745
-2.105
-0.719
-6.016
-1.106
-5.711
-4.065
-4.118
-3.312
-5.531
-4.428
-2.420
0.172
-6.467
-1.788
-4.557
-0.166
-3.388
-2.315
-8.179
-4.384
-2.608
-4.103
-1.845
-0.604
-3.772
-2.042
-0.113
-0.085
1.009
-5.007
-0.167
-0.207
-1.854
0.071
-3.209
-3.482
-4.162
-4.150
-3.492
-2.188
-2.393
-3.099
-1.078
-1.921
-4.325
0.868
-1.617
-4.153
-0.955
-4.335
-5.300
-3.407
-0.239
-0.161
-2.850
-3.831
-4.353
-1.140
-0.273
-2.584
-7.027
-2.228
-4.568
-4.939
-6.436
-8.137
-5.434
-6.887
-6.316
-4.966
-3.402
-3.182
-7.695
-6.916
-6.141
-6.131
-6.145
-6.579
-6.647
-4.603
-7.308
-5.654
-2.556
-4.789
-6.880
-9.073
-6.841
-4.761
-4.487
-3.521
-3.026
-2.991
-4.883
-5.491
-4.748
-3.571
-4.494
-3.841
-4.853
-0.480
-8.718
-8.047
-4.682
-7.994
-6.887
-5.515
-5.537
-8.792
-7.318
-5.356
-2.552
-7.879
-7.201
-4.638
-2.821
-8.064
-4.133
-3.748
-2.035
-5.587
-5.296
-6.681
-5.211
-6.510
-4.593
-1.981
-3.078
-6.540
-5.338
-5.608
-3.006
-8.479
-5.681
-7.939
-4.366
-10.208
-6.211
-2.435
-2.668
-6.412
-1.634
-5.903
-3.025
-1.615
-2.863
-8.883
-5.345
-3.154
-4.700
-9.611
-6.131
-7.965
-3.615
-5.608
-4.038
-6.043
-4.892
-6.035
-6.859
-4.195
-0.826
-6.082
-5.577
-2.309
-3.917
-5.029
-5.303
-3.986
-3.317
-7.380
-7.954
-4.774
-1.359
-6.655
-6.228
-2.552
-5.238
-5.873
-5.696
-3.510
-5.282
-1.274
-3.493
-5.085
-6.631
-0.825
-2.039
0.139
-10.520
-3.609
-3.897
-4.405
-9.796
-4.218
-3.371
-4.021
-6.799
-1.608
-1.119
-3.399
-9.630
-4.637
-5.177
-4.495
-10.610
-2.464
-5.832
-4.589
-8.595
-2.700
-2.026
-3.743
-6.798
-1.769
-2.037
-2.995
-7.728
-4.502
-3.900
-2.753
-2.615
-4.232
-4.181
-2.748
-2.569
-2.799
-1.161
-2.153
-2.105
-6.824
-5.037
-4.100
-1.836
-5.065
-3.839
-5.503
-0.817
-5.184
-1.048
-3.196
-4.087
-4.317
-3.861
-4.908
-1.773
-4.290
-1.725
-5.133
-5.240
-8.998
-3.786
-5.689
-5.397
-5.590
-1.174
-7.164
-0.680
-7.112
-2.502
-3.621
-5.396
-1.698
-6.289
-6.325
-6.689
-6.912
-7.942
-9.434
-8.257
-3.407
-7.630
-7.410
-1.548
-2.850
-5.163
-9.051
-7.094
-0.508
-5.305
-4.950
-5.744
0.803
-4.872
-4.927
-5.365
-3.951
-7.401
-9.298
-4.134
-4.968
-6.364
-7.448
-8.383
-0.853
-6.800
-6.605
-8.999
-3.338
-5.689
-3.542
-4.952
-7.559
0.233
-5.022
-5.122
-6.663
1.998
-1.418
-6.731
-10.107
0.121
-6.683
-3.030
-7.715
-0.684
-4.300
-6.374
-5.833
1.945
-3.563
-2.753
-7.445
0.718
-6.424
-3.476
-5.104
0.077
-5.785
-5.935
-6.552
0.438
-5.923
-1.589
-7.518
0.733
-6.930
-4.525
-7.831
-0.042
-4.305
-7.253
-4.921
-5.098
-1.390
-7.895
-5.454
-6.087
-2.801
-8.609
-3.512
-4.242
0.268
-6.901
-2.956
-6.628
-1.023
-7.125
-5.312
-6.374
-0.973
-7.021
-4.547
-5.422
-0.655
-3.632
-2.633
-6.256
0.135
-6.255
-2.426
-5.038
-2.579
-8.154
-3.368
-3.825
-0.655
-10.222
-6.989
-6.039
-2.659
-2.481
-9.125
0.202
-10.535
0.326
-3.801
-2.439
-8.427
1.456
-9.357
-0.806
-11.091
-1.804
-6.704
-0.064
-10.522
-0.338
-6.297
-2.384
-7.932
-0.680
-5.248
-0.252
-9.773
-0.111
-6.876
-1.891
-9.517
3.267
-4.973
-0.091
-11.501
-4.030
-7.780
-0.509
-10.202
-1.851
-5.698
-2.395
-6.491
-2.867
-4.623
-8.240
-7.568
-0.940
-2.955
-8.283
-6.940
-2.656
-4.402
-6.607
-7.373
-8.267
-7.260
-8.154
-7.860
-2.116
-3.463
-9.583
-6.960
-2.924
-4.677
-9.999
-2.804
-1.357
-0.867
-6.555
-3.990
-3.713
-4.184
-7.790
-7.459
-1.945
-4.989
-8.179
-6.756
-3.810
-5.751
-8.545
-8.245
-6.523
-5.865
-4.291
-2.753
-2.975
0.157
-5.736
-4.228
-6.064
-3.577
-7.021
-5.102
-7.763
-3.737
-8.824
-3.843
-8.786
-6.051
-8.425
-4.641
-2.804
0.102
-4.502
-3.055
-3.720
-3.581
-4.145
-0.010
0.060
-2.423
-5.499
-2.009
-3.050
-5.132
-8.818
-2.015
-6.200
0.513
-3.216
-1.971
-8.750
-3.290
-8.284
-2.588
-7.534
-3.660
-8.400
-4.562
-5.429
-3.437
-9.454
-2.314
-8.057
-2.096
-10.008
-0.622
-9.899
-4.455
-6.514
-4.284
-3.831
-4.867
-3.758
-5.880
-2.084
-1.131
-2.643
-4.572
-4.919
-3.180
-2.755
-4.204
-1.326
-2.795
-3.753
-1.957
-2.389
-2.956
-4.889
-2.793
0.040
-3.774
-3.779
-3.972
-3.490
-2.762
-3.418
-5.725
-2.191
-3.924
-1.713
-4.433
-1.896
-1.668
-3.771
-4.806
-0.820
-2.148
-5.922
-7.150
-5.402
-4.474
-7.153
-5.482
-4.792
-1.778
-1.282
-4.493
-4.055
-5.263
-6.591
-5.000
-4.160
-5.612
-4.432
-3.057
-2.820
-5.373
-1.688
-0.966
