1.253
3.473
0.128
3.170
3.435
3.438
1.027
6.254
1.861
2.117
9.877
8.598
8.906
2.140
8.425
9.255
7.439
7.149
5.666
8.578
9.295
9.261
6.472
8.186
10.083
8.358
8.453
9.020
8.501
8.794
7.471
8.163
8.769
7.138
8.805
5.593
4.841
10.133
7.582
7.697
9.133
8.747
7.828
9.352
8.530
8.909
8.526
7.614
8.084
4.622
9.602
7.973
5.441
6.457
3.658
5.378
-0.481
9.110
7.787
5.809
2.938
3.728
-1.869
3.834
2.583
1.916
2.652
0.551
3.257
2.930
3.791
1.170
1.642
2.951
-2.113
5.309
-2.362
4.308
-3.801
3.190
5.565
7.557
2.754
2.226
6.077
3.904
5.568
4.449
5.734
5.343
5.723
8.618
6.386
5.180
9.899
8.105
5.746
4.326
6.730
7.746
4.290
4.622
6.098
5.569
2.767
2.281
1.089
4.162
2.196
1.813
7.305
7.128
6.243
6.014
6.757
5.785
7.437
5.027
7.366
6.695
4.113
2.295
3.481
6.521
5.214
4.221
5.838
5.034
4.922
5.222
3.763
5.833
4.997
5.053
2.602
3.427
6.487
6.363
4.571
3.813
7.329
2.869
7.505
3.365
-2.510
6.837
-5.383
6.695
-9.703
5.803
6.364
8.031
4.347
5.821
7.087
5.951
6.163
6.305
6.181
5.383
7.081
4.901
4.533
2.844
5.954
6.309
3.433
5.298
5.561
4.398
6.394
6.363
4.276
5.392
5.269
5.896
7.181
6.715
2.932
7.812
5.777
7.692
8.861
7.955
8.547
8.802
7.104
8.796
7.920
5.301
-2.975
5.492
7.097
7.030
6.491
7.283
6.544
8.946
3.243
4.325
5.407
4.910
2.993
3.237
3.632
4.161
4.961
3.687
6.225
4.333
6.677
8.210
6.503
8.541
7.980
7.174
6.917
7.398
8.137
7.449
4.229
6.794
2.278
2.898
3.839
3.184
5.050
1.309
-0.161
6.646
9.163
9.247
8.899
7.597
10.056
9.204
8.469
9.175
11.502
11.824
7.773
6.430
3.747
5.702
6.315
6.528
8.230
7.301
7.110
7.450
10.744
9.314
11.661
6.928
11.232
12.284
8.435
9.213
8.849
4.640
6.342
5.411
8.262
6.549
7.231
8.243
7.226
7.348
4.908
5.281
5.942
8.551
6.819
4.443
7.612
7.583
7.222
5.644
5.552
6.199
5.781
3.408
6.543
6.892
7.162
6.935
7.769
5.872
3.253
6.442
4.260
5.005
5.826
6.632
5.453
7.349
6.346
2.538
6.466
6.075
8.174
8.036
10.547
3.188
8.266
8.469
7.434
7.895
6.715
7.039
6.069
4.250
5.998
5.852
3.744
4.458
5.993
6.258
4.836
6.803
8.474
8.500
8.247
8.192
8.290
7.464
6.144
4.825
8.429
6.065
6.690
9.683
6.632
5.665
6.304
8.034
8.110
7.741
6.499
9.735
