-3.260
-2.165
-2.498
-2.989
-2.831
-1.587
-3.793
-1.302
-1.467
-1.558
-1.066
-2.871
-2.560
-3.721
-0.778
-1.756
-2.827
-4.574
-1.534
-1.574
0.538
0.146
-1.111
-1.967
-0.860
-1.971
-1.801
1.241
-0.863
-2.458
1.506
-1.175
-1.152
-0.883
1.101
-0.565
-0.758
1.572
0.054
1.246
-3.283
-0.713
-3.515
-4.448
-0.335
-3.045
-3.432
0.660
-2.172
-3.595
0.946
-4.169
-5.018
-0.086
-2.700
-2.556
1.149
-4.314
-2.700
0.318
-2.000
-2.696
0.702
-3.081
-2.665
-1.605
-4.026
-3.670
-1.019
-4.459
-1.112
-1.682
-5.861
-1.113
-1.296
-4.237
-3.253
-2.156
-4.397
-1.037
-2.937
-2.356
-3.830
-1.354
-2.173
-3.499
-0.398
-3.569
-3.925
-4.408
-2.812
-1.412
-0.403
-3.146
-1.653
-0.427
-3.249
-2.664
0.311
-2.969
-3.147
-3.516
-2.497
-3.111
-3.461
-2.952
-4.080
-2.416
-3.798
-4.816
-3.468
-3.650
-2.721
-3.002
-4.447
-3.944
-3.959
-4.577
-3.389
-1.758
-2.813
-3.281
-1.891
-2.587
-4.026
-2.721
-3.399
-4.577
-2.418
-4.369
-3.210
-5.025
-4.323
-1.955
-2.432
-1.415
-4.305
-4.271
-4.278
-3.665
-3.350
-2.397
-4.360
-3.281
-3.119
-5.174
-5.546
-4.634
-3.374
-3.951
-2.339
-3.055
-3.670
-4.151
-4.685
-4.428
-3.755
-4.049
-4.605
-4.422
-1.128
-3.928
-0.546
-1.896
-4.173
-0.071
-0.845
-1.842
-2.110
-0.749
-5.174
-2.678
-2.702
-2.398
-0.877
-2.450
-2.035
-1.324
-1.323
-3.654
-0.552
-3.845
-3.574
-1.554
-4.209
-3.972
-2.142
-3.038
-4.141
-2.477
-3.631
-4.587
-1.965
-3.247
-3.872
0.807
-3.440
-4.539
-0.206
-2.421
-2.078
0.666
-5.211
-4.398
-0.601
-4.604
-3.884
-1.474
-4.622
-4.456
-0.161
-4.023
-3.959
-2.436
-4.532
-3.992
-2.186
-3.451
-2.722
1.530
-2.685
-5.430
-3.554
-1.484
-3.469
-1.987
-1.085
-5.092
-1.532
-1.553
-3.705
-2.320
-1.247
-3.681
-3.184
-1.032
-4.546
-2.600
-1.595
-4.519
-3.255
-1.085
-3.726
-1.263
-1.925
-4.336
-1.919
-3.769
-4.382
-2.979
-0.784
-3.165
-3.161
0.445
-1.221
-0.510
-1.421
-3.608
-3.185
-1.054
-3.936
-3.859
-1.034
-2.315
-2.697
-0.154
-3.806
-2.591
-0.573
-1.750
-3.417
-0.197
-2.877
-2.892
-0.120
-4.063
-3.802
-1.582
-2.901
-1.398
-2.197
-3.198
-1.598
-2.521
-1.945
-2.994
-3.081
-2.697
-3.181
-0.781
-1.682
-3.098
-3.694
-1.688
-2.146
-2.923
-0.433
-3.499
-2.169
-2.561
-0.847
-2.466
-0.073
-1.884
-0.651
-3.990
-0.238
-1.975
0.502
-3.419
-0.470
-2.074
-2.052
-3.595
-1.199
-2.789
-3.197
-2.960
-2.898
-3.645
-4.394
-2.662
-2.980
-4.701
-4.254
-2.048
-2.529
-1.792
-3.939
-3.848
-4.337
-1.989
-2.970
-5.085
-3.097
-2.847
-2.803
-4.663
-5.034
-3.459
-2.778
-2.050
-2.036
-0.527
-2.177
-0.862
-2.417
-1.925
-1.339
-2.350
-1.562
-1.120
-3.851
-1.692
-2.233
-1.424
-1.293
-2.724
-3.090
-2.903
-1.347
-3.044
-0.963
-1.711
-2.416
-2.776
-2.085
-0.313
0.614
-1.649
-2.088
-3.025
-2.938
-1.674
-2.617
-1.821
-2.151
-2.137
-1.255
-1.050
-0.919
-4.843
-2.791
-2.872
-5.310
-1.840
-2.731
-2.577
-1.314
-3.754
-2.032
-3.976
-2.803
-3.286
-1.283
-2.551
-2.706
-2.518
-1.292
-4.910
-1.104
-2.440
-2.505
-3.980
-1.133
-3.054
-2.215
-2.410
-2.793
-2.292
-2.365
-3.080
-0.969
-2.851
-1.219
-4.497
-2.138
-2.243
-2.989
-3.873
-0.947
-2.727
-2.530
-4.497
-2.036
-3.866
-4.211
-3.336
-1.799
-2.313
-1.729
-5.423
-3.034
-2.826
-2.483
-6.045
-2.331
-2.464
-2.634
-3.249
-4.279
-4.870
-2.837
-2.449
-0.471
-2.769
-0.917
-2.788
-1.735
-2.459
-1.174
-4.709
-0.520
-3.203
-1.745
-5.095
-0.160
-3.161
-1.623
-4.122
-0.797
-2.331
-0.557
-3.908
-2.112
-2.534
-2.643
-5.075
-2.420
-3.487
1.020
-5.147
0.157
-3.756
-1.911
-4.323
-1.947
-1.702
-2.178
-3.361
-2.242
-1.267
-3.748
-1.140
-0.861
-4.688
-3.196
2.328
-2.589
-4.710
-2.975
-1.327
-2.431
-3.024
-2.790
-0.315
-3.039
-3.425
-3.507
-0.554
-1.301
-3.972
-4.160
-1.250
-2.558
-3.699
-4.982
0.565
-0.494
-2.998
-4.258
0.073
-2.590
-5.165
-4.055
0.362
-4.068
-3.076
-4.288
-1.323
-2.390
0.204
-1.592
-2.650
-3.839
-1.195
1.307
-2.608
-4.153
-1.741
0.571
-2.889
-2.917
-1.582
0.559
-3.022
-3.145
-1.391
1.398
-2.130
-3.631
-0.788
-0.100
-1.756
-4.851
-0.582
0.311
-1.579
-3.284
-0.924
-1.046
-3.169
-2.449
-0.882
0.585
-1.699
-2.252
-2.220
-0.428
-3.130
-0.089
-1.843
-3.932
-1.519
-1.296
-2.098
-2.391
-1.261
-0.281
-2.117
-3.585
-0.621
0.841
-2.219
-1.143
-1.057
0.741
-2.674
-2.648
-1.432
-0.134
-2.282
-2.085
-1.501
-0.137
-2.113
-2.430
-1.014
-0.506
-5.442
-2.344
-2.254
0.248
-2.499
-3.293
-3.343
-0.154
-2.961
-2.721
-2.062
-1.207
-3.293
-2.925
-2.243
-1.880
-4.324
-4.200
-4.764
-2.741
-2.713
-3.566
-3.059
1.341
-4.865
-3.164
-2.887
-1.095
-2.965
-2.225
-3.231
-2.425
-3.105
-3.260
-2.913
-3.378
-3.315
-4.346
-2.176
-1.759
-4.279
-2.290
-4.326
-1.347
-3.756
-3.147
-3.683
-2.532
-3.192
-1.722
-4.720
-2.010
-3.977
-1.022
-3.819
-1.397
-3.691
-1.110
-2.276
-2.144
-3.503
-0.783
-2.559
-0.978
-3.808
-1.249
-4.044
-3.396
-4.415
-2.431
-1.926
-1.646
-3.440
0.238
-1.997
-2.409
-2.074
-0.551
-2.060
-1.898
-2.424
-1.369
-3.836
-4.557
-3.073
-3.328
-2.053
-2.922
-4.711
0.411
-1.966
-3.773
-3.167
-2.574
-2.163
-4.020
-1.039
-1.973
-2.915
-3.286
-2.137
-2.327
-1.479
-3.756
-0.184
-4.204
-1.760
-3.223
-1.942
-2.765
-1.031
-3.237
-2.326
-1.974
-2.355
-3.031
-2.039
-2.777
-1.615
-4.315
-1.036
-3.425
-2.014
-3.557
-1.374
-2.265
-1.372
-2.629
-4.169
-2.075
-1.873
-1.810
-3.195
0.009
-5.274
-2.673
-0.719
-2.252
-4.966
-3.700
-2.159
0.383
-4.637
-4.636
-2.720
-1.879
-4.648
-4.176
-1.982
-1.623
-5.090
-3.843
-0.479
-0.066
-3.393
-4.637
-3.774
-0.446
-5.715
-4.477
-2.645
0.215
-4.668
-3.739
-1.781
0.001
-4.873
-4.450
-2.211
-1.834
-2.627
0.327
-3.470
-1.714
-3.124
-0.141
-2.462
-3.606
-3.832
-0.866
-3.126
-3.436
-2.904
-1.132
-2.166
-4.190
-4.231
-0.545
-2.298
-3.769
-2.531
-0.936
-2.711
-4.177
-1.497
-0.048
-0.807
-3.650
-1.580
-2.035
-2.084
-3.813
-2.832
0.184
-4.479
-2.510
-3.558
-0.301
-3.143
-3.119
-3.701
-3.183
-2.410
-3.811
-2.934
-2.400
-1.855
-3.605
-2.702
-3.294
-2.742
-3.575
-2.881
-3.364
-2.341
-3.623
-2.479
-4.122
-2.583
-5.027
-2.508
-2.385
-1.133
-1.138
-1.993
-2.630
-0.577
-4.248
0.132
-1.027
-1.571
-3.368
-0.825
-4.134
-0.435
-2.055
0.182
-3.908
-0.380
-2.605
-0.034
-2.195
0.889
-1.432
0.800
-2.068
-1.883
-2.649
-0.987
-1.039
-0.053
-0.559
0.535
-2.653
-0.716
-3.338
-0.334
-1.959
-1.297
-3.111
-2.178
-3.864
-2.891
-3.994
-2.830
-4.039
-2.006
-2.512
-2.710
-2.901
-1.526
-2.544
-1.909
-1.726
-2.286
-2.175
-2.573
-2.435
-3.252
-1.910
-1.333
-4.113
-2.602
-4.859
-2.500
-4.007
-0.988
-3.422
-1.178
-2.030
-1.936
-3.008
-2.922
-3.100
-0.540
-3.154
-0.141
-4.562
-0.878
-3.612
-2.056
-2.567
-2.270
-2.479
-2.310
-0.862
-3.008
-0.374
-3.378
-2.728
-4.675
-2.685
-2.547
-0.644
-4.951
-3.134
-2.906
-0.426
-3.538
-1.208
-3.361
