0.653
3.711
2.260
2.222
2.339
1.973
-0.043
3.363
5.070
4.334
3.010
4.055
3.096
0.309
1.540
1.935
2.695
1.599
1.201
1.722
4.418
1.609
4.337
2.681
3.180
4.642
3.420
3.669
4.653
2.105
2.876
3.494
2.059
2.175
1.436
1.679
1.017
4.577
3.254
3.275
9.360
8.873
11.473
10.413
10.872
12.328
11.834
10.902
11.461
10.472
2.637
9.307
5.460
7.539
6.716
4.957
2.707
9.262
4.814
7.733
4.332
5.863
5.093
4.644
4.474
4.817
4.542
4.002
5.870
5.907
7.532
9.690
6.768
5.851
5.275
8.097
6.531
7.406
7.865
9.988
6.497
5.700
5.803
4.023
4.926
5.185
6.114
5.625
6.006
5.021
3.646
3.677
3.119
2.113
3.497
2.652
2.716
2.967
3.236
2.522
10.248
9.602
11.009
10.469
11.150
10.468
14.141
13.899
10.805
10.338
4.257
4.669
2.537
3.263
4.427
5.870
2.324
2.896
4.032
4.707
3.916
3.105
1.975
2.077
3.452
-1.640
3.985
0.254
3.089
2.273
4.435
2.979
4.297
3.301
4.694
3.380
3.135
3.862
2.496
1.913
2.365
2.459
1.890
1.244
1.955
3.190
1.941
2.056
3.285
1.733
4.099
4.206
4.260
3.165
2.827
4.223
3.417
3.842
3.622
3.296
4.098
2.891
3.351
2.890
2.596
4.031
3.448
3.728
3.164
3.095
4.040
2.692
2.370
3.780
2.189
1.895
3.943
3.363
1.454
3.026
0.447
3.716
2.968
3.731
2.751
2.080
0.912
2.236
1.604
0.335
-0.735
2.154
2.910
2.668
2.493
4.296
2.111
3.391
1.952
1.053
2.402
6.944
2.661
-0.766
3.779
1.860
7.037
8.272
5.485
8.008
3.548
4.571
4.289
5.622
5.117
4.913
3.119
6.975
5.677
7.159
3.064
4.900
5.010
0.921
5.189
4.176
3.125
2.782
3.268
4.283
-0.787
1.326
1.977
1.284
2.679
3.433
2.128
3.253
2.711
4.466
4.452
2.744
3.075
2.447
2.854
4.679
2.294
3.607
3.585
1.986
4.013
4.284
5.108
4.003
4.591
5.591
2.668
2.292
3.507
0.233
5.623
4.490
4.771
6.377
6.536
7.868
5.543
6.003
4.788
2.140
3.487
4.799
4.635
4.633
3.017
2.639
4.344
3.561
4.467
5.163
7.222
4.245
6.519
7.216
5.070
6.895
5.448
6.016
3.976
4.137
3.324
3.575
3.477
1.980
3.395
4.241
2.580
2.265
3.737
2.557
3.196
4.401
4.314
-0.766
1.916
1.788
2.766
1.302
1.556
2.126
3.630
3.316
2.052
1.281
2.037
3.035
2.912
3.188
1.620
4.315
3.750
2.374
3.040
0.364
2.166
0.758
2.854
3.048
1.195
2.192
1.510
3.172
0.833
1.188
2.666
3.904
0.430
2.177
1.421
2.964
