-4.687
-2.123
-3.102
-5.228
-2.071
-2.947
-3.977
-2.189
-2.708
-2.141
-3.650
-2.707
-3.891
-2.610
-2.499
-3.203
-4.055
-2.857
-2.029
-2.935
-0.724
-1.406
-0.971
-2.310
-2.273
0.519
-1.518
0.140
-1.525
-1.600
-0.415
0.373
0.251
-0.856
0.694
-0.978
-1.359
0.161
0.384
1.170
0.171
1.866
-0.390
1.552
2.984
1.438
1.111
4.657
1.869
1.202
6.255
2.431
1.192
1.494
-0.401
1.215
5.305
-0.354
0.263
4.420
1.019
1.823
5.664
2.194
1.126
6.568
2.746
1.216
4.580
0.640
1.193
1.316
0.000
2.242
3.105
4.154
2.668
-0.017
1.545
3.188
2.227
5.993
1.748
3.825
5.480
1.065
2.477
4.714
-0.518
0.172
2.563
3.543
5.175
6.248
0.928
1.292
1.215
2.190
5.140
4.444
-1.141
3.094
1.482
1.068
6.280
3.996
0.657
3.675
2.225
0.901
5.915
4.029
0.915
3.822
1.084
-0.144
3.786
0.570
1.142
5.492
3.644
2.454
7.857
4.748
-0.684
4.227
1.182
2.226
6.302
3.833
1.316
0.201
6.189
0.690
1.696
5.109
0.948
-0.601
4.678
2.064
2.394
4.277
-0.082
1.062
2.166
0.504
0.616
4.100
0.904
0.144
4.506
0.906
-1.016
4.339
0.829
1.424
6.412
1.575
2.383
9.150
12.495
2.209
2.660
9.808
0.932
2.231
11.911
1.508
1.797
7.939
0.472
1.155
10.082
2.186
1.867
8.831
-0.064
2.163
13.282
1.500
3.181
12.202
1.222
2.419
9.984
1.132
2.344
11.067
-0.078
1.249
10.126
0.641
4.707
8.209
-0.454
3.851
7.963
0.431
4.248
7.741
0.505
3.119
6.029
-1.026
1.089
7.022
0.000
4.429
1.747
-1.754
2.239
8.052
0.072
3.785
6.618
0.375
4.641
6.650
1.692
4.977
1.761
-0.462
1.632
1.227
-0.568
1.293
2.089
-0.533
3.059
1.985
-0.434
1.703
2.551
0.138
2.349
0.518
-1.399
1.390
1.926
0.207
3.422
2.542
1.524
3.844
0.831
-0.320
1.987
1.275
-0.446
1.211
7.473
0.606
3.117
9.283
1.456
3.204
9.570
-0.497
2.242
4.611
0.688
1.613
9.331
1.353
3.914
12.182
2.042
5.261
7.898
0.556
1.978
6.627
1.614
1.921
6.330
0.286
2.527
9.227
0.186
4.579
1.923
-0.906
2.380
0.410
1.023
-0.224
2.244
0.393
0.787
-0.421
-0.298
-2.262
1.805
0.378
-0.993
-3.895
2.179
-0.964
0.286
-1.471
1.410
-0.361
1.202
-0.094
0.979
-1.347
2.053
-0.679
2.200
-2.574
1.162
-1.015
2.808
-0.933
0.691
-2.785
0.455
-1.214
0.911
-3.580
-1.814
-2.472
-1.753
-3.327
-2.936
-2.054
-0.364
-0.427
-0.143
-1.287
-1.201
-2.547
-2.529
-3.635
-1.654
-2.574
-1.439
-2.968
-1.446
-1.991
1.352
0.888
1.017
0.769
0.651
0.523
-0.589
0.194
-0.185
-1.394
0.637
1.238
0.380
-0.445
1.368
0.696
1.174
-0.061
-0.698
-1.285
1.412
0.594
1.182
1.248
0.434
1.048
0.588
2.296
1.366
1.068
0.637
1.643
0.802
1.170
-1.679
0.546
0.139
0.743
-1.050
-0.435
0.885
0.362
-0.956
-1.002
-0.969
-0.913
0.086
-0.167
0.341
-1.396
-1.104
0.082
1.050
0.522
-0.353
-0.795
-0.974
-0.368
0.636
-0.131
-4.689
-2.699
-7.766
-3.660
-5.968
-2.859
-9.882
-5.346
-7.825
-1.877
-9.851
-6.432
-7.989
-3.503
-10.082
-7.042
-7.787
-4.245
-12.608
-6.221
-7.959
-3.356
-11.570
-6.965
-9.030
-3.279
-11.852
-8.704
-8.803
-2.673
-10.272
-8.445
-7.289
-3.341
-10.373
-6.142
-3.409
-1.363
-6.340
-4.518
-4.531
-4.283
-11.441
-7.557
-0.807
-3.032
-6.752
-8.057
-4.442
-3.493
-3.949
-6.497
-0.265
-4.126
-6.008
-7.150
-5.753
-4.115
-8.697
-7.851
-3.841
-4.157
-7.283
-8.259
-4.042
-2.732
-9.713
-6.867
-3.597
-3.652
-7.000
-7.734
-0.932
-3.835
-6.585
-7.766
-5.720
-2.902
-10.615
-7.585
-3.192
-3.995
-1.720
-5.501
-5.606
-3.998
-2.229
-5.846
-4.962
-3.430
-1.728
-7.993
-8.291
-4.745
-3.400
-8.922
-7.350
-3.729
-3.151
-6.222
-6.080
-3.064
-2.885
-8.621
-6.320
-3.376
-2.425
-6.598
-7.281
-4.039
-2.548
-6.836
-8.959
-4.731
-2.985
-6.568
-6.484
-4.401
-3.361
-6.346
-4.633
-0.470
-4.359
-8.107
-6.148
-1.778
-5.360
-6.593
-5.518
-2.099
-1.916
-9.072
-6.362
-1.872
-6.263
-9.746
-6.204
-1.423
-5.696
-7.889
-5.200
-2.016
-6.122
-9.401
-6.526
-1.158
-6.531
-8.816
-5.231
-1.902
-3.611
-7.424
-4.582
-1.460
-3.422
-8.980
-3.309
-1.393
-6.427
-6.718
-4.582
-5.035
-1.898
-6.237
-6.199
-3.871
-2.156
-2.985
-6.645
-4.879
-3.061
-5.664
-6.194
-3.171
-1.827
-4.880
-2.729
-5.098
-1.862
-5.313
-6.038
-3.487
-1.931
-7.037
-5.885
-3.911
-1.566
-7.991
-4.150
-6.517
-3.214
-8.290
-7.055
-6.550
-2.784
-11.512
-3.037
-3.224
-1.493
-6.196
-2.391
-0.987
-3.375
-5.047
-5.024
-3.574
-5.823
-6.155
-5.268
-3.288
-5.853
-5.136
-3.006
-2.825
-5.151
-6.893
-4.721
-3.355
-6.900
-6.772
-5.314
-2.708
-6.388
-6.334
-6.419
-2.339
-6.867
-7.315
-2.339
-2.793
-6.176
-6.048
-3.621
-2.900
-5.043
-5.208
-4.651
-2.593
-5.733
-6.641
-1.084
-4.426
-1.310
-2.799
-1.587
-5.160
-1.071
-1.224
-4.436
-5.255
-1.526
-2.337
-3.655
-5.599
-2.111
-4.362
-2.545
-5.113
-1.716
-1.907
-1.713
-3.764
-1.251
-1.991
-3.448
-4.917
-3.814
-3.289
-1.140
-4.298
-0.831
-1.997
-0.822
-2.940
-1.497
-2.189
-3.648
-6.072
-1.621
-2.916
-6.233
-2.912
-6.488
-2.322
-6.006
-0.661
-5.351
-3.419
-7.078
-1.475
-5.963
-1.859
-6.789
-1.183
-6.718
-3.597
-7.850
-2.352
-5.427
-1.832
-5.128
-2.065
-6.149
-1.957
-5.731
-1.876
-5.781
-2.940
-3.698
-1.322
-5.925
-2.033
-5.778
-0.550
-5.865
-1.928
-7.997
-1.732
-7.617
-2.833
-1.512
-5.048
-1.738
-4.097
-0.413
-1.422
-4.190
-4.355
-1.007
-2.780
-3.149
-4.986
-2.561
-4.581
-3.864
-5.687
-1.949
-3.251
-2.056
-3.238
-2.252
-2.928
-2.857
-4.818
-1.568
-2.021
-2.870
-4.937
-1.026
-1.307
-2.170
-3.859
-3.538
-2.017
-2.660
-6.040
-1.859
-4.177
-1.430
-4.017
-2.704
-3.447
-7.794
-5.626
-2.894
-1.915
-7.944
-4.386
-2.057
-1.498
-5.605
-3.035
-3.379
-2.000
-6.082
-3.703
-5.651
-2.406
-8.311
-3.268
-5.213
-2.436
-7.735
-3.951
-5.378
-2.502
-7.490
-3.305
-4.115
-2.507
-7.678
-2.980
-0.959
-2.906
-6.773
-3.346
-2.959
-1.754
-7.102
-2.746
-6.596
-2.405
-3.750
-1.397
-3.164
0.168
-5.906
-2.583
-6.282
-2.429
-5.714
-1.938
-5.789
-0.968
-3.985
-0.662
-6.264
-0.629
-4.901
-1.345
-4.377
-2.618
-4.630
-5.098
-4.239
-0.251
-5.393
-1.400
-3.303
-3.554
-4.937
-1.428
-4.105
-3.936
-6.288
-2.711
-5.320
-2.159
-4.253
-1.624
-9.125
-2.673
-7.143
-1.653
-7.739
-1.736
-6.894
-1.716
-3.585
-1.096
-7.628
-1.116
-7.266
-1.964
-7.875
-1.966
-5.438
-2.316
-7.876
-2.000
-2.715
-3.300
-2.507
-3.710
0.031
-1.823
-3.142
-3.886
-1.441
-2.387
-2.455
-4.703
-0.991
-3.053
-1.014
-2.645
-0.907
-0.598
-2.479
-3.203
-3.879
-4.320
-2.909
-2.148
-3.397
-1.459
-4.217
-2.834
-4.027
-4.444
-2.465
-3.525
-2.952
-1.353
-3.833
-1.899
-1.491
-1.658
-4.895
-2.672
-1.631
-2.185
-2.654
-1.300
-2.018
-1.514
0.531
-1.101
-2.412
-2.319
-1.502
-1.102
-2.072
-3.104
-2.111
-0.780
-0.242
-1.694
0.147
-2.199
