-4.161
-4.339
-4.293
-3.097
-1.758
-3.875
-3.189
-3.877
-4.246
-4.236
-4.536
-3.982
-4.787
-3.977
-3.746
-4.517
-5.522
-2.181
-3.202
-3.409
-3.658
-4.596
-4.370
-3.445
-3.743
-3.511
-3.942
-4.381
-2.576
-3.150
-4.077
-4.513
-1.696
-1.190
-2.865
-3.409
-3.132
-2.315
-1.525
-3.217
-1.108
-2.493
-1.489
-3.744
-1.960
-4.040
-1.259
-5.752
-2.512
-7.080
-2.966
-4.218
-1.804
-3.026
-1.811
-4.549
-1.068
-2.827
-2.726
-5.722
-1.544
-2.913
-1.735
-2.137
1.323
-2.034
-0.871
-2.696
-0.408
-3.542
1.254
-0.342
-0.167
-2.901
-0.363
-2.995
0.170
-2.965
-0.416
-1.787
2.091
-1.726
9.076
5.589
1.108
1.080
4.014
3.201
1.944
1.791
10.674
5.339
3.019
2.774
8.136
3.864
1.476
2.424
12.991
5.478
2.148
1.645
6.910
4.449
0.826
-0.071
6.861
1.937
0.855
-2.399
3.743
2.880
1.797
3.892
11.463
5.437
2.043
2.258
12.398
6.701
2.213
2.484
7.959
6.272
2.626
1.245
5.276
2.101
2.534
2.140
5.896
0.607
1.621
3.447
8.780
3.846
0.977
1.563
3.783
0.894
0.959
0.952
6.084
1.818
1.265
0.724
3.343
-0.931
2.639
1.803
6.726
4.132
0.843
1.981
4.536
0.657
2.155
2.234
6.461
3.217
3.393
0.763
5.249
2.235
3.318
0.895
4.812
2.425
4.124
2.636
7.902
4.403
1.976
0.878
5.579
3.994
4.519
1.267
6.982
4.736
2.948
1.827
5.140
4.243
2.886
2.608
5.842
3.599
3.107
-0.333
4.275
2.031
2.741
0.682
5.280
3.751
1.489
0.117
-0.295
-2.975
0.777
3.139
7.999
1.353
0.418
1.699
11.816
5.158
0.778
0.799
9.728
5.817
0.421
0.918
10.186
4.795
0.737
1.629
11.398
3.571
0.223
0.673
7.681
3.091
-0.292
-3.670
6.084
1.972
0.587
-0.180
8.139
1.845
0.009
-1.316
7.623
2.269
0.306
0.819
8.220
0.557
10.737
2.999
0.439
2.108
9.379
2.553
0.699
3.958
11.143
2.531
-0.362
1.988
10.430
1.941
0.457
2.524
9.385
1.375
-0.250
1.575
10.962
2.555
-0.663
1.903
10.688
2.731
0.997
3.071
7.563
0.775
-0.434
0.827
9.855
2.688
0.841
3.001
10.825
2.582
0.246
2.926
7.399
-0.709
1.771
2.648
9.076
0.196
2.099
2.883
7.368
0.825
1.711
2.124
10.790
0.044
2.149
3.271
11.028
1.038
1.374
4.037
7.410
0.057
1.796
2.335
11.661
1.410
2.237
4.341
10.884
-0.354
2.349
2.061
7.560
0.195
0.820
2.401
11.908
1.208
2.147
3.896
10.721
1.777
0.334
2.312
9.623
2.703
1.200
1.754
10.621
0.434
0.440
1.670
10.217
0.152
-1.128
0.797
3.777
-0.497
-0.308
0.031
11.102
1.249
0.819
1.872
10.866
1.746
0.852
2.617
6.354
1.062
0.399
2.114
9.686
0.295
-1.106
1.180
8.360
1.992
0.480
2.107
10.586
2.661
2.121
2.791
7.937
1.042
0.563
2.414
10.048
2.034
0.686
2.834
8.900
1.070
0.727
2.846
8.421
2.009
1.815
3.845
6.480
1.480
1.161
1.316
9.227
0.883
-0.281
1.447
6.409
0.731
0.154
2.137
7.221
1.133
-0.279
2.371
7.670
0.810
0.199
2.501
-2.147
-1.753
-1.554
-0.666
-2.953
-1.704
-0.203
-1.583
-2.378
-1.867
-2.429
-1.800
-1.173
-2.057
-1.613
-2.782
-3.359
-3.666
-1.340
-2.628
-0.444
-0.845
-1.293
0.022
-1.508
-1.187
-1.398
-0.228
-1.662
-1.750
0.784
0.274
-0.699
1.982
-0.661
-0.991
1.686
0.112
-0.969
2.299
0.901
0.215
0.467
-1.260
-1.505
1.865
0.908
-1.105
-0.010
-0.180
-1.510
-1.712
-1.977
-2.493
2.447
0.478
-1.133
-0.182
0.174
-3.087
1.073
-0.213
-0.209
0.509
-0.002
0.882
1.400
0.227
0.261
0.449
-0.026
-1.079
-0.370
-3.162
-1.367
0.296
-0.980
-0.634
-1.136
-2.542
-0.689
-1.331
-0.997
-0.269
1.470
0.959
0.254
0.359
-0.963
-0.684
0.645
-0.575
-0.871
1.611
0.495
0.014
0.614
-0.823
0.042
-1.335
-0.360
-1.340
0.750
-0.023
0.700
1.344
0.747
-0.397
1.271
0.157
-0.381
2.556
1.150
0.755
0.770
0.105
-0.030
2.455
1.557
0.888
-1.903
-1.285
0.164
0.034
-0.228
0.659
-0.781
-0.063
1.141
0.245
-2.472
-0.564
-1.194
0.041
0.360
0.198
-2.415
-0.122
-0.606
-0.676
0.078
-1.157
-1.809
-1.770
1.742
0.890
1.419
0.922
1.418
2.280
1.289
1.337
-0.401
2.893
2.679
1.272
1.993
0.230
0.298
1.779
0.125
-0.839
1.920
1.766
-0.182
1.046
0.414
0.143
3.042
2.247
2.019
1.313
1.063
1.070
1.765
0.682
0.613
0.492
1.337
-0.632
-8.351
-3.570
-2.835
-10.488
-7.644
-8.964
-3.659
-3.282
-11.118
-9.533
-10.361
-5.143
-3.487
-10.326
-9.567
-8.470
-3.542
-2.803
-10.873
-9.235
-7.996
-5.134
-2.647
-11.805
-7.480
-11.448
-5.425
-5.102
-11.993
-10.577
-6.781
-3.753
-2.800
-8.824
-5.945
-6.206
-2.225
-1.611
-7.324
-5.626
-6.815
-2.341
-2.672
-12.673
-6.316
-7.468
-3.127
-2.362
-9.757
-7.939
-9.706
-5.171
-4.588
-9.059
-9.155
-12.493
-4.286
-5.231
-7.028
-9.108
-9.975
-4.046
-3.383
-6.401
-7.516
-10.389
-4.490
-3.920
-7.056
-7.652
-11.654
-4.892
-4.780
-9.784
-10.196
-11.948
-4.925
-4.021
-8.984
-8.375
-8.902
-5.161
-4.274
-8.483
-7.740
-6.908
-4.062
-4.003
-5.712
-7.548
-7.235
-3.830
-3.099
-6.113
-6.044
-10.384
-4.890
-3.769
-7.259
-9.802
-4.902
-1.407
-1.414
-8.434
-4.257
-6.846
-2.884
-1.566
-9.594
-3.775
-7.507
-4.210
-1.980
-11.793
-3.005
-5.273
-2.222
-1.691
-10.597
-2.301
-3.875
-4.927
-0.142
-10.469
-3.964
-7.947
-3.139
-1.244
-8.995
-4.830
-4.323
-3.302
-0.775
-9.856
-3.228
-6.292
-2.856
-2.096
-8.779
-4.246
-4.122
-2.553
-0.863
-8.304
-1.769
-10.425
-4.744
-2.087
-15.449
-7.674
-11.056
-4.272
-4.587
-6.598
-4.897
-5.932
-2.970
-3.610
-6.836
-4.384
-6.103
-3.704
-3.450
-4.591
-5.799
-9.127
-3.721
-3.341
-7.475
-6.364
-5.825
-3.795
-3.489
-6.591
-5.286
-5.063
-3.312
-2.663
-4.025
-3.750
-6.249
-6.961
-4.435
-12.145
-9.390
-6.565
-3.111
-3.042
-5.200
-2.728
-7.384
-3.110
-2.930
-9.454
-4.062
-8.870
-2.608
-3.418
-7.672
-3.536
-5.552
-5.163
-3.730
-8.141
-7.608
-3.778
-2.886
-2.697
-3.156
-5.336
-6.205
-3.573
-1.409
-5.416
-8.114
-6.505
-3.356
-2.461
-7.659
-7.857
-5.157
-3.821
-0.352
-3.671
-4.756
-5.663
-4.801
-2.632
-4.739
-7.278
-6.503
-2.111
-1.002
-6.904
-6.551
-7.474
-4.411
-3.466
-5.064
-7.076
-4.384
-1.955
-2.028
-5.610
-6.078
-6.702
-3.610
-1.991
-10.460
-8.771
0.405
1.160
-4.097
-0.518
-1.534
0.594
-0.712
-3.808
-1.796
-5.092
0.505
1.614
-4.460
-0.577
-3.027
-2.069
-1.185
-6.118
-1.149
-3.646
-2.324
0.207
-4.895
-0.088
-1.458
-0.736
0.114
-3.689
-0.881
-3.323
-0.495
-0.459
-5.451
-0.250
-4.533
-0.326
0.029
-3.577
-0.675
-2.632
0.694
-0.500
-4.124
-0.747
-3.453
-0.552
-1.703
-5.128
-1.452
-3.694
-7.497
-3.833
-6.508
-3.403
-4.916
-4.807
-2.976
-6.819
-1.083
-3.167
-6.108
-3.876
-5.177
-4.837
-4.266
-5.785
-4.208
-5.805
-3.979
-4.751
-5.985
-2.039
-6.134
-1.082
-2.295
-4.031
-3.733
-5.784
-3.387
-4.952
-7.374
-3.877
-5.571
-3.161
-3.546
-4.232
-4.716
-6.205
-3.003
-6.112
-6.172
-2.543
-6.422
-2.977
-2.718
-5.908
-3.240
-7.316
-3.683
-5.026
-0.802
-1.212
-1.320
-6.083
-4.688
-1.351
-2.611
-2.816
-5.655
-7.848
-1.732
-2.938
-1.578
-6.660
-7.258
-0.174
-2.276
-3.388
-3.619
-4.760
-0.204
-1.786
-4.006
-3.072
-5.835
-2.961
-3.729
-2.882
-4.207
-6.367
-3.272
-2.980
-2.586
-5.914
-5.248
-2.430
-1.573
-1.251
-3.717
-5.449
0.644
-1.913
-2.637
-3.296
-4.857
-1.215
-2.397
-2.654
-2.106
-5.265
-4.207
-0.730
-5.590
-4.113
-2.707
-0.640
-0.822
-4.712
-3.934
-3.778
-2.998
-0.240
-4.850
-4.600
-2.284
-1.336
-0.972
-4.276
-3.428
-3.226
-6.907
-1.818
-6.743
-2.666
-2.791
-1.723
-0.230
-3.996
-3.907
-1.727
-4.176
-0.847
-4.813
-3.407
-1.970
-0.981
-0.469
-4.271
-3.823
-2.728
-3.538
-0.256
-3.132
-4.162
-1.646
-4.573
-0.960
-4.524
-3.336
-2.434
-0.274
0.139
-0.196
-3.484
-3.117
-1.577
-0.395
-1.023
-2.295
-2.902
0.370
0.788
-1.660
-3.594
-3.115
-0.290
-1.099
-0.600
-4.256
-4.177
0.135
0.318
0.361
-3.429
-3.632
-0.640
-0.955
-3.366
-2.439
-2.111
-1.983
-0.994
-3.932
-2.443
-3.491
-0.245
0.369
-1.119
-2.820
-1.587
-1.506
0.062
-3.181
-2.730
-2.966
-1.603
0.699
-2.547
-3.740
-3.170
-4.249
-6.649
-2.860
-3.949
-7.912
-4.197
-2.484
-11.134
-3.574
-3.658
-9.529
-2.585
-5.025
-6.816
-3.275
-3.428
-9.304
-4.039
-5.053
-7.331
-1.852
-4.035
-5.962
-3.534
-3.803
-6.037
-3.376
-1.252
-6.832
-3.589
-9.215
-8.184
-3.576
-6.259
-3.518
-1.727
-7.803
-3.957
-1.612
-10.191
-5.935
-3.311
-7.982
-3.793
-0.996
-9.197
-5.117
-2.776
-9.189
-2.903
-0.990
-7.381
-5.752
-1.444
-8.663
-4.526
-2.544
-9.168
-4.843
-1.010
-4.319
-8.024
-2.949
-6.617
-6.188
-2.329
-4.111
-6.241
-1.177
-4.628
-5.344
-0.903
-3.703
-5.784
-1.820
-4.082
-7.102
-2.332
-3.840
-8.133
-0.831
-4.212
-6.720
-1.657
-4.523
-4.148
-2.333
-3.771
-6.586
-0.866
-2.208
-1.881
-3.143
-1.648
-1.618
-3.088
-2.318
-1.933
-3.563
-1.095
-1.962
-4.534
-1.979
-2.777
-4.087
-0.434
-1.369
-3.314
-1.684
-2.504
-3.941
-1.984
-1.247
-3.570
-1.928
0.206
-1.862
-1.710
-1.576
-3.347
-2.825
-5.203
-4.481
-2.479
-3.982
-4.216
-3.209
-2.923
-4.089
-2.420
-3.530
-3.913
-3.273
-2.198
-2.810
-1.431
-4.360
-4.045
-2.901
-3.323
-3.251
-3.785
-4.921
-4.624
-2.660
-3.907
-3.852
-4.124
-3.261
-3.215
-3.832
-2.811
-5.175
-2.365
-2.157
-4.994
-4.727
-1.303
-3.458
-3.389
-1.755
-4.726
-3.370
-1.954
-5.195
-4.560
-2.753
-4.762
-4.707
0.334
-3.443
-5.979
-2.701
-4.870
-5.655
-2.748
-4.797
-3.547
-1.290
-4.800
