1.297
4.456
-0.298
3.656
3.436
3.547
0.716
5.765
1.977
2.773
7.762
6.407
6.733
-0.438
6.223
7.103
5.178
4.871
3.299
6.386
7.220
6.904
4.243
5.564
7.845
6.137
6.142
6.641
6.026
6.510
2.416
3.136
3.610
2.181
3.691
0.589
-0.126
4.893
2.637
2.674
6.525
5.906
4.929
6.434
5.764
5.971
5.636
4.861
5.374
1.651
0.405
-0.079
-1.270
0.068
-2.665
-2.586
-6.070
1.698
0.454
-0.546
-1.144
-1.536
-6.113
-0.691
-0.524
-0.772
-1.393
-2.477
0.136
-1.790
-1.061
-3.492
-2.935
-1.844
-6.577
0.221
-6.721
-0.752
-8.180
-1.622
3.302
4.711
0.730
-0.482
3.646
1.192
3.364
2.233
3.035
3.217
-0.251
0.133
0.811
0.808
0.795
1.571
1.223
-0.823
-0.066
0.119
-2.889
-2.275
-0.128
-0.749
-3.331
-4.650
-4.891
-2.265
-4.242
-3.575
4.032
3.422
1.630
0.414
2.385
1.227
3.638
0.222
1.702
1.950
-0.315
-2.085
-1.211
1.764
0.474
-0.583
1.220
0.268
0.366
0.496
-1.181
0.773
0.889
0.715
-1.288
-1.754
0.977
1.734
-0.667
-1.401
5.028
0.307
5.215
0.832
-5.385
4.507
-8.425
4.356
-12.998
3.413
1.564
3.001
-0.081
1.135
2.607
1.248
1.509
1.836
1.605
1.063
1.927
-0.308
-0.433
-2.117
0.774
1.201
-1.430
0.324
0.614
-0.623
1.681
1.631
-0.060
0.739
0.859
1.068
2.744
1.761
-1.752
2.978
3.254
5.330
6.526
5.492
6.278
6.485
4.662
6.441
5.508
2.760
-6.004
2.856
4.536
4.466
3.902
4.730
3.957
6.470
0.502
1.635
1.834
2.852
0.542
0.744
0.131
0.925
2.588
1.513
3.693
2.172
4.959
6.628
4.770
6.989
6.377
5.500
5.220
5.744
6.549
5.799
-0.344
2.061
-2.002
-1.401
-0.595
-1.441
0.286
-3.121
-4.161
1.611
9.123
9.220
8.818
7.319
10.153
9.170
8.323
9.137
11.819
12.191
4.068
3.006
0.306
2.810
3.118
3.051
4.702
4.236
3.344
4.004
10.877
9.232
11.932
6.489
11.438
12.647
8.222
9.116
8.698
3.858
0.728
0.257
2.654
0.900
1.869
2.322
1.196
1.812
0.144
0.286
3.671
5.767
4.185
1.603
4.774
5.108
5.014
3.235
2.541
4.242
6.472
5.471
8.911
7.602
8.991
9.169
8.206
7.898
5.099
7.407
6.692
6.085
6.385
6.523
7.194
7.979
6.487
3.349
8.324
6.679
7.262
7.608
8.955
1.916
6.797
7.571
6.736
6.298
4.673
4.693
2.419
0.912
1.652
3.142
-0.500
2.063
2.589
3.526
2.409
2.690
2.867
3.012
3.276
2.834
2.847
3.065
2.272
0.071
4.197
-0.143
5.671
9.033
5.605
4.519
5.237
7.181
7.266
6.852
5.457
9.091
