-9.954
-6.926
-6.985
-8.484
-8.352
-9.070
-9.092
-9.163
-9.182
-8.846
-11.839
-9.384
-10.187
-10.461
-10.430
-9.319
-10.221
-7.356
-6.524
-7.124
-9.003
-7.765
-12.410
-4.897
-13.175
-6.012
-11.485
-6.155
-7.047
-6.081
-16.147
-6.140
-8.193
-2.533
-14.566
-7.127
-8.519
-6.027
-9.712
-5.993
-2.901
-3.061
-0.026
-8.838
-2.568
-7.913
-1.225
-7.672
-3.671
-7.472
-4.223
-6.589
-5.403
-7.104
-5.133
-10.912
-2.218
-7.853
-4.296
-11.586
-1.306
-9.484
-1.889
-9.079
-1.229
-8.838
-2.893
-9.305
-1.653
-7.843
0.552
-5.994
-0.490
-6.141
-0.440
-8.387
-2.009
-10.019
0.120
-2.696
-8.776
-12.427
-4.389
-8.339
-5.401
-9.874
-1.347
-7.624
-5.730
-10.992
-4.435
-9.386
-5.748
-11.346
-6.005
-12.110
-8.467
-10.364
-3.323
-10.528
-5.044
-12.462
-1.226
-10.593
-4.922
-11.652
-2.210
-9.414
-9.032
-15.738
-8.060
-8.750
-6.648
-12.858
-4.133
-10.711
-6.858
-11.464
-2.263
-8.400
-5.557
-10.458
-5.997
-8.654
-3.672
-11.586
-4.435
-13.591
-3.424
-11.776
-4.785
-12.215
-5.196
-11.640
-4.651
-10.513
-3.915
-9.270
-3.427
-11.404
-3.657
-8.961
-1.841
-10.158
-3.338
-13.410
-4.631
-13.618
-4.656
-14.845
-8.348
-11.383
-8.622
-11.345
-7.051
-12.013
-4.574
-10.619
-2.089
-10.608
-0.541
-9.781
-6.731
-11.012
-1.307
-7.662
-2.428
-8.745
-0.444
-11.011
-3.894
-12.371
0.242
-9.958
-4.524
-11.279
-0.787
-10.156
-8.126
-9.827
-1.203
-7.493
-4.297
-9.982
-0.260
-6.567
-3.790
-9.788
-4.616
-9.345
-8.460
-8.995
-0.557
-8.915
-6.651
-9.489
-0.543
-7.821
-6.123
-12.668
-8.278
-2.080
-6.132
-2.723
-12.058
-7.370
-9.032
-4.035
-9.910
-4.022
-8.349
-5.371
-9.814
-5.648
-11.444
-3.024
-7.995
-5.896
-6.392
0.777
-9.117
-3.266
-7.401
-1.927
-8.360
-8.177
-9.837
-1.752
-11.100
-7.185
-9.628
-1.959
-6.378
-5.418
-6.614
-3.494
-11.981
-6.440
-7.781
-3.201
-3.531
-9.280
-11.835
-11.715
-7.713
-6.065
-9.393
-7.286
-2.098
-5.455
-11.992
-7.942
-2.449
-1.575
-6.460
-4.377
-3.689
-8.970
-9.932
-7.471
-3.811
-4.959
-11.191
-7.596
-1.538
-5.723
-9.957
-6.846
-5.027
-6.430
-10.460
-8.753
-3.386
-9.298
-12.306
-11.002
-0.912
-5.732
-8.210
-6.622
-8.369
-10.050
0.540
-3.773
-5.029
-4.895
0.207
-3.229
-7.996
-5.473
-0.682
-6.938
-7.366
-7.534
-0.908
-1.868
-5.506
-6.770
-0.381
-2.722
-7.762
-8.459
0.972
-3.384
-7.112
-7.386
-5.947
-5.196
-10.712
-8.153
0.290
-5.351
-9.307
-10.289
-1.536
-7.320
-4.876
-6.671
-2.450
-3.796
-2.244
-9.406
-7.169
-3.623
-2.383
-6.450
-5.327
-2.079
-1.030
-6.510
-6.890
-3.890
-2.356
-9.338
-8.090
-5.415
-3.872
-9.635
-7.852
-5.070
-3.006
-9.773
-7.114
-5.402
-3.675
-7.249
-3.513
-2.704
-4.614
-8.807
-6.692
-4.490
-2.930
-8.858
-7.475
-5.057
-6.624
-11.499
-7.429
-6.093
-2.811
-0.087
-4.231
-3.033
-5.609
3.052
-6.720
-4.457
-7.212
0.932
-9.041
-5.838
-7.372
-3.410
-9.834
-6.180
-5.107
2.109
-5.596
-0.785
-7.331
1.356
-6.072
-5.155
-8.253
-1.977
-8.076
-4.804
-7.798
-0.460
-7.767
-7.660
-4.594
0.536
-8.052
-4.420
-9.693
-4.083
-12.167
-11.508
-9.596
-10.961
-12.636
-7.961
-11.846
-12.078
-9.744
-12.110
-13.143
-8.098
-10.813
-14.161
-9.486
-13.314
-12.346
-10.719
-13.556
-13.777
-6.962
-9.734
-11.159
-9.293
-11.222
-10.547
-9.432
-12.108
-11.453
-8.040
-12.578
-15.405
-4.414
-4.416
-10.937
-1.248
-1.773
-13.947
-3.238
-4.935
-10.992
-1.278
-3.244
-12.957
-6.392
-7.542
-12.596
-3.221
-3.781
-10.231
-3.812
-5.141
-10.158
-3.331
-5.134
-12.131
-3.054
-3.092
-15.570
-1.468
-1.050
-13.603
0.440
-4.419
-12.566
-2.379
-8.242
-11.507
-1.951
-7.085
-12.773
-0.158
-4.658
-10.830
-2.569
-8.181
-12.922
-0.260
-2.192
-9.717
-3.641
-9.307
-13.872
-7.474
-9.935
-5.413
-0.594
-4.187
-12.780
0.420
-3.936
-9.818
0.286
-5.161
-7.032
-0.354
-2.055
-5.475
0.543
-4.439
-3.502
0.833
-3.556
-5.842
-0.948
-3.518
-3.120
-2.645
-5.482
-8.083
0.676
-4.556
-8.741
0.744
-6.983
-4.892
1.348
-3.027
-4.990
1.567
-4.060
-4.998
-8.530
-10.138
0.646
-7.716
-10.265
-0.033
-9.201
-9.965
0.757
-4.135
-8.605
0.739
-7.298
-10.420
-0.023
-6.033
-11.637
-1.417
-5.228
-12.157
-1.370
-4.677
-10.945
-0.896
-7.183
-7.848
0.329
-8.937
-7.969
-0.703
-1.143
-2.794
-5.139
1.032
-3.980
-5.384
0.899
-3.721
-3.146
-0.672
-4.565
-5.952
0.376
-3.274
-5.342
-2.692
-4.978
-7.413
-0.714
-1.680
-3.440
-2.543
-1.156
-2.488
-0.941
-4.551
-4.279
-3.872
-2.007
-4.106
-8.147
-8.670
-10.388
-6.660
-6.795
-9.729
-7.218
-8.846
-7.753
-9.813
-11.406
-9.918
-8.726
-7.538
-8.651
-9.405
-7.881
-9.506
-7.682
-7.162
-8.284
-6.905
-10.380
-9.234
-6.620
-12.351
-9.421
-10.184
-8.018
-7.876
-6.847
-5.858
-9.113
-6.969
-5.036
-5.707
-3.284
-5.928
-5.564
-5.095
-7.105
-7.963
-10.228
-8.722
-6.445
-9.806
-7.056
-9.311
-6.510
-7.344
-8.325
-7.648
-7.927
-1.275
-9.594
-11.248
-7.828
-10.628
-2.723
-11.292
-9.742
-7.374
-11.700
-2.252
-9.309
-10.420
-7.237
-8.982
-1.676
-9.417
-9.022
-9.276
-10.590
-1.710
-11.265
-11.001
-9.267
-10.609
-2.278
-13.236
-10.368
-7.066
-9.523
-1.117
-8.986
-9.015
-7.813
-10.270
-0.913
-10.690
-9.757
-9.991
-8.928
-2.373
-11.598
-14.179
-9.289
-9.427
-5.084
-13.815
-9.255
-5.338
-5.846
-7.785
-2.189
-8.329
-7.357
-10.396
-10.203
-0.382
-9.659
-12.275
-11.547
-11.902
-2.748
-11.304
-9.295
-10.489
-13.630
-1.198
-5.886
-9.153
-8.516
-10.415
0.368
-9.501
-8.987
-9.092
-11.236
0.722
-8.978
-6.513
-8.198
-7.970
1.025
-11.154
-8.250
-9.236
-10.656
-1.430
-8.578
-7.251
-7.727
-10.127
-0.042
-12.508
-11.383
-8.048
-11.287
-2.432
-9.427
-5.909
-9.507
0.401
-7.086
-9.497
-4.692
-6.311
1.237
-7.479
-8.177
-3.678
-7.964
0.611
-7.576
-10.892
-6.159
-7.688
-2.377
-5.064
-6.038
-6.980
-7.353
-2.909
-6.474
-6.266
-4.004
-7.415
-0.649
-6.476
-8.279
-6.956
-8.641
-6.253
-9.454
-9.085
-4.757
-8.360
-0.210
-6.267
-8.495
-6.543
-7.223
-1.805
-8.897
-5.801
-4.901
-6.437
1.511
-5.139
-8.677
-13.094
-9.958
-6.918
-12.233
-8.997
-11.687
-9.610
-6.613
-14.314
-6.689
-8.294
-7.893
-0.740
-9.985
-8.793
-11.337
-11.695
-6.382
-13.009
-5.400
-6.865
-4.190
-2.948
-10.729
-8.713
-7.517
-9.007
-3.428
-9.806
-8.008
-5.054
-5.808
-3.013
-8.690
-7.798
-9.230
-10.492
-3.785
-11.518
-10.826
-10.915
-9.911
-7.342
-13.806
-8.359
-10.211
-9.934
-4.618
-13.518
-1.988
-2.784
-8.252
5.106
-8.577
-2.563
-3.610
-11.001
0.926
-10.336
-3.188
-2.035
-7.199
2.496
-8.469
-6.095
-6.196
-10.912
1.757
-10.247
-5.537
-4.046
-11.177
3.018
-6.133
-1.122
-3.017
-9.710
2.839
-10.485
-0.156
-2.667
-9.986
2.362
-9.178
-6.250
-2.522
-4.794
1.246
-6.654
-1.455
-4.565
-9.923
1.811
-8.649
-2.494
-2.912
-8.500
3.558
-2.919
-10.516
-11.410
-15.388
-5.820
-5.698
-9.996
-11.220
-12.208
-7.104
-6.007
-10.678
-9.719
-13.774
-8.070
-3.992
-11.969
-13.114
-15.611
-10.132
-5.808
-10.394
-8.893
-14.393
-4.918
-6.984
-10.149
-11.748
-13.560
-9.314
-6.235
-9.533
-9.156
-12.205
-8.948
-4.438
-8.900
-9.089
-11.226
-2.748
-7.980
-10.555
-11.140
-13.007
-8.253
-5.809
-11.239
-13.470
-16.591
-10.760
-13.974
-0.772
-5.838
-9.300
-8.691
-13.760
-0.635
-4.424
-10.659
-6.283
-14.073
-1.637
-6.869
-11.911
-8.114
-12.799
-0.855
-5.306
-12.618
-8.638
-12.577
0.126
-4.773
-15.294
-6.429
-13.911
-1.994
-8.425
-10.899
-7.993
-15.162
-0.569
-1.867
-6.111
-5.393
-8.318
-1.393
-3.819
-10.725
-6.680
-12.735
-3.628
-5.529
-12.769
-9.972
-13.779
-0.989
-3.230
-9.309
-6.500
-11.127
-7.069
-5.158
-8.041
-5.968
-4.211
-1.083
-2.477
-11.347
-5.834
-10.426
-3.305
-3.730
-11.120
-5.772
-6.065
-1.424
-4.401
-9.465
-5.323
-10.427
-2.959
-5.450
-8.057
-2.759
-4.723
-2.331
-0.886
-10.246
-4.811
-6.879
-3.218
-2.681
-9.070
-5.210
-6.860
-1.484
-5.396
-12.976
-5.966
-10.105
-3.746
-8.782
-14.264
-7.328
-9.204
-2.421
-7.457
-13.694
-5.085
-10.590
-3.862
3.528
-1.478
-6.518
-11.650
-4.634
4.103
-1.209
-7.286
-8.303
-3.426
3.986
-1.470
-7.715
-10.180
-5.477
3.068
1.113
-6.110
-8.073
-3.167
3.137
-3.778
-7.828
-12.420
-3.084
1.455
-4.730
-8.073
-11.646
-1.502
-1.469
-6.100
-6.315
-9.203
-3.441
3.729
-5.575
-5.379
-12.067
-5.420
2.075
-5.231
-7.087
-11.921
-6.897
0.791
-3.594
-8.646
-11.792
-8.008
-10.197
-7.911
-7.653
-12.798
-11.946
-4.750
-12.659
-9.792
-6.015
-13.316
-8.384
-12.584
-11.767
-9.440
-9.474
-10.624
-9.505
-11.351
-8.428
-7.676
-9.198
-7.977
-9.249
-11.093
-9.986
-8.848
-7.806
-9.500
-9.500
-16.413
-9.801
-7.664
-18.582
-10.897
-11.695
-16.265
-9.927
-7.532
-15.983
-9.074
-7.569
-16.659
-11.195
-8.232
-15.431
-9.949
-8.213
-17.045
-12.041
-6.480
-18.218
-12.796
-9.980
-18.402
-8.744
-9.529
-15.251
-7.208
-4.963
-10.731
-14.766
-6.490
-9.940
-16.074
-9.539
-9.693
-12.678
-6.930
-7.262
-11.643
-6.131
-10.559
-8.924
-7.691
-6.247
-13.450
-7.772
-8.520
-14.467
-8.125
-9.711
-12.025
-7.922
-9.627
-14.588
-10.777
-9.980
-14.039
-9.375
0.795
-6.462
-12.885
0.541
-5.955
-11.755
-2.237
-6.471
-12.169
1.747
-7.471
-11.393
1.164
-5.970
-13.125
0.267
-4.600
-9.278
1.203
-4.818
-11.150
2.282
-4.991
-12.707
0.299
-2.798
-10.834
2.844
-5.665
-10.471
-9.220
-3.451
-9.070
-7.571
-1.114
-9.640
-4.951
-2.255
-10.137
-7.954
-5.036
-11.622
-7.398
-2.430
-7.469
-5.781
-4.020
-10.342
-7.359
-2.683
-5.371
-6.550
-2.267
-5.474
-7.762
-3.019
-8.692
-10.913
-1.214
-9.311
-7.872
-6.898
-8.804
-7.736
-6.388
-8.380
-7.865
-4.654
-9.410
-6.842
-4.984
-10.681
-5.402
-6.208
-11.452
-6.091
-6.102
-11.563
-6.547
-2.212
-10.709
-6.854
-2.844
-11.968
-9.100
-5.633
-10.936
-4.150
-4.675
-10.505
