-11.288
-9.489
-3.907
-11.716
-5.264
-9.349
-9.517
-8.061
-7.448
-4.521
-8.197
-9.196
-7.518
-5.976
-5.717
-7.967
-9.082
-6.817
-8.201
-6.739
-4.536
-5.887
-6.219
-6.413
-6.081
-3.740
-3.801
-4.433
-5.775
-4.623
-1.518
0.168
-1.054
1.287
-0.368
-2.801
-4.758
0.650
-1.201
-1.656
-10.227
-7.344
-11.643
-8.842
-5.896
-9.810
-9.448
-6.008
-9.123
-9.817
-5.166
-9.639
-10.574
-6.231
-11.112
-10.429
-5.849
-8.692
-10.057
-7.446
-8.899
-8.234
-5.376
-8.426
-7.755
-6.608
-9.595
-7.968
-6.602
-11.726
-5.966
-5.401
-9.956
-5.013
-3.757
-9.688
-8.029
-6.724
-8.900
-3.432
-7.342
-7.054
-8.564
-6.834
-5.995
-9.116
-3.229
-6.874
-10.257
-7.148
-6.572
-2.875
-4.610
-8.769
-6.320
-3.275
-7.818
-7.385
-4.904
-10.052
-9.639
-6.991
-9.817
-12.230
-5.785
-13.161
-11.265
-9.617
-10.749
-11.001
-5.095
-13.398
-9.835
-6.875
-11.816
-9.306
-7.657
-10.855
-13.277
-8.126
-11.367
-10.218
-8.298
-12.603
-12.821
-6.987
-13.999
-8.595
-5.776
-11.516
-14.611
-15.115
-12.522
-10.852
-8.758
-9.733
-14.019
-12.807
-10.738
-11.319
-12.543
-9.544
-9.097
-11.180
-8.461
-11.706
-13.384
-9.812
-9.705
-10.809
-7.395
-11.235
-10.984
-10.812
-11.575
-11.841
-10.264
-10.791
-13.024
-9.493
-5.750
-5.535
-3.699
-5.205
-5.106
-1.852
-3.010
-4.570
-6.753
-4.432
-6.846
-6.048
-3.381
-2.270
-3.052
-3.119
-5.323
-4.639
-4.015
-2.951
-2.706
-5.995
-7.718
-3.935
-5.496
-7.167
-3.365
-4.673
-7.013
-4.759
-7.601
-5.506
-0.382
-8.647
-6.654
-1.602
-10.740
-8.473
-0.211
-7.812
-6.112
-0.196
-8.716
-7.202
1.381
-7.374
-4.820
-0.579
-8.841
-5.305
1.783
-7.288
-4.940
-0.884
-6.655
-4.581
-1.071
-8.348
-7.138
0.873
-2.513
-9.487
-6.714
-1.296
-8.029
-6.220
-1.807
-8.256
-4.577
-2.759
-6.525
-4.268
-3.606
-9.073
-6.002
-2.128
-9.374
-8.320
-3.678
-10.298
-9.226
-2.215
-5.940
-2.366
-3.998
-10.919
-7.708
-4.840
-10.631
-8.237
-4.175
-8.447
-4.470
-3.281
-6.265
-3.042
-3.050
-7.844
-5.887
-8.150
-6.828
-6.592
-6.259
-5.963
-5.148
-4.411
-6.147
-6.278
-3.015
-5.298
-4.679
-3.617
-4.727
-4.272
-5.840
-9.381
-6.208
-3.483
-4.067
-1.257
-3.734
-12.434
-5.386
-14.096
-6.353
-9.329
-3.576
-9.188
-5.947
-6.402
-4.811
-9.910
-4.064
-9.972
-3.868
-10.523
-4.421
-12.101
-5.108
-12.591
-4.539
-9.616
-0.646
-12.813
-3.173
-15.247
-2.589
-12.146
-5.061
-11.822
-4.964
-12.801
-2.956
-12.410
-3.499
-11.293
-6.379
-12.946
-6.903
-13.885
-12.692
-11.683
-11.125
-11.373
-12.101
-10.536
-9.889
-10.132
-10.327
-11.132
-10.322
-9.035
-10.178
-12.349
-11.409
-10.100
-12.198
-11.671
-10.624
-12.800
-5.409
-5.612
-8.800
-5.888
-9.222
-8.452
-7.603
-7.769
-9.162
-8.824
-5.962
-4.490
-9.708
-6.338
-8.074
-4.809
-7.294
-6.683
-11.628
-8.607
-6.985
-7.399
-6.424
-3.980
-8.118
-5.730
-4.681
-3.914
-3.501
-7.991
-4.628
-4.027
-6.106
-4.066
-7.401
-7.004
-8.273
-7.620
-7.762
-5.805
-7.001
-7.908
-5.636
-6.789
-8.856
-4.123
-6.209
-8.874
-5.527
-9.117
-9.661
-8.126
-5.109
-5.225
-7.256
-8.521
-8.531
-5.682
-4.911
-7.397
-9.963
-5.222
-9.080
-9.513
-9.320
-11.406
-10.117
-11.190
-9.189
-8.088
-8.133
-7.569
-10.690
-10.129
-10.615
-10.560
-9.002
-9.776
-10.981
-8.978
-10.269
-8.807
-7.607
-9.679
-9.802
-12.386
-11.500
-9.555
-7.197
-6.576
-7.711
-8.304
-7.629
-8.637
-9.144
-8.092
-7.205
-6.910
-9.481
-6.632
-11.804
-11.137
-10.313
-11.954
-9.811
-8.670
-10.318
-13.342
-10.280
-8.479
-7.038
-11.849
-10.152
-7.555
-7.813
-12.212
-6.811
-6.731
-6.512
-9.218
-8.078
-9.871
-9.934
-10.354
-7.313
-4.783
-8.015
-10.499
-8.124
-8.823
-7.485
-11.979
-8.497
-11.160
-9.616
-14.407
-9.074
-5.304
-8.007
-10.351
-4.091
-8.318
-6.056
-5.889
-5.428
-11.580
-8.484
-7.112
-7.429
-12.458
-9.306
-11.470
-6.247
-8.492
-7.117
-9.787
-7.638
-8.743
-10.069
-8.397
-3.210
-8.599
-8.727
-7.211
-6.576
-7.693
-8.441
-7.892
-5.923
-10.167
-11.214
-9.008
-3.791
-9.157
-9.408
-6.544
-8.014
-8.570
-8.852
-8.008
-8.067
-4.225
-7.858
-8.592
-9.407
-3.755
-6.448
-4.397
-13.580
-6.668
-8.396
-8.428
-12.861
-7.305
-7.593
-9.257
-9.679
-4.573
-5.410
-6.985
-12.618
-7.743
-9.055
-8.773
-13.816
-5.469
-9.676
-8.933
-11.592
-5.716
-6.129
-8.164
-9.544
-4.742
-6.361
-7.796
-10.725
-7.602
-8.451
-8.121
-5.158
-6.887
-7.266
-6.388
-5.109
-5.306
-4.106
-6.693
-4.604
-9.568
-8.162
-7.882
-4.311
-7.770
-6.908
-9.000
-3.201
-7.864
-3.987
-7.248
-6.762
-7.016
-6.931
-8.333
-4.242
-7.048
-4.696
-9.497
-8.017
-11.828
-6.853
-9.267
-8.188
-8.680
-4.120
-11.424
-3.052
-9.867
-5.509
-7.795
-9.316
-5.171
-9.149
-8.751
-11.044
-10.494
-11.944
-12.325
-11.677
-7.051
-11.324
-9.998
-6.115
-6.922
-8.581
-11.885
-10.099
-4.331
-8.634
-7.169
-9.302
-2.649
-8.281
-7.143
-9.451
-7.972
-11.462
-12.169
-8.574
-8.756
-9.976
-10.042
-11.819
-3.871
-9.422
-9.072
-12.488
-6.438
-8.245
-5.551
-7.187
-10.152
-3.689
-7.252
-7.800
-9.119
-1.886
-3.108
-9.579
-13.089
-3.682
-9.162
-6.972
-10.332
-4.590
-6.423
-9.022
-8.162
-1.748
-5.574
-5.775
-10.021
-3.469
-8.864
-6.293
-7.323
-4.061
-8.130
-8.637
-8.991
-4.270
-8.288
-4.825
-10.105
-3.964
-9.446
-7.302
-10.466
-3.590
-6.428
-9.626
-9.488
-7.315
-5.477
-10.230
-9.786
-8.455
-6.403
-10.374
-8.112
-6.329
-3.564
-9.149
-7.315
-9.079
-4.200
-9.728
-9.848
-8.786
-5.126
-9.611
-8.936
-7.689
-4.847
-6.592
-7.118
-8.650
-2.952
-9.363
-6.452
-7.247
-6.214
-10.248
-7.839
-5.848
-4.362
-12.942
-10.771
-8.400
-7.074
-6.662
-11.958
-2.312
-13.591
-3.943
-5.820
-6.615
-11.168
-3.074
-12.225
-4.318
-14.231
-6.440
-9.167
-4.106
-13.576
-4.810
-8.698
-4.815
-10.599
-5.093
-7.488
-3.446
-12.715
-3.958
-9.364
-4.224
-12.421
-0.781
-7.172
-2.971
-14.702
-8.971
-10.407
-3.791
-13.208
-6.624
-8.007
-5.859
-8.941
-6.689
-8.797
-10.937
-10.179
-5.038
-7.215
-10.987
-9.457
-6.876
-8.483
-9.055
-9.956
-11.992
-10.835
-10.838
-10.516
-6.128
-7.532
-12.485
-9.481
-6.666
-8.999
-12.964
-4.702
-5.294
-4.987
-8.995
-6.065
-7.445
-8.506
-10.419
-10.054
-5.967
-9.200
-10.867
-9.247
-7.786
-9.840
-11.288
-10.958
-11.207
-6.215
-7.860
-4.431
-6.515
-1.281
-9.692
-5.292
-9.827
-4.578
-10.447
-6.398
-12.718
-4.522
-12.429
-4.954
-12.292
-7.361
-12.934
-5.294
-6.263
-2.018
-8.081
-5.056
-6.548
-6.980
-8.195
-1.353
-3.564
-4.737
-8.484
-5.649
-6.084
-7.373
-11.196
-6.643
-10.035
-3.455
-7.589
-6.008
-11.570
-6.139
-10.456
-4.956
-11.366
-6.887
-12.285
-8.403
-7.242
-5.262
-10.836
-6.313
-10.761
-7.123
-12.614
-5.086
-13.125
-6.559
-9.224
-7.945
-6.041
-7.309
-6.608
-8.447
-4.766
-3.113
-5.522
-6.978
-7.321
-5.414
-5.931
-6.565
-3.871
-4.982
-6.330
-4.041
-5.349
-5.162
-6.703
-4.980
-4.040
-6.081
-8.853
-6.303
-9.515
-4.946
-9.447
-8.273
-7.517
-6.250
-7.654
-6.821
-8.664
-3.717
-9.568
-7.241
-7.841
-4.255
-11.272
-9.873
-8.409
-8.251
-11.326
-8.826
-10.121
-4.785
-7.219
-6.959
-9.225
-7.727
-10.718
-8.520
-9.297
-7.426
-9.999
-5.545
-7.417
-8.003
-6.324
-4.360
