-14.552
-15.909
-9.153
-14.769
-11.880
-12.935
-11.017
-15.289
-11.347
-16.463
-11.362
-12.752
-14.770
-14.905
-11.707
-18.063
-11.106
-11.371
-9.101
-12.773
-15.373
-10.810
-9.328
-9.599
-15.813
-12.216
-11.643
-11.973
-7.794
-11.017
-12.884
-12.623
-13.113
-9.723
-14.409
-12.005
-11.274
-11.557
-10.816
-14.523
-1.267
-6.103
1.270
-13.477
0.476
-9.955
1.134
-9.023
0.833
-12.096
-2.964
-8.274
-0.873
-11.380
-0.678
-13.635
-0.114
-12.778
1.480
-11.019
2.263
-10.952
0.620
-9.613
1.695
-10.927
1.563
-11.890
2.610
-11.157
4.586
-7.859
3.476
-8.139
3.413
-9.067
2.239
-9.600
0.324
-7.173
-4.931
-13.906
-10.185
-6.949
-2.809
-14.721
-8.479
-4.080
-5.219
-14.562
-14.430
-5.812
-6.085
-11.805
-9.956
-7.211
-7.254
-14.398
-11.475
-2.669
-5.948
-12.298
-6.579
-4.199
-5.865
-8.175
-8.519
-4.757
-4.647
-11.999
-9.976
-2.357
-5.790
-13.621
-11.051
-4.367
-5.404
-13.677
-12.031
-3.482
-4.954
-12.685
-7.794
-7.716
-3.598
-12.009
-10.504
-8.773
-3.603
-12.778
-9.997
-8.454
-4.101
-9.100
-9.570
-7.854
-6.081
-11.089
-10.148
-10.862
-3.014
-12.414
-9.995
-8.198
-4.146
-9.863
-12.553
-8.531
-4.288
-12.983
-14.789
-8.357
-7.385
-9.951
-12.007
-7.998
-7.387
-9.340
-7.735
-6.886
-1.203
-8.972
-6.398
-4.610
2.538
-10.773
-6.040
-6.676
3.847
-11.513
-8.356
-6.721
3.666
-11.286
-8.550
-6.629
5.526
-12.936
-8.516
-5.970
1.893
-10.129
-8.968
-6.702
2.407
-8.138
-7.919
-5.688
1.162
-11.087
-5.578
-3.319
0.967
-8.146
-9.140
-4.895
1.337
-9.970
-6.638
-5.751
-7.330
-5.353
-4.935
-1.667
-7.828
-9.639
-6.765
0.981
-8.396
-10.866
-7.175
0.323
-8.698
-9.455
-8.727
0.761
-8.904
-11.342
-7.525
3.903
-7.002
-7.165
-8.751
0.237
-9.072
-12.145
-7.510
1.699
-6.541
-10.808
-8.118
3.288
-7.070
-9.667
-11.201
-0.195
-10.062
-10.014
-8.023
-0.899
-2.180
-4.268
-5.494
-11.050
0.487
-8.034
-8.357
-7.602
1.578
-2.860
-5.216
-6.686
-1.028
-6.198
-4.663
-6.656
0.091
-6.872
-6.563
-6.778
1.873
-3.551
-7.407
-9.011
0.737
-8.804
-9.330
-7.002
-5.021
-4.736
-5.870
-4.453
2.285
-4.358
-7.702
-9.525
-1.125
-6.689
-7.904
-9.569
-7.770
-8.139
2.515
-6.675
-4.406
-5.906
-1.060
-5.653
-6.689
-6.071
-1.349
-7.880
-5.723
-7.695
-0.332
-5.072
-1.763
-8.246
1.218
-1.501
-6.759
-8.846
1.887
-4.860
-4.906
-7.279
-1.425
-7.977
-5.290
-6.311
1.003
-5.216
-3.605
-7.191
0.277
-5.601
-1.550
-4.637
-2.831
-3.088
-0.462
-9.252
-7.541
-7.335
-1.846
-6.800
-3.551
-5.764
0.555
-8.464
-10.664
-5.800
-0.369
-10.802
-6.767
-5.300
-0.394
-10.823
-8.658
-4.356
-0.061
-11.124
-8.685
-5.796
-4.089
-11.235
-4.318
-5.064
-1.206
-9.078
-7.060
-3.542
-1.277
-9.336
-7.884
-5.968
-3.028
-9.508
-6.660
-4.911
-4.068
2.294
-6.030
-7.170
-4.492
2.947
-6.507
-4.809
-3.939
4.032
-7.160
-7.366
-1.582
-0.106
-7.172
-6.341
-3.639
2.269
-6.297
-3.293
-5.281
2.484
-6.179
-6.651
-6.884
-3.307
-7.122
-5.637
-3.787
0.706
-6.911
-5.574
-2.172
0.856
-6.991
-4.748
-5.376
0.426
-7.697
-7.448
-11.511
-9.372
-11.350
-10.068
-10.704
-12.763
-8.946
-10.619
-10.153
-6.421
-9.945
-14.131
-8.608
-11.393
-13.400
-10.285
-11.311
-13.423
-8.873
-9.022
-10.831
-13.071
-10.653
-13.305
-10.725
-7.421
-13.404
-7.328
-8.865
-15.442
-8.268
-7.092
-8.698
-1.106
-9.030
-13.229
-5.963
-7.085
-10.556
-4.197
-6.822
-11.028
-8.942
-13.815
-11.665
-5.635
-10.357
-13.176
-7.301
-8.466
-11.357
-9.605
-12.151
-11.191
-8.273
-9.094
-10.422
-6.520
-6.539
-12.149
-3.202
-12.797
-15.628
-4.185
-7.333
-10.930
-3.298
-5.851
-9.078
-3.542
-3.759
-10.147
-8.643
-9.773
-9.828
-6.652
-5.738
-7.412
-7.281
-8.780
-8.190
-8.504
-9.748
-8.393
-4.657
-4.725
-10.664
-6.907
-9.711
-11.072
2.123
-5.429
-7.944
0.960
-6.244
-9.134
2.327
-6.959
-9.620
3.541
-2.938
-9.481
0.722
-6.573
-4.440
0.564
-4.229
-10.920
1.468
-5.302
-10.083
3.739
-6.701
-7.225
3.052
-3.474
-7.138
3.090
-7.675
-10.338
0.051
-11.029
-5.164
-0.928
-11.769
-9.776
0.247
-13.444
-7.851
1.796
-11.913
-7.273
-1.427
-12.771
-9.020
1.817
-9.931
-9.434
1.213
-12.400
-6.732
-2.471
-11.098
-8.035
1.903
-12.696
-9.164
-0.108
-13.294
-7.568
1.262
-8.204
-9.413
2.745
-7.087
-7.722
1.881
-5.067
-5.611
1.567
-7.461
-8.733
0.778
-5.668
-1.475
0.571
-5.755
-8.618
-0.084
-4.058
-6.623
-0.324
-4.311
-3.260
1.677
-6.474
-7.214
0.424
-4.373
-7.775
-10.395
-12.240
-13.788
-12.194
-7.643
-8.563
-8.706
-8.520
-12.115
-15.125
-11.029
-12.581
-10.248
-9.431
-9.261
-9.957
-9.613
-9.904
-10.342
-10.728
-8.121
-14.238
-12.051
-15.108
-9.350
-11.628
-12.232
-13.174
-13.149
-11.039
-7.116
-13.005
-12.350
-14.360
-8.551
-9.971
-4.721
-8.081
-8.116
-12.172
-7.223
-8.369
-10.656
-14.257
-11.813
-9.686
-10.347
-13.205
-8.472
-12.097
-11.743
-12.095
-9.792
-7.079
-7.951
-11.462
-12.852
-10.686
-10.145
-9.140
-9.794
-10.935
-13.154
-7.641
-5.003
-13.514
-13.329
-11.084
-10.466
-9.191
-12.362
-12.297
-12.508
-10.350
-7.076
-9.039
-9.097
-8.949
-9.172
-8.406
-10.512
-12.221
-11.416
-8.363
-6.085
-6.652
-8.985
-10.825
-4.823
-8.777
-9.004
-11.886
-8.348
-10.326
-8.577
-12.068
-12.136
-9.794
-9.700
-10.323
-10.912
-10.661
-13.539
-14.675
-10.113
-12.285
-11.228
-11.355
-13.297
-7.397
-12.480
-14.443
-13.110
-14.251
-5.208
-9.925
-9.614
-12.150
-16.708
-10.319
-5.453
-14.929
-8.304
-17.204
-5.851
-10.936
-12.559
-10.614
-15.452
-5.834
-8.874
-14.044
-11.917
-17.186
-10.608
-9.570
-12.266
-9.846
-14.418
-9.580
-10.354
-11.269
-8.916
-13.568
-9.904
-11.768
-11.715
-10.112
-18.062
-10.002
-12.071
-9.982
-15.860
-8.827
-8.030
-10.835
-8.618
-11.197
-10.142
-4.329
-10.695
-5.787
-10.357
-8.777
-8.671
-13.304
-14.767
-10.176
-10.822
-6.865
-9.246
-10.588
-10.088
-11.446
-8.534
-6.831
-9.726
-10.861
-8.436
-8.727
-10.237
-12.061
-8.543
-11.958
-10.073
-10.813
-9.124
-10.976
-11.551
-5.290
-11.930
-9.895
-9.367
-14.174
-7.096
-11.831
-10.513
-12.223
-13.471
-4.849
-7.409
-13.749
-14.354
-9.399
-13.349
-3.799
-12.335
-10.175
-7.004
-11.824
-5.586
-9.479
-8.176
-6.834
-10.829
-5.773
-9.943
-12.658
-12.668
-9.342
-6.945
-9.748
-4.546
-7.167
-13.296
-6.421
-11.183
-11.432
-9.530
-9.986
-7.076
-4.647
-6.732
-14.035
-14.753
-8.148
-12.591
-13.826
-6.034
-10.508
-8.515
-11.701
-13.398
-11.687
-13.281
-7.634
-13.223
-12.239
-9.704
-13.598
-1.355
7.056
-10.473
0.524
-8.474
-4.072
3.937
-10.827
-1.730
-10.607
-3.475
6.226
-10.593
-0.380
-5.986
-4.300
4.802
-13.303
-0.000
-9.336
-6.206
1.043
-12.266
-1.101
-10.418
-0.906
2.287
-8.979
-1.636
-8.733
-1.826
3.594
-7.888
-0.488
-11.529
-5.949
1.489
-6.506
-2.791
-8.472
-2.528
3.127
-9.564
-1.919
-9.719
-6.304
0.871
-10.701
-1.060
-10.443
-8.269
-11.538
-10.428
1.231
-9.875
-10.410
-10.694
-11.447
1.227
-7.532
-7.882
-12.063
-9.741
-1.890
-12.848
-7.184
-11.852
-9.113
1.415
-9.002
-10.208
-11.740
-11.169
1.179
-10.431
-6.901
-14.798
-9.386
-0.696
-11.607
-7.313
-14.381
-12.153
1.318
-9.005
-5.913
-10.465
-10.100
1.621
-10.420
-7.042
-12.806
-9.947
1.114
-8.095
-8.262
-13.001
-10.412
0.864
-13.902
2.690
-6.690
-9.333
-3.892
-14.902
4.229
-6.629
-12.630
-3.731
-14.482
4.404
-7.770
-12.496
-3.141
-12.042
1.645
-5.048
-13.395
-3.574
-12.868
3.306
-5.017
-12.190
-2.061
-15.282
5.237
-7.542
-9.652
-2.878
-13.207
5.844
-6.304
-10.383
-3.880
-12.074
3.420
-5.545
-11.535
-2.065
-14.251
2.218
-9.892
-10.940
-5.307
-12.229
3.330
-7.143
-10.340
-2.052
-14.038
-7.113
-3.395
-7.219
-1.582
-1.879
-6.008
-6.670
-9.472
-1.349
-8.391
-3.716
-4.706
-8.715
-1.811
-9.135
-3.986
-4.658
-11.373
-1.501
-10.762
-4.617
-3.935
-8.679
0.655
-7.107
-2.055
-1.638
-12.278
-0.500
-8.545
-3.792
-3.796
-8.298
1.268
-6.898
-2.951
-2.403
-13.709
0.365
-8.498
-6.941
-6.286
-13.110
-0.877
-11.141
-6.554
-6.107
-10.682
0.114
-8.272
1.012
-1.795
-8.024
-3.421
-11.822
0.503
-7.560
-6.435
-2.996
-12.550
2.539
-3.447
-3.194
-2.042
-6.866
2.571
-3.158
-4.934
-3.581
-10.865
1.454
-5.500
-6.698
-3.132
-13.619
-0.076
-4.238
-6.020
-3.291
-10.549
1.661
-5.040
-5.927
-2.109
-10.312
1.965
0.275
-6.682
-2.439
-11.645
0.264
-0.424
-5.877
-1.805
-12.703
-1.712
-4.395
-4.830
-3.762
-12.152
-14.876
-10.998
-9.538
-9.830
-14.925
-12.899
-9.643
-14.783
-9.086
-10.751
-15.323
-9.619
-17.760
-12.383
-9.187
-9.856
-12.953
-10.206
-18.078
-9.326
-10.348
-14.731
-9.931
-17.739
-16.782
-11.384
-13.228
-8.393
-12.843
-12.973
-14.130
-10.000
-10.811
-14.314
-11.190
-10.250
-15.189
-11.691
-7.913
-13.714
-6.479
-5.966
-15.157
-7.721
-5.494
-13.671
-8.519
-6.457
-15.513
-9.083
-9.327
-14.880
-12.156
-10.128
-15.259
-9.083
-10.248
-14.371
-9.299
-6.169
-8.176
-13.940
-9.462
-12.672
-13.886
-9.273
-10.229
-14.715
-8.068
-8.842
-12.409
-6.304
-13.653
-12.852
-11.495
-10.487
-15.649
-9.064
-11.807
-12.478
-7.864
-11.308
-12.060
-10.769
-12.264
-10.579
-11.009
-10.538
-13.024
-6.697
1.248
-3.376
-12.040
1.713
-8.563
-16.144
-0.342
-4.703
-10.144
3.254
-9.403
-11.867
3.060
-5.969
-16.894
4.250
-7.821
-12.879
2.402
-4.000
-11.371
2.529
-4.666
-12.243
2.497
-6.199
-15.159
3.017
-7.107
-9.216
-9.845
-10.720
-8.290
-7.859
-7.973
-8.986
-5.923
-10.234
-12.312
-6.976
-9.596
-10.768
-10.397
-8.079
-7.130
-7.011
-12.435
-10.079
-8.862
-9.278
-7.380
-6.917
-6.214
-6.770
-9.260
-10.798
-9.578
-9.634
-6.924
-6.542
-5.216
-5.860
-8.317
-3.970
-7.760
-10.648
-3.178
-4.770
-9.182
-4.212
-5.921
-5.188
-3.772
-5.550
-13.286
-5.664
-5.543
-12.219
-5.266
-5.202
-8.295
-4.137
-5.886
-7.862
-6.635
-6.607
-8.637
-2.678
-3.461
-10.156
