0.804
4.716
3.034
2.606
3.174
2.467
0.181
4.248
6.394
5.521
4.341
5.754
4.461
0.436
2.255
2.858
3.734
2.369
1.742
2.427
5.273
1.957
5.257
3.193
3.945
5.697
4.160
4.378
5.321
2.492
4.276
5.438
3.534
3.839
2.292
2.854
1.939
6.889
4.909
5.201
6.670
5.915
7.777
7.424
7.058
9.189
7.911
6.362
7.393
6.748
5.541
6.546
4.439
4.961
4.435
4.805
2.339
7.636
4.248
7.565
4.258
5.763
5.209
4.308
4.417
4.653
4.484
3.493
5.761
5.830
3.136
4.776
2.723
2.870
2.424
4.054
3.081
3.031
3.989
4.837
6.300
5.664
5.733
3.904
4.480
5.257
5.939
5.338
5.930
4.859
4.288
4.524
3.730
2.314
4.253
3.065
3.322
3.557
3.993
3.096
6.640
5.415
7.665
5.698
6.900
6.231
6.597
6.552
5.570
5.070
5.495
5.722
2.939
4.021
5.529
7.464
2.726
3.436
5.069
5.995
4.892
3.884
2.332
2.263
4.233
-2.298
4.777
0.048
3.671
2.874
6.051
4.037
6.036
4.334
6.604
4.600
4.363
5.197
3.378
2.562
2.890
2.923
2.180
1.383
2.071
4.068
2.234
2.528
4.072
2.154
5.199
5.376
5.429
4.087
3.456
5.324
4.297
4.669
4.232
4.072
5.518
3.791
4.533
3.649
3.284
5.439
4.558
5.126
4.206
4.245
4.270
2.489
2.263
3.668
2.292
2.057
3.834
3.670
1.426
3.057
1.147
5.719
4.787
5.674
4.471
3.639
1.953
3.891
2.884
0.990
-1.231
3.001
3.999
3.694
3.506
5.941
2.855
4.747
2.668
1.210
3.234
7.445
2.761
0.631
4.471
2.440
6.930
8.343
6.238
7.864
2.951
5.318
4.312
6.092
5.428
5.573
4.527
7.001
5.344
6.567
4.783
4.848
5.609
2.600
5.818
4.490
3.450
3.996
3.960
4.400
-1.027
2.254
3.384
2.011
4.164
5.245
3.498
4.948
4.170
6.608
6.284
3.842
4.242
3.499
3.930
6.605
3.259
5.077
4.860
2.647
6.018
6.045
7.666
5.604
6.721
8.107
4.153
3.630
5.186
0.705
5.736
4.722
5.529
7.119
6.607
8.257
5.560
6.201
6.310
3.221
4.252
6.097
5.446
5.310
4.408
3.852
5.937
4.547
5.568
5.975
6.972
3.756
5.548
6.792
5.205
7.088
5.715
5.241
3.529
4.033
4.902
4.965
4.844
2.854
4.668
6.006
3.665
3.304
5.242
3.619
4.172
6.123
6.155
-1.044
3.261
3.069
4.372
2.241
2.212
2.881
5.085
4.798
2.984
1.626
2.826
4.343
4.080
4.579
2.052
6.099
4.467
2.947
3.673
0.532
2.558
0.835
3.541
3.680
1.493
2.612
2.161
4.460
1.328
1.832
3.897
5.548
0.748
3.140
1.919
4.317
