-6.914
-3.075
-4.709
-7.624
-2.860
-4.356
-5.743
-3.004
-3.725
-3.079
-4.845
-3.605
-4.986
-3.562
-3.363
-4.312
-5.444
-3.896
-2.732
-3.923
-0.958
-1.582
-1.196
-3.123
-2.916
1.172
-1.640
0.473
-2.051
-1.808
-0.208
0.598
0.470
-0.823
0.636
-1.105
-1.513
0.081
0.643
1.636
-0.906
0.889
-2.451
1.176
3.796
-0.044
0.146
3.140
-1.027
0.332
3.176
-0.643
0.580
3.522
-1.641
0.373
2.531
-2.689
-0.806
3.170
-1.413
1.386
4.017
-0.328
0.344
2.564
0.301
0.598
2.734
-0.826
0.487
0.115
-1.612
1.901
1.350
1.547
2.444
-1.350
-0.262
2.846
-0.142
1.707
1.304
1.576
1.788
0.450
1.102
2.122
-1.471
-1.068
0.603
3.142
2.039
2.280
0.331
0.081
-0.260
1.616
1.846
0.991
-3.259
0.145
-0.601
-0.806
2.768
0.672
-0.908
2.009
-0.372
-0.864
1.045
0.309
-0.997
2.800
-1.185
-1.427
1.438
-1.653
-0.631
2.053
-0.081
0.325
2.610
0.534
-2.586
1.149
-1.812
0.500
2.759
0.496
0.740
-1.870
2.763
-0.262
-0.825
3.263
0.178
-2.275
0.608
1.724
-0.195
3.135
-1.136
-1.456
1.664
-0.244
-1.144
2.672
0.246
-1.830
2.003
0.263
-2.030
1.729
0.064
-1.381
2.907
0.793
-0.459
3.873
4.813
2.105
2.892
3.102
0.533
2.366
4.746
1.364
1.502
1.579
-0.082
0.871
3.493
2.263
1.643
1.623
-0.890
2.205
3.960
1.190
3.642
2.402
0.794
2.422
2.314
0.728
2.397
4.484
-0.853
0.900
2.805
0.092
4.437
0.418
-1.597
3.455
1.446
-0.185
3.948
2.877
0.026
2.882
0.789
-2.276
0.145
1.963
-0.901
4.255
-1.476
-3.277
1.713
0.840
-0.657
3.661
1.962
-0.215
4.546
1.480
1.550
4.813
1.697
-1.790
0.599
0.939
-1.896
0.275
2.118
-1.742
2.239
1.902
-1.885
0.322
2.769
-0.927
1.248
-0.033
-3.092
0.298
1.852
-0.991
2.470
2.806
1.047
3.078
0.361
-1.738
0.879
0.985
-1.843
-0.087
2.735
0.228
2.649
4.154
1.146
2.699
3.633
-1.610
1.527
1.041
0.406
0.950
3.883
1.183
3.382
4.947
2.070
4.949
3.266
0.086
1.429
1.609
1.597
1.161
1.930
-0.432
2.066
3.247
-0.548
4.374
2.527
-1.939
3.106
-0.076
1.113
-0.723
2.927
-0.163
0.873
-1.047
-0.583
-3.623
2.280
-0.167
-1.464
-6.159
2.930
-2.042
0.086
-2.805
1.635
-1.148
1.405
-0.616
0.818
-2.465
2.402
-1.655
2.337
-4.230
1.374
-2.094
3.318
-1.844
0.569
-4.724
0.398
-2.281
1.000
-5.616
-2.985
-3.723
-3.032
-4.920
-4.674
-3.115
-0.882
-0.705
-0.560
-1.897
-2.180
-3.667
-4.129
-4.985
-2.810
-3.598
-2.575
-4.254
-2.540
-3.310
0.792
0.808
0.149
0.589
-0.375
0.182
-1.525
-0.013
-0.948
-2.577
-0.111
1.304
-0.599
-1.303
0.460
0.288
0.529
-0.615
-1.756
-2.457
1.466
-0.027
1.177
0.676
0.027
0.580
0.182
2.082
1.458
0.642
0.325
1.154
0.642
0.742
-3.018
0.024
-0.357
0.333
-1.944
-0.942
0.754
0.249
-2.113
-2.030
-1.936
-1.637
-0.477
-0.833
-0.134
-2.367
-2.121
0.059
0.693
0.223
-0.984
-1.267
-1.792
-0.788
0.428
-0.557
-4.541
-4.037
-5.900
-3.896
-5.502
-4.423
-8.007
-4.719
-6.366
-2.759
-7.675
-5.733
-6.174
-5.214
-7.670
-6.438
-6.982
-6.415
-9.722
-5.841
-5.926
-5.095
-7.880
-5.620
-6.734
-4.968
-8.424
-7.858
-6.602
-3.931
-7.597
-6.572
-5.467
-4.944
-7.820
-5.999
-3.327
-2.129
-4.989
-4.023
-3.460
-6.102
-7.623
-7.033
-0.753
-4.520
-5.121
-7.039
-2.894
-4.599
-1.556
-5.079
0.238
-5.835
-3.786
-5.800
-4.203
-5.465
-5.875
-6.586
-1.855
-5.737
-4.485
-6.436
-3.350
-3.568
-6.673
-5.729
-2.539
-5.283
-4.108
-6.156
-0.827
-5.727
-4.598
-6.937
-3.532
-3.672
-6.885
-5.797
-1.952
-5.279
-2.564
-3.384
-3.123
-5.602
-3.434
-3.887
-3.074
-5.176
-2.620
-5.676
-5.317
-6.104
-4.804
-5.379
-5.596
-4.953
-4.760
-4.562
-4.398
-4.272
-4.429
-6.092
-4.825
-4.342
-3.835
-4.178
-4.850
-5.467
-3.916
-3.968
-6.606
-6.379
-4.648
-4.443
-4.623
-6.063
-5.180
-4.482
-6.995
-0.982
-2.179
-6.793
-8.787
-2.642
-2.109
-4.391
-8.109
-3.155
-0.092
-6.846
-9.485
-2.800
-3.915
-7.685
-8.963
-2.137
-3.102
-5.746
-7.659
-2.974
-3.123
-7.270
-9.418
-1.558
-3.024
-6.294
-7.630
-2.891
-0.996
-5.425
-6.885
-2.315
-0.793
-7.361
-4.811
-2.269
-4.104
-5.255
-1.524
-6.905
-2.804
-4.108
-3.866
-5.297
-3.248
-1.952
-4.588
-6.902
-4.457
-4.919
-3.496
-4.323
-2.649
-2.684
-1.369
-7.022
-2.716
-4.006
-3.825
-4.475
-2.890
-5.222
-3.587
-5.475
-2.318
-6.658
-2.688
-9.083
-4.946
-6.058
-5.197
-9.501
-4.119
-10.487
-1.180
-4.506
-2.251
-4.525
-1.347
-1.379
-3.987
-6.368
-4.047
-5.418
-7.443
-8.653
-4.584
-5.065
-7.666
-7.007
-1.877
-4.257
-6.452
-9.302
-3.787
-5.034
-8.732
-9.065
-4.424
-3.903
-7.837
-8.395
-5.176
-3.536
-8.650
-9.622
-1.508
-4.241
-8.024
-8.113
-2.687
-4.381
-6.517
-7.017
-4.300
-4.076
-7.358
-8.912
-1.409
-6.475
-1.887
-4.024
-1.689
-7.555
-1.791
-1.410
-5.030
-7.724
-2.006
-3.038
-2.586
-8.128
-3.033
-6.006
-2.353
-7.468
-2.178
-2.328
-1.486
-5.578
-2.112
-2.662
-3.264
-7.332
-4.749
-4.196
-0.952
-6.369
-1.329
-2.570
-0.962
-4.292
-2.343
-3.009
-3.037
-8.947
-1.637
-3.926
-5.633
-4.386
-9.917
-2.491
-6.030
-1.102
-8.036
-4.071
-6.626
-2.314
-8.974
-1.996
-6.240
-1.705
-9.822
-4.229
-7.750
-3.631
-8.290
-1.480
-5.087
-3.292
-9.409
-2.288
-5.399
-2.836
-8.625
-3.071
-2.918
-2.149
-8.901
-2.632
-5.346
-0.892
-8.829
-2.173
-7.478
-2.729
-11.369
-3.040
-2.279
-7.260
-2.496
-5.858
-0.665
-1.896
-5.522
-6.175
-1.674
-3.933
-3.757
-6.835
-3.815
-6.481
-5.222
-7.844
-3.111
-4.520
-2.998
-4.438
-3.413
-4.179
-3.797
-6.832
-2.610
-2.942
-3.951
-6.976
-1.609
-1.791
-3.325
-5.818
-5.217
-2.770
-3.619
-8.381
-2.916
-6.065
-1.963
-5.400
-2.680
-5.115
-11.535
-7.453
-2.885
-3.034
-11.753
-5.874
-1.749
-2.474
-8.344
-3.758
-3.452
-3.054
-9.083
-4.600
-5.170
-3.475
-12.084
-4.242
-4.469
-3.587
-11.536
-4.836
-5.074
-3.962
-11.195
-4.215
-4.393
-3.982
-11.490
-4.119
-1.241
-4.373
-10.012
-4.419
-3.648
-2.907
-10.653
-3.980
-8.421
-3.471
-4.733
-2.001
-4.310
0.123
-7.720
-3.782
-8.477
-3.519
-7.446
-2.784
-7.563
-1.456
-5.355
-0.924
-8.304
-0.841
-6.344
-1.674
-5.659
-1.624
-6.304
-4.746
-5.517
-1.085
-6.965
-0.562
-4.102
-3.506
-6.242
-1.031
-5.169
-3.909
-8.736
-1.812
-7.050
-1.257
-5.367
-1.393
-8.017
-4.105
-6.477
-2.595
-6.761
-2.730
-5.645
-2.683
-3.295
-1.832
-5.831
-1.678
-6.248
-3.016
-7.011
-3.041
-3.847
-3.350
-7.405
-3.281
-3.282
-4.671
-2.952
-5.096
-0.272
-2.602
-3.663
-5.703
-1.758
-3.388
-2.833
-6.550
-1.182
-4.326
-1.294
-3.712
-1.256
-0.949
-3.009
-4.427
-5.699
-6.259
-4.333
-2.940
-4.913
-2.100
-6.546
-4.194
-6.262
-6.560
-3.758
-5.212
-4.219
-1.929
-5.912
-2.602
-2.387
-2.329
-7.298
-3.782
-2.227
-2.641
-3.958
-1.761
-2.744
-1.830
0.717
-1.305
-3.383
-2.683
-2.341
-1.429
-3.121
-3.850
-3.085
-0.856
-0.360
-2.155
0.294
-2.502
