-6.204
-5.970
-6.419
-4.041
-2.628
-5.163
-4.718
-5.251
-6.222
-5.570
-6.750
-5.485
-7.315
-5.322
-5.505
-6.114
-8.126
-3.087
-4.621
-4.726
-5.402
-6.223
-6.337
-4.613
-5.432
-4.526
-5.755
-6.101
-3.693
-4.078
-5.975
-5.913
-2.474
-1.615
-4.264
-4.620
-4.616
-3.236
-2.206
-4.439
-1.317
-3.159
-1.944
-4.872
-2.236
-4.919
-1.567
-7.205
-3.407
-9.142
-4.150
-5.365
-2.308
-3.657
-2.135
-5.847
-1.239
-3.465
-3.756
-7.088
-1.635
-3.463
-1.866
-2.277
2.320
-2.344
-0.643
-3.199
-0.063
-4.044
2.221
-0.341
0.458
-3.466
0.289
-3.276
0.736
-3.183
0.065
-1.930
1.482
-2.989
1.751
2.497
0.682
-0.999
2.251
2.038
1.303
-0.371
2.103
1.839
2.846
-0.189
1.633
0.918
0.240
-0.496
1.445
1.143
1.536
-1.000
2.657
2.031
-0.053
-1.584
1.724
0.100
0.274
-3.551
1.028
1.054
0.963
-0.085
2.832
2.069
1.095
-0.424
2.757
2.434
1.859
-0.769
3.526
2.361
2.495
-0.778
1.791
0.206
2.354
-1.104
1.870
-1.465
1.111
-0.327
2.954
1.109
0.542
-0.943
1.683
-1.416
0.615
-1.644
2.344
-0.479
0.961
-1.828
0.245
-2.535
2.416
-0.800
2.847
0.667
0.201
-0.776
1.408
-1.062
1.679
-0.810
3.067
0.419
3.031
-1.842
2.066
-0.724
3.202
-0.694
1.979
-0.073
3.881
-0.245
3.750
0.407
1.345
-1.440
1.970
0.694
4.301
-0.768
2.507
1.257
2.723
-1.220
3.145
0.817
2.596
-0.669
2.595
0.782
2.594
-2.128
1.240
-0.187
2.405
-1.307
1.964
0.979
1.020
-1.278
0.501
-3.559
-0.183
1.190
2.753
-0.116
-0.756
-0.397
2.148
1.721
-0.022
-0.741
2.412
3.105
-0.841
-1.031
0.255
1.349
-0.491
-0.725
1.553
0.476
-0.881
-0.747
0.752
0.847
-1.490
-4.165
-1.063
0.508
-0.194
-0.904
1.415
0.398
-1.215
-2.260
-0.266
0.202
-0.784
-0.895
1.031
-0.941
3.350
3.479
-0.450
1.008
2.607
2.883
0.134
3.476
2.775
2.812
-1.542
0.916
2.816
2.023
-0.215
1.819
2.033
1.209
-1.360
0.554
2.969
2.736
-2.067
0.681
2.286
3.092
0.547
2.364
1.192
0.494
-1.597
-0.143
2.449
3.082
0.232
2.032
2.440
2.865
-0.642
1.951
0.383
-2.006
1.755
1.858
1.952
-0.513
2.218
2.307
2.063
0.335
1.796
1.557
1.899
-0.744
2.347
2.842
2.506
0.414
1.065
3.622
0.903
-0.833
1.913
1.705
2.627
1.063
2.370
4.093
1.860
-1.602
2.542
1.116
0.397
-0.575
0.441
1.993
3.096
0.702
2.182
3.397
2.372
1.713
-0.519
1.608
2.809
3.081
0.850
0.894
3.420
-0.208
-0.554
0.657
1.682
-0.439
-2.626
-0.318
-0.560
-1.268
-1.259
-0.701
1.969
1.085
0.202
0.821
3.293
1.816
0.271
2.002
1.697
0.778
-0.172
1.610
1.837
-0.584
-2.766
-0.126
0.753
1.986
-0.283
1.363
4.242
3.085
2.071
2.195
3.534
0.694
-0.031
1.850
4.326
2.159
-0.116
2.076
3.947
0.854
0.083
2.289
3.871
2.170
1.821
3.511
2.137
1.540
0.877
0.510
3.613
0.428
-1.409
0.449
3.835
0.279
-0.726
1.407
2.831
0.979
-1.204
1.740
4.328
0.555
-0.600
1.865
-3.460
-3.030
-2.912
-1.329
-4.478
-2.887
-0.486
-2.696
-3.868
-3.018
-3.882
-3.165
-2.009
-3.216
-2.814
-4.366
-5.207
-5.881
-2.284
-4.186
-1.205
-1.542
-2.376
-0.479
-2.545
-2.414
-2.570
-0.540
-2.877
-2.928
0.829
0.132
-1.528
2.685
-0.958
-2.095
2.219
0.176
-1.839
2.890
0.849
-0.312
0.336
-1.912
-2.799
2.309
1.002
-2.309
-0.180
-0.341
-2.734
-2.623
-2.771
-3.991
3.196
0.102
-2.292
-0.414
-0.089
-5.036
1.476
-0.504
-0.698
0.317
-0.616
0.767
1.647
-0.215
0.005
0.576
-0.242
-1.813
-0.908
-4.551
-2.530
0.274
-1.663
-1.346
-1.904
-3.692
-1.307
-2.180
-1.573
-0.605
1.749
1.045
-0.141
0.335
-1.386
-1.361
0.708
-1.352
-1.412
1.972
-0.134
-0.505
0.733
-1.837
-0.238
-2.024
-0.951
-2.221
0.868
-0.558
0.807
1.647
0.426
-0.801
1.572
-0.659
-1.032
3.141
0.512
0.601
0.541
-0.828
-0.610
3.018
1.045
0.706
-3.234
-1.841
-0.061
-0.487
-0.881
0.703
-1.694
-0.819
1.238
0.052
-3.643
-1.109
-2.301
-0.681
0.106
-0.099
-3.396
-0.400
-1.289
-1.367
-0.111
-2.254
-2.694
-2.899
1.831
0.424
1.548
0.547
0.894
2.812
1.531
0.971
-1.009
3.679
2.358
1.353
2.350
-0.468
-0.048
2.299
-0.210
-1.533
2.252
1.503
-0.734
1.037
-0.166
-0.183
3.846
1.953
2.464
1.259
0.495
1.053
2.044
-0.048
0.483
0.459
0.756
-1.235
-6.933
-4.890
-4.501
-8.297
-6.199
-7.819
-5.135
-4.906
-8.016
-7.764
-8.484
-7.129
-5.281
-7.738
-7.650
-6.949
-4.960
-4.261
-8.690
-7.938
-7.009
-7.137
-4.150
-9.634
-6.737
-10.033
-7.763
-7.705
-8.739
-8.850
-5.838
-5.106
-4.309
-6.050
-4.271
-5.652
-2.786
-2.578
-5.454
-5.058
-5.742
-3.219
-4.141
-9.705
-5.338
-6.479
-4.453
-3.687
-6.932
-7.410
-8.243
-7.220
-6.994
-6.243
-9.121
-10.460
-6.044
-7.835
-5.370
-8.817
-8.321
-5.691
-5.048
-4.015
-7.039
-9.171
-6.323
-5.953
-4.811
-7.636
-9.469
-6.865
-7.148
-6.927
-9.282
-10.391
-7.141
-6.202
-6.063
-8.477
-7.505
-7.239
-6.574
-6.791
-7.401
-6.030
-5.944
-6.023
-4.722
-7.484
-6.103
-5.258
-4.758
-4.787
-5.503
-9.179
-6.952
-5.779
-5.515
-9.686
-5.385
-1.651
-2.332
-7.077
-3.311
-6.277
-3.573
-2.368
-7.790
-2.461
-6.510
-5.570
-3.171
-8.841
-2.008
-5.111
-2.695
-2.747
-8.670
-1.891
-2.875
-6.792
-0.428
-8.555
-3.022
-6.310
-4.082
-2.063
-7.160
-3.326
-4.405
-4.539
-1.276
-8.169
-2.173
-5.551
-3.952
-3.206
-7.022
-3.211
-3.956
-3.271
-1.465
-7.257
-1.348
-8.108
-6.240
-2.928
-11.998
-6.253
-9.044
-5.750
-7.057
-4.572
-4.017
-5.112
-3.887
-5.514
-4.924
-3.257
-4.376
-4.829
-5.163
-3.166
-4.517
-6.945
-4.764
-4.929
-5.499
-4.491
-4.344
-5.077
-5.248
-4.689
-3.935
-3.320
-4.418
-4.056
-1.493
-2.587
-5.547
-9.630
-6.621
-9.630
-7.962
-5.335
-4.019
-4.738
-3.479
-2.564
-5.996
-3.926
-4.409
-6.971
-3.209
-7.029
-3.239
-5.209
-5.308
-2.837
-3.254
-7.435
-5.472
-4.271
-6.699
-2.757
-4.111
-4.036
-2.016
-5.525
-4.709
-5.142
-2.322
-3.174
-6.985
-4.838
-4.831
-3.840
-5.188
-7.624
-4.090
-5.286
-0.655
-2.195
-4.537
-3.693
-6.781
-4.104
-1.947
-5.638
-4.429
-2.695
-1.594
-4.295
-5.656
-6.266
-6.406
-5.336
-3.009
-6.553
-4.541
-3.020
-3.253
-3.950
-5.823
-5.240
-5.167
-3.360
-7.362
-8.211
0.816
1.468
-5.932
-0.577
-2.562
1.503
-1.000
-5.484
-2.223
-7.103
0.614
2.354
-6.568
-0.765
-4.558
-0.888
-1.692
-8.862
-1.414
-5.315
-1.930
0.231
-7.246
0.601
-2.569
0.251
0.086
-5.374
-0.518
-4.956
0.586
-0.743
-8.045
-0.002
-6.271
0.538
-0.163
-5.244
-0.863
-3.934
1.921
-0.773
-5.773
-1.424
-4.690
0.622
-2.666
-7.340
-1.248
-5.330
-7.635
-5.866
-9.763
-4.284
-6.523
-4.931
-4.508
-10.350
-1.564
-4.003
-6.121
-5.788
-7.602
-6.158
-5.893
-5.111
-6.347
-8.821
-4.849
-6.768
-5.311
-3.162
-8.969
-1.349
-3.009
-3.804
-5.547
-8.607
-4.085
-6.723
-6.532
-5.669
-8.303
-3.543
-4.606
-4.295
-7.202
-9.142
-3.612
-7.992
-6.215
-3.861
-9.650
-3.663
-3.926
-6.136
-4.973
-10.912
-4.676
-7.360
-0.456
-1.911
-1.521
-7.556
-7.023
-0.397
-4.119
-3.946
-7.655
-11.044
-0.897
-4.609
-2.095
-7.441
-9.993
0.626
-3.606
-4.814
-4.536
-6.694
0.832
-2.934
-5.674
-3.648
-7.799
-2.040
-5.867
-3.911
-4.679
-8.453
-1.794
-4.742
-3.376
-7.282
-7.195
-1.709
-2.608
-1.638
-5.068
-7.707
1.955
-2.942
-3.621
-3.993
-7.185
-0.593
-3.736
-3.830
-2.377
-7.128
-3.266
-0.947
-8.213
-4.325
-3.654
0.388
-1.173
-6.646
-5.137
-4.798
-2.543
-0.238
-7.218
-5.473
-3.188
-1.223
-1.346
-6.119
-3.947
-4.485
-6.050
-2.280
-10.052
-2.984
-3.504
-0.499
-0.299
-5.665
-4.722
-2.180
-2.882
-1.269
-6.792
-3.715
-2.694
-0.058
-0.780
-6.025
-4.939
-4.049
-2.870
-0.398
-4.417
-5.269
-2.661
-3.010
-1.372
-6.561
-3.904
-3.349
-0.063
0.234
-0.019
-4.477
-4.653
-0.550
-0.683
-1.378
-3.108
-3.908
0.901
1.078
-2.210
-4.552
-4.669
0.442
-1.641
-0.468
-5.317
-5.692
0.748
0.276
0.887
-4.654
-5.145
0.504
-1.281
-4.764
-3.489
-2.977
-0.406
-1.434
-5.396
-3.006
-4.898
0.311
0.389
-1.419
-3.036
-2.418
-0.879
-0.103
-4.257
-3.398
-4.874
-1.139
1.147
-3.456
-4.557
-4.748
-5.224
-5.288
-4.183
-5.346
-7.133
-6.039
-3.312
-9.153
-4.992
-4.713
-8.232
-3.920
-6.842
-5.613
-4.848
-4.221
-8.107
-5.755
-6.840
-6.099
-2.742
-5.053
-4.952
-5.157
-5.069
-5.544
-5.023
-1.556
-5.973
-5.288
-13.171
-7.384
-5.318
-9.150
-4.402
-2.703
-11.514
-4.743
-2.452
-14.482
-6.131
-4.835
-11.166
-3.939
-1.573
-12.987
-5.278
-4.231
-13.222
-4.539
-1.631
-10.562
-5.720
-2.124
-12.594
-5.570
-3.941
-13.202
-5.465
-1.605
-5.445
-7.228
-4.451
-8.962
-5.418
-3.464
-5.535
-5.105
-1.808
-6.027
-4.414
-1.381
-5.142
-5.331
-2.753
-5.469
-6.639
-3.481
-4.585
-6.390
-1.337
-5.744
-5.923
-2.587
-5.853
-4.167
-3.430
-4.613
-5.670
-1.351
-3.349
-2.168
-4.729
-2.388
-2.035
-4.517
-3.497
-2.551
-5.282
-1.544
-2.518
-6.739
-2.996
-3.386
-6.086
-0.838
-1.787
-5.021
-2.473
-3.064
-6.009
-2.940
-1.698
-5.385
-2.845
0.118
-2.980
-2.291
-2.118
-4.828
-4.282
-6.341
-6.404
-3.926
-5.248
-6.120
-4.851
-3.611
-6.069
-3.563
-4.471
-5.732
-4.880
-2.580
-3.891
-2.127
-5.085
-5.805
-4.254
-3.982
-4.653
-5.747
-5.898
-6.755
-3.887
-4.730
-5.441
-5.897
-3.947
-4.761
-5.988
-3.301
-7.560
-3.756
-2.438
-7.244
-7.394
-1.586
-5.176
-5.085
-1.978
-6.944
-5.263
-2.017
-7.772
-6.998
-3.120
-6.914
-7.043
0.312
-5.027
-9.127
-3.129
-7.281
-8.687
-3.138
-7.208
-5.310
-1.622
-7.144
