1.856
5.746
3.843
3.269
3.942
3.194
0.900
5.003
6.772
6.431
4.480
6.215
4.803
0.222
2.119
3.333
4.752
2.350
1.017
2.598
5.855
2.454
5.928
3.882
4.663
6.279
4.846
5.288
5.890
3.472
4.834
5.507
3.997
3.981
2.849
2.888
2.278
6.898
4.932
5.122
6.443
6.327
7.826
7.060
7.567
8.609
8.020
7.146
7.727
7.377
5.904
6.449
4.468
4.849
4.255
4.742
2.130
7.735
4.491
7.387
4.624
6.270
5.609
5.068
4.993
4.872
4.982
4.252
6.110
6.314
3.946
5.400
3.436
3.406
2.279
4.443
3.429
3.618
4.039
5.543
6.947
6.126
6.427
4.644
4.943
5.720
6.530
5.795
6.273
5.670
4.819
5.170
4.365
2.874
4.554
3.677
3.627
4.198
4.321
3.597
7.238
6.005
7.934
6.194
7.181
6.917
7.171
6.844
6.184
5.892
5.876
5.926
3.516
4.404
5.828
7.934
3.301
3.936
5.374
6.340
5.479
5.167
3.534
4.042
4.443
-0.586
5.736
1.044
4.637
3.850
5.744
4.424
6.188
4.931
6.664
5.449
5.033
5.215
3.977
3.692
3.204
3.465
2.569
1.670
2.407
4.123
2.450
2.790
4.282
2.667
5.464
5.617
5.671
4.214
3.686
5.625
4.483
4.936
4.555
4.355
6.137
4.537
4.703
3.998
3.839
6.103
5.202
5.668
4.474
4.455
4.270
2.489
2.263
3.668
2.292
2.057
3.834
3.670
1.426
3.057
0.998
6.497
5.616
6.064
5.203
4.722
3.046
4.422
3.656
0.977
-1.158
3.031
4.343
4.101
3.959
6.358
3.162
5.372
2.641
1.895
3.007
6.707
3.344
0.696
4.205
2.805
6.713
7.852
5.847
7.514
3.356
4.795
4.242
5.276
5.051
4.964
3.983
6.478
5.443
6.321
4.411
4.918
5.364
2.672
5.203
4.319
4.144
3.918
3.650
4.637
-0.719
2.630
3.398
2.713
4.984
5.588
4.033
5.351
4.688
6.881
7.019
4.565
5.064
4.460
5.019
7.503
4.108
6.055
5.463
3.655
6.384
6.149
7.536
5.733
6.984
8.182
4.076
3.832
5.112
1.361
5.612
4.678
5.154
6.542
6.542
7.858
5.578
6.092
5.463
2.863
4.440
6.151
5.637
5.586
4.281
3.976
5.687
4.399
5.666
5.928
6.402
3.903
5.478
6.378
5.084
6.476
5.272
5.225
3.743
4.137
4.931
5.533
4.994
3.244
5.032
6.426
3.597
3.418
5.764
3.861
4.189
6.568
6.238
-0.983
3.700
2.932
4.489
2.413
1.831
3.019
5.376
4.683
3.028
1.903
2.840
4.437
4.092
4.460
2.406
5.888
4.877
3.531
4.227
1.337
3.307
1.249
3.946
3.891
2.183
2.801
2.434
4.907
1.839
2.002
4.226
6.176
1.298
3.569
2.000
4.720
