-5.983
-5.792
-6.032
-4.574
-2.800
-4.956
-4.376
-5.152
-6.335
-6.313
-6.357
-5.490
-7.063
-5.472
-5.569
-5.956
-7.789
-3.506
-4.574
-4.474
-5.193
-5.904
-6.232
-4.005
-6.292
-4.501
-6.570
-6.056
-4.585
-3.705
-5.792
-5.454
-2.397
-1.392
-4.706
-4.397
-5.126
-3.091
-2.603
-4.133
-1.075
-2.827
-1.524
-4.757
-2.120
-4.697
-1.305
-6.431
-2.989
-8.486
-4.119
-5.197
-2.310
-3.463
-1.974
-6.006
-0.844
-3.159
-3.132
-7.042
-1.340
-3.334
-1.573
-2.481
2.431
-2.334
-0.348
-3.437
0.240
-4.120
2.347
-0.384
0.826
-3.363
0.068
-3.449
0.976
-3.181
0.134
-2.020
1.870
-2.572
1.803
2.886
0.799
-0.026
2.165
1.861
1.726
0.074
2.601
2.220
3.161
0.678
1.739
1.588
1.064
0.071
1.367
1.717
2.090
0.030
2.560
2.083
0.626
-0.900
1.729
0.278
0.934
-2.806
0.796
1.417
1.286
0.966
2.912
2.357
1.903
0.168
3.039
3.016
2.186
0.374
3.274
2.639
2.032
-0.045
1.741
0.365
2.088
0.064
2.058
-0.816
1.182
0.849
2.597
1.053
0.515
0.251
1.605
-0.711
0.793
-0.327
2.280
-0.127
1.031
-0.979
0.086
-2.034
2.620
0.079
2.533
1.255
0.433
-0.006
1.259
-0.459
2.014
0.388
2.887
0.886
3.551
-0.966
1.781
-0.375
3.315
-0.038
1.855
-0.006
4.156
0.606
3.790
0.981
1.685
-0.792
1.673
0.795
5.071
-0.424
2.525
1.636
3.121
-0.174
2.507
0.987
2.861
0.411
2.648
0.976
2.996
-1.569
1.121
-0.171
2.863
-0.633
1.682
1.005
1.492
-0.684
0.808
-3.359
-0.007
1.820
2.353
0.361
-0.292
0.214
1.862
2.121
0.272
-0.048
2.221
3.168
-0.506
-0.511
0.294
2.107
-0.211
-0.064
1.755
1.378
-0.320
-0.285
0.494
1.045
-1.117
-3.452
-1.072
1.001
-0.117
-0.569
1.339
0.729
-0.840
-1.803
-0.873
0.631
-0.432
-0.307
1.210
-0.441
3.208
3.603
-0.026
1.553
2.603
2.761
0.596
3.650
2.775
2.951
-1.095
1.355
2.913
2.201
0.204
2.042
2.003
1.099
-0.915
1.007
2.952
2.773
-1.644
1.109
2.362
3.250
0.853
2.600
1.100
0.559
-1.119
0.602
2.194
3.211
0.569
2.406
2.281
2.867
-0.193
2.397
0.237
-1.260
2.038
2.050
2.147
0.135
2.602
2.516
2.105
1.132
1.999
1.748
2.193
-0.136
2.743
3.169
2.619
0.784
1.690
3.587
0.729
-0.065
2.143
1.752
2.629
1.510
2.690
4.216
1.783
-0.671
2.854
1.626
0.682
-0.008
0.904
1.991
3.219
1.332
2.622
3.597
2.269
1.687
-0.175
1.966
3.037
3.096
1.141
1.439
3.507
-0.179
-0.157
1.166
1.861
-0.225
-2.082
0.291
-0.506
-1.263
-0.860
-0.177
2.109
0.997
0.449
1.242
3.239
2.133
0.859
2.568
1.689
0.690
0.063
1.844
1.801
-0.540
-2.327
0.396
0.830
1.658
-0.006
1.741
4.230
3.384
2.308
2.653
3.912
1.513
0.437
2.499
4.763
2.704
0.574
2.744
4.242
1.513
0.715
2.773
3.748
2.844
2.075
3.703
2.345
2.148
1.427
1.297
3.996
0.689
-0.872
1.190
3.817
0.719
-0.353
1.807
3.256
1.704
-0.540
2.094
4.179
1.216
-0.153
2.466
-2.924
-2.152
-2.870
-1.322
-3.519
-2.894
-0.284
-2.341
-3.818
-2.152
-3.323
-2.882
-1.713
-2.876
-2.675
-4.036
-5.012
-6.009
-2.170
-3.687
-1.266
-1.048
-1.746
-0.704
-2.397
-2.033
-2.454
-0.408
-2.463
-3.245
1.257
0.970
-1.425
3.304
0.709
-2.087
2.449
0.664
-1.783
3.550
1.875
-0.075
0.966
-0.769
-2.712
2.565
1.737
-1.980
0.271
0.094
-2.355
-2.342
-2.366
-4.227
3.350
1.068
-1.984
0.136
0.492
-4.708
1.858
0.436
-0.471
0.955
0.008
1.088
1.989
0.701
0.140
0.982
0.181
-1.694
-0.581
-2.990
-2.407
0.902
-0.536
-1.258
-1.168
-2.773
-1.271
-1.873
-1.496
-0.514
2.131
1.529
0.104
0.528
-1.187
-1.370
0.662
-1.352
-1.222
2.050
-0.134
-0.358
0.722
-1.837
-0.242
-1.990
-0.951
-2.347
0.821
-0.558
0.840
1.642
0.426
-0.856
1.617
-0.659
-1.296
3.263
0.512
0.416
0.886
-0.828
-0.635
3.100
1.045
0.620
-3.170
-1.841
0.049
-0.398
-0.881
0.570
-1.602
-0.819
0.890
0.030
-3.643
-0.993
-2.166
-0.681
0.054
-0.074
-3.396
-0.629
-1.157
-1.367
-0.141
-1.816
-2.694
-3.001
2.017
0.424
1.417
0.782
0.894
2.308
1.689
0.971
-0.852
3.864
2.358
1.371
2.508
-0.468
-0.140
2.298
-0.210
-1.408
2.496
1.503
-0.497
1.147
-0.166
0.045
3.988
1.953
2.467
1.385
0.495
1.177
2.241
-0.048
0.431
0.527
0.756
-1.312
-6.623
-4.545
-4.922
-8.409
-5.773
-6.753
-4.555
-4.934
-7.752
-7.080
-7.724
-6.874
-5.669
-7.708
-6.986
-6.214
-4.841
-4.220
-8.266
-7.565
-6.301
-6.301
-4.532
-9.298
-5.892
-8.896
-7.068
-7.993
-8.954
-8.030
-5.212
-4.447
-4.570
-6.162
-3.760
-4.624
-2.548
-2.674
-5.226
-4.370
-5.500
-3.214
-4.405
-9.876
-4.858
-5.662
-3.852
-3.932
-6.919
-6.350
-7.426
-6.717
-7.145
-6.206
-7.988
-9.258
-5.960
-7.782
-4.849
-7.826
-7.016
-4.893
-5.109
-3.701
-6.006
-8.079
-5.659
-5.855
-4.962
-6.956
-8.233
-6.249
-7.259
-6.462
-8.381
-9.088
-6.553
-6.288
-6.009
-7.640
-6.705
-7.300
-6.662
-6.136
-6.900
-5.286
-5.295
-5.983
-4.081
-6.666
-5.285
-5.006
-4.524
-4.115
-5.023
-8.065
-5.864
-6.015
-5.026
-8.808
-4.155
-1.237
-2.326
-6.597
-2.825
-5.431
-3.362
-2.325
-7.355
-2.361
-5.608
-4.774
-3.088
-9.008
-1.777
-4.255
-1.670
-2.717
-8.349
-1.586
-2.520
-6.003
-0.446
-8.053
-2.896
-5.526
-3.197
-1.952
-7.033
-3.226
-3.617
-3.884
-1.520
-7.975
-2.118
-4.598
-3.246
-3.376
-6.768
-2.390
-3.420
-2.745
-1.463
-6.788
-1.253
-7.509
-5.578
-2.936
-12.048
-5.755
-8.148
-5.353
-7.180
-4.259
-3.357
-4.286
-3.941
-5.436
-4.125
-2.875
-4.056
-4.237
-5.074
-2.154
-4.133
-6.209
-4.133
-4.907
-5.175
-4.753
-3.699
-4.579
-5.103
-4.375
-3.894
-2.928
-3.573
-3.706
-1.699
-2.651
-4.578
-8.505
-6.406
-9.160
-7.327
-4.602
-3.678
-4.847
-2.830
-1.928
-5.075
-3.660
-4.370
-6.172
-3.013
-6.123
-3.098
-5.438
-4.833
-2.303
-3.271
-6.642
-5.324
-4.760
-6.032
-3.076
-3.753
-3.927
-1.970
-5.117
-4.560
-5.073
-2.237
-3.121
-6.559
-5.056
-4.354
-3.872
-5.302
-6.813
-3.766
-4.887
-0.648
-2.015
-4.214
-3.787
-6.466
-3.802
-2.112
-5.900
-4.240
-2.123
-1.650
-4.256
-5.126
-5.791
-6.024
-5.420
-3.315
-5.981
-3.958
-3.331
-3.235
-3.917
-5.240
-4.909
-5.000
-3.270
-7.380
-7.571
0.970
1.641
-6.102
-0.304
-1.952
1.501
-0.137
-5.553
-1.738
-6.299
0.998
2.794
-6.690
-0.424
-3.996
-0.902
-1.197
-9.135
-0.575
-4.647
-1.252
0.374
-7.732
0.637
-1.881
0.220
0.407
-5.711
-0.507
-4.063
0.654
-0.400
-8.077
0.318
-5.490
0.730
0.507
-5.519
-0.300
-3.001
1.749
-0.069
-6.082
-0.588
-4.183
0.459
-2.268
-7.276
-1.059
-4.305
-7.036
-5.544
-9.838
-3.910
-5.736
-4.560
-4.168
-10.268
-1.444
-3.522
-5.660
-5.743
-8.124
-5.543
-5.348
-5.120
-6.273
-9.172
-4.340
-5.910
-5.109
-2.870
-8.765
-1.107
-2.335
-3.484
-5.239
-8.709
-3.644
-5.762
-6.223
-5.530
-8.761
-3.392
-4.037
-4.049
-6.537
-9.300
-3.458
-7.297
-5.873
-3.727
-9.743
-3.298
-3.021
-5.175
-4.603
-11.205
-4.189
-6.501
-0.253
-1.829
-1.218
-7.090
-6.412
-0.197
-3.353
-3.594
-6.809
-10.326
-0.817
-4.590
-1.742
-7.761
-9.295
0.572
-3.070
-4.636
-4.011
-6.343
0.570
-2.630
-5.118
-3.497
-7.321
-1.787
-5.646
-3.494
-4.738
-8.216
-2.162
-4.196
-2.670
-6.791
-6.850
-1.854
-2.052
-1.443
-4.456
-7.058
1.272
-2.012
-3.365
-3.664
-6.146
-0.128
-3.379
-3.801
-2.306
-6.430
-3.619
-0.966
-8.651
-4.340
-2.779
-0.061
-0.821
-6.800
-4.324
-4.358
-2.719
-0.232
-8.049
-5.241
-2.633
-0.736
-1.561
-6.757
-3.796
-4.020
-5.825
-1.825
-10.776
-2.921
-3.159
-0.829
-0.220
-5.997
-4.128
-1.932
-3.007
-1.324
-7.300
-3.636
-2.239
-0.144
-0.498
-6.244
-4.443
-3.704
-2.905
-0.232
-4.721
-5.084
-2.227
-3.327
-1.649
-7.012
-3.560
-2.853
0.376
0.667
-0.203
-4.103
-4.127
-0.661
-0.265
-1.454
-2.568
-3.508
1.089
1.051
-2.122
-4.091
-3.943
0.457
-1.301
0.047
-4.697
-5.177
1.004
0.254
0.818
-4.041
-4.539
0.395
-1.403
-5.064
-2.942
-2.520
-0.798
-1.254
-5.449
-2.317
-4.165
0.352
0.710
-1.428
-3.039
-1.973
-0.603
0.451
-4.350
-3.090
-4.155
-0.542
0.795
-3.527
-4.111
-4.181
-4.366
-5.039
-4.064
-5.051
-6.378
-5.994
-3.082
-8.619
-5.046
-4.008
-7.520
-4.285
-5.981
-5.251
-5.048
-3.770
-7.463
-5.968
-6.358
-5.415
-2.762
-4.353
-4.173
-5.279
-4.097
-4.714
-5.322
-1.698
-5.225
-5.538
-12.727
-6.841
-5.491
-8.801
-3.341
-2.512
-10.599
-3.474
-2.374
-13.281
-5.439
-4.787
-10.582
-3.240
-1.390
-12.460
-4.606
-4.344
-12.403
-3.469
-1.514
-9.738
-4.662
-2.029
-11.589
-4.558
-4.244
-12.717
-4.505
-1.592
-4.902
-6.583
-4.232
-8.022
-4.574
-3.509
-5.126
-4.871
-2.043
-5.548
-4.217
-1.435
-4.758
-4.608
-2.863
-5.167
-5.617
-3.454
-4.132
-6.089
-1.310
-5.363
-5.176
-2.796
-5.076
-3.470
-3.493
-4.162
-5.140
-1.489
-2.716
-1.958
-4.197
-2.091
-2.150
-3.986
-3.156
-2.314
-4.869
-1.329
-2.551
-6.006
-2.339
-3.291
-5.480
-0.449
-1.725
-4.395
-2.175
-2.968
-5.755
-2.417
-1.691
-4.601
-2.336
0.129
-2.524
-1.965
-2.198
-4.209
-3.842
-6.436
-6.148
-3.368
-5.091
-5.590
-4.137
-3.943
-5.748
-3.259
-4.246
-5.496
-4.449
-2.397
-3.508
-1.810
-5.077
-5.576
-3.722
-4.035
-4.513
-5.070
-5.462
-6.372
-3.628
-4.836
-5.297
-5.512
-3.977
-4.243
-5.723
-3.382
-7.336
-3.348
-2.165
-6.673
-6.948
-1.453
-4.804
-4.665
-2.110
-6.371
-4.761
-1.809
-7.407
-6.468
-3.046
-6.741
-6.644
0.181
-4.885
-8.646
-2.830
-6.896
-8.224
-3.108
-6.872
-4.840
-1.714
-6.739
