-6.827
-2.895
-4.470
-7.432
-2.712
-4.361
-5.612
-2.963
-3.689
-2.982
-3.642
-2.775
-4.320
-2.880
-2.975
-3.762
-4.776
-3.882
-2.618
-3.958
-0.556
-1.598
-1.233
-2.758
-2.549
1.474
-1.296
0.642
-1.882
-1.586
0.265
0.973
0.520
-0.765
0.496
-0.923
-1.064
0.314
1.163
1.309
-0.719
0.774
-1.848
1.203
3.262
0.154
0.629
2.675
-0.490
0.733
2.998
-0.205
0.559
3.082
-1.367
0.624
2.595
-2.107
-0.534
2.832
-0.762
1.457
3.575
-0.029
0.739
2.523
0.582
0.497
2.280
-0.603
0.841
0.479
-1.134
2.029
1.953
1.690
2.317
-0.882
0.631
3.190
0.552
2.626
1.459
2.105
2.642
0.747
1.589
2.868
-1.175
-0.185
1.522
3.591
2.864
2.609
0.683
0.416
0.439
1.566
2.878
1.650
-2.663
-0.354
-0.258
-0.580
2.469
0.772
-0.468
1.761
-0.027
-0.750
1.220
0.815
-0.396
2.494
-0.594
-1.213
1.236
-1.293
-0.149
1.971
0.381
0.540
2.643
0.783
-2.058
0.902
-1.314
0.692
2.430
0.991
0.899
-0.784
1.953
0.151
0.294
2.571
0.946
-1.671
0.569
1.452
0.804
2.671
-0.627
-0.347
1.181
0.197
-0.245
2.288
0.404
-0.681
1.458
0.493
-1.337
1.339
0.391
0.161
2.368
1.152
0.668
3.247
4.635
2.795
3.522
3.325
1.489
3.085
4.869
1.812
2.210
1.808
0.566
1.551
3.926
2.744
2.356
1.841
-0.029
2.898
4.172
1.976
4.321
2.669
1.468
3.197
2.444
1.225
2.962
4.622
0.247
1.730
2.954
0.816
4.804
0.747
-0.777
3.662
1.615
0.437
4.331
3.037
0.719
3.277
0.759
-1.562
0.874
1.853
-0.096
4.659
-1.383
-2.463
2.024
1.049
-0.081
3.873
1.858
0.554
4.608
1.412
2.028
4.878
2.139
-1.191
1.363
1.557
-1.404
0.908
2.285
-1.407
2.565
2.366
-1.239
1.117
3.041
-0.449
1.854
0.425
-2.375
1.002
2.427
-0.369
3.146
2.966
1.417
3.737
0.840
-1.014
1.940
1.381
-1.201
0.771
2.862
0.584
2.908
4.112
1.480
3.044
3.793
-0.982
2.006
1.372
0.733
1.141
3.794
1.486
3.420
4.838
2.566
5.232
3.347
0.562
1.783
2.250
1.947
1.518
2.264
0.077
2.468
3.347
-0.002
4.271
2.840
-1.527
3.270
-0.032
1.671
-0.616
3.407
0.002
1.284
-0.889
0.329
-3.629
2.923
-0.147
-1.447
-5.513
3.490
-1.641
0.644
-2.627
2.179
-1.093
2.963
-0.642
2.148
-2.177
3.764
-1.425
3.218
-4.017
2.437
-2.141
4.425
-1.554
1.296
-4.577
1.340
-2.268
1.801
-5.318
-2.667
-2.653
-2.628
-3.630
-3.914
-2.328
-0.756
-0.426
-0.157
-0.935
-2.189
-2.510
-3.986
-4.323
-2.242
-2.350
-2.489
-3.090
-2.536
-2.691
0.792
0.780
0.149
0.858
-0.375
0.529
-1.525
-0.051
-0.948
-2.399
-0.111
1.614
-0.599
-0.564
0.460
0.485
0.529
-0.473
-1.756
-2.057
1.451
-0.027
1.188
0.676
0.152
0.580
0.375
2.082
1.534
0.642
0.464
1.154
0.652
0.742
-2.963
0.024
-0.297
0.333
-1.957
-0.942
0.676
0.369
-1.893
-1.506
-1.931
-1.142
-0.199
-0.715
-0.137
-1.937
-2.037
0.103
0.825
0.858
-1.012
-1.099
-1.558
-0.208
0.541
-0.394
-3.661
-4.016
-5.581
-2.988
-4.917
-4.432
-7.855
-4.387
-5.616
-2.926
-7.369
-4.878
-5.597
-5.082
-7.257
-5.733
-6.225
-6.182
-9.512
-5.378
-5.228
-4.886
-8.018
-5.192
-6.321
-5.101
-8.723
-7.148
-6.063
-3.826
-7.377
-6.070
-4.979
-4.909
-7.685
-5.071
-2.485
-2.334
-4.660
-3.630
-2.958
-5.865
-7.562
-6.188
-0.423
-4.033
-4.550
-6.725
-2.273
-3.920
-1.623
-4.787
0.433
-5.424
-3.265
-5.933
-3.276
-3.835
-5.321
-6.320
-1.851
-4.901
-4.276
-6.490
-2.669
-2.557
-6.163
-5.210
-2.206
-4.437
-4.040
-6.130
-0.325
-5.275
-4.195
-6.080
-3.370
-3.086
-6.598
-5.667
-1.285
-5.476
-2.430
-3.195
-3.100
-4.690
-3.378
-3.292
-2.817
-5.569
-2.861
-5.264
-5.092
-5.490
-4.434
-5.351
-4.815
-4.885
-4.851
-4.230
-3.638
-4.481
-4.613
-5.686
-4.137
-3.598
-3.828
-4.589
-4.574
-4.739
-3.904
-4.323
-5.844
-6.003
-4.564
-4.521
-4.299
-5.940
-5.286
-4.394
-6.218
-1.037
-1.818
-6.497
-8.027
-2.691
-2.310
-4.588
-8.154
-3.194
-0.250
-7.237
-9.224
-2.723
-3.298
-7.779
-8.240
-1.899
-2.858
-6.009
-7.408
-2.888
-3.033
-7.275
-8.252
-1.425
-2.967
-6.420
-7.210
-2.739
-1.133
-5.479
-6.739
-2.063
-0.856
-6.950
-4.649
-1.962
-3.243
-5.112
-1.523
-6.014
-2.265
-4.353
-3.068
-4.612
-2.894
-1.960
-3.610
-6.176
-4.202
-4.347
-2.802
-4.238
-2.457
-2.513
-0.493
-6.119
-2.479
-4.042
-3.183
-3.509
-2.747
-4.724
-2.774
-4.432
-2.176
-6.049
-1.694
-8.276
-4.743
-6.051
-4.284
-8.216
-3.660
-10.062
-0.970
-3.718
-1.848
-4.787
-1.305
-1.198
-3.675
-5.847
-4.031
-5.244
-7.194
-8.111
-4.368
-4.622
-7.207
-6.638
-1.630
-3.931
-6.199
-8.670
-3.666
-4.501
-8.285
-8.539
-3.984
-3.589
-7.657
-7.860
-5.427
-3.415
-8.643
-9.192
-1.297
-4.003
-7.766
-7.709
-2.761
-3.785
-6.289
-6.669
-3.895
-3.470
-7.220
-8.377
-0.875
-6.667
-1.716
-3.531
-1.386
-7.713
-1.124
-1.134
-4.152
-7.906
-1.760
-2.416
-3.205
-7.817
-2.508
-5.172
-2.444
-7.673
-1.802
-2.039
-1.508
-5.784
-1.682
-2.288
-3.115
-7.047
-4.310
-3.599
-1.094
-6.291
-1.150
-2.114
-0.826
-4.647
-1.874
-2.592
-2.833
-8.938
-1.367
-3.114
-5.957
-4.217
-10.127
-2.269
-6.201
-1.151
-8.336
-3.800
-6.955
-2.160
-9.426
-1.893
-6.438
-1.491
-10.085
-3.889
-7.487
-3.655
-8.485
-1.555
-5.312
-3.246
-9.648
-2.183
-5.298
-2.714
-8.862
-2.863
-3.213
-1.840
-9.023
-1.937
-5.414
-0.659
-9.262
-1.957
-7.293
-2.772
-11.509
-2.857
-1.981
-7.150
-1.881
-5.430
-0.572
-1.951
-4.878
-5.949
-1.133
-3.971
-3.472
-6.201
-3.535
-6.402
-4.380
-7.441
-2.855
-4.693
-2.598
-4.353
-3.112
-3.983
-3.398
-6.395
-2.425
-2.860
-3.718
-6.279
-1.132
-2.101
-2.721
-5.393
-4.981
-2.665
-3.017
-7.984
-2.712
-6.234
-1.600
-4.784
-1.990
-4.647
-11.826
-7.048
-2.441
-2.397
-11.968
-5.393
-1.390
-1.663
-8.672
-3.375
-2.894
-2.417
-9.613
-4.272
-4.729
-2.863
-12.088
-3.871
-4.364
-3.069
-11.583
-4.498
-4.739
-3.212
-11.554
-3.884
-3.723
-3.724
-11.576
-3.624
-0.622
-3.888
-10.376
-4.094
-3.154
-2.418
-10.709
-3.580
-7.160
-3.094
-4.062
-1.575
-3.656
0.019
-6.934
-3.536
-7.787
-3.552
-6.836
-2.663
-6.894
-1.489
-4.832
-1.054
-7.826
-1.076
-5.699
-1.550
-5.326
-1.059
-5.688
-3.853
-5.144
-0.328
-6.501
-0.234
-3.212
-2.791
-5.790
-0.745
-4.716
-2.919
-8.190
-1.408
-6.221
-0.975
-5.085
-0.823
-7.348
-4.333
-5.896
-2.949
-5.947
-3.017
-4.854
-2.942
-2.713
-2.233
-5.232
-1.749
-5.684
-3.339
-6.481
-3.369
-3.695
-3.650
-6.494
-3.238
-3.504
-4.089
-3.227
-4.540
-0.772
-2.303
-3.873
-5.289
-1.943
-3.042
-3.148
-5.878
-1.592
-3.794
-1.760
-3.412
-1.433
-0.607
-3.432
-4.068
-5.038
-5.605
-3.800
-2.185
-4.330
-1.808
-5.544
-3.587
-5.722
-5.653
-3.080
-4.267
-3.812
-1.458
-5.372
-2.300
-1.740
-1.588
-6.771
-3.625
-1.976
-2.633
-3.814
-1.684
-2.329
-1.822
0.801
-1.214
-3.343
-2.554
-2.278
-1.169
-2.931
-3.543
-2.929
-0.621
-0.043
-1.994
0.269
-2.485
