4.891
5.943
4.753
6.125
3.981
4.796
2.280
7.047
5.368
5.077
6.233
6.105
7.139
1.381
6.240
5.568
6.856
4.271
5.402
4.310
6.166
5.791
6.589
6.023
6.695
4.260
5.865
6.871
6.458
5.023
5.419
3.327
3.463
4.685
4.937
3.794
1.951
6.327
5.978
4.952
5.490
6.341
5.654
7.058
6.426
7.329
6.081
7.391
6.849
5.261
6.290
6.802
3.318
2.287
2.210
4.093
-0.993
4.285
5.492
3.084
3.437
3.535
2.492
3.694
4.605
4.024
1.900
3.828
3.253
2.533
5.244
4.145
4.824
0.955
3.923
5.255
3.232
3.018
5.195
3.541
2.917
4.373
3.929
2.169
3.186
4.412
3.027
4.577
3.824
4.118
2.336
6.105
4.964
2.185
2.735
4.609
4.345
4.732
4.963
3.041
4.156
3.187
6.283
4.416
3.211
3.311
4.204
2.919
4.554
3.517
4.206
3.858
3.493
2.913
4.138
2.990
3.767
4.929
2.484
3.360
4.240
3.296
2.976
4.494
3.742
2.540
3.735
2.610
3.532
3.408
4.924
4.114
7.678
4.467
6.357
5.418
4.889
7.254
4.878
4.480
4.027
4.981
5.769
0.673
4.032
3.417
3.243
5.193
4.563
4.103
5.134
6.090
4.230
5.065
5.082
2.945
5.150
5.531
4.072
5.860
5.402
4.389
4.891
3.172
4.697
7.021
4.887
3.744
4.492
5.201
6.286
4.795
0.935
4.991
4.347
4.824
4.766
5.094
1.742
3.645
3.253
5.924
6.592
5.982
6.797
7.205
6.214
6.602
4.955
0.719
-0.404
4.887
7.019
6.658
5.535
5.884
5.092
6.554
4.193
3.844
4.142
6.520
5.514
3.313
6.104
4.866
6.908
6.062
7.298
6.161
5.126
5.916
4.145
6.558
6.477
6.102
4.983
5.931
5.673
5.411
6.160
7.165
7.416
5.498
7.963
6.160
7.827
5.039
6.382
6.963
6.218
6.159
6.367
4.712
8.077
6.672
5.269
7.156
7.471
8.446
5.765
6.302
3.652
4.533
5.494
5.710
5.377
6.209
5.434
5.567
8.178
6.713
7.352
7.007
7.241
8.287
5.964
6.682
6.677
3.498
5.020
3.930
6.800
5.700
7.743
5.388
6.436
6.817
4.867
5.325
6.461
6.969
7.170
6.160
5.736
6.377
6.014
3.341
5.296
6.013
5.319
4.374
6.733
6.934
6.821
7.416
6.627
5.411
4.478
5.343
4.643
4.461
5.789
4.310
4.185
6.094
5.329
2.074
5.682
5.868
5.697
6.273
7.463
2.226
6.807
6.772
7.723
5.660
5.593
2.345
5.330
5.857
5.252
5.816
3.860
4.599
5.305
5.041
4.865
6.757
5.728
5.402
4.815
6.825
6.143
3.799
5.432
3.342
5.223
5.604
3.647
6.381
4.599
2.132
4.587
6.358
6.036
6.230
3.897
6.983
