5.689
9.235
4.919
7.642
7.765
7.860
5.104
8.736
5.643
7.258
8.988
8.617
8.525
0.340
7.427
8.144
7.131
6.111
4.016
7.240
9.244
9.581
6.557
8.354
9.776
8.200
8.050
8.640
8.460
8.801
8.116
9.103
6.802
6.673
8.946
5.114
3.862
11.036
8.037
6.948
9.703
8.307
7.957
10.225
8.076
9.090
8.281
7.170
8.114
4.185
9.455
7.554
4.811
6.002
2.743
5.171
-1.329
8.955
6.882
4.393
0.155
1.389
-5.183
0.285
-0.424
-0.836
-0.394
-1.393
1.014
-0.744
7.029
2.586
5.978
5.535
-2.321
6.546
-1.351
5.063
-4.289
4.304
6.413
8.421
5.596
3.510
7.406
4.634
7.306
5.904
6.622
7.276
5.367
8.508
6.640
5.732
9.543
7.840
6.499
4.766
6.742
7.706
3.206
2.774
2.419
2.399
-0.174
1.923
-1.293
1.085
0.453
-2.207
7.317
6.714
5.942
6.308
6.742
5.852
7.219
5.155
6.814
6.476
2.895
0.568
3.610
7.397
6.183
4.233
5.194
5.165
5.788
4.233
4.653
6.840
7.811
7.111
6.549
5.759
8.098
8.766
6.641
7.332
7.076
2.555
7.653
2.928
-3.847
6.451
-5.866
6.706
-10.092
5.661
8.428
8.991
5.649
5.777
9.712
5.916
7.143
6.957
7.295
9.572
7.503
6.489
5.557
2.751
6.139
9.125
4.373
8.092
7.454
5.443
6.278
6.142
3.426
5.376
5.024
5.495
6.866
6.339
2.402
7.587
5.962
7.387
8.881
7.928
8.092
9.595
7.218
8.971
8.139
5.158
-3.822
5.086
7.188
6.210
5.431
6.554
6.470
8.202
2.763
4.003
7.912
10.518
6.638
7.030
7.641
7.537
9.234
9.056
10.388
8.001
5.603
7.825
6.344
8.733
7.941
6.909
7.173
7.074
7.095
7.190
8.519
10.657
7.755
7.986
7.946
6.359
9.051
4.748
4.473
10.335
8.802
9.189
8.706
7.335
9.700
8.595
8.520
9.275
11.126
11.362
7.311
7.129
3.640
6.619
6.503
6.455
7.374
7.484
6.834
6.952
10.597
8.978
11.539
6.899
11.040
12.142
8.561
9.350
9.084
4.834
7.220
5.869
8.675
6.700
9.128
8.398
8.897
8.125
6.225
5.655
7.512
9.586
8.309
6.297
8.272
8.127
7.726
6.305
6.864
8.133
6.939
6.789
9.652
8.497
9.585
9.906
9.293
8.079
5.908
8.650
8.125
7.223
7.632
8.420
8.475
8.754
7.467
4.815
8.970
7.825
7.933
8.470
9.605
2.440
7.832
8.164
8.232
6.860
4.954
6.014
6.989
5.373
6.714
7.241
3.411
6.824
8.928
9.098
7.657
7.219
8.041
8.033
8.006
8.237
7.878
7.327
6.132
4.661
8.660
5.730
6.710
9.418
6.440
5.601
5.911
7.878
7.693
7.382
6.365
9.329
