-8.546
-6.952
-1.390
-8.785
-3.240
-6.743
-6.557
-6.217
-4.316
-1.869
-3.744
-5.211
-3.887
-1.880
-1.905
-4.083
-4.810
-3.559
-4.852
-3.560
-0.719
-2.056
-2.747
-0.394
-2.081
0.632
-0.137
-0.499
-0.590
-1.258
0.312
1.818
0.950
3.600
1.521
-0.677
-2.514
2.469
1.235
-0.003
-6.478
-0.717
-8.978
-4.658
1.305
-6.568
-5.435
0.644
-7.214
-3.874
0.922
-7.802
-6.646
-0.081
-7.868
-5.426
0.775
-7.297
-6.709
-0.879
-6.576
-4.615
-0.200
-6.709
-4.409
-2.408
-6.327
-3.834
-2.720
-9.350
-2.519
-1.983
-7.172
-1.634
-0.546
-6.233
-4.172
-4.005
-5.926
-0.185
-3.534
-3.214
-5.691
-3.835
-1.770
-6.785
-0.668
-3.179
-7.168
-4.976
-3.350
1.333
-1.480
-5.053
-0.548
-0.435
-5.055
-4.655
-2.456
-6.259
-7.133
-5.042
-5.672
-8.494
-4.694
-10.346
-9.001
-8.261
-7.926
-7.047
-3.318
-10.227
-6.366
-3.053
-8.751
-6.056
-4.028
-8.216
-10.370
-6.697
-6.861
-6.765
-4.811
-10.118
-8.431
-4.223
-11.286
-5.914
-3.892
-9.643
-12.606
-12.868
-7.979
-9.227
-7.075
-4.200
-11.496
-10.036
-6.613
-9.015
-10.379
-6.108
-5.834
-8.589
-5.704
-9.853
-11.567
-5.659
-6.693
-8.329
-4.087
-9.212
-9.192
-5.609
-10.131
-9.929
-5.765
-8.732
-10.695
-7.565
-1.677
-3.337
1.809
0.694
-4.480
3.287
0.806
-3.524
-1.691
-1.025
-5.815
-0.790
2.274
-1.268
2.510
-0.445
-3.783
0.937
2.061
-1.916
3.741
-3.320
-6.378
2.215
-0.605
-6.894
1.271
-0.997
-6.234
0.283
-2.654
-2.677
2.182
-2.907
-4.357
1.008
-4.939
-6.103
2.017
-2.702
-3.567
0.915
-3.327
-4.817
4.030
-1.892
-1.826
1.422
-1.299
-3.420
3.894
-1.422
-3.244
1.890
-3.114
-0.250
0.782
-4.437
-3.868
2.328
-1.733
-5.749
-2.546
0.512
-3.676
-3.178
0.060
-4.836
-0.546
-1.171
-1.925
-1.408
-0.996
-4.228
-2.670
-0.218
-6.430
-4.522
-0.283
-7.810
-5.730
0.319
-2.136
1.363
-1.688
-7.764
-3.433
-0.764
-8.095
-4.095
5.540
-4.022
-0.604
3.698
-1.926
0.537
1.811
-3.463
-2.211
-0.772
-3.805
-3.607
2.266
-2.009
-2.767
1.575
-2.226
-3.002
3.997
-0.426
-2.070
0.541
-0.715
-0.928
0.649
-5.226
-2.743
2.134
1.102
1.889
1.791
-8.748
-4.059
-11.164
-4.798
-6.906
-0.181
-6.775
-2.774
-3.911
-1.222
-7.629
-2.158
-7.320
-1.016
-7.989
0.943
-8.437
0.191
-9.361
-2.284
-6.890
2.592
-9.485
-1.123
-12.365
0.016
-8.826
-1.625
-8.850
-1.998
-10.077
-0.260
-9.362
-1.175
-8.574
-4.594
-10.292
-4.294
-10.951
-11.489
-7.492
-9.694
-8.385
-11.282
-6.442
-8.966
-6.284
-7.435
-8.171
-8.768
-4.275
-9.001
-9.260
-9.398
-5.506
-11.524
-8.995
-8.746
-9.315
-2.632
-1.767
-6.456
-3.151
-6.091
-4.516
-4.032
-5.938
-5.479
-5.874
-2.636
-3.167
-6.925
-5.187
-5.121
-1.253
-3.268
-3.885
-8.413
-6.058
-4.138
-4.800
-5.757
-1.104
-5.965
-2.708
-1.373
-0.679
-1.322
-5.369
-2.099
-0.838
-2.891
-1.284
-4.223
-4.430
-5.826
-4.723
-6.381
-3.063
-5.213
-4.822
-2.365
-1.270
-7.718
0.753
-5.621
-5.017
-2.087
-3.031
-8.152
-5.286
-3.679
-1.217
-5.223
-2.684
-4.716
0.460
-3.830
-3.128
-7.351
-2.717
-6.041
-5.564
-6.761
-7.620
-9.298
-6.880
-6.673
-4.581
-6.485
-3.625
-7.896
-6.567
-8.721
-8.374
-6.704
-6.085
-9.971
-5.123
-7.538
-5.046
-6.822
-7.140
-7.316
-8.224
-10.005
-7.442
-4.718
-2.753
-5.926
-5.242
-5.478
-5.065
-7.008
-4.724
-5.131
-3.137
-7.610
-4.731
-9.652
-9.335
-8.365
-10.690
-7.062
-5.404
-7.943
-11.561
-7.338
-5.266
-2.776
-8.695
-7.748
-5.085
-5.604
-9.766
-5.009
-2.610
-1.359
-6.859
-5.758
-6.192
-6.119
-10.188
-5.163
-1.176
-5.669
-7.532
-5.575
-5.077
-1.223
-10.075
-6.683
-8.329
-7.437
-12.092
-6.643
-2.460
-6.357
-7.347
-2.397
-5.437
-3.410
-5.065
-3.288
-8.682
-5.618
-1.910
-5.346
-9.529
-7.018
-7.173
-3.672
-5.000
-3.868
-5.183
-5.616
-6.317
-7.079
-4.935
-1.197
-6.191
-6.132
-6.454
-4.706
-5.049
-5.845
-4.050
-3.935
-7.268
-8.292
-5.139
-1.781
-6.595
-6.556
-2.117
-6.061
-6.263
-6.044
-5.990
-5.821
-2.631
-1.579
-4.287
-6.727
-0.663
-1.041
-0.958
-10.800
-3.647
-1.322
-5.383
-9.921
-4.022
-0.921
-6.203
-6.959
-2.038
1.930
-1.923
-9.653
-5.199
-2.857
-5.327
-9.878
-3.022
-1.041
-5.355
-8.439
-2.681
0.924
-4.136
-7.069
-2.357
-0.293
-4.703
-7.904
-4.248
-3.765
-5.221
-2.702
-4.113
-4.686
-2.764
-2.797
-2.314
-1.194
-1.712
-2.556
-7.115
-5.191
-3.000
-2.413
-5.406
-4.087
-3.073
-1.442
-5.000
-1.445
-3.684
-4.334
-4.232
-4.170
-4.464
-2.180
-4.340
-2.082
-5.190
-6.043
-9.116
-4.471
-3.959
-5.197
-5.069
-1.450
-8.081
-1.411
-6.982
-3.033
-4.332
-5.256
-1.442
-8.563
-6.031
-7.827
-6.376
-8.758
-9.230
-9.439
-2.881
-8.739
-7.324
-2.447
-3.601
-7.140
-8.570
-8.590
-1.047
-7.496
-4.789
-7.313
1.034
-6.312
-4.709
-8.487
-4.401
-8.907
-8.833
-5.773
-4.744
-7.607
-7.183
-8.766
-0.186
-8.215
-6.611
-8.537
-1.872
-6.680
-3.519
-5.956
-7.429
-2.626
-4.989
-6.627
-6.652
-0.955
-1.503
-8.875
-10.034
-1.297
-6.335
-4.234
-7.565
-2.469
-4.451
-8.365
-5.842
-0.713
-3.404
-4.068
-7.291
-2.139
-6.382
-5.047
-4.884
-2.877
-5.296
-7.522
-6.488
-2.707
-5.994
-3.991
-7.400
-2.602
-6.398
-7.410
-7.816
-3.053
-4.045
-6.206
-5.890
-5.445
-3.678
-6.280
-6.018
-6.611
-4.435
-9.342
-3.874
-4.430
-1.434
-5.903
-3.651
-6.714
-1.530
-7.560
-6.017
-6.591
-1.658
-6.962
-5.428
-5.736
-2.022
-3.734
-3.655
-6.356
-1.906
-7.260
-2.416
-5.270
-4.066
-8.857
-3.533
-3.872
-3.025
-8.794
-6.971
-6.147
-5.247
-2.862
-8.600
-0.870
-10.096
-0.855
-3.752
-4.320
-7.896
-0.420
-8.696
-2.960
-10.650
-2.725
-6.303
-1.992
-9.949
-1.130
-6.086
-3.949
-7.807
-1.675
-4.957
-0.992
-9.354
-0.317
-6.653
-2.661
-9.267
2.177
-4.537
-1.020
-11.295
-5.004
-7.739
-2.057
-9.929
-3.131
-5.573
-3.437
-6.238
-1.961
-4.467
-8.023
-7.410
-1.329
-3.588
-8.224
-6.496
-2.730
-4.520
-6.580
-7.189
-7.605
-6.210
-8.081
-7.665
-2.369
-3.060
-9.255
-6.685
-2.100
-4.599
-9.805
-2.627
-2.915
-0.399
-6.323
-3.939
-4.708
-4.307
-7.339
-7.195
-1.553
-4.738
-8.110
-6.598
-4.390
-6.216
-8.236
-7.888
-7.852
-3.213
-4.880
-1.079
-3.316
1.404
-6.292
-2.313
-6.531
-1.510
-7.717
-3.474
-8.749
-1.546
-9.033
-2.104
-9.422
-4.643
-8.954
-1.980
-3.811
-0.220
-6.160
-3.058
-3.945
-4.157
-5.746
1.040
-1.796
-2.443
-6.049
-3.529
-4.097
-4.938
-8.562
-4.809
-6.973
-1.554
-5.167
-3.606
-8.810
-4.697
-7.711
-3.370
-8.371
-5.043
-9.955
-6.431
-4.515
-3.234
-7.978
-4.738
-7.878
-5.054
-9.736
-3.531
-9.774
-4.670
-6.354
-6.083
-3.685
-4.732
-3.661
-5.669
-2.003
-0.672
-2.815
-4.335
-4.778
-2.733
-2.771
-4.212
-1.449
-2.834
-3.770
-1.734
-2.480
-3.152
-4.658
-2.504
-1.397
-3.553
-4.847
-3.928
-6.188
-2.599
-6.882
-5.472
-4.693
-3.501
-3.577
-4.505
-4.155
-1.584
-4.747
-4.410
-3.686
-1.701
-7.187
-6.875
-4.402
-4.356
-6.768
-5.367
-6.217
-1.081
-1.509
-4.262
-3.951
-4.938
-5.865
-4.752
-3.894
-4.955
-5.713
-2.598
-3.712
-5.088
-1.336
-0.687
