-8.269
-5.679
-5.979
-6.928
-6.996
-7.286
-7.565
-8.007
-8.257
-7.674
-11.085
-7.795
-8.458
-9.135
-9.332
-7.603
-9.299
-5.317
-4.862
-4.644
-7.726
-7.694
-9.932
-5.524
-10.482
-7.538
-8.870
-7.026
-6.328
-5.728
-13.164
-7.658
-6.984
-2.719
-12.894
-7.772
-6.603
-6.019
-7.537
-6.551
-2.611
-1.294
-0.930
-7.545
-4.193
-6.412
-2.806
-6.460
-4.106
-5.964
-4.697
-5.214
-6.796
-5.094
-6.702
-8.786
-4.293
-6.095
-5.522
-9.941
-2.990
-6.713
-2.838
-6.702
-3.218
-6.520
-4.978
-6.426
-2.944
-5.467
-0.924
-3.831
-1.754
-3.748
-2.681
-6.071
-3.487
-7.373
0.615
-0.529
-3.749
-8.877
-6.651
-4.584
-1.914
-6.281
-1.377
-3.983
-1.481
-7.039
-6.583
-7.155
-1.695
-8.603
-6.817
-10.529
-3.627
-6.771
-4.491
-7.958
-1.324
-8.599
-1.738
-6.363
-0.760
-7.938
-3.955
-6.023
-5.972
-12.122
-10.677
-4.364
-1.838
-8.887
-6.236
-7.363
-3.126
-7.308
-2.204
-3.551
-1.269
-8.096
-5.480
-6.746
2.299
-7.944
-4.096
-12.097
1.153
-8.646
-4.380
-11.688
-1.535
-8.526
-6.146
-8.454
-0.242
-6.825
-2.671
-8.817
-0.186
-6.709
-1.516
-8.744
2.079
-9.723
-6.908
-11.236
-1.003
-12.331
-9.619
-9.400
-5.898
-8.418
-7.421
-9.030
-0.581
-8.055
-0.485
-6.839
3.805
-6.595
-4.698
-8.285
3.019
-4.794
-1.356
-4.593
3.857
-7.614
-2.649
-9.336
6.881
-6.156
-4.578
-8.238
4.436
-6.941
-7.451
-6.434
5.005
-5.322
-3.747
-7.995
6.039
-3.132
-2.193
-6.620
2.564
-6.432
-6.841
-5.680
4.472
-5.299
-5.383
-6.628
7.414
-4.216
-2.856
-11.190
-5.693
-0.294
-1.718
-2.865
-7.579
-5.379
-5.288
-2.364
-5.639
-2.353
-2.669
-5.338
-6.494
-3.918
-8.121
-3.088
-3.769
-3.861
-2.954
0.927
-5.119
-1.218
-2.800
-1.601
-4.471
-6.094
-6.115
-0.751
-7.848
-5.731
-5.076
-1.770
-3.269
-3.688
-3.919
-3.264
-7.725
-4.650
-4.350
-3.532
-6.953
-5.856
-8.084
-8.633
-2.792
-3.241
-6.427
-3.432
-2.211
-2.434
-7.768
-3.705
-0.233
2.198
-1.673
-0.425
-4.820
-6.571
-5.497
-3.764
-1.980
-2.161
-7.787
-3.678
-3.513
-2.434
-5.416
-3.478
-3.064
-3.486
-7.947
-4.306
-7.054
-5.746
-6.351
-8.639
-3.002
-3.160
-4.110
-3.992
-6.886
-6.614
-0.640
-1.951
-2.138
-2.296
1.325
-1.115
-3.576
-1.940
-0.984
-4.668
-3.311
-5.303
0.657
-0.015
-3.619
-3.858
-0.901
-1.296
-5.050
-5.614
-0.162
-1.834
-4.027
-4.293
-4.440
-1.933
-5.170
-5.339
-1.791
-3.070
-6.694
-7.602
-3.458
-6.012
-4.608
-2.886
-3.138
-1.357
-5.442
-7.297
-4.600
-0.757
-3.210
-4.072
-3.094
0.740
-4.200
-3.641
-3.779
-1.129
-5.304
-7.062
-5.624
-1.780
-5.553
-6.919
-5.196
-1.104
-5.379
-7.612
-5.166
-1.975
-4.942
-4.199
-1.411
0.212
-3.624
-7.452
-4.443
-0.849
-5.660
-6.158
-3.880
-1.982
-8.708
-8.416
-5.904
-3.081
5.490
0.344
-1.210
0.731
8.195
3.229
-2.534
-0.645
7.406
0.014
-4.465
-1.494
3.532
-3.991
-5.010
-1.338
6.427
2.835
-0.195
3.659
6.154
1.328
-1.762
-0.970
3.710
-1.113
-3.286
-0.050
3.957
0.559
-4.586
-3.794
4.694
1.552
-3.618
0.558
0.880
-2.451
-9.862
-6.235
-6.052
-7.483
-9.689
-5.341
-9.299
-9.226
-6.210
-9.238
-9.784
-3.429
-8.020
-10.190
-5.999
-10.956
-9.568
-7.467
-11.171
-10.486
-3.561
-6.997
-7.697
-6.260
-8.553
-7.609
-7.170
-9.604
-8.423
-4.414
-10.660
-12.507
-2.373
-3.267
-8.293
1.542
-1.426
-10.906
-0.174
-3.357
-8.520
0.913
-2.700
-9.692
-5.059
-7.075
-9.789
-1.892
-2.738
-7.258
-1.345
-4.349
-7.398
-1.528
-4.504
-9.126
-1.435
-2.307
-12.338
0.645
0.152
-10.629
3.791
-2.202
-9.653
-3.622
-5.977
-8.527
-2.092
-5.146
-8.966
0.574
-2.309
-7.445
-3.676
-5.309
-9.848
-1.628
1.258
-6.737
-3.632
-7.289
-10.747
-9.358
-6.198
-2.909
-0.435
-1.646
-9.482
0.402
-1.936
-6.638
-1.199
-2.579
-5.261
0.666
0.298
-3.041
-0.789
-2.853
-0.409
0.920
-0.541
-3.779
-0.251
-0.701
0.288
-3.487
-2.840
-7.355
-0.611
-1.474
-5.921
0.372
-4.371
-5.273
2.022
0.719
-1.956
2.198
-2.143
-2.201
-5.953
-7.163
-0.650
-4.475
-8.098
-2.748
-8.229
-7.463
-1.854
-1.685
-5.749
-1.344
-4.007
-7.422
-1.817
-2.624
-9.748
-2.980
-1.254
-9.359
-3.295
-0.597
-8.318
-1.534
-4.490
-5.781
-1.222
-7.566
-5.195
-3.083
-0.975
-0.343
-1.787
2.546
-1.565
-3.972
1.905
-2.161
-0.984
0.125
-2.072
-3.653
2.437
0.369
-0.971
-1.091
-2.684
-5.025
0.927
1.379
-0.506
-3.280
1.742
1.853
0.702
-1.192
-0.298
-3.399
0.425
-1.732
-5.144
-6.417
-6.669
-7.507
-6.198
-7.999
-4.412
-5.304
-9.186
-9.469
-8.773
-7.353
-6.011
-6.623
-8.323
-7.066
-5.593
-6.062
-6.122
-5.381
-6.137
-3.935
-7.398
-7.796
-6.384
-9.362
-6.463
-6.982
-7.152
-8.193
-4.713
-3.050
-6.213
-8.109
-5.065
-3.735
0.117
-2.785
-5.603
-4.111
-4.976
-5.490
-7.026
-9.321
-5.818
-7.834
-4.446
-6.637
-5.281
-6.970
-6.188
-4.771
-5.781
-2.289
-7.794
-8.625
-5.361
-7.884
-4.323
-8.596
-7.457
-5.022
-9.184
-3.433
-5.951
-7.804
-4.034
-6.306
-3.839
-6.157
-6.792
-6.847
-7.971
-4.431
-8.810
-8.138
-6.509
-7.767
-5.119
-10.689
-7.684
-4.308
-7.017
-3.975
-6.208
-6.411
-5.475
-8.107
-2.418
-8.408
-7.225
-7.444
-6.501
-3.253
-9.369
-11.646
-6.392
-6.780
-5.951
-11.206
-6.801
-1.888
-2.520
-6.434
-4.709
-6.845
-4.828
-7.981
-9.674
-0.138
-8.224
-9.053
-8.338
-8.785
-1.648
-8.531
-6.075
-7.961
-11.990
-3.590
-4.035
-6.573
-5.658
-8.566
-1.306
-7.127
-6.127
-6.397
-9.354
0.662
-6.654
-3.714
-5.434
-5.434
-0.948
-8.973
-5.099
-6.630
-9.141
-2.261
-6.823
-3.300
-4.526
-6.848
-1.797
-10.208
-6.879
-5.289
-9.117
-6.194
-6.914
-3.956
-6.449
-3.378
-2.879
-6.797
-3.083
-3.882
-3.212
-3.979
-5.699
-1.835
-5.117
-1.829
-3.974
-7.976
-4.018
-5.342
-4.907
-0.825
-4.041
-5.118
-5.242
-5.503
-2.582
-4.100
-1.544
-4.451
-2.408
-2.612
-6.481
-5.004
-5.861
-9.566
-7.824
-6.433
-3.822
-6.153
-4.172
-1.572
-5.910
-4.733
-5.141
-6.294
-3.587
-3.455
-3.223
-3.789
-2.758
-0.871
-7.380
-11.391
-6.826
-6.311
-10.592
-6.861
-9.131
-5.818
-6.257
-13.074
-4.012
-6.406
-4.724
-2.398
-7.667
-6.611
-9.304
-7.997
-8.832
-11.093
-3.239
-4.823
-0.870
-3.316
-7.694
-6.067
-5.352
-4.927
-5.340
-7.727
-5.413
-2.643
-2.774
-5.340
-7.496
-5.156
-7.380
-6.952
-5.630
-9.235
-8.523
-9.690
-6.963
-7.299
-11.347
-6.189
-8.669
-6.161
-5.654
-11.617
0.291
0.587
-5.915
2.256
-5.938
2.098
-0.018
-8.164
-2.241
-7.367
1.143
1.264
-5.266
-0.569
-6.086
-1.924
-2.445
-8.053
-0.203
-7.394
-2.483
-0.284
-8.653
2.218
-4.006
1.507
0.853
-7.247
0.656
-7.585
2.547
0.766
-7.245
0.300
-6.282
-3.140
1.537
-2.994
-0.451
-4.652
2.630
-0.830
-7.412
-0.948
-6.127
0.435
1.058
-6.310
1.040
-1.329
-8.654
-7.877
-11.693
-0.194
-3.146
-8.122
-8.068
-9.277
-2.056
-3.397
-9.357
-6.064
-10.724
-3.993
-1.789
-9.258
-9.425
-12.463
-4.336
-3.492
-8.597
-5.395
-10.924
-0.310
-4.540
-6.970
-8.387
-10.471
-3.670
-3.710
-8.108
-5.315
-9.450
-3.858
-2.355
-5.919
-5.205
-7.980
1.729
-5.303
-7.439
-6.875
-10.110
-3.301
-3.681
-9.071
-10.015
-12.983
-5.211
-10.241
-0.841
-2.476
-6.867
-6.764
-10.092
1.280
-1.048
-7.641
-4.495
-10.577
0.063
-3.134
-8.814
-5.952
-9.227
-0.857
-2.074
-9.769
-6.407
-9.265
0.992
-1.628
-11.680
-4.657
-10.279
0.373
-4.546
-8.078
-5.037
-11.638
0.156
1.862
-3.747
-4.669
-5.868
-1.499
-0.748
-8.107
-5.219
-9.499
-2.244
-2.743
-9.611
-6.537
-10.246
-1.147
-0.002
-6.805
-5.235
-7.750
-6.059
-0.891
-5.654
-5.072
-2.047
-1.553
0.751
-8.406
-5.187
-7.018
-4.357
0.490
-8.173
-5.307
-3.756
-2.858
-0.964
-6.946
-4.813
-7.622
-1.164
-1.917
-5.810
-2.601
-2.758
-0.686
2.228
-7.583
-3.852
-4.713
-3.231
0.655
-6.772
-4.453
-4.645
0.184
-2.099
-9.596
-4.479
-7.067
-4.295
-5.066
-11.166
-6.118
-6.480
-3.277
-4.493
-10.190
-4.685
-7.717
-3.185
7.086
-0.068
-5.300
-8.502
-1.240
7.200
0.435
-5.223
-5.667
-1.324
6.500
-0.007
-6.214
-7.256
-1.739
6.702
2.021
-5.092
-5.345
-1.330
6.328
-1.776
-4.808
-9.183
0.755
5.157
-2.870
-6.277
-8.631
0.479
1.921
-4.186
-4.348
-6.201
-1.038
6.739
-3.323
-4.407
-9.048
-3.360
5.168
-2.798
-4.972
-8.885
-5.881
3.725
-1.764
-6.869
-8.739
-5.118
-6.101
-5.128
-5.238
-9.397
-9.117
-2.069
-9.057
-7.238
-3.507
-10.060
-6.144
-9.524
-8.603
-6.437
-6.128
-7.483
-6.794
-8.932
-4.854
-4.552
-5.941
-4.758
-6.069
-8.261
-7.155
-6.720
-4.992
-7.267
-7.208
-13.594
-7.257
-4.811
-15.298
-8.621
-8.416
-13.159
-7.471
-5.133
-12.601
-6.584
-5.070
-13.889
-8.462
-5.107
-12.052
-7.583
-5.932
-13.853
-9.169
-4.084
-14.927
-10.733
-7.132
-15.067
-6.952
-6.885
-12.640
-4.982
-2.413
-7.351
-11.580
-4.790
-7.255
-12.707
-7.962
-5.830
-9.627
-5.038
-4.325
-9.101
-4.506
-7.164
-6.806
-5.684
-3.346
-10.043
-5.819
-5.698
-11.132
-6.713
-6.503
-9.298
-6.109
-7.312
-11.585
-8.260
-6.394
-10.818
-7.641
-1.341
-3.504
-9.739
-2.215
-3.795
-8.584
-3.795
-3.624
-8.925
0.838
-5.096
-7.962
-1.774
-3.150
-9.839
-0.934
-1.408
-6.820
-1.892
-1.885
-8.315
-0.480
-2.856
-9.380
-1.557
0.077
-7.756
0.712
-2.251
-7.696
-6.518
-4.400
-6.104
-4.404
-2.123
-6.997
-1.255
-3.094
-7.670
-4.087
-6.714
-8.812
-5.700
-3.344
-4.799
-1.459
-5.493
-7.711
-5.085
-3.525
-3.105
-4.276
-3.126
-3.124
-4.593
-4.549
-6.286
-7.394
-1.928
-6.442
-5.788
-4.005
-5.710
-3.357
-3.529
-5.301
-5.346
-1.784
-6.328
-5.834
-2.210
-7.468
-3.073
-3.737
-8.394
-4.085
-3.234
-8.135
-5.389
1.066
-7.642
-5.794
1.198
-8.350
-6.160
-2.685
-7.876
-1.464
-0.916
-7.614
