-7.899
-1.306
-5.074
-3.058
-6.358
-3.843
-7.063
-3.221
-7.142
-2.596
-9.783
-3.228
-7.981
-4.915
-8.381
-3.545
-8.141
-2.227
-4.493
-2.474
-6.170
0.244
-9.333
3.311
-10.259
2.706
-8.563
2.413
-4.464
1.767
-13.001
2.706
-5.505
5.483
-11.577
1.679
-5.613
1.446
-7.033
2.705
-2.713
5.443
0.706
2.046
-2.661
2.549
-1.212
3.141
-3.517
2.137
-4.062
2.515
-4.799
1.202
-3.477
-2.447
-1.671
2.037
-3.498
-1.641
4.041
-3.921
3.709
-4.150
4.852
-4.243
3.134
-5.176
4.250
-3.537
6.117
-1.008
5.409
-1.893
5.507
-3.468
3.847
-5.126
5.535
1.246
-2.809
-9.391
-6.834
-4.100
1.051
-7.205
-1.954
-3.027
0.103
-8.159
-7.066
-4.809
0.121
-8.214
-6.510
-7.845
-1.885
-7.624
-4.812
-6.015
1.036
-9.136
-1.437
-6.697
1.098
-8.792
-3.855
-4.929
-3.492
-12.624
-10.440
-4.740
-0.622
-9.983
-6.116
-6.381
-1.223
-8.579
-2.489
-3.918
1.682
-7.511
-4.936
-4.339
3.650
-8.600
-4.131
-9.366
3.729
-8.860
-3.991
-7.779
2.296
-8.645
-5.054
-6.246
3.793
-6.205
-2.458
-7.291
4.255
-6.160
-0.736
-5.754
4.152
-10.093
-6.640
-9.859
2.092
-11.776
-9.486
-7.427
-1.695
-7.983
-7.156
-8.233
3.023
-7.749
0.149
-6.501
4.173
-6.804
-4.271
-6.845
4.919
-4.825
-0.451
-4.333
5.140
-7.770
-1.768
-8.424
5.731
-7.099
-4.512
-6.979
3.632
-7.316
-6.462
-5.547
4.484
-4.668
-2.604
-5.608
5.016
-3.631
-1.675
-5.565
-0.094
-6.389
-7.064
-4.773
4.312
-5.871
-5.463
-5.371
3.917
-4.922
-2.511
-8.329
-3.058
-0.154
-2.104
3.095
-6.950
-5.318
-6.181
1.682
-5.777
-1.900
-3.600
0.196
-5.265
-3.892
-8.504
2.794
-2.869
-4.097
-3.450
6.471
-3.968
-1.480
-3.673
4.080
-4.084
-6.057
-6.301
3.642
-5.949
-5.265
-5.629
3.821
-1.230
-3.335
-4.273
1.943
-6.343
-4.476
-4.981
2.439
-5.756
-1.976
-8.037
-9.008
-2.395
-3.002
-5.046
-3.896
-0.700
0.431
-7.703
-4.426
0.825
3.805
-1.893
-0.885
-4.372
-3.958
-5.437
-4.142
-1.237
-0.131
-7.008
-4.224
-2.335
0.522
-5.523
-4.240
-2.254
-1.735
-6.534
-5.172
-6.308
-2.088
-7.612
-8.751
-1.918
0.723
-3.745
-3.866
-6.104
-6.000
3.154
-0.730
-0.021
-1.462
3.799
-0.739
-3.248
-1.589
2.163
-4.074
-1.858
-5.093
3.278
1.099
-1.982
-2.838
3.028
-0.081
-3.812
-5.492
3.886
-0.679
-2.521
-3.597
-2.270
-1.886
-5.766
-5.876
2.254
-2.415
-6.528
-7.171
0.300
-4.766
-2.792
-1.654
-0.074
-0.606
-3.596
-4.906
-3.439
-1.137
-1.921
-2.415
-1.579
0.784
-1.739
-1.342
-3.318
-1.487
-3.069
-4.824
-4.768
-2.399
-4.688
-5.245
-4.443
-1.498
-4.280
-5.513
-3.726
-2.548
-4.149
-1.986
-0.203
0.865
-2.921
-5.973
-3.077
-1.401
-4.475
-3.862
-3.763
-2.035
-8.460
-6.935
-4.480
-2.888
5.240
1.101
0.335
0.288
6.426
2.817
-2.001
-0.985
5.308
-0.824
-4.005
-2.146
2.577
-4.058
-5.096
-2.256
5.023
3.025
-0.482
3.276
4.262
0.855
-1.323
-1.238
2.179
-1.859
-3.301
-0.359
2.364
-0.256
-3.414
-4.583
4.156
2.055
-3.423
-0.438
-1.505
-2.972
-8.559
-7.316
-5.395
-7.024
-9.362
-3.614
-8.479
-8.834
-5.573
-8.446
-9.840
-3.907
-6.790
-10.802
-5.297
-10.042
-9.087
-6.537
-10.356
-10.440
-2.354
-6.321
-7.966
-4.907
-7.776
-7.387
-5.001
-9.028
-8.244
-3.407
-10.072
-11.978
1.558
-2.490
-7.756
5.165
-0.027
-10.600
2.513
-2.648
-7.808
4.953
-1.518
-9.664
-0.671
-5.997
-9.323
2.704
-1.546
-7.089
2.146
-3.391
-7.020
2.674
-3.484
-8.884
3.042
-1.039
-12.133
4.905
0.997
-10.274
6.004
-1.505
-9.295
2.670
-5.325
-8.295
3.255
-4.178
-9.490
5.242
-1.452
-7.655
2.390
-5.047
-9.631
5.329
1.309
-6.603
1.258
-6.380
-10.529
-3.001
-6.284
-2.537
4.863
-0.977
-9.497
5.956
-0.817
-6.698
5.486
-2.881
-2.701
5.229
0.395
-1.021
6.226
-3.118
1.108
6.045
-0.818
-1.417
4.752
-1.076
1.521
2.531
-3.226
-3.835
5.900
-2.211
-4.545
5.824
-4.829
-0.391
6.216
0.416
-0.497
7.045
-2.020
-0.506
-4.073
-7.185
5.585
-2.847
-8.127
4.852
-4.471
-7.388
5.705
0.648
-6.019
5.686
-2.624
-7.708
4.863
-1.352
-9.663
3.359
-0.704
-9.599
3.410
-0.113
-8.432
3.921
-2.267
-5.320
5.243
-4.218
-4.773
4.130
4.665
-1.033
-0.658
6.789
-2.030
-0.922
6.796
-2.640
1.493
5.048
-2.803
-1.535
5.303
0.012
-0.877
2.742
-2.985
-3.112
4.841
0.984
1.176
3.271
1.091
2.203
4.109
-1.887
0.271
1.959
-0.011
0.458
-5.360
-2.393
-7.164
-5.461
-3.170
-6.812
-2.356
-5.691
-6.921
-6.296
-8.352
-4.163
-5.576
-5.958
-5.116
-6.515
-2.867
-6.322
-5.323
-3.480
-5.485
-3.678
-7.157
-7.033
-2.806
-9.220
-3.854
-6.969
-6.073
-4.311
-4.166
-0.904
-5.946
-5.446
-1.092
-3.118
1.232
-2.902
-4.397
-1.191
-4.402
-3.222
-7.012
-6.868
-2.776
-6.883
-2.621
-6.135
-4.729
-3.568
-5.523
-1.184
-4.812
7.158
-5.673
-8.207
-1.778
-7.394
5.754
-7.493
-6.824
-1.014
-8.418
6.376
-5.415
-7.447
-0.204
-5.821
6.412
-5.566
-6.163
-1.783
-7.357
5.833
-7.486
-7.980
-2.493
-7.375
6.753
-9.558
-7.399
0.349
-6.338
6.065
-5.053
-6.156
-0.429
-7.051
7.211
-6.938
-6.838
-3.434
-5.769
6.363
-7.787
-10.899
-3.922
-6.246
2.386
-10.196
-6.377
-1.576
-2.824
-5.349
2.341
-5.526
-3.594
-7.172
-7.639
4.047
-6.748
-8.319
-8.272
-8.495
1.687
-8.258
-6.643
-7.261
-10.239
3.371
-3.283
-5.528
-5.375
-7.659
4.992
-6.603
-5.231
-5.926
-8.618
5.170
-6.123
-2.231
-5.071
-4.745
5.689
-8.121
-4.354
-6.063
-7.204
3.039
-5.755
-4.057
-4.621
-6.259
4.666
-9.365
-7.207
-4.928
-7.956
2.048
-6.535
5.664
-6.322
0.307
-3.325
-6.599
6.755
-3.268
1.753
-3.656
-5.387
6.150
-4.848
1.242
-3.750
-7.880
4.212
-4.584
-1.893
-0.968
-3.423
3.548
-4.264
-2.445
-2.466
-3.632
5.783
-4.323
1.067
-2.399
-5.481
0.770
-5.494
-4.803
-5.630
-6.221
6.764
-5.226
-0.789
-2.367
-5.679
4.604
-4.139
-1.220
-5.203
-3.204
7.009
-3.389
1.339
-1.236
-5.846
-7.824
-6.753
-4.450
-8.434
-6.140
-7.196
-6.421
-5.633
-10.718
-4.021
-0.799
-4.780
0.071
-6.367
-5.952
-5.412
-8.413
-6.294
-9.562
-2.836
-1.575
-1.242
-1.018
-7.040
-5.879
-1.609
-5.844
-3.390
-6.070
-5.232
0.143
-2.787
-2.089
-4.870
-5.039
-3.499
-7.263
-2.257
-7.947
-7.819
-6.598
-6.708
-5.579
-10.250
-5.554
-4.561
-6.730
-3.034
-9.903
0.733
6.361
-5.911
1.910
-6.174
1.067
4.424
-8.295
-2.582
-7.704
-0.500
6.029
-4.997
-1.022
-6.080
-3.718
2.346
-8.218
-0.517
-7.626
-2.921
3.638
-8.448
1.738
-4.049
1.933
5.738
-7.175
0.108
-7.833
4.096
5.484
-7.415
-0.227
-6.697
-4.790
4.909
-2.911
-1.137
-4.502
2.525
4.124
-7.360
-1.502
-6.237
-0.072
5.806
-6.126
0.733
-1.254
-8.234
-6.325
-12.101
-0.297
-3.671
-7.363
-6.490
-9.342
-1.875
-3.939
-8.666
-5.198
-10.701
-3.843
-2.186
-9.185
-9.267
-12.294
-3.835
-3.766
-8.412
-4.068
-11.238
-0.409
-4.789
-7.624
-7.593
-10.516
-3.550
-4.137
-7.563
-4.960
-9.340
-4.060
-2.575
-5.495
-4.227
-8.491
2.005
-5.655
-8.200
-6.733
-10.035
-3.176
-3.767
-7.758
-9.434
-13.145
-5.173
-10.868
5.364
-0.927
-6.819
-7.045
-10.682
6.792
-0.055
-7.998
-5.112
-10.954
4.883
-2.048
-9.085
-6.175
-9.845
4.677
-0.401
-9.698
-7.262
-9.653
6.333
0.527
-12.019
-5.360
-10.813
5.266
-3.585
-8.207
-5.413
-11.901
5.971
2.422
-4.053
-4.892
-5.949
4.386
0.879
-8.056
-5.396
-9.790
1.708
-2.102
-9.829
-6.964
-10.698
4.459
1.617
-6.827
-5.624
-8.392
-6.669
1.363
-5.727
-5.517
-2.377
0.735
4.172
-8.595
-5.926
-7.782
-2.935
3.596
-8.398
-5.924
-3.989
-1.313
3.872
-6.963
-5.488
-7.783
-1.646
2.477
-5.741
-2.817
-2.823
-0.863
4.781
-7.640
-4.331
-4.698
-3.393
4.253
-6.620
-4.710
-4.681
-0.349
2.131
-10.009
-5.181
-7.503
-4.044
-0.113
-11.126
-6.366
-6.720
-2.492
1.897
-10.631
-5.165
-7.925
-0.268
5.882
-0.034
-5.982
-8.846
-1.237
5.329
0.199
-5.869
-5.936
-0.255
5.837
-0.027
-6.773
-7.568
-2.347
5.114
2.214
-5.459
-5.736
1.579
4.235
-2.030
-5.364
-9.516
1.174
3.482
-2.855
-6.869
-8.843
2.365
2.740
-4.044
-4.708
-6.718
-0.712
6.614
-3.588
-5.207
-9.209
-2.457
4.345
-3.290
-5.626
-9.082
-4.718
3.362
-1.869
-7.439
-8.970
-5.212
-7.287
-5.077
-4.886
-9.659
-8.811
-2.214
-9.533
-6.818
-3.378
-10.132
-5.515
-9.425
-8.719
-6.492
-6.562
-7.676
-6.552
-8.290
-5.674
-4.860
-6.308
-5.263
-6.316
-8.052
-7.095
-5.944
-5.027
-6.652
-6.548
-12.949
-6.926
-4.849
-14.946
-7.926
-8.579
-12.813
-7.042
-4.726
-12.553
-6.264
-4.761
-13.176
-8.198
-5.374
-12.045
-7.061
-5.357
-13.531
-8.969
-3.753
-14.610
-9.658
-6.992
-14.780
-5.962
-6.575
-11.880
-4.562
-2.349
-7.720
-11.454
-3.762
-6.991
-12.647
-6.584
-6.763
-9.550
-4.169
-4.526
-8.606
-3.430
-7.561
-6.126
-4.874
-3.592
-10.254
-4.949
-5.684
-11.182
-5.275
-6.780
-8.954
-5.087
-6.703
-11.292
-7.729
-7.028
-10.791
-6.432
-1.652
-3.561
-9.832
-2.158
-3.452
-8.826
-4.297
-3.601
-9.194
0.575
-4.605
-8.503
-1.916
-3.228
-10.045
-1.165
-1.374
-6.620
-1.955
-1.754
-8.287
-0.538
-2.704
-9.673
-1.849
0.471
-8.006
0.467
-1.890
-7.682
-6.522
-4.782
-6.435
-4.071
-2.798
-6.942
-1.345
-3.655
-7.384
-3.702
-7.167
-8.707
-5.449
-4.209
-5.009
-0.862
-6.135
-7.567
-4.716
-3.934
-3.142
-4.142
-3.765
-3.233
-4.179
-5.124
-6.098
-7.511
-2.242
-6.649
-5.777
-4.071
-6.198
-3.368
-4.080
-5.821
-5.329
-1.766
-6.737
-5.903
-2.361
-7.869
-3.156
-3.574
-8.556
-3.948
-3.473
-8.654
-5.504
1.192
-7.894
-6.032
1.018
-9.015
-6.192
-3.202
-8.096
-1.566
-1.209
-7.712
