-8.270
-6.525
-1.309
-8.602
-2.530
-6.325
-6.569
-5.248
-4.524
-1.751
-4.841
-5.679
-3.401
-2.886
-2.002
-4.047
-5.732
-1.688
-3.890
-2.839
-1.136
-1.896
-2.873
-2.197
-2.463
-0.909
0.316
-1.224
-2.283
-1.067
3.628
4.084
4.102
5.238
4.787
2.442
1.538
5.489
3.281
3.571
-5.973
0.220
-7.189
-4.026
1.731
-5.016
-5.026
0.996
-4.199
-5.096
1.502
-4.696
-5.509
0.880
-6.516
-5.369
1.109
-3.600
-5.535
-0.413
-3.990
-3.198
0.130
-3.597
-2.392
-2.151
-5.016
-2.892
-2.504
-6.997
-0.040
-2.466
-5.324
1.010
-0.654
-5.214
-1.961
-3.775
-4.399
2.036
-4.389
-2.565
-2.525
-3.867
-1.544
-3.529
-0.366
-2.138
-5.273
-4.334
-1.884
3.344
-1.699
-4.224
-0.388
-0.393
-3.192
-0.533
-1.820
-5.684
-6.393
-5.062
-5.843
-9.003
-4.404
-9.192
-8.026
-7.762
-6.583
-7.775
-3.233
-9.389
-6.807
-3.833
-7.549
-6.162
-4.297
-6.728
-9.921
-7.098
-7.504
-7.084
-5.135
-8.345
-9.523
-4.311
-10.187
-5.444
-3.628
-7.215
-10.299
-12.075
-8.074
-6.353
-5.864
-4.502
-9.586
-9.545
-6.862
-6.349
-9.489
-6.182
-4.461
-8.151
-5.443
-7.388
-11.038
-6.360
-4.558
-7.548
-3.574
-7.148
-8.420
-6.664
-6.947
-8.887
-6.207
-5.409
-10.174
-7.359
0.197
-3.223
2.215
1.742
-3.994
3.440
2.513
-2.866
-2.260
-0.331
-4.216
-1.064
2.645
-0.876
2.213
0.460
-2.420
0.665
3.378
-1.473
3.226
-1.959
-5.286
1.495
0.038
-6.199
1.808
0.810
-5.318
0.124
-1.965
-2.743
2.268
-3.109
-3.959
1.740
-3.996
-6.276
3.382
-2.294
-3.490
2.686
-3.089
-4.972
4.824
-1.699
-1.596
2.770
-1.656
-3.772
5.183
-0.806
-2.435
2.422
-1.950
0.115
1.564
-4.316
-3.714
3.830
-1.154
-5.387
-3.143
0.956
-3.256
-3.425
1.285
-4.006
-1.023
-0.177
-1.662
-1.122
0.012
-4.170
-2.930
-0.308
-5.307
-5.081
-0.035
-6.411
-5.839
0.802
-1.338
0.947
-0.867
-6.336
-4.408
-0.265
-7.263
-4.722
4.715
-3.559
-0.998
4.405
-1.279
0.136
2.684
-2.896
-2.722
-0.647
-2.520
-3.520
2.561
-0.713
-2.177
2.419
-1.138
-3.403
4.948
-0.021
-1.925
1.730
-0.061
-1.245
1.341
-4.751
-2.515
2.685
1.482
2.204
1.728
-9.170
0.052
-10.741
-1.241
-6.236
1.649
-6.104
-0.841
-3.471
0.444
-6.785
1.544
-6.844
1.576
-7.364
0.688
-8.856
0.220
-9.319
-1.496
-6.508
3.251
-9.528
-0.276
-11.828
0.758
-8.898
-1.424
-8.592
-1.239
-9.517
0.438
-9.148
-0.346
-8.092
-3.650
-9.654
-3.767
-10.541
-8.640
-7.663
-6.741
-7.992
-7.885
-6.543
-5.567
-6.228
-5.928
-7.702
-6.101
-4.587
-5.812
-9.203
-7.342
-5.630
-7.796
-8.434
-6.265
-9.776
-2.533
-1.168
-6.777
-1.466
-6.113
-4.233
-4.480
-3.496
-5.768
-4.634
-2.829
0.043
-7.087
-1.952
-4.965
-0.302
-3.776
-2.324
-8.469
-4.401
-2.276
-4.496
-1.431
-1.031
-3.477
-2.227
0.101
-0.203
1.271
-5.362
0.067
-0.436
-1.676
-0.330
-2.948
-4.050
-3.899
-4.415
-3.158
-2.548
-2.051
-3.646
-0.768
-2.438
-3.884
0.438
-1.343
-4.689
-0.650
-4.951
-4.922
-3.882
0.149
-0.751
-2.568
-4.308
-4.216
-1.244
-0.017
-3.095
-7.027
-2.228
-4.777
-5.661
-6.436
-8.137
-7.776
-7.486
-6.316
-4.966
-4.620
-3.583
-7.695
-6.916
-7.456
-6.648
-6.145
-6.579
-9.140
-5.051
-7.308
-5.654
-3.529
-5.725
-6.880
-9.073
-8.210
-5.576
-4.487
-3.521
-4.754
-4.366
-4.883
-5.491
-5.710
-4.131
-4.494
-3.841
-7.636
-2.660
-8.718
-8.746
-5.690
-8.042
-6.887
-6.733
-5.999
-9.550
-7.318
-4.656
-2.319
-8.109
-7.201
-3.682
-4.588
-8.420
-4.133
-3.825
-0.386
-5.279
-5.296
-7.340
-5.752
-6.384
-4.593
-2.374
-3.853
-6.586
-5.338
-6.476
-1.381
-8.123
-5.681
-8.272
-5.483
-10.749
-6.211
-2.935
-3.407
-6.362
-1.634
-0.368
-3.025
-4.618
-2.863
-4.713
-5.345
-3.210
-4.700
-6.951
-6.131
-9.267
-3.615
-4.223
-4.038
-6.393
-4.892
-3.615
-6.859
-5.336
-0.826
-2.027
-5.577
-4.675
-3.917
-2.448
-5.303
-5.100
-3.317
-4.852
-7.954
-5.064
-1.359
-2.795
-6.228
-3.762
-5.238
-2.980
-5.696
-4.140
-4.445
-1.274
-2.979
-4.588
-4.451
-0.825
-2.651
-0.152
-9.112
-3.609
-2.610
-4.367
-7.719
-4.218
-2.855
-5.280
-4.917
-1.608
1.108
-2.963
-7.691
-4.637
-5.136
-4.747
-9.644
-2.464
-4.354
-4.887
-6.346
-2.700
-2.453
-4.111
-4.402
-1.769
-2.556
-3.717
-7.108
-4.502
-4.749
-4.010
-2.615
-1.188
-4.181
-2.325
-2.569
0.874
-1.161
-2.726
-2.105
-4.017
-5.037
-3.969
-1.836
-2.521
-3.839
-5.146
-0.817
-2.218
-1.048
-3.325
-4.087
-1.913
-3.861
-4.378
-1.773
-1.735
-1.725
-5.639
-5.240
-5.560
-3.786
-5.456
-5.397
-5.018
-1.174
-7.693
-0.680
-3.016
-2.502
-3.871
-5.333
-1.915
-8.361
-6.325
-6.529
-7.276
-8.592
-9.434
-8.418
-4.358
-8.723
-7.410
-1.761
-2.383
-7.077
-9.051
-7.511
-0.874
-7.433
-4.950
-5.981
-0.219
-6.336
-4.927
-5.379
-4.571
-8.982
-9.298
-4.109
-4.794
-7.660
-7.448
-8.437
-1.619
-8.285
-6.605
-9.118
-3.326
-6.637
-3.542
-5.679
-7.559
-3.117
-5.022
-5.964
-6.663
-1.187
-1.418
-7.421
-10.107
-1.773
-6.683
-3.114
-7.715
-3.347
-4.300
-7.085
-5.833
-1.043
-3.563
-3.514
-7.445
-2.777
-6.424
-4.186
-5.104
-3.216
-5.785
-6.474
-6.552
-3.088
-5.923
-2.360
-7.518
-3.258
-6.930
-5.306
-7.831
-3.689
-4.305
-7.915
-3.378
-5.098
-3.664
-8.673
-4.021
-6.087
-4.244
-9.783
-1.731
-4.242
-1.539
-7.812
-1.660
-6.628
-1.923
-7.973
-4.127
-6.374
-1.537
-7.686
-3.368
-5.422
-2.009
-4.537
-0.385
-6.256
-2.120
-6.724
-1.937
-5.038
-4.230
-8.981
-1.706
-3.825
-3.105
-10.754
-5.631
-6.039
-4.889
-0.009
-9.125
-1.462
-10.535
0.475
-3.801
-4.512
-8.427
2.496
-9.357
-3.602
-11.091
-0.383
-6.704
-2.064
-10.522
1.042
-6.297
-4.346
-7.932
0.433
-5.248
-1.623
-9.773
0.920
-6.876
-3.330
-9.517
3.511
-4.973
-1.461
-11.501
-1.374
-7.780
-2.520
-10.202
-0.896
-5.698
-3.808
-6.491
-3.216
-2.022
-8.240
-7.568
-1.341
-0.216
-8.283
-6.940
-2.888
-2.122
-6.607
-7.373
-8.322
-5.371
-8.154
-7.860
-2.406
-0.770
-9.583
-6.960
-3.131
-1.654
-9.999
-2.804
-1.927
1.679
-6.555
-3.990
-4.246
-1.479
-7.790
-7.459
-2.391
-2.647
-8.179
-6.756
-4.094
-2.717
-8.545
-8.245
-8.157
-3.508
-5.077
-1.857
-3.839
1.059
-6.762
-2.653
-6.887
-1.993
-7.458
-3.677
-9.548
-1.941
-9.282
-2.341
-9.156
-4.568
-9.747
-2.655
-3.607
0.171
-5.280
-2.599
-3.869
-4.354
-5.385
0.778
-1.122
-2.308
-5.651
-3.140
-3.442
-4.713
-8.147
-4.046
-7.079
-1.139
-4.828
-3.467
-8.540
-3.437
-7.524
-2.343
-8.354
-4.130
-9.192
-5.532
-4.593
-2.626
-7.870
-3.599
-7.802
-4.348
-9.491
-2.463
-9.957
-3.826
-6.400
-5.108
-3.831
-4.867
-3.758
-5.880
-2.084
-1.131
-2.643
-4.572
-4.919
-3.180
-2.755
-4.204
-1.326
-2.795
-3.753
-1.957
-2.389
-2.956
-4.889
-2.793
-1.840
-3.774
-5.183
-3.972
-6.252
-2.762
-6.841
-5.725
-4.708
-3.924
-3.945
-4.433
-4.807
-1.668
-5.045
-4.806
-4.062
-2.148
-7.452
-7.150
-4.465
-4.474
-6.640
-5.482
-6.085
-1.778
-1.335
-4.493
-3.931
-5.263
-5.992
-5.000
-3.671
-5.612
-5.285
-3.057
-3.928
-5.373
-1.138
-0.966
