-10.294
-7.762
-3.991
-11.492
-3.817
-8.145
-9.203
-6.226
-6.781
-3.931
-10.554
-7.970
-7.080
-7.523
-5.398
-7.112
-8.369
-8.644
-8.613
-6.753
-2.475
-3.195
-5.106
-1.967
-3.714
-1.324
-1.184
-2.258
-2.692
-2.679
-0.045
2.702
0.532
3.026
0.114
-0.738
-3.462
2.226
-1.133
1.090
-7.445
-1.656
-13.428
-7.693
0.440
-11.709
-8.529
-1.059
-13.052
-10.508
-0.861
-13.157
-10.277
-0.279
-12.105
-9.601
-1.958
-11.988
-7.966
-2.131
-10.557
-6.091
-1.569
-10.100
-6.438
-3.849
-10.853
-7.911
-4.937
-13.840
-6.493
-6.082
-12.435
-4.222
-3.294
-10.624
-8.521
-6.768
-10.739
-3.317
-9.118
-7.284
-8.462
-6.585
-6.778
-8.425
-4.135
-10.086
-10.580
-7.217
-9.860
-3.194
-5.908
-11.363
-7.288
-2.991
-10.544
-6.642
-2.657
-11.811
-10.779
-7.778
-8.478
-13.635
-6.230
-13.155
-11.447
-10.298
-10.493
-12.688
-5.297
-15.040
-11.972
-5.512
-12.438
-10.237
-5.640
-10.244
-14.879
-9.382
-10.117
-11.617
-8.481
-12.151
-15.142
-6.534
-16.058
-9.747
-5.970
-12.740
-14.696
-15.952
-11.175
-9.470
-9.712
-6.214
-13.434
-13.877
-9.879
-10.315
-13.820
-9.204
-10.026
-12.096
-7.675
-11.503
-14.632
-10.516
-9.711
-9.845
-5.038
-10.593
-14.668
-12.311
-10.235
-12.874
-9.685
-10.147
-14.287
-8.707
-1.909
-6.621
1.090
-0.129
-7.186
1.478
0.859
-6.771
-4.100
-1.884
-8.597
-5.422
-1.229
-4.127
0.088
-1.722
-6.809
-1.608
0.987
-5.042
1.341
-3.453
-8.090
-0.788
-2.800
-9.912
-0.396
-0.333
-9.157
-2.242
-5.548
-6.021
-0.247
-4.754
-8.576
-0.953
-5.943
-9.831
0.972
-4.903
-7.033
0.987
-4.625
-9.283
2.397
-3.571
-5.483
1.538
-6.375
-7.495
3.178
-3.886
-4.661
-0.813
-4.124
-2.630
1.270
-6.210
-6.999
3.477
-5.229
-8.126
-6.255
-1.393
-6.254
-4.355
-2.007
-6.304
-3.443
-5.296
-5.634
-2.879
-1.757
-6.883
-4.492
-3.556
-9.850
-7.537
-1.039
-10.984
-6.452
-1.831
-5.023
-2.744
-4.588
-11.568
-7.669
-4.575
-12.338
-8.970
0.454
-7.835
-1.104
-0.382
-4.753
0.241
0.218
-6.354
-5.209
-5.560
-6.175
-3.606
-1.679
-5.372
-2.187
-0.439
-5.042
-3.379
2.009
-3.640
-2.517
-0.536
-3.627
-0.823
-1.434
-8.880
-3.197
-0.217
-1.462
2.690
-1.762
-14.513
-5.301
-14.576
-7.887
-8.650
-1.042
-9.446
-3.075
-5.846
-3.197
-10.272
-3.161
-10.958
-1.347
-11.566
-0.667
-13.146
-3.598
-13.757
-4.083
-10.430
1.099
-14.065
-3.939
-15.297
-2.067
-13.679
-4.510
-12.690
-3.901
-14.493
-2.567
-12.761
-3.665
-12.225
-5.573
-13.792
-4.624
-15.623
-15.867
-12.767
-11.373
-11.606
-14.593
-11.050
-11.820
-9.950
-10.755
-9.922
-11.683
-8.935
-11.910
-11.969
-12.576
-11.085
-14.440
-10.392
-10.716
-14.292
-8.716
-5.723
-10.032
-5.126
-11.093
-7.494
-7.672
-7.722
-9.808
-9.268
-6.359
-5.242
-11.650
-7.273
-10.396
-3.383
-6.783
-6.429
-12.470
-10.815
-3.803
-7.216
-4.954
-4.515
-4.735
-6.853
-2.083
-4.746
-0.473
-10.454
-1.472
-4.926
-1.168
-5.065
-2.918
-8.214
-5.710
-7.466
-4.850
-6.099
-5.381
-9.004
-3.022
-5.220
-8.393
-2.750
-6.393
-7.617
-4.179
-7.869
-7.977
-6.334
-3.237
-4.373
-4.674
-7.512
-7.206
-3.995
-2.470
-7.767
-9.673
-4.356
-7.972
-10.377
-8.527
-11.231
-11.905
-11.202
-8.551
-8.296
-9.031
-8.626
-9.820
-11.773
-10.849
-11.327
-8.442
-10.937
-12.584
-9.418
-8.596
-9.040
-8.781
-11.591
-8.259
-13.713
-13.562
-12.086
-7.632
-7.340
-7.944
-10.576
-6.684
-8.518
-8.738
-9.091
-7.079
-6.056
-9.720
-10.563
-12.270
-9.907
-10.626
-11.434
-10.587
-9.753
-9.812
-15.331
-10.515
-9.505
-3.978
-11.839
-10.638
-6.640
-7.142
-12.060
-6.771
-9.382
-2.445
-12.748
-7.784
-10.607
-8.289
-13.754
-7.710
-6.727
-7.343
-12.523
-8.676
-10.061
-2.207
-13.867
-8.876
-11.041
-9.719
-14.630
-9.177
-4.822
-8.547
-10.677
-4.077
-7.480
-2.737
-7.302
-6.513
-11.713
-6.937
-3.816
-8.227
-10.642
-7.004
-10.048
-7.319
-8.555
-5.680
-7.795
-7.809
-5.795
-7.578
-7.347
-3.862
-6.719
-6.117
-9.084
-7.514
-6.739
-6.420
-6.150
-7.231
-9.020
-9.499
-7.796
-4.360
-8.035
-7.051
-3.867
-9.276
-6.202
-7.487
-8.371
-5.227
-4.328
-3.581
-5.659
-8.733
-4.356
-2.057
-4.232
-11.805
-8.278
-3.340
-6.251
-11.435
-7.945
-2.268
-7.547
-9.112
-5.613
1.050
-4.589
-11.992
-7.353
-4.371
-7.452
-15.113
-6.054
-3.420
-7.937
-9.675
-6.092
-0.733
-5.873
-8.029
-5.541
-1.829
-6.704
-9.720
-8.487
-5.224
-6.524
-6.710
-6.774
-10.327
-5.973
-6.047
-5.194
-5.687
-5.170
-5.286
-7.802
-8.324
-4.073
-5.488
-6.451
-7.984
-6.411
-4.443
-8.121
-5.248
-7.409
-8.351
-7.206
-8.740
-7.264
-5.394
-6.859
-5.654
-8.486
-8.740
-11.411
-5.076
-6.907
-8.269
-9.287
-4.695
-12.507
-3.849
-8.616
-7.256
-7.047
-7.317
-4.992
-10.562
-9.036
-11.364
-12.820
-10.732
-12.440
-13.576
-8.342
-11.178
-10.514
-5.224
-7.964
-9.322
-12.454
-10.990
-4.816
-9.528
-7.676
-11.108
-4.792
-8.026
-7.042
-12.628
-9.965
-11.475
-12.682
-9.473
-10.247
-10.214
-10.368
-13.037
-5.847
-11.011
-9.472
-13.119
-7.321
-8.669
-5.941
-8.750
-9.915
-5.120
-7.501
-7.413
-8.827
-2.958
-3.439
-9.509
-12.878
-3.373
-9.373
-6.140
-10.222
-5.487
-6.209
-10.336
-7.846
-2.587
-5.422
-4.552
-10.103
-5.092
-8.728
-5.560
-7.004
-5.381
-9.063
-9.711
-8.187
-4.816
-8.311
-5.709
-10.238
-5.433
-9.488
-10.084
-9.946
-5.581
-6.101
-10.535
-6.827
-6.679
-6.480
-9.672
-5.676
-7.561
-6.286
-14.323
-6.087
-5.547
-3.751
-11.019
-6.193
-9.106
-4.059
-12.450
-7.635
-8.336
-3.807
-11.037
-6.610
-7.170
-4.241
-6.372
-3.634
-8.431
-4.254
-11.485
-3.386
-7.016
-6.786
-12.931
-4.789
-6.009
-5.364
-12.404
-7.347
-8.241
-7.059
-6.696
-12.227
-3.623
-14.224
-4.300
-6.080
-7.046
-11.694
-5.599
-13.318
-6.253
-14.808
-9.956
-9.999
-4.066
-14.042
-5.630
-9.036
-6.936
-11.312
-8.467
-7.888
-3.357
-13.592
-6.490
-10.304
-4.993
-13.210
-5.281
-8.038
-3.200
-15.203
-11.285
-10.465
-4.638
-13.656
-9.322
-8.462
-6.073
-9.544
-3.686
-9.352
-10.604
-10.807
-3.192
-7.912
-10.213
-10.336
-4.455
-8.241
-8.498
-10.539
-8.890
-10.644
-10.240
-10.764
-4.106
-8.963
-12.378
-9.910
-4.280
-8.216
-12.663
-5.279
-4.358
-4.880
-8.624
-6.641
-6.885
-7.660
-10.208
-10.735
-2.869
-10.300
-10.314
-9.539
-6.793
-11.243
-10.578
-11.908
-12.729
-6.598
-9.327
-5.579
-8.957
-1.260
-11.558
-5.216
-11.616
-4.227
-11.258
-6.933
-14.598
-4.839
-13.469
-4.551
-12.392
-7.382
-14.651
-5.484
-6.321
-2.531
-7.335
-5.632
-7.930
-8.289
-9.155
-1.681
-3.706
-4.743
-8.519
-6.062
-6.887
-7.120
-12.733
-5.338
-11.506
-4.077
-8.378
-6.203
-13.606
-4.194
-12.591
-2.566
-13.544
-4.492
-12.934
-5.886
-9.114
-4.881
-11.504
-3.912
-12.448
-6.001
-14.091
-2.625
-15.940
-4.731
-11.260
-5.945
-6.711
-8.008
-7.060
-9.193
-4.770
-4.207
-4.819
-8.141
-7.771
-6.071
-4.470
-6.754
-2.715
-4.854
-6.186
-4.639
-4.518
-5.429
-7.641
-5.584
-5.755
-6.843
-9.366
-7.091
-9.697
-6.029
-10.393
-9.447
-7.954
-7.621
-7.334
-7.748
-8.267
-4.289
-8.110
-8.419
-7.394
-5.800
-11.950
-9.949
-6.210
-6.545
-9.132
-7.821
-8.985
-5.085
-2.073
-7.790
-5.537
-8.217
-8.201
-6.398
-7.124
-7.896
-7.021
-6.556
-6.290
-8.143
-2.586
-3.255
