0.601
6.196
1.858
4.280
4.210
4.980
1.839
6.230
3.393
4.689
9.975
7.779
8.795
2.983
8.453
10.144
4.957
7.141
7.413
8.364
6.121
5.255
2.430
4.374
7.945
8.111
5.814
6.129
6.546
5.760
7.149
9.491
6.869
6.860
8.911
4.185
3.644
11.260
8.447
7.140
7.047
5.990
3.462
5.271
6.243
4.508
5.238
5.249
4.669
1.206
6.560
5.897
3.650
4.764
1.254
2.587
-3.750
6.739
5.848
4.177
-0.055
-1.633
-3.604
1.187
2.784
3.033
1.368
-1.010
1.940
-0.285
4.428
-0.091
4.650
2.741
-4.001
4.052
-3.570
1.572
-7.644
3.772
5.117
5.151
-0.533
-2.100
4.011
1.906
2.872
0.572
4.356
3.821
3.441
7.302
5.020
2.576
8.430
6.588
2.995
2.075
5.808
6.207
2.844
1.818
2.907
3.691
1.485
0.659
-0.173
2.980
0.616
-0.144
4.643
5.912
4.280
3.988
4.725
3.186
5.942
2.521
5.645
5.546
2.279
-1.321
0.243
3.223
1.998
-0.304
2.457
-0.324
3.483
2.770
0.906
4.363
5.409
3.343
6.064
0.915
5.140
7.340
3.816
1.931
4.310
0.323
4.760
0.795
-5.456
3.564
-9.968
3.096
-12.157
3.334
6.930
4.987
2.181
0.724
6.546
5.396
4.375
3.526
3.515
5.258
3.976
3.740
3.572
-0.036
2.853
6.629
1.173
4.788
4.258
2.771
4.895
2.194
0.255
-0.414
0.376
3.049
2.154
2.830
-0.859
5.119
2.279
6.835
7.102
5.355
7.179
6.000
3.506
5.555
4.656
2.136
-7.183
0.186
3.161
3.112
4.230
2.926
3.640
3.467
-1.161
-0.422
5.130
9.169
7.911
5.579
6.805
6.822
8.395
7.295
8.917
8.096
4.978
6.873
5.000
7.186
5.031
5.988
4.177
5.705
7.313
6.673
8.807
11.292
7.925
7.448
8.279
6.256
9.924
4.310
4.902
10.582
9.649
9.876
8.794
7.603
10.705
9.271
7.971
8.584
11.521
12.617
4.770
4.957
2.186
3.999
5.644
6.806
6.507
6.874
5.040
7.601
10.848
9.825
11.796
6.308
11.263
12.628
8.048
8.780
8.183
3.901
7.430
3.927
7.688
4.465
8.771
8.016
8.881
6.758
4.309
3.243
8.142
9.999
9.207
6.790
8.422
8.146
8.616
6.978
7.493
8.556
4.338
2.801
6.526
3.901
8.640
6.772
5.749
7.749
5.551
4.922
7.691
6.581
6.244
5.497
7.892
7.912
7.763
3.170
8.070
7.557
9.852
8.952
10.965
4.929
7.579
9.869
5.251
7.622
8.733
6.032
4.811
5.097
7.408
7.477
5.812
6.639
7.452
9.199
6.162
8.571
8.832
7.618
7.481
6.691
8.178
7.417
5.484
4.900
7.255
6.371
6.076
10.045
5.827
5.267
6.468
8.146
9.018
7.553
6.039
9.918
