-10.308
-6.351
-7.675
-7.230
-8.989
-8.130
-9.991
-9.117
-8.434
-8.421
-11.533
-10.025
-11.127
-9.328
-10.262
-8.992
-9.773
-6.992
-6.957
-6.746
-7.943
-11.734
-12.261
-8.478
-12.463
-7.503
-10.681
-9.387
-3.289
-7.799
-15.851
-8.813
-5.866
-3.364
-12.335
-9.829
-6.787
-8.460
-9.962
-8.539
-5.019
-2.763
-3.110
-9.726
-5.904
-7.169
-4.044
-8.043
-6.025
-8.358
-7.254
-5.850
-10.699
-5.947
-10.213
-10.302
-6.894
-7.845
-7.821
-10.957
-4.956
-7.805
-5.062
-7.814
-5.379
-7.407
-7.037
-8.568
-4.267
-7.210
-2.098
-5.269
-3.291
-4.756
-4.524
-8.173
-5.094
-9.034
-0.979
-0.818
-12.768
-13.100
-8.857
-7.596
-6.024
-11.652
-3.795
-7.920
-7.366
-12.883
-9.967
-11.247
-7.837
-11.391
-8.629
-14.471
-12.231
-12.006
-7.539
-11.647
-7.882
-11.794
-2.475
-10.151
-6.702
-13.538
-6.594
-10.178
-11.780
-17.836
-12.588
-6.517
-7.858
-14.887
-8.899
-11.844
-7.831
-15.273
-5.232
-10.179
-6.609
-9.305
-8.005
-10.460
-5.238
-11.559
-6.695
-16.704
-4.545
-11.209
-7.008
-16.750
-5.322
-10.418
-6.593
-13.307
-3.839
-7.556
-4.853
-12.535
-3.389
-6.500
-1.766
-11.447
-4.550
-11.327
-8.888
-15.591
-5.358
-13.994
-11.916
-14.793
-7.368
-8.061
-9.209
-10.292
-4.493
-8.204
-1.909
-11.411
-1.486
-12.597
-6.109
-14.248
-4.169
-10.339
-3.235
-10.801
0.236
-10.995
-4.058
-13.748
-3.630
-12.612
-7.356
-13.518
-2.895
-12.295
-8.308
-10.556
-4.346
-7.852
-4.352
-11.271
-3.767
-9.520
-3.760
-11.105
-8.252
-10.358
-10.754
-9.886
-2.045
-10.719
-7.749
-10.151
-2.405
-9.395
-5.957
-16.135
-6.300
-3.629
-4.152
-6.400
-12.547
-9.916
-9.566
-8.820
-9.112
-5.272
-6.105
-10.430
-7.949
-7.716
-11.998
-7.008
-7.609
-7.736
-6.121
-2.640
-9.670
-7.010
-7.154
-6.589
-6.529
-9.525
-9.426
-3.781
-8.868
-8.001
-9.808
-6.028
-6.265
-6.695
-6.796
-7.431
-10.568
-7.246
-7.527
-7.768
-8.297
-8.116
-11.152
-12.443
-5.809
-6.348
-9.421
-6.394
-2.955
-5.146
-10.068
-6.829
-1.492
0.236
-4.332
-3.936
-6.664
-9.822
-8.589
-8.629
-4.892
-4.220
-11.198
-7.388
-5.077
-2.843
-8.944
-7.160
-4.864
-6.408
-10.904
-9.500
-7.789
-8.282
-10.289
-13.132
-4.436
-4.205
-7.413
-5.503
-9.563
-9.453
-3.226
-2.514
-2.410
-3.386
-0.441
-2.764
-6.523
-5.186
-2.654
-5.298
-5.453
-9.075
-1.740
-1.217
-6.440
-6.311
-3.027
-1.029
-7.392
-7.049
-2.727
-1.644
-5.798
-6.887
-7.335
-3.411
-11.837
-8.993
-4.649
-3.735
-11.639
-10.931
-6.410
-4.655
-5.754
-5.462
-6.091
-2.567
-5.941
-8.665
-7.702
-5.011
-5.893
-5.928
-6.227
-1.591
-4.711
-5.686
-6.982
-5.449
-5.093
-8.711
-7.871
-4.753
-7.269
-9.599
-9.086
-5.996
-7.760
-9.876
-7.496
-5.873
-6.242
-5.473
-3.388
-2.085
-6.001
-10.684
-7.843
-5.238
-6.650
-8.829
-5.993
-5.312
-12.250
-10.520
-8.518
-5.583
1.065
-2.600
-4.163
-2.668
0.753
0.217
-7.075
-2.627
-0.803
-5.311
-9.291
-8.961
-1.692
-7.729
-8.455
-7.755
-0.217
0.986
-3.459
-0.047
-0.637
-1.866
-5.138
-4.855
-1.689
-6.055
-7.000
-5.448
-4.177
-4.190
-8.199
-6.397
0.432
-0.709
-6.057
-4.704
-6.699
-6.685
-13.144
-11.506
-9.689
-10.375
-12.538
-8.654
-11.338
-12.648
-9.821
-10.533
-14.120
-8.910
-9.259
-14.833
-8.866
-11.901
-12.590
-11.933
-13.142
-14.213
-7.665
-9.281
-11.357
-10.472
-9.281
-9.195
-9.284
-12.191
-11.139
-6.816
-12.491
-16.535
-4.712
-4.671
-10.854
0.344
-3.291
-14.369
-4.270
-5.147
-11.769
-0.091
-3.448
-12.484
-7.228
-7.445
-12.243
-1.896
-3.548
-10.028
-5.408
-4.680
-9.619
-2.318
-4.841
-12.131
-4.280
-2.776
-15.327
-0.125
-2.418
-12.858
1.181
-4.726
-12.105
-4.901
-9.025
-10.549
-4.202
-7.681
-12.710
-0.644
-4.732
-10.578
-3.298
-8.620
-11.428
-1.089
-3.801
-9.154
-6.476
-8.810
-12.690
-9.458
-10.285
-3.278
-0.714
-3.602
-12.230
2.401
-3.340
-8.918
-2.315
-6.285
-6.271
0.239
-2.738
-5.169
1.198
-7.805
-2.175
-0.962
-5.310
-6.577
-0.557
-4.721
-2.168
-5.294
-6.234
-9.560
-0.488
-6.592
-8.900
-1.801
-7.519
-6.526
1.765
-2.449
-5.240
2.813
-5.911
-4.686
-6.083
-9.802
-2.409
-8.548
-10.033
-3.536
-8.482
-9.991
-2.782
-3.929
-7.888
-3.067
-8.526
-9.301
-2.615
-5.495
-12.588
-4.601
-6.048
-10.750
-5.092
-4.975
-11.099
-1.564
-5.992
-6.781
-1.384
-8.060
-8.713
-3.527
-0.060
-3.839
-3.680
2.774
-5.848
-5.785
2.478
-7.568
-2.861
-1.493
-7.720
-5.948
0.428
-2.846
-4.900
-1.132
-4.898
-7.756
1.051
-2.073
-3.668
-2.905
-2.821
0.273
0.840
-5.184
-2.733
-6.082
-2.993
-2.261
-8.243
-6.809
-9.562
-9.266
-9.494
-8.575
-7.478
-7.247
-11.012
-13.093
-12.030
-9.596
-6.287
-8.297
-10.874
-9.832
-7.033
-7.917
-7.805
-7.640
-7.964
-8.006
-10.413
-10.120
-9.448
-11.704
-8.769
-8.101
-9.131
-12.063
-5.861
-4.284
-7.543
-10.391
-7.332
-5.593
-4.656
-4.395
-7.322
-7.308
-7.571
-7.684
-8.369
-11.849
-8.619
-10.718
-7.313
-7.360
-6.598
-9.180
-8.227
-6.950
-6.649
-3.899
-11.105
-11.065
-5.868
-10.386
-6.174
-9.869
-9.605
-5.643
-11.752
-4.798
-6.183
-10.481
-7.601
-7.850
-5.828
-9.690
-8.309
-7.993
-9.333
-5.940
-10.563
-10.522
-8.188
-10.891
-6.899
-12.628
-10.840
-6.187
-8.978
-5.678
-7.548
-9.337
-6.533
-10.083
-3.461
-10.928
-8.802
-7.323
-9.567
-4.668
-10.825
-14.098
-8.224
-8.635
-7.662
-14.898
-8.546
-5.888
-4.991
-8.703
-8.041
-8.281
-7.261
-7.325
-12.274
-2.434
-9.628
-13.116
-10.001
-11.500
-4.443
-11.927
-10.215
-10.458
-14.378
-4.291
-6.582
-8.654
-7.546
-11.014
-2.831
-9.606
-8.287
-5.209
-11.911
-2.613
-8.474
-6.596
-6.875
-7.598
-3.432
-11.294
-8.587
-7.420
-12.046
-4.411
-7.315
-8.909
-6.264
-9.388
-5.114
-11.154
-12.665
-4.908
-12.066
-8.406
-10.236
-3.997
-7.317
-4.651
-5.280
-9.921
-2.269
-5.026
-4.225
-5.286
-8.771
-2.272
-5.784
-2.618
-6.985
-11.114
-5.382
-4.596
-7.157
-3.186
-6.149
-6.703
-6.009
-7.255
-5.501
-6.004
-4.047
-6.418
-4.334
-5.266
-7.834
-6.422
-8.432
-11.855
-10.533
-9.778
-1.534
-6.792
-5.447
-1.077
-9.040
-4.723
-3.836
-8.386
-5.753
-6.248
-2.447
-4.373
-3.643
-2.423
-8.663
-10.703
-10.661
-7.937
-11.108
-8.575
-10.390
-11.308
-8.198
-15.444
-8.155
-5.433
-7.926
-2.904
-9.315
-8.236
-8.900
-11.800
-11.150
-13.446
-6.333
-5.313
-4.501
-4.338
-9.543
-8.049
-4.874
-8.992
-6.836
-10.531
-8.431
-3.891
-4.426
-6.705
-10.773
-8.695
-6.885
-11.426
-6.899
-11.507
-11.491
-7.364
-11.709
-8.869
-12.444
-8.179
-7.036
-10.923
-7.569
-13.765
-0.771
-0.552
-7.493
0.686
-8.714
1.004
-1.188
-11.364
-4.935
-10.285
0.472
0.209
-6.832
-2.629
-7.988
-4.061
-1.261
-10.674
-2.401
-10.758
-5.306
-2.283
-10.401
0.327
-5.628
-0.247
-1.766
-9.022
-0.987
-10.874
0.574
-0.876
-10.064
-1.818
-9.318
-5.901
-0.450
-4.372
-2.634
-6.522
1.087
-1.402
-9.352
-3.339
-8.429
-1.813
-0.182
-7.746
-0.732
-2.490
-12.046
-10.666
-15.531
-2.474
-5.808
-9.966
-9.086
-11.718
-4.109
-6.344
-11.705
-8.270
-12.923
-6.103
-3.751
-11.962
-12.805
-14.851
-5.905
-5.393
-12.775
-6.082
-14.230
-2.729
-7.048
-9.931
-10.989
-13.056
-5.671
-6.343
-10.509
-6.208
-11.234
-6.279
-3.912
-8.627
-8.665
-11.160
0.845
-8.029
-9.867
-10.764
-12.689
-4.862
-5.303
-11.431
-13.172
-16.267
-7.419
-13.930
-2.322
-8.150
-9.883
-9.276
-13.332
-0.538
-8.053
-11.347
-7.390
-13.907
-3.150
-9.679
-12.727
-8.580
-12.629
-4.007
-8.205
-12.930
-10.407
-12.524
-0.123
-5.697
-15.898
-7.575
-13.914
-2.707
-10.293
-11.894
-7.618
-15.429
-3.264
-3.899
-7.141
-7.246
-8.216
-4.255
-5.139
-11.441
-7.252
-12.491
-6.366
-6.912
-14.018
-10.243
-14.211
-4.264
-3.187
-9.163
-7.875
-11.533
-7.490
-2.496
-7.378
-7.305
-3.961
-3.716
-0.879
-11.090
-9.322
-10.479
-7.775
-0.502
-11.119
-8.527
-5.882
-5.017
-2.195
-8.594
-8.392
-10.485
-3.562
-3.962
-7.452
-5.204
-4.806
-3.036
3.890
-10.128
-6.281
-6.742
-5.564
-0.322
-8.417
-6.484
-6.538
-3.658
-3.049
-13.165
-8.494
-9.756
-5.918
-4.689
-13.340
-9.212
-8.985
-7.330
-5.551
-14.036
-8.043
-10.297
-6.413
0.612
-1.244
-8.113
-12.154
-5.503
0.293
-1.943
-8.577
-8.841
-5.357
0.945
-2.007
-9.298
-10.283
-4.233
2.849
0.883
-7.452
-8.252
-4.381
-1.139
-4.824
-7.523
-12.885
-2.418
-0.886
-4.543
-9.732
-11.953
-3.085
-3.774
-6.253
-6.730
-9.388
-4.833
-0.272
-6.447
-7.637
-12.451
-6.544
-2.372
-6.107
-8.061
-12.094
-9.427
0.115
-3.053
-9.843
-12.048
-7.989
-13.727
-6.808
-5.937
-15.158
-10.050
-4.043
-14.749
-7.853
-5.674
-15.181
-6.262
-13.409
-12.447
-9.728
-9.760
-12.643
-8.006
-10.971
-11.402
-7.850
-10.127
-12.034
-8.226
-10.270
-12.118
-8.288
-8.922
-10.224
-8.150
-17.044
-8.850
-8.272
-19.915
-9.513
-12.582
-16.969
-8.311
-6.673
-17.008
-8.676
-6.711
-17.892
-10.153
-9.202
-16.250
-7.928
-7.726
-17.122
-10.943
-6.217
-19.163
-10.825
-11.154
-19.478
-6.410
-9.516
-15.838
-6.205
-5.166
-12.622
-14.517
-5.266
-11.139
-14.868
-8.410
-12.185
-14.082
-5.166
-8.005
-12.134
-3.762
-12.192
-8.561
-6.874
-7.568
-14.845
-5.782
-8.057
-14.841
-6.632
-11.035
-12.300
-6.131
-9.902
-13.301
-10.536
-11.374
-14.395
-8.099
-4.916
-6.927
-13.575
-4.859
-5.429
-12.419
-8.040
-6.300
-12.868
-3.115
-6.004
-12.143
-5.438
-6.088
-14.062
-4.284
-3.518
-9.007
-4.046
-4.275
-11.444
-4.040
-5.064
-13.351
-5.084
-1.202
-11.639
-2.007
-4.343
-10.952
-10.086
-7.917
-9.777
-7.337
-5.567
-9.665
-3.933
-6.335
-9.730
-6.924
-10.952
-11.357
-8.614
-7.605
-8.403
-3.122
-10.201
-10.112
-7.367
-6.072
-5.254
-7.445
-7.516
-6.075
-7.166
-7.653
-7.904
-11.379
-4.945
-10.087
-7.003
-6.463
-9.883
-4.557
-7.032
-9.325
-7.329
-3.477
-10.750
-7.629
-5.166
-12.756
-5.043
-5.613
-11.553
-5.698
-5.734
-12.642
-7.668
-0.901
-11.705
-8.137
-0.277
-13.648
-8.231
-5.770
-12.085
-3.116
-3.782
-11.357
