-5.575
-2.573
-3.721
-6.204
-2.558
-3.497
-4.830
-2.670
-3.322
-2.696
-4.264
-3.143
-4.484
-3.018
-2.907
-3.623
-4.650
-3.147
-2.419
-3.256
-0.993
-1.946
-1.327
-2.920
-2.925
0.415
-2.097
-0.005
-1.959
-2.157
-0.415
0.373
0.251
-0.856
0.694
-0.978
-1.359
0.161
0.384
1.170
0.283
1.080
-1.214
1.672
3.558
0.534
1.180
3.099
0.015
1.277
2.977
0.397
1.318
3.280
-0.746
1.330
2.935
-1.385
0.364
3.426
-0.422
2.017
3.824
0.543
1.157
2.624
1.000
1.474
2.729
-0.045
1.151
0.613
-0.594
2.375
1.511
2.058
2.820
-0.811
0.226
3.244
0.590
2.260
1.844
1.644
2.226
1.015
1.256
2.283
-0.585
-0.180
0.956
3.549
2.656
2.858
0.916
0.234
0.248
2.383
2.875
1.672
-2.089
0.833
0.251
-0.717
2.969
1.617
-0.456
2.334
0.528
-0.533
1.674
1.261
-0.316
2.896
-0.278
-0.938
1.814
-0.461
-0.247
2.492
0.969
0.376
3.060
1.679
-1.325
1.759
-0.391
0.309
3.098
1.390
1.394
-0.478
3.206
0.739
0.494
3.398
0.927
-1.447
1.165
2.277
1.211
2.954
-0.161
0.368
1.924
0.531
-0.168
2.803
1.023
-0.236
2.287
0.960
-1.605
2.152
0.911
0.716
2.957
1.626
0.778
3.992
6.624
2.916
3.398
4.905
1.232
2.789
6.600
2.026
2.369
3.178
0.767
1.448
5.801
2.836
2.407
2.997
0.031
2.722
5.976
2.034
3.945
4.774
1.794
3.118
4.210
1.569
2.972
6.053
-0.038
1.579
4.557
0.877
4.707
2.320
-0.440
3.851
3.454
0.666
4.248
4.407
0.654
3.119
2.219
-1.183
1.089
2.950
0.075
4.429
-0.546
-2.076
2.239
2.270
0.180
3.785
2.985
0.485
4.641
2.515
2.199
4.977
2.302
-0.303
1.632
1.721
-0.460
1.293
2.749
-0.424
3.059
2.643
-0.289
1.703
3.361
0.391
2.349
0.837
-1.444
1.390
2.612
0.548
3.422
3.356
2.086
3.844
1.250
-0.171
1.987
1.799
-0.289
1.211
3.682
0.861
3.117
5.362
1.909
3.204
5.107
-0.454
2.242
2.363
0.884
1.613
5.387
1.753
3.914
6.844
2.593
5.261
4.493
0.694
1.978
4.011
1.925
1.921
3.583
0.441
2.527
4.933
0.373
4.579
2.289
-0.855
2.980
0.866
1.274
-0.055
2.871
0.817
0.922
-0.383
-0.479
-2.599
2.325
0.727
-1.220
-4.627
2.608
-0.929
0.368
-1.602
1.475
-0.205
1.055
0.276
0.916
-1.390
2.057
-0.556
2.134
-2.935
1.127
-0.958
2.905
-0.864
0.575
-3.103
0.262
-1.217
0.873
-4.154
-2.061
-2.845
-1.964
-3.711
-3.506
-2.370
-0.279
-0.465
-0.095
-1.476
-1.257
-2.875
-2.859
-3.914
-1.874
-2.979
-1.564
-3.342
-1.579
-2.392
1.352
1.212
1.017
1.107
0.651
0.722
-0.589
0.327
-0.185
-1.606
0.637
1.599
0.380
-0.459
1.368
1.121
1.174
0.051
-0.698
-1.385
1.873
0.594
1.571
1.248
0.580
1.048
0.735
2.296
1.705
1.068
0.826
1.643
1.059
1.170
-1.892
0.546
0.171
0.743
-1.249
-0.435
1.237
0.472
-1.053
-1.043
-1.002
-1.146
0.086
-0.014
0.566
-1.582
-1.315
0.058
1.384
0.664
-0.299
-0.948
-1.231
-0.430
0.729
-0.050
-3.006
-3.204
-4.909
-2.584
-4.073
-3.307
-6.745
-3.840
-5.308
-2.224
-6.264
-4.417
-4.653
-4.254
-6.193
-4.667
-5.296
-5.096
-8.359
-4.740
-4.996
-3.973
-7.502
-5.446
-6.111
-3.767
-8.049
-6.765
-5.682
-3.218
-6.490
-6.113
-4.685
-3.991
-6.745
-4.328
-2.303
-1.475
-3.818
-3.777
-2.804
-5.184
-7.252
-5.401
-0.557
-3.633
-4.006
-5.937
-2.235
-4.413
-2.461
-4.844
-0.189
-5.053
-3.173
-5.200
-3.169
-5.181
-5.062
-5.967
-2.657
-5.143
-4.388
-6.529
-2.597
-3.470
-5.816
-5.125
-2.484
-4.456
-4.305
-5.933
-0.398
-4.606
-4.019
-5.390
-3.875
-3.735
-6.371
-5.979
-1.703
-5.029
-2.082
-3.171
-4.062
-4.911
-2.702
-3.188
-3.203
-4.068
-1.987
-4.650
-5.268
-6.020
-4.251
-5.436
-4.692
-4.664
-3.776
-3.741
-3.178
-3.787
-3.403
-5.125
-4.318
-4.291
-2.859
-4.859
-5.021
-5.033
-3.085
-4.609
-5.513
-5.875
-3.530
-4.556
-4.407
-5.397
-4.017
-3.951
-5.486
-0.360
-2.291
-6.074
-7.446
-2.159
-3.236
-5.184
-6.589
-2.413
-1.156
-7.227
-7.572
-2.247
-3.199
-7.482
-7.489
-1.817
-3.464
-5.985
-6.206
-2.402
-3.509
-6.811
-7.875
-1.464
-3.663
-6.748
-6.287
-2.287
-2.066
-5.473
-5.467
-1.786
-1.856
-6.106
-4.001
-1.697
-3.101
-4.944
-2.363
-6.203
-2.425
-4.662
-3.283
-4.813
-2.694
-2.043
-3.594
-5.962
-3.702
-4.197
-3.114
-3.967
-2.310
-3.063
-0.958
-6.303
-2.367
-4.087
-3.782
-4.461
-2.286
-5.390
-2.798
-4.838
-2.012
-5.930
-1.709
-7.983
-3.805
-6.320
-3.772
-7.886
-3.377
-8.615
-1.913
-3.978
-1.872
-4.889
-2.320
-1.367
-3.347
-5.731
-4.985
-4.271
-5.822
-6.754
-5.208
-3.974
-5.661
-5.703
-2.815
-3.529
-5.103
-7.655
-4.367
-4.154
-6.741
-7.564
-5.230
-3.419
-6.368
-7.094
-6.240
-2.838
-6.746
-8.210
-2.448
-3.374
-6.066
-6.768
-3.562
-3.594
-5.104
-5.833
-4.526
-3.171
-5.717
-7.408
-1.251
-5.382
-1.447
-3.081
-2.036
-6.233
-1.264
-1.478
-4.656
-6.293
-1.707
-2.664
-3.366
-6.827
-2.309
-4.814
-2.642
-6.155
-1.926
-2.230
-1.795
-4.520
-1.487
-2.274
-3.394
-6.063
-3.828
-3.762
-1.098
-5.265
-1.023
-2.298
-1.228
-3.532
-1.758
-2.477
-3.587
-7.293
-1.742
-3.261
-6.022
-3.519
-7.595
-2.484
-5.978
-0.765
-6.356
-3.415
-6.996
-1.770
-6.958
-2.001
-6.745
-1.518
-8.030
-3.489
-7.687
-2.859
-6.469
-1.955
-5.054
-2.454
-7.231
-2.040
-5.500
-2.377
-6.861
-2.973
-3.924
-1.532
-7.005
-2.099
-5.689
-0.771
-6.857
-1.998
-7.920
-2.084
-9.132
-2.673
-1.942
-6.124
-1.694
-4.465
-0.552
-1.881
-4.194
-4.782
-1.294
-3.449
-3.245
-5.514
-3.166
-5.654
-3.716
-6.263
-2.381
-3.924
-2.042
-3.621
-2.786
-3.625
-2.916
-5.274
-1.941
-2.498
-2.743
-5.422
-1.307
-1.591
-2.238
-4.142
-4.282
-2.567
-2.613
-6.652
-2.377
-5.031
-1.458
-4.473
-2.901
-4.284
-9.180
-6.261
-2.786
-2.433
-9.424
-4.891
-2.081
-1.909
-6.596
-3.510
-3.454
-2.479
-7.107
-4.237
-5.448
-3.187
-9.964
-3.659
-5.142
-3.168
-9.235
-4.512
-4.931
-3.202
-8.733
-3.751
-3.987
-3.156
-9.035
-3.292
-1.008
-3.594
-7.971
-3.776
-2.945
-2.201
-8.331
-3.010
-7.441
-2.978
-4.218
-1.737
-3.463
0.130
-6.496
-3.185
-6.929
-2.930
-6.310
-2.466
-6.492
-1.193
-4.347
-0.784
-6.907
-0.831
-5.450
-1.798
-4.917
-1.311
-5.210
-2.891
-4.765
0.045
-6.044
-0.609
-3.848
-1.839
-5.568
-0.610
-4.628
-2.009
-6.830
-1.400
-6.013
-0.989
-4.831
-1.022
-5.718
-3.339
-5.119
-2.005
-5.111
-2.060
-4.094
-2.162
-2.273
-1.252
-4.932
-1.418
-5.353
-2.370
-5.823
-2.329
-3.881
-2.788
-4.897
-2.385
-2.715
-4.124
-2.507
-4.639
0.031
-2.289
-3.142
-4.735
-1.441
-3.018
-2.455
-5.802
-0.991
-3.809
-1.014
-3.292
-0.907
-0.809
-2.479
-3.953
-4.790
-5.366
-3.585
-2.916
-4.236
-1.958
-5.088
-3.580
-4.781
-5.476
-3.055
-4.521
-3.621
-1.847
-4.598
-2.501
-1.881
-2.238
-5.864
-3.307
-2.158
-2.185
-3.332
-1.300
-2.654
-1.514
0.553
-1.101
-3.059
-2.319
-1.837
-1.102
-2.575
-3.104
-2.623
-0.780
-0.401
-1.694
0.061
-2.199
