-9.645
-5.440
-6.659
-10.096
-5.686
-6.445
-8.995
-5.893
-7.027
-5.566
-9.527
-5.933
-8.427
-7.159
-5.424
-7.985
-6.018
-7.101
-8.099
-7.266
-2.934
-2.723
-3.153
-2.667
-3.951
0.769
-2.885
-0.862
-2.323
-3.291
-0.435
0.038
-0.714
-2.594
-0.646
-2.065
-1.131
0.057
0.498
-1.081
-1.206
1.847
-0.308
-1.813
3.854
0.769
0.269
3.476
1.647
2.439
5.132
2.138
-3.338
2.821
-0.980
1.304
3.813
-0.509
1.266
4.092
0.941
0.623
4.835
1.188
2.898
4.529
2.188
1.314
2.394
-0.276
-2.842
0.631
-0.766
3.605
2.546
3.511
1.159
-0.271
2.116
1.093
1.839
6.118
2.316
3.626
5.251
0.357
2.147
4.003
-1.109
-0.899
2.232
2.015
4.245
5.695
-0.421
0.754
0.857
1.864
3.908
4.086
-1.400
0.351
0.561
1.140
5.035
3.581
-0.208
2.543
1.639
0.778
3.079
3.805
0.062
3.800
1.054
-0.463
2.626
-0.009
0.793
3.853
3.132
2.545
5.306
4.184
-1.602
2.218
0.708
2.007
3.525
3.387
1.758
-0.850
1.639
0.693
0.600
2.496
-0.072
-1.188
1.416
-0.442
1.204
3.873
-2.724
-0.434
2.220
-1.543
-0.073
3.239
0.550
-1.216
1.727
-0.249
-1.346
1.499
1.768
-0.284
3.746
4.438
1.515
4.671
7.167
8.686
8.227
5.839
7.147
4.214
7.289
7.961
6.334
5.094
5.089
3.263
5.638
5.197
7.247
5.991
6.767
3.330
7.940
10.358
7.181
7.186
8.181
6.374
6.235
5.858
4.731
7.464
7.397
5.761
5.801
8.519
4.707
4.201
7.796
3.851
2.614
7.939
4.248
5.176
5.346
3.119
1.469
6.612
1.089
3.236
5.717
4.429
-3.095
5.490
2.239
4.573
6.917
3.785
2.744
6.049
4.641
2.317
4.881
4.977
4.135
4.602
1.632
5.000
4.528
1.293
3.990
7.118
3.059
4.390
5.854
1.703
5.045
6.248
2.349
4.642
4.486
1.390
7.586
8.126
3.422
7.571
9.324
3.844
5.084
4.721
1.987
4.360
6.342
1.211
2.839
6.434
3.117
5.578
7.426
3.204
7.132
7.106
2.242
1.507
2.769
1.613
5.115
7.259
3.914
5.862
8.411
5.261
5.681
4.946
1.978
2.046
4.026
1.921
2.219
3.745
2.527
4.503
7.311
4.579
1.391
-4.083
3.953
-1.928
2.164
-3.786
4.486
-1.620
-0.521
-5.983
-2.288
-7.331
5.194
-0.616
-1.266
-7.633
0.724
-5.230
0.304
-4.245
1.856
-3.440
1.419
-1.587
1.839
-0.673
2.934
-2.266
3.767
-3.564
1.628
-2.670
3.768
0.068
0.283
-5.307
0.948
-3.444
0.828
-3.595
-1.635
-3.041
-1.415
-4.132
-2.829
-2.353
-0.378
-0.863
-0.368
-2.023
-2.451
-3.508
-3.703
-5.249
-1.776
-3.443
-2.213
-3.799
-3.249
-2.119
4.328
6.272
4.702
6.859
2.566
5.947
0.803
1.574
1.194
1.787
5.062
6.079
1.956
5.025
4.895
4.769
3.937
4.086
1.426
3.455
4.514
-0.832
1.525
1.634
1.830
-0.160
2.558
1.853
2.097
1.955
2.428
0.814
2.751
-2.686
-0.459
-3.895
1.120
-1.277
-2.544
-4.984
1.115
2.259
-2.549
0.824
-4.011
-0.105
1.861
5.129
-0.886
-0.155
0.637
0.500
1.711
4.870
-3.245
-0.484
-1.105
1.099
-0.421
3.046
-6.066
-4.597
-6.918
-4.929
-7.495
-6.232
-11.170
-6.564
-8.602
-5.799
-10.025
-6.670
-9.622
-6.614
-11.301
-5.496
-9.124
-6.097
-13.293
-8.582
-8.649
-5.392
-6.440
-5.856
-9.222
-5.954
-9.393
-5.842
-9.653
-4.531
-12.556
-7.523
-8.425
-5.868
-11.686
-8.702
-4.858
-3.883
-9.577
-5.553
-5.989
-8.745
-6.953
-7.233
-1.785
-6.968
-8.751
-5.483
-5.688
-6.251
-5.758
-2.053
-1.009
-8.184
-10.343
-4.310
-7.102
-5.154
-8.352
-8.288
-3.733
-6.298
-9.482
-3.692
-4.787
-4.427
-7.854
-2.472
-3.940
-7.318
-8.597
-4.712
-2.232
-8.789
-10.000
-3.996
-5.542
-5.180
-8.097
-5.104
-3.916
-9.489
-7.248
-10.209
-5.466
-6.167
-8.562
-10.552
-6.041
-9.017
-9.064
-14.961
-9.122
-9.275
-10.294
-13.858
-8.454
-7.954
-8.403
-11.122
-7.320
-8.344
-6.631
-9.236
-6.514
-4.711
-7.597
-8.613
-7.402
-6.426
-8.554
-9.273
-10.240
-8.636
-9.075
-9.652
-7.211
-8.285
-6.705
-10.711
-8.219
-6.874
-10.595
-9.089
-10.003
-5.930
-12.094
-6.555
-12.007
-9.668
-13.316
-8.342
-12.172
-8.435
-13.503
-8.106
-10.996
-9.661
-11.769
-9.377
-10.594
-9.743
-11.943
-8.500
-10.617
-10.122
-15.573
-11.323
-9.442
-7.588
-11.791
-5.304
-9.942
-7.812
-10.937
-7.053
-6.707
-6.282
-11.452
-4.483
-5.178
-8.413
-8.768
-4.596
-7.487
-7.452
-9.438
-6.647
-8.022
-8.597
-10.237
-3.384
-7.608
-7.906
-8.966
-5.018
-3.996
-8.796
-9.011
-7.185
-6.223
-6.033
-9.194
-4.954
-6.898
-7.524
-10.680
-5.041
-5.427
-11.290
-8.487
-7.476
-8.485
-10.869
-7.773
-5.925
-3.589
-5.245
-10.393
-5.013
-2.758
-2.978
-6.774
-7.298
-4.223
-4.605
-7.652
-9.410
-3.548
-3.812
-6.409
-7.551
-1.721
-4.381
-6.809
-9.925
-2.827
-5.774
-5.950
-9.064
-2.980
-4.882
-6.940
-8.323
-3.646
-5.474
-6.271
-10.601
2.027
-3.352
-7.210
-8.016
-0.091
-2.602
-6.201
-6.788
-1.713
-4.133
-7.679
-8.321
1.326
-2.891
-4.081
-4.106
1.260
-2.582
-2.201
-1.455
-3.298
-1.465
-3.644
-1.727
-1.654
-1.604
-4.141
-5.405
-0.908
-2.981
-3.245
-2.616
1.728
-1.756
-0.971
-1.757
-1.960
-1.807
-5.177
-3.100
1.177
-2.489
-4.052
-1.629
2.454
-0.481
-1.593
-1.735
-3.319
-1.385
-3.114
-3.283
-5.803
-1.209
-6.463
-2.970
-3.188
-3.102
-8.224
-7.316
-3.672
-1.107
-7.481
-4.816
-4.672
-2.959
-9.495
-7.602
-5.423
-1.792
-5.272
-2.675
-4.425
-1.314
-5.578
-2.597
-3.279
-1.689
-4.186
-4.882
-2.583
-0.452
-4.999
-3.489
-1.787
-0.848
-5.665
-4.908
-9.481
-3.885
-9.171
-6.008
-2.113
-3.480
-5.374
-6.438
-2.954
-2.633
-7.105
-7.914
1.026
1.218
-3.687
-5.702
-0.046
-3.733
-5.080
-8.893
0.827
-0.628
-4.350
-5.059
0.970
-0.125
-3.929
-6.796
0.654
2.278
-4.764
-5.314
0.155
0.528
-3.902
-6.100
-1.383
-2.187
-5.251
-9.484
1.938
-1.752
-3.519
-4.964
-6.721
-3.424
-7.528
-8.944
-4.832
-2.507
-5.154
-6.817
-3.312
-1.661
-3.943
-3.760
-5.027
-4.091
-5.946
-5.277
-6.082
-4.974
-7.627
-5.749
-7.377
-4.773
-7.109
-7.068
-7.252
-3.561
-6.673
-5.201
-7.507
-2.834
-4.868
-4.479
-5.436
-3.108
-5.566
-4.591
-3.881
-3.114
-4.223
-5.000
-7.818
-8.112
-5.018
-6.227
-4.065
-2.808
-8.250
-8.909
-9.299
-8.632
-7.803
-9.103
-7.995
-6.753
-5.691
-6.747
-10.030
-5.669
-6.826
-7.548
-7.811
-8.317
-7.110
-8.280
-6.765
-8.218
-8.186
-9.985
-3.831
-8.623
-7.329
-8.379
-6.954
-11.344
-10.261
-5.922
-7.421
-5.978
-7.700
-8.264
-10.998
-7.919
-10.030
-6.853
-11.680
-8.431
-10.648
-7.905
-9.177
-5.587
-14.172
-7.303
-11.526
-8.454
-11.940
-2.523
-9.960
-7.813
-14.232
-8.420
-10.502
-4.176
-10.598
-5.034
-7.873
-2.525
-10.301
-5.278
-9.582
-3.116
-9.714
-5.642
-10.352
-3.490
-9.892
-3.890
-8.258
-0.017
-10.960
-4.427
-6.159
-4.306
-2.970
-0.929
-4.218
-1.016
-3.349
-2.635
-6.488
-3.262
-1.096
-2.321
-3.777
-0.676
-3.329
-1.549
-0.968
-0.051
-6.139
-3.476
-5.904
-9.184
-4.439
-7.982
-4.721
-10.252
-1.956
-8.388
-3.672
-9.732
-4.247
-8.729
-4.302
-10.932
-2.289
-7.357
-2.570
-8.157
-3.317
-10.048
