-9.741
-7.621
-7.025
-11.663
-7.934
-8.346
-9.440
-7.219
-8.875
-7.336
3.930
6.736
4.283
-1.742
1.088
2.335
5.521
0.322
-1.292
1.575
7.441
3.484
7.819
6.027
6.387
8.209
6.608
7.696
8.225
5.881
-1.510
-1.043
0.533
-0.380
1.791
0.923
1.864
0.561
-0.608
-1.039
10.200
8.154
11.286
11.171
9.585
13.032
11.648
10.289
11.574
9.878
8.176
9.279
5.963
7.181
6.182
6.427
2.401
11.635
6.594
10.637
-3.347
-0.671
-3.503
-1.288
-3.365
-2.394
-1.975
1.802
-2.435
-0.752
7.563
9.629
6.822
5.533
3.993
7.811
6.460
7.635
7.103
9.820
6.497
5.700
5.803
4.023
4.926
5.185
6.114
5.625
6.006
5.021
4.605
3.509
3.593
4.198
1.657
3.377
-1.634
4.398
3.879
2.503
8.307
6.977
8.562
8.031
8.428
8.772
10.341
10.306
8.092
8.737
4.262
3.989
4.154
2.903
5.606
7.995
3.468
5.031
2.915
4.895
5.526
4.386
2.747
3.160
5.181
-2.247
6.374
0.832
4.603
2.804
2.984
2.405
3.934
2.698
2.154
1.947
3.651
0.769
1.160
0.850
-2.700
-3.668
-7.450
-1.154
-1.838
-3.267
-4.479
-6.357
-4.687
-5.635
4.021
4.488
2.851
0.477
-0.686
5.497
3.558
4.719
3.516
2.364
4.876
5.334
3.627
4.558
4.910
5.144
3.173
0.701
2.466
-0.352
2.016
2.558
-0.847
5.272
1.479
-2.280
4.717
0.376
1.807
3.908
-0.995
8.088
6.664
6.057
6.626
6.281
3.652
5.038
4.078
0.041
-8.498
-8.813
-5.804
-9.036
-9.960
-7.583
-4.594
-9.612
-8.458
-6.715
-5.715
-4.362
-8.640
-10.437
-4.535
-5.317
-4.767
-3.987
-5.973
-5.694
2.897
5.284
4.047
6.035
5.076
4.952
3.616
7.129
4.845
6.679
-3.894
-4.338
-4.899
-8.684
-5.013
-3.327
-4.587
-6.339
-6.653
-1.633
-2.455
-1.796
-3.882
-0.699
-0.816
-0.999
-2.205
0.494
-0.603
-0.540
1.446
1.468
-0.023
-1.392
-0.948
2.332
-1.313
-0.886
2.744
1.013
8.008
6.667
8.282
5.903
8.879
10.395
3.753
5.020
5.777
2.473
-0.405
3.684
2.237
0.994
1.418
3.368
1.298
4.237
3.562
-2.899
-2.239
-1.496
1.776
-0.141
-5.349
-4.176
-1.981
-1.781
-1.188
-0.561
-8.257
-8.619
-8.764
-7.520
-11.020
-8.057
-7.948
-6.295
-10.314
-7.837
-4.008
-3.455
-5.503
-5.062
-6.044
-4.843
-4.268
-7.948
-4.929
-4.345
3.370
7.714
5.384
-3.160
4.395
0.408
3.691
1.364
0.704
2.689
-1.931
-4.510
-1.954
-1.219
-1.700
-5.904
-5.343
-4.013
-3.366
-4.194
-14.130
-11.585
-11.007
-12.869
-12.834
-12.963
-8.982
-12.954
-12.939
-13.992
2.902
6.648
1.716
2.348
4.259
8.796
2.009
4.678
2.503
5.240
