-7.982
7.627
-8.424
4.789
-4.953
6.251
-6.561
8.642
-10.072
6.479
-8.450
11.266
-9.261
7.666
-8.098
7.692
-10.215
7.875
-7.074
5.729
-7.473
-10.590
-8.449
-8.996
-10.947
-8.581
-10.728
-7.919
-8.433
-6.296
-7.949
-7.879
-4.103
-6.750
-7.674
-5.978
-8.815
-8.758
-5.357
-6.631
6.258
-3.752
4.662
-5.886
6.201
-6.388
5.233
-6.655
5.141
-8.101
0.771
-6.797
4.062
-4.434
3.787
-8.189
5.456
-3.969
3.185
-8.900
-2.748
-4.956
-3.464
-6.094
-1.019
-4.204
-0.441
-6.345
-0.988
-7.044
0.064
-2.367
-0.395
-4.999
-1.630
-6.568
-0.142
-6.336
-4.773
-5.195
2.082
-1.135
3.965
5.555
-2.193
0.069
2.671
1.821
3.732
1.644
5.756
5.372
1.473
2.104
2.968
4.351
6.930
2.108
3.828
5.288
-0.395
0.404
4.024
3.256
1.318
-0.506
3.440
1.518
-2.320
-3.173
1.179
2.342
4.930
2.520
5.570
4.953
4.623
1.837
6.228
6.606
0.540
1.217
5.054
5.619
-1.226
0.573
2.522
1.127
-1.689
0.779
3.594
0.358
2.583
2.509
3.874
2.523
-2.461
-0.135
2.583
0.535
-0.549
-0.788
3.165
1.624
-2.843
0.471
0.793
-1.122
0.171
1.406
4.037
3.949
-1.753
1.536
3.330
0.900
-0.016
0.370
4.071
2.826
-1.590
-0.719
3.302
1.515
-1.716
0.212
2.633
1.245
0.545
1.271
5.959
4.310
-1.095
0.163
3.511
3.036
-0.632
0.893
4.447
4.202
-3.196
0.451
4.077
2.980
-1.781
1.359
4.895
2.891
-3.439
-1.072
2.347
1.166
-1.728
-0.340
2.500
2.399
-7.016
-0.866
1.982
-3.693
6.696
2.197
2.199
0.661
9.451
0.990
3.094
4.625
6.800
0.578
3.287
4.758
8.451
0.890
2.138
4.989
9.557
1.049
3.706
3.899
5.018
0.737
0.559
2.262
3.753
-4.042
-0.734
1.818
6.566
-0.567
1.727
1.244
6.029
-1.719
-1.414
1.960
5.047
0.341
2.062
-0.270
7.444
3.868
13.762
2.108
7.341
3.877
9.679
3.958
8.796
4.261
12.109
1.988
8.749
5.170
9.670
2.524
7.715
2.498
11.248
1.575
9.343
2.789
12.409
1.903
8.163
4.817
11.887
3.071
6.557
2.077
8.255
0.827
6.381
3.635
12.188
3.001
7.953
4.401
12.796
2.926
1.792
10.913
1.998
2.648
4.132
11.414
3.593
2.883
3.413
8.182
3.424
2.124
7.013
11.136
4.540
3.271
7.129
9.625
6.697
4.037
2.449
10.913
1.933
2.335
7.609
10.834
7.062
4.341
5.688
12.786
4.304
2.061
4.934
8.215
2.278
2.401
7.747
10.888
7.180
3.896
9.048
3.951
10.424
2.312
8.067
4.903
7.007
1.754
10.046
3.952
8.946
1.670
9.586
3.695
8.585
0.797
4.273
-0.979
4.744
0.031
9.511
3.954
10.045
1.872
10.004
3.890
7.577
2.617
5.377
1.649
5.995
2.114
9.380
2.336
9.024
1.180
7.153
2.397
7.470
2.107
5.825
6.391
6.271
2.791
4.471
3.972
2.571
2.414
5.550
6.033
4.642
2.834
4.855
5.450
3.795
2.846
4.047
5.574
3.638
3.845
2.572
2.849
2.631
1.316
6.738
3.753
2.207
1.447
4.262
2.060
3.383
2.137
3.830
3.560
3.647
2.371
3.197
4.049
3.053
2.501
-0.899
-2.181
9.633
-1.898
-4.286
7.761
-1.444
-2.027
7.153
-0.328
-2.913
9.392
-1.988
-2.977
7.761
-2.750
-4.608
11.359
-0.943
-3.373
10.685
0.001
-1.420
9.664
-0.121
-1.463
10.554
-0.244
-1.762
7.262
5.397
0.587
-3.440
7.412
-0.597
-1.890
5.929
-0.426
-1.117
7.882
1.435
-1.957
6.436
-1.111
-2.925
6.067
1.149
-3.326
3.762
-0.551
-3.768
3.680
-2.295
-4.642
9.998
1.637
-1.533
7.134
0.903
-4.412
2.162
-0.484
-1.001
1.728
-0.056
0.475
2.695
0.367
-2.529
-0.649
-0.241
-4.326
-0.113
-4.249
-1.091
4.756
-1.480
-0.331
-0.639
-3.582
0.589
-1.727
-1.873
-4.365
4.139
0.896
-0.693
-0.762
-1.613
-0.929
-1.582
7.430
2.412
1.742
6.295
5.310
-0.665
4.316
3.045
-2.854
3.357
-0.253
0.697
4.627
3.502
-0.629
6.816
2.063
-1.818
5.470
1.613
4.878
9.343
6.924
0.955
5.614
4.119
4.102
7.831
5.742
3.556
-4.666
-1.334
5.898
-1.824
2.893
7.699
-1.913
2.056
4.241
-3.763
-1.147
6.307
-2.276
1.386
3.492
-3.117
0.134
6.150
-3.434
-0.106
3.998
-3.952
-0.189
8.459
0.596
3.475
9.472
1.906
5.129
0.814
2.303
5.635
7.140
4.847
9.252
0.134
2.890
6.085
1.121
2.751
5.356
1.178
2.696
4.753
0.496
2.601
2.937
5.410
3.978
8.332
3.479
3.363
8.261
3.444
2.483
4.043
0.226
-0.418
4.767
-8.575
-6.290
8.747
-9.396
-3.124
-10.437
-6.477
2.360
-8.445
-6.227
-11.153
-10.103
2.497
-12.829
-6.247
-9.436
-7.964
2.539
-11.068
-5.315
-8.279
-8.604
5.100
-9.403
-5.341
-12.452
-8.595
8.169
-9.434
-3.314
-7.310
-6.124
7.292
-8.240
-3.825
-7.741
-5.149
2.400
-7.594
-3.118
-7.166
-5.201
9.563
-10.961
-3.321
-8.283
-6.231
3.901
-8.981
-1.717
-10.813
-8.824
-7.134
8.065
-6.105
-14.391
-9.097
-11.524
5.192
-7.520
-12.067
-7.336
-8.985
4.506
-5.646
-11.744
-7.438
-8.958
9.865
-4.247
-13.552
-8.658
-10.696
7.062
-6.913
-13.898
-8.526
-11.206
12.227
-6.686
-10.163
-10.212
-9.981
7.967
-6.283
-8.310
-7.291
-8.744
5.161
-5.498
-8.561
-8.035
-9.375
6.440
-5.707
-11.696
-6.830
-9.482
5.933
-8.522
-6.717
-2.806
0.343
-9.466
-4.301
-8.441
-6.150
-2.100
-11.340
-5.045
-8.478
-6.582
-6.360
-9.539
-6.371
-6.403
-2.161
-4.065
-10.398
-6.315
-4.216
-7.732
-5.848
-11.739
-6.959
-8.569
-4.231
-4.775
-9.553
-7.967
-5.692
-5.788
-4.600
-8.687
-5.063
-7.176
-4.982
-2.418
-8.613
-6.579
-5.373
-4.446
-2.623
-10.801
-4.789
-11.647
-7.218
-7.344
-12.874
-9.224
-12.112
-7.743
-5.182
-3.670
-4.283
-7.403
-6.942
-7.103
-4.753
-4.232
-6.678
-6.432
-5.782
-6.446
-3.812
-10.227
-5.991
-7.148
-7.026
-8.006
-7.210
-6.863
-4.901
-5.918
-5.296
-6.026
-5.440
-4.395
-6.987
-5.349
-7.942
-11.404
-6.767
-9.289
-10.643
-7.599
-6.101
-5.523
-4.141
-3.648
-9.277
-6.369
-7.475
-4.337
-6.286
-10.118
-6.174
-5.409
-3.390
-3.126
-5.673
-9.051
-7.015
-10.552
0.116
-3.369
-5.922
-4.875
-10.327
4.564
-6.143
-7.833
-2.946
-8.596
5.915
-5.909
-6.370
-6.008
-10.400
5.555
-5.556
-7.619
-5.182
-7.057
-0.264
-5.357
-9.185
-3.690
-9.512
4.998
-6.706
-4.181
-2.115
-8.954
3.485
-7.835
-8.445
-3.986
-8.536
8.107
-5.395
-5.484
-6.319
-10.362
1.944
-6.383
-7.073
-6.851
-7.380
2.631
1.402
2.634
-0.643
-4.656
-2.230
0.165
0.584
-1.674
-3.824
-8.350
2.359
3.490
-1.142
-3.086
-5.073
-1.212
1.637
-3.790
-3.616
-6.579
-2.896
-0.221
-2.495
-3.924
-3.528
-1.141
2.504
-1.586
-3.492
-5.535
-2.278
-0.758
-0.528
-2.858
-5.944
0.747
2.408
-1.646
-3.874
-3.328
-0.077
0.324
-1.749
-4.234
-6.199
-1.969
1.460
-1.370
-5.771
-5.131
-9.080
-7.290
-7.243
2.643
-6.341
-7.865
-5.903
-5.752
5.420
-3.382
-6.330
-5.524
-7.145
2.949
-6.796
-7.851
-5.099
-4.509
5.581
-6.275
-5.780
-2.760
-5.087
2.923
-1.819
-7.858
-5.119
-6.322
2.914
-6.593
-8.949
-5.879
-7.294
3.308
-5.079
-8.197
-5.979
-5.979
2.326
-7.389
-7.497
-6.555
-7.472
3.738
-4.013
-8.556
-5.925
-7.461
3.492
-7.623
-0.349
-2.826
3.314
-6.403
-7.066
-0.600
-4.110
3.428
-5.661
-10.935
-2.605
-3.315
4.153
-8.185
-9.727
1.871
-0.225
3.988
-4.870
-6.465
0.410
-2.056
5.246
-5.235
-6.717
-2.435
-3.085
3.304
-8.200
-9.563
-1.358
-4.100
4.732
-7.836
-7.411
-0.247
-1.618
5.775
-4.128
-6.393
-0.175
-1.279
1.704
-3.087
-6.002
-2.769
-0.795
4.327
-4.455
-6.209
-3.320
0.918
-5.719
-6.542
-2.660
-0.815
0.519
-2.678
-4.012
-5.563
-0.328
3.891
-4.311
-6.005
-3.633
-0.730
5.355
-2.744
-5.010
-5.617
-5.576
1.829
-8.828
-5.035
-5.149
0.436
3.372
-2.999
-5.230
-2.680
-2.499
5.286
-3.470
-5.771
-3.201
1.551
5.752
-3.564
-3.349
-4.275
-0.242
5.912
-2.881
-5.319
-3.101
-4.233
5.573
-4.127
-2.958
-3.722
6.918
-2.083
0.230
-6.273
-5.412
4.855
-1.980
-1.947
-7.378
-4.529
4.933
-0.266
0.181
-6.961
-4.753
2.932
-3.367
-0.083
-6.043
-5.746
3.724
-1.794
1.429
-4.584
-4.402
0.589
-0.310
-3.557
-3.384
-3.833
0.009
-0.419
-1.820
-4.644
-4.986
6.477
1.447
1.760
-6.564
-1.793
3.861
0.130
-1.776
-6.847
-5.569
4.891
-2.492
-2.866
-8.415
-6.360
-4.588
-9.334
-4.349
-7.278
-13.465
-5.567
-5.257
-13.176
-7.634
-6.100
-11.792
-4.099
-6.299
-9.196
-4.255
-5.284
-13.388
-7.799
-8.392
-10.856
-6.013
-5.561
-8.246
-4.713
-4.329
-9.768
-3.279
-3.890
-11.286
-6.313
-15.000
5.233
-10.895
-9.877
-1.468
-6.211
-11.438
3.196
-10.497
-14.025
9.683
-12.352
-13.039
3.558
-9.243
-13.835
5.081
-11.344
-12.414
8.071
-7.935
-10.959
0.199
-8.077
-12.543
3.367
-10.870
-13.813
7.475
-11.788
-7.054
-13.979
6.679
-9.179
-10.613
5.171
-6.892
-11.715
7.947
-7.168
-9.444
8.379
-5.924
-11.350
6.764
-7.650
-12.775
7.916
-6.036
-10.064
7.876
-8.124
-14.797
7.080
-5.850
-10.375
5.193
-7.154
-10.725
6.578
-2.827
-7.845
-3.544
-0.777
-7.942
-3.116
-2.939
-6.829
-3.852
-3.005
-8.096
-4.488
-2.081
-9.984
-4.534
0.509
-8.995
-2.710
-3.911
-6.072
-5.685
-3.038
-7.626
-2.750
-0.565
-7.774
-1.061
-2.589
-6.609
-4.425
2.805
-7.201
-7.557
5.785
-8.596
-5.527
3.646
-9.915
-6.028
5.920
-9.022
-6.096
3.292
-7.007
-4.468
2.946
-11.232
-6.795
3.509
-8.933
-5.276
2.443
-10.052
-6.712
3.826
-8.864
-6.994
3.808
-6.954
-4.787
-3.121
-11.374
-7.681
0.372
-11.221
-5.877
-4.349
-11.957
-4.325
-1.105
-12.286
-6.553
-1.868
-11.591
-7.253
-0.960
-11.823
-7.351
-1.592
-10.722
-5.697
-1.495
-12.475
-6.398
-1.815
-13.462
-6.413
-0.759
-11.173
-6.425
