-7.930
-4.373
-5.735
-5.127
-6.830
-5.898
-7.666
-6.744
-6.368
-6.148
-8.950
-7.523
-8.612
-6.925
-7.891
-6.637
-7.484
-4.923
-5.137
-4.712
-5.959
-8.987
-9.557
-6.197
-9.726
-5.361
-8.240
-6.976
-2.080
-5.614
-12.549
-6.484
-4.227
-1.813
-9.619
-7.354
-4.995
-6.182
-7.641
-6.249
-5.169
-1.264
-3.249
-7.249
-5.326
-5.051
-3.807
-5.803
-5.607
-6.074
-6.060
-3.917
-8.767
-4.001
-8.022
-7.744
-6.085
-5.632
-7.173
-8.307
-3.864
-5.598
-3.774
-5.605
-3.780
-5.256
-5.406
-6.253
-2.864
-5.086
-2.167
-3.418
-2.314
-2.977
-3.674
-5.914
-3.942
-6.654
-1.152
0.408
-9.890
-10.040
-6.403
-5.267
-4.134
-8.757
-1.992
-5.550
-5.280
-9.848
-7.370
-8.463
-5.682
-8.526
-6.205
-11.284
-9.432
-9.071
-5.255
-8.813
-5.720
-8.883
-0.842
-7.504
-4.713
-10.428
-4.431
-7.527
-9.047
-14.236
-9.654
-4.323
-5.700
-11.624
-6.440
-8.985
-5.677
-11.966
-3.245
-7.528
-4.634
-6.677
-5.661
-7.774
-3.463
-8.674
-4.519
-13.239
-2.871
-8.364
-4.792
-13.279
-3.535
-7.663
-4.430
-10.266
-2.269
-5.127
-2.914
-9.590
-1.885
-4.192
-0.224
-8.638
-2.876
-8.469
-6.431
-12.265
-3.565
-10.832
-9.068
-11.567
-5.281
-5.574
-6.710
-7.627
-2.827
-5.702
-0.348
-8.606
-0.261
-9.594
-4.009
-11.089
-2.551
-7.594
-1.504
-8.073
1.209
-8.175
-2.221
-10.652
-2.091
-9.608
-5.096
-10.451
-1.464
-9.327
-5.924
-7.858
-2.702
-5.390
-2.477
-8.484
-2.207
-6.868
-1.962
-8.339
-6.036
-7.611
-8.056
-7.271
-0.738
-7.931
-5.438
-7.504
-1.045
-6.757
-3.876
-12.741
-4.369
-1.648
-2.303
-4.220
-9.701
-7.219
-7.021
-6.339
-6.770
-3.103
-4.005
-7.748
-5.777
-5.269
-9.140
-4.752
-5.487
-5.287
-4.019
-0.930
-7.246
-4.644
-4.920
-4.386
-4.565
-6.872
-6.899
-1.928
-6.561
-5.521
-7.232
-3.895
-4.340
-4.364
-4.607
-5.123
-8.012
-4.852
-5.244
-5.418
-5.763
-5.656
-8.426
-9.461
-3.552
-4.096
-6.924
-4.104
-1.015
-3.035
-7.485
-4.489
0.284
1.715
-2.508
-1.927
-4.311
-7.162
-6.202
-6.083
-2.737
-2.217
-8.465
-4.984
-2.901
-1.002
-6.510
-4.782
-2.712
-4.148
-8.211
-6.854
-5.311
-5.803
-7.677
-10.071
-2.332
-2.204
-5.182
-3.315
-6.888
-6.836
-1.549
-0.668
-0.532
-1.482
0.868
-0.889
-4.186
-3.070
-1.053
-3.133
-3.235
-6.502
-0.260
0.481
-4.112
-4.063
-1.376
0.647
-4.958
-4.714
-1.116
0.103
-3.542
-4.572
-5.114
-1.462
-8.908
-6.430
-2.784
-1.749
-8.732
-8.140
-4.311
-2.564
-3.502
-3.313
-4.035
-0.715
-3.669
-6.140
-5.432
-2.880
-3.626
-3.724
-4.153
0.150
-2.576
-3.512
-4.808
-3.267
-2.915
-6.181
-5.579
-2.651
-4.849
-6.965
-6.633
-3.752
-5.286
-7.209
-5.254
-3.643
-3.937
-3.323
-1.689
-0.288
-3.723
-7.922
-5.554
-3.080
-4.299
-6.286
-3.950
-3.146
-9.275
-7.778
-6.140
-3.386
2.556
-0.788
-2.362
-0.804
2.279
1.699
-4.888
-0.768
0.897
-3.180
-6.811
-6.377
0.107
-5.314
-6.086
-5.309
1.417
2.377
-1.751
1.517
1.044
-0.140
-3.207
-2.741
0.109
-3.837
-4.823
-3.266
-2.102
-2.191
-5.863
-4.107
1.994
0.881
-4.005
-2.607
-4.343
-4.393
-10.154
-8.631
-7.206
-7.578
-9.575
-6.316
-8.438
-9.672
-7.321
-7.719
-10.966
-6.536
-6.581
-11.592
-6.498
-8.940
-9.621
-9.138
-10.049
-11.047
-5.464
-6.600
-8.537
-7.881
-6.600
-6.636
-6.858
-9.200
-8.345
-4.733
-9.467
-13.088
-2.922
-2.483
-8.094
1.431
-1.251
-11.185
-2.541
-2.909
-8.899
1.056
-1.391
-9.527
-5.088
-4.961
-9.316
-0.498
-1.480
-7.369
-3.521
-2.492
-7.009
-0.861
-2.635
-9.218
-2.550
-0.791
-12.027
1.028
-0.471
-9.857
2.151
-2.532
-9.195
-3.085
-6.372
-7.827
-2.483
-5.171
-9.726
0.580
-2.538
-7.852
-1.705
-6.010
-8.599
0.197
-1.706
-6.600
-4.441
-6.180
-9.708
-7.008
-7.497
-1.435
0.520
-1.529
-9.304
3.202
-1.294
-6.392
-0.706
-3.901
-3.932
1.519
-0.725
-2.949
2.354
-5.261
-0.281
0.472
-3.028
-4.204
0.825
-2.500
-0.274
-3.302
-3.855
-6.864
0.885
-4.175
-6.275
-0.258
-5.005
-4.159
2.848
-0.466
-3.013
3.761
-3.566
-2.519
-3.989
-7.050
-0.490
-6.136
-7.256
-1.493
-6.078
-7.218
-0.821
-2.112
-5.336
-1.075
-6.117
-6.601
-0.673
-3.476
-9.544
-2.443
-3.958
-7.898
-2.880
-3.023
-8.210
0.264
-3.909
-4.345
0.424
-5.711
-6.075
-1.485
1.258
-1.711
-1.622
3.727
-3.509
-3.499
3.469
-5.050
-0.892
0.010
-5.185
-3.644
1.684
-0.821
-2.709
0.325
-2.659
-5.255
2.226
-0.129
-1.612
-1.220
-0.799
1.901
2.042
-2.914
-0.778
-3.988
-0.954
-0.357
-5.956
-4.988
-6.824
-7.605
-7.175
-6.242
-5.546
-4.747
-8.547
-10.209
-9.219
-7.317
-3.886
-6.962
-8.338
-7.325
-5.175
-5.348
-6.116
-5.611
-5.716
-5.988
-7.587
-7.721
-7.136
-8.938
-6.626
-5.514
-7.873
-9.341
-3.904
-2.877
-5.013
-8.837
-5.351
-3.674
-3.188
-2.190
-6.445
-5.331
-5.378
-5.719
-5.754
-9.424
-6.437
-8.088
-5.409
-4.849
-4.965
-6.910
-5.943
-5.105
-4.211
-3.117
-8.533
-8.388
-4.201
-7.563
-3.910
-7.491
-7.130
-4.013
-8.788
-1.618
-4.383
-7.884
-5.650
-5.288
-4.547
-7.340
-6.013
-5.977
-6.619
-3.138
-8.076
-7.920
-6.140
-8.015
-4.468
-9.817
-8.194
-4.468
-6.300
-3.537
-5.534
-6.899
-4.757
-7.291
-1.276
-8.384
-6.438
-5.417
-6.828
-2.071
-8.297
-11.001
-6.170
-5.993
-4.910
-11.732
-6.218
-4.217
-2.724
-7.869
-5.950
-5.989
-5.365
-4.818
-9.726
-1.221
-7.150
-10.259
-7.217
-8.409
-2.916
-9.130
-7.834
-7.628
-10.291
-2.787
-4.525
-6.530
-5.016
-8.705
-1.556
-7.131
-6.223
-2.920
-9.927
-1.372
-6.155
-4.810
-4.414
-6.354
-2.063
-8.584
-6.474
-4.903
-9.848
-2.888
-5.157
-6.743
-3.866
-8.134
-3.481
-8.465
-9.882
-2.650
-10.633
-6.257
-7.673
-2.637
-4.811
-4.349
-3.622
-7.402
-1.193
-2.756
-3.123
-3.627
-6.411
-1.195
-3.435
-1.861
-5.059
-8.430
-3.795
-2.370
-5.730
-1.855
-4.152
-4.899
-3.638
-5.755
-3.808
-4.028
-2.679
-4.004
-4.153
-3.610
-5.604
-4.664
-5.810
-8.543
-8.051
-7.279
-0.578
-4.339
-3.673
-0.077
-6.643
-3.244
-1.688
-6.974
-4.020
-4.238
-1.342
-2.170
-3.273
-1.212
-6.318
-8.243
-7.809
-5.461
-8.535
-6.242
-7.981
-8.389
-6.504
-12.192
-5.881
-3.838
-5.356
-2.558
-7.023
-5.950
-6.735
-8.830
-9.052
-10.508
-4.310
-3.737
-2.285
-3.784
-7.216
-5.789
-3.370
-6.313
-5.446
-8.049
-6.118
-2.549
-2.218
-4.709
-8.253
-6.346
-5.051
-8.495
-5.871
-8.872
-8.754
-5.451
-8.749
-5.622
-9.663
-5.901
-5.177
-8.044
-6.117
-10.776
0.166
0.499
-6.804
0.517
-6.840
1.661
-0.043
-10.485
-3.387
-7.566
1.213
1.147
-5.724
-2.020
-6.237
-2.605
-0.105
-9.233
-1.406
-8.713
-3.654
-0.975
-8.169
-0.034
-4.343
0.607
-0.534
-7.413
-0.675
-8.333
1.299
0.223
-9.140
-1.782
-6.842
-4.156
0.586
-4.195
-2.983
-5.114
1.731
-0.225
-7.647
-2.715
-6.499
-0.712
0.814
-6.759
-0.647
-1.464
-9.332
-8.111
-13.593
-0.902
-5.640
-7.580
-6.765
-10.248
-2.038
-5.352
-9.044
-6.071
-10.425
-3.897
-3.260
-9.261
-9.932
-11.664
-3.550
-4.511
-9.946
-4.209
-12.366
-1.165
-5.884
-7.550
-8.386
-11.052
-3.163
-5.920
-8.037
-4.316
-8.794
-4.418
-2.351
-6.452
-6.407
-10.033
2.644
-6.964
-7.496
-8.194
-10.276
-2.394
-4.224
-8.814
-10.244
-13.341
-4.317
-11.405
-1.140
-5.969
-8.251
-7.039
-10.672
0.362
-5.886
-10.247
-5.981
-11.208
-1.838
-7.271
-10.596
-6.577
-9.131
-2.560
-6.016
-10.444
-8.776
-10.077
0.711
-3.881
-13.627
-6.301
-11.115
-1.465
-7.793
-9.539
-5.224
-11.325
-1.934
-2.350
-6.156
-5.840
-5.908
-2.769
-3.406
-9.031
-5.566
-9.672
-4.547
-4.915
-11.512
-8.170
-11.305
-2.776
-1.744
-8.109
-6.541
-8.647
-5.494
-1.156
-5.976
-5.909
-2.255
-2.315
0.221
-9.283
-7.740
-8.617
-5.734
0.541
-8.939
-6.823
-3.222
-3.410
-0.900
-6.650
-6.914
-7.669
-2.185
-2.404
-5.847
-4.710
-3.651
-1.742
4.280
-7.141
-4.418
-4.012
-3.872
0.695
-5.793
-5.159
-4.030
-2.266
-1.627
-10.591
-6.862
-7.758
-4.170
-3.023
-11.699
-6.681
-6.756
-5.359
-3.756
-11.467
-6.294
-7.284
-4.587
1.490
-0.994
-6.579
-9.628
-3.820
1.218
-1.665
-7.497
-6.724
-3.697
1.773
-2.135
-7.606
-7.740
-2.750
3.394
0.599
-5.968
-5.873
-2.875
-0.001
-3.530
-5.986
-9.445
-1.221
0.215
-3.344
-7.672
-8.290
-1.784
-2.244
-4.901
-5.256
-6.399
-3.256
0.737
-6.115
-6.075
-9.327
-4.697
-1.050
-5.296
-6.593
-9.173
-7.126
1.067
-2.287
-8.101
-8.648
-6.002
-10.587
-4.831
-4.293
-11.858
-7.590
-2.715
-11.495
-5.720
-4.073
-11.879
-4.366
-10.515
-9.449
-7.315
-7.476
-9.623
-5.850
-8.485
-8.520
-5.718
-7.782
-9.082
-6.037
-7.901
-9.156
-6.090
-6.779
-7.473
-5.973
-13.543
-6.252
-6.077
-15.934
-6.841
-9.744
-13.481
-5.772
-4.716
-13.513
-6.097
-4.749
-14.249
-7.410
-6.868
-12.882
-5.432
-5.612
-13.608
-8.112
-4.328
-15.308
-8.007
-8.529
-15.570
-4.083
-7.135
-12.538
-3.901
-3.434
-9.860
-11.288
-3.519
-8.625
-11.601
-6.194
-9.496
-10.902
-3.434
-6.015
-9.171
-2.240
-9.502
-5.995
-4.887
-5.650
-11.580
-3.958
-6.058
-11.576
-4.681
-8.538
-9.318
-4.255
-7.595
-10.207
-8.003
-8.821
-11.180
-5.930
-3.177
-5.864
-11.289
-3.128
-4.157
-10.118
-5.846
-5.324
-10.729
-1.637
-4.532
-9.812
-3.622
-5.218
-11.324
-2.637
-2.082
-7.480
-2.433
-3.365
-10.017
-2.428
-3.586
-10.511
-3.320
-1.241
-9.780
-0.691
-3.757
-8.958
-7.595
-5.970
-7.719
-5.246
-3.583
-7.356
-2.337
-4.347
-7.369
-4.893
-8.276
-8.521
-6.337
-5.717
-6.728
-1.644
-7.114
-7.409
-5.271
-3.970
-3.038
-5.338
-5.745
-4.785
-5.099
-5.127
-5.860
-8.699
-3.785
-8.004
-4.960
-4.490
-6.878
-2.870
-4.828
-6.083
-5.238
-2.186
-7.764
-5.495
-3.704
-9.903
-3.285
-4.268
-8.329
-3.845
-3.725
-8.549
-5.528
0.016
-8.773
-5.929
0.610
-10.487
-6.009
-4.019
-8.758
-1.639
-2.100
-8.494
