-3.364
-1.468
-2.176
-2.705
-1.676
-1.752
-4.578
-1.267
-1.060
-0.665
-0.132
-2.315
-2.060
-3.453
0.143
-1.368
-2.595
-3.660
-0.877
-0.315
0.737
-0.119
-1.128
-1.890
-0.396
-1.125
-0.688
0.411
-1.758
-1.753
2.188
-0.126
-0.914
-0.407
2.535
-1.125
0.140
2.018
1.602
1.172
-3.205
1.243
-4.326
-3.992
0.639
-2.293
-3.124
0.858
-1.698
-3.698
1.630
-3.800
-4.364
1.324
-3.368
-3.572
1.489
-3.897
-3.574
0.807
-1.855
-3.260
0.934
-2.308
-2.396
-1.120
-4.310
-3.024
-0.867
-4.231
-1.714
-1.444
-4.675
-0.613
-1.205
-4.229
-3.507
-2.120
-2.955
0.999
-2.826
-1.931
-3.649
-2.282
-1.376
-4.879
0.200
-2.188
-3.480
-3.911
-0.982
-1.419
-1.539
-3.640
-1.424
-0.388
-1.567
-3.643
-0.635
-2.503
-3.413
-3.282
-4.134
-3.500
-2.876
-5.192
-3.570
-3.410
-3.025
-4.431
-3.039
-4.004
-3.138
-2.100
-5.341
-3.787
-3.970
-4.309
-3.544
-2.232
-3.200
-3.444
-1.302
-2.794
-4.823
-1.559
-4.561
-3.966
-1.805
-4.579
-4.565
-5.816
-3.939
-2.080
-2.737
-1.129
-4.881
-4.986
-3.583
-4.104
-3.288
-0.928
-4.013
-3.421
-2.512
-4.768
-5.275
-4.559
-4.405
-4.850
-2.523
-3.386
-3.441
-3.608
-4.264
-4.471
-2.794
-4.417
-3.971
-4.126
-1.108
-4.024
-0.432
-0.960
-4.424
2.067
1.003
-1.741
-1.505
0.296
-4.299
-1.135
-0.787
-2.966
-1.202
-2.033
-2.092
-1.071
-0.610
-2.791
0.794
-2.545
-4.063
0.208
-2.431
-4.560
-1.388
-1.087
-3.796
-1.309
-3.876
-3.923
1.054
-3.996
-4.212
0.407
-3.806
-4.522
-0.218
-1.763
-2.560
0.535
-4.972
-4.049
-0.185
-4.380
-4.565
-0.370
-5.150
-4.154
1.254
-4.508
-5.044
0.528
-5.238
-4.514
-1.375
-5.178
-2.910
-0.908
-1.839
-4.507
-2.560
-0.058
-1.937
-1.300
-1.195
-4.894
0.201
-0.489
-3.559
-1.968
0.266
-2.506
-2.334
0.026
-1.933
-1.686
-0.676
-2.652
-1.645
-0.956
-3.698
-1.481
-0.268
-2.430
-1.548
-2.899
-2.301
-0.694
0.418
-4.399
-4.913
-0.025
-3.305
-2.032
-1.084
-3.811
-3.092
-0.045
-3.808
-4.045
-0.722
-3.490
-4.049
0.260
-4.147
-3.102
-0.197
-2.062
-2.940
1.367
-3.043
-3.880
-0.581
-4.705
-4.067
-0.819
-3.025
-2.414
-1.154
-2.666
-0.809
-2.433
-2.060
-3.152
-3.465
-2.314
-3.282
-0.746
-1.337
-3.148
-2.196
-1.815
-1.515
-2.418
-0.121
-3.870
-1.046
-2.652
-0.667
-2.691
0.196
-2.373
-0.108
-3.727
0.499
-2.308
0.730
-2.682
0.358
-2.374
-0.697
-2.954
-0.303
-2.932
-3.725
-2.915
-3.072
-3.797
-5.003
-2.575
-3.145
-4.166
-3.950
-1.387
-3.116
-2.145
-4.537
-3.073
-4.831
-1.823
-4.780
-4.872
-4.021
-2.188
-4.331
-3.953
-5.101
-2.912
-0.159
-2.085
0.086
0.019
-0.440
-0.677
0.268
-1.304
0.394
-2.269
0.934
-1.476
-1.778
-1.707
0.164
-1.680
-0.658
-2.511
-1.946
-2.711
-2.432
-2.966
-1.718
-0.040
-2.930
-1.737
-2.478
0.279
0.127
-0.293
-2.952
-2.988
-3.619
-1.186
-2.111
-1.622
-2.425
-2.526
-1.797
-0.815
-1.133
-3.800
-1.491
-2.034
-4.615
-0.786
-1.343
-2.353
-0.287
-2.224
-3.178
-3.237
-2.822
-2.783
-1.397
-1.933
-3.018
-1.601
-1.246
-4.000
-2.117
-1.913
-2.338
-2.224
-1.565
-3.404
-3.092
-2.857
-3.130
-1.843
-3.182
-1.983
-2.216
-2.945
-2.221
-4.288
-3.108
-2.270
-4.032
-2.775
-1.831
-2.567
-3.043
-3.091
-3.281
-4.466
-5.072
-2.244
-2.088
-2.195
-2.810
-4.179
-3.911
-3.620
-3.983
-4.134
-2.970
-3.485
-4.081
-2.607
-4.079
-5.057
-2.522
-1.564
0.128
-1.958
-1.886
-3.339
-2.502
-2.433
-3.087
-5.724
0.242
-3.134
-3.505
-5.548
-0.723
-3.283
-2.724
-2.548
-0.599
-2.575
-2.269
-4.897
-1.550
-2.419
-2.860
-4.120
-2.054
-2.864
-0.221
-4.916
0.080
-3.708
-2.002
-5.952
-2.601
-1.232
-2.967
-3.960
-2.060
-1.112
-3.150
-1.320
-1.119
-4.486
-2.352
1.231
-1.999
-5.202
-3.174
-1.786
-2.737
-2.782
-2.452
-1.814
-2.503
-3.524
-3.602
-1.596
-0.462
-4.103
-4.974
-1.063
-2.352
-3.096
-4.050
0.232
-0.947
-2.848
-4.529
0.550
-2.623
-4.984
-4.331
-0.075
-3.776
-3.036
-3.847
-0.954
-2.667
1.242
-3.376
-4.365
-3.193
-0.347
-1.393
-1.612
-4.027
-1.526
-1.066
-3.067
-2.659
-0.593
-2.437
-3.549
-2.885
-0.048
-0.399
-2.618
-3.418
-0.240
-2.469
-2.492
-4.313
-0.372
-1.786
-1.966
-3.367
-0.815
-2.240
-4.078
-3.013
0.410
-2.266
-2.273
-2.472
-1.140
-2.177
-3.881
-1.173
-1.620
-2.852
-0.650
-1.991
-1.224
-1.594
-1.247
-0.188
-2.174
-2.633
-1.563
-0.091
-2.451
-0.696
-1.333
0.401
-2.202
-0.716
-1.421
-0.391
-1.737
-1.060
-1.258
-0.582
-1.651
-0.852
-1.361
-0.981
-6.074
-1.109
-0.605
0.132
-2.745
-1.789
-3.726
-0.579
-2.810
-1.896
-1.280
-1.748
-2.552
-2.779
-2.524
-2.246
-4.154
-2.865
-4.244
-2.855
-2.734
-2.835
-2.511
-0.181
-4.055
-2.526
-2.824
-1.485
-1.621
-2.882
-2.880
-1.778
-1.436
-2.978
-2.780
-2.101
-2.976
-3.781
-2.299
-1.393
-3.215
-2.775
-3.643
-2.227
-2.072
-2.879
-3.463
-3.235
-2.158
-2.113
-4.188
-1.332
-3.776
-1.384
-3.259
-0.836
-2.849
-1.169
-1.419
-1.380
-3.672
-1.879
-2.997
-0.722
-3.598
-1.130
-4.277
-2.209
-4.504
-1.878
-1.936
-1.482
-3.300
-0.556
-1.689
-1.976
-1.686
-2.254
-1.578
-0.981
-2.515
-2.595
-3.574
-3.170
-3.279
-3.004
-1.713
-1.951
-4.130
0.090
-1.045
-3.812
-2.470
-2.574
-1.417
-3.976
-1.584
-2.154
-2.865
-3.698
-2.136
-2.056
-1.300
-4.121
-1.084
-3.976
-1.420
-2.751
-1.708
-2.096
-0.876
-3.640
-2.331
-1.940
-2.189
-2.167
-0.984
-2.543
-1.416
-3.348
-1.935
-3.511
-2.878
-4.005
-1.120
-2.192
-2.337
-3.173
-3.584
-2.492
-1.581
0.328
-1.852
-1.235
-4.745
-1.369
-0.002
-2.669
-4.579
-0.457
-1.893
-0.762
-4.193
-1.516
-2.023
-1.827
-4.077
-1.421
-1.006
-2.121
-4.021
-0.597
0.543
-0.761
-2.471
-1.183
-2.800
-2.353
-5.159
-1.733
-1.987
-0.429
-3.998
-0.832
-1.052
-1.123
-4.657
-1.070
-0.777
-1.275
-1.493
-0.544
-1.044
-1.765
-2.720
-0.046
-0.816
-3.771
-3.753
-1.003
-1.395
-2.817
-1.710
-2.444
-1.550
-4.140
-3.904
-0.182
-0.036
-3.564
-2.416
-1.345
-1.227
-3.704
-0.744
-0.116
0.948
-3.462
-1.311
-2.718
-1.596
-3.765
-3.001
-0.915
-2.993
-2.757
-3.674
-0.671
-1.221
-2.679
-3.427
-2.384
-2.315
-2.620
-2.957
-1.802
-1.134
-3.181
-2.103
-2.156
-2.395
-2.796
-2.774
-2.055
-2.324
-3.198
-1.854
-3.368
-2.248
-4.351
-2.358
-3.071
-1.288
-2.267
-1.258
-2.436
-0.300
-3.903
0.949
-1.324
-1.852
-3.422
-0.552
-3.625
-0.590
-1.923
-0.369
-3.565
-0.673
-3.113
-0.189
-1.655
-0.228
-1.472
0.016
-1.775
-2.510
-1.484
-1.454
-0.346
-0.637
-0.843
-0.347
-1.939
-1.201
-3.565
-0.304
-1.966
-1.260
-1.793
-2.656
-2.359
-2.882
-3.917
-2.311
-4.274
-0.987
-2.135
-2.084
-2.939
-1.567
-2.989
-0.903
-1.801
-2.329
-2.701
-1.540
-3.413
-3.113
-1.921
-1.090
-2.859
-2.810
-5.544
-2.471
-2.293
-1.392
-2.291
-1.883
-1.551
-1.544
-2.307
-2.362
-2.804
-0.084
-3.792
-0.556
-4.829
-1.203
-2.290
-2.845
-4.746
-3.606
-4.292
-1.696
-1.992
-2.622
-2.852
-1.814
-4.013
-3.654
-3.686
-2.758
-2.696
-3.261
-4.809
-2.450
-1.967
-3.423
-3.705
-3.187
