-4.594
-5.251
-1.957
-4.695
-3.289
-3.800
-2.868
-4.949
-3.029
-5.522
-3.036
-3.710
-4.700
-4.761
-3.205
-6.303
-2.911
-3.037
-1.932
-3.721
-4.995
-2.763
-2.043
-2.171
-5.209
-3.449
-3.174
-3.330
-1.294
-2.864
-3.779
-3.648
-3.891
-2.232
-4.524
-3.346
-2.993
-3.127
-2.770
-4.575
-2.751
2.137
-0.076
-0.734
-1.563
1.233
-0.522
1.689
-0.355
-0.241
-3.828
0.651
-2.448
-0.125
-1.250
-2.261
-1.463
-0.390
0.257
0.352
4.235
-3.324
1.934
-2.265
3.269
-2.921
2.806
-3.130
3.754
-2.157
5.692
-0.951
4.392
-0.425
4.924
-1.629
3.163
-1.610
2.197
-1.641
-1.055
-4.590
-3.545
-2.382
0.211
-5.009
-2.610
-0.632
-1.521
-4.935
-5.869
-1.666
-2.301
-3.567
-3.419
-3.030
-2.705
-4.759
-4.251
0.611
-1.895
-3.752
-1.570
-0.518
-1.971
-1.722
-2.633
-1.145
-1.154
-3.658
-3.430
0.350
-1.761
-4.479
-4.019
-0.700
-1.473
-4.496
-4.556
0.289
-1.512
-3.936
-2.236
-4.245
-0.934
-3.690
-3.719
-4.795
-0.661
-3.971
-3.442
-4.640
-0.943
-2.212
-3.208
-4.277
-2.281
-3.207
-3.525
-6.270
-0.161
-3.766
-3.441
-4.338
-0.929
-2.581
-4.841
-4.512
-1.037
-4.097
-6.066
-4.580
-3.105
-2.709
-4.542
-3.954
-3.098
-2.231
-2.203
-3.706
0.409
-2.083
-1.471
-1.749
3.112
-3.124
-1.275
-3.150
3.905
-3.398
-2.543
-3.413
3.696
-3.319
-2.649
-3.087
5.072
-4.183
-2.631
-2.569
2.729
-2.714
-2.878
-3.285
3.050
-1.773
-2.304
-2.463
2.097
-3.041
-1.022
-0.902
1.813
-1.723
-2.973
-2.244
2.288
-2.681
-1.603
-2.726
-3.222
-0.106
-0.670
-0.072
-3.499
-2.309
-1.672
2.111
-3.858
-2.758
-1.896
1.478
-4.190
-2.026
-2.747
1.384
-4.061
-3.069
-2.088
3.894
-3.012
-0.997
-2.759
1.550
-4.368
-3.412
-2.080
2.187
-2.754
-2.865
-2.413
3.339
-3.074
-2.328
-4.101
1.211
-4.945
-2.409
-2.361
0.614
-3.391
-0.322
-2.383
-3.922
-3.437
-2.593
-4.315
-0.530
-2.102
0.742
-2.196
-0.087
-3.018
-1.787
-1.823
-1.044
-2.215
-2.612
-3.104
-1.002
-1.664
0.056
-3.674
-1.739
-2.803
-2.939
-4.971
-0.984
-1.340
-1.552
-2.637
-2.349
-1.944
-0.140
-3.873
-1.565
-4.045
-1.543
-4.009
-2.743
-4.916
-3.161
3.018
-3.303
-1.996
-1.920
0.607
-2.509
-3.687
-2.047
0.412
-3.890
-3.935
-2.788
1.098
-1.932
-1.650
-3.491
2.144
1.219
-4.135
-3.531
2.595
-2.475
-3.625
-2.242
0.361
-3.316
-2.650
-1.760
1.998
-2.335
-1.722
-2.965
1.509
-1.251
-0.832
-1.302
-0.587
0.295
-3.786
-3.322
-3.764
-0.011
-3.498
-1.950
-1.073
0.430
-3.137
-2.602
-5.870
1.346
-2.879
-5.350
-3.242
1.843
-2.438
-5.151
-4.517
0.934
-3.028
-4.920
-4.535
0.404
-4.639
-5.581
-1.590
0.428
-2.939
-3.421
-3.440
0.805
-3.202
-3.938
-3.996
0.899
-4.504
-3.582
-3.170
1.236
1.663
1.686
-2.745
-2.835
1.653
1.697
-3.067
-1.936
2.220
2.507
-3.507
-3.729
2.209
0.716
-3.515
-2.038
1.687
1.890
-2.925
-1.422
-0.070
2.353
-2.846
-2.885
-1.078
-1.864
-3.481
-3.039
0.906
1.254
-3.339
-1.974
2.474
1.143
-3.393
-1.960
0.464
0.499
-3.869
-3.013
-4.306
-2.896
-3.670
-3.545
-3.613
-4.406
-2.929
-3.473
-3.047
-3.008
-3.394
-5.118
-4.200
-3.987
-4.737
-3.275
-3.950
-4.749
-3.891
-2.753
-3.400
-5.084
-3.605
-4.688
-3.299
-1.697
-4.739
-2.035
-2.692
-5.800
0.670
-1.603
-2.290
3.461
-2.872
-4.649
1.883
-1.692
-3.257
2.463
-1.348
-3.503
0.100
-5.247
-3.834
1.659
-3.211
-4.621
0.949
-2.289
-3.674
1.409
-4.052
-3.588
1.277
-2.688
-3.188
1.848
-1.282
-4.086
1.610
-4.375
-5.897
1.896
-1.245
-3.452
1.122
-0.576
-2.488
1.591
0.726
-3.044
0.173
-2.792
-2.878
0.880
-0.383
-1.621
-0.540
-2.073
-2.026
-1.930
-2.709
-2.131
1.950
0.189
-3.313
-0.556
-2.537
-3.526
-1.526
3.151
-1.955
-1.335
1.713
-2.579
-0.819
2.355
-2.834
0.355
3.889
-2.762
-0.360
0.357
-0.116
-2.915
2.770
-3.517
-1.477
2.882
-3.077
-0.090
2.353
-1.577
0.287
2.769
-1.532
0.386
1.404
-3.211
-1.877
-3.129
-0.496
-3.670
-3.436
-2.916
-2.838
-3.593
-1.906
-0.231
-3.081
-1.603
-2.070
-4.597
-2.520
0.820
-2.457
-2.737
-0.103
-3.509
-1.319
-1.374
-4.436
-2.003
-0.856
-3.251
-2.595
-2.317
-4.104
-1.758
-0.478
0.533
-2.726
0.414
1.792
-1.839
0.063
2.340
-0.730
-2.144
1.926
-2.369
-0.355
1.066
1.440
-0.791
1.079
-2.308
-0.305
0.933
-1.261
-1.798
1.785
0.503
0.415
0.801
-1.572
-0.578
1.842
-1.866
-3.129
-3.420
-5.115
-1.792
-0.939
-2.180
-1.765
-2.331
-2.750
-3.893
-3.457
-3.557
-3.244
-2.149
-2.303
-2.902
-2.313
-3.062
-2.195
-2.156
-1.951
-4.329
-4.197
-4.140
-1.745
-3.768
-3.449
-4.791
-2.026
-2.382
-1.430
-3.722
-4.355
-2.885
-1.614
-2.909
0.223
-2.099
-1.921
-3.353
-1.486
-1.636
-3.460
-2.628
-2.979
-2.762
-2.445
-4.807
-1.884
-3.365
-3.827
-3.387
-3.003
4.349
-0.455
-3.681
-3.693
-3.476
3.728
-1.545
-2.818
-2.732
-4.780
5.000
0.032
-4.745
-3.967
-3.686
4.269
-0.789
-4.148
-3.439
-4.439
3.392
-0.861
-2.426
-1.881
-2.558
4.354
-1.833
-3.190
-3.376
-3.862
5.065
0.237
-1.190
-1.866
-3.549
5.807
-1.703
-2.408
-3.178
-2.240
3.567
-0.910
-3.996
-3.326
-3.004
2.674
-2.867
-3.397
-2.628
-4.983
-5.217
-0.102
-4.108
-2.793
-3.829
-3.997
0.387
-4.209
-4.413
-4.757
-3.054
0.586
-2.886
-2.043
-4.249
-4.942
0.200
-0.569
-4.715
-2.217
-4.541
1.268
-3.409
-3.399
-3.438
-3.995
1.914
-2.341
-4.220
-4.126
-4.279
-0.023
-2.701
-3.488
-3.032
-2.954
0.683
-3.108
-2.838
-2.540
-3.891
-0.245
-3.840
-3.115
-3.172
-6.026
0.223
-3.997
-2.322
-6.210
1.129
-0.088
-3.357
-1.499
-3.746
0.829
1.920
-3.284
-0.166
-3.302
0.588
0.312
-4.636
-4.528
-3.206
-0.478
1.105
-2.533
-2.468
-3.159
0.038
0.297
-1.282
-2.192
-3.568
1.034
0.035
-3.047
-3.293
-2.343
-1.349
-0.029
-3.345
-1.734
-3.629
0.080
2.137
-3.924
-2.111
-2.778
0.307
0.860
-3.872
-2.458
-4.288
0.054
2.108
-1.582
-4.269
-5.415
-2.569
-4.851
0.288
-3.578
-3.205
-2.281
-6.077
-0.638
-1.999
-2.149
0.181
-4.155
-0.734
-2.209
-4.518
-2.689
-4.109
-1.342
-2.119
-0.230
-0.185
-5.736
-1.070
-2.863
-3.870
-1.252
-4.398
-1.409
0.227
-1.385
-4.399
-5.709
-1.965
-3.597
-5.135
0.246
-5.099
-2.155
-3.405
-4.909
-3.066
-6.070
-1.699
-3.986
-4.296
-1.758
-6.636
-0.034
5.339
-2.541
0.042
-1.327
-1.283
2.842
-2.713
-1.939
-2.296
-0.906
4.342
-2.599
-1.353
-0.039
-1.282
3.291
-3.919
-0.223
-1.708
-2.770
1.892
-3.414
-1.296
-2.145
0.415
3.096
-1.814
-2.368
-1.455
0.592
2.679
-1.283
-0.268
-2.806
-3.073
2.025
-0.610
-3.144
-1.446
1.010
1.772
-2.098
-1.534
-2.010
-2.660
1.482
-2.652
-0.872
-2.238
-3.259
-4.223
-2.519
3.226
-1.965
-4.371
-4.621
-3.015
3.556
-0.996
-2.970
-4.845
-2.185
0.060
-3.470
-2.546
-4.452
-1.879
3.045
-1.573
-4.175
-4.964
-2.880
2.826
-2.296
-2.163
-5.958
-2.012
2.355
-2.807
-3.274
-4.740
-3.359
2.372
-1.545
-1.806
-3.458
-2.359
2.909
-2.219
-2.537
-5.176
-2.285
3.426
-1.206
-3.022
-5.340
-2.511
2.814
-3.908
2.631
-0.393
-1.986
-3.825
-4.292
4.221
-0.749
-3.591
-3.179
-4.166
3.815
-0.484
-3.526
-3.086
-2.982
2.582
-0.304
-3.963
-3.339
-3.419
3.497
0.331
-3.377
-2.031
-4.493
4.848
-0.694
-2.141
-2.339
-3.663
4.636
0.087
-2.497
-2.987
-3.184
2.787
0.420
-3.058
-1.633
-4.050
2.984
-2.444
-2.768
-4.152
-3.200
3.501
-0.471
-2.476
-1.447
-3.962
-3.188
0.366
-0.957
-2.727
1.848
-2.675
-0.173
-2.054
-3.160
-1.040
-1.356
1.413
-1.685
-4.233
-1.220
-1.459
1.611
-2.979
-4.286
-1.988
-2.012
1.606
-1.668
-1.489
-0.280
-0.778
2.770
-3.420
-2.256
-0.884
-1.582
2.178
-1.482
-1.432
-0.129
-1.737
2.947
-4.116
-2.240
-0.988
-3.192
0.280
-3.825
-3.413
-2.137
-2.617
0.368
-2.643
-2.801
-0.753
-0.403
2.874
-1.349
-3.492
-2.830
-0.490
0.500
-0.575
-2.927
-3.303
0.543
2.637
1.003
-2.430
-0.401
1.010
2.099
0.155
-3.547
-2.455
0.379
1.173
-0.703
-3.021
-3.590
-0.998
1.874
-0.373
-4.169
-2.262
0.754
1.369
-0.328
-2.672
-1.985
-0.206
4.131
-0.696
-3.457
-2.617
-1.128
3.588
-0.304
-2.308
-3.186
-1.506
0.985
0.206
-3.832
-3.065
-4.393
-3.095
-2.528
-2.003
-5.059
-4.239
-1.915
-4.988
-2.298
-2.440
-5.257
-2.569
-5.758
-3.787
-2.349
-2.016
-4.072
-2.868
-5.909
-2.258
-2.940
-4.324
-2.561
-6.703
-5.295
-3.288
-4.406
-1.323
-4.017
-4.277
-4.040
-2.595
-3.176
-4.127
-3.191
-2.891
-4.541
-3.441
-1.701
-3.842
-0.835
-0.709
-4.526
-1.456
-0.469
-3.822
-1.855
-0.959
-4.695
-2.137
-2.421
-4.395
-3.674
-2.828
-4.574
-2.137
-2.889
-4.154
-2.245
-0.813
-1.220
-4.566
-2.489
-3.349
-4.539
-2.393
-2.192
-4.954
-1.779
-1.536
-3.800
-0.882
-3.814
-4.022
-3.524
-2.315
-5.421
-2.286
-2.940
-3.835
-1.675
-2.703
-3.625
-3.155
-3.156
-2.885
-3.277
-2.338
-4.108
-1.081
2.321
0.081
-3.868
2.150
-1.859
-5.975
0.603
-1.369
-2.895
2.466
-2.395
-3.780
3.059
-0.883
-6.360
3.336
-1.965
-4.299
2.728
-1.300
-3.525
2.819
-1.512
-3.973
2.923
-1.392
-5.469
2.899
-1.342
-2.419
-4.015
0.620
-1.944
-2.317
2.600
-2.301
-2.173
0.084
-4.008
-2.366
2.209
-3.216
-3.867
2.224
-1.348
-2.826
0.698
-2.862
-2.739
1.805
-1.477
-1.712
3.116
-1.164
-3.815
1.353
-2.605
-3.587
2.848
-1.046
3.064
-1.066
-1.957
1.934
-0.560
-3.154
3.538
-0.820
-2.401
2.465
-0.368
-0.351
3.137
0.286
-4.508
2.379
-0.748
-3.960
2.423
-1.618
-1.946
2.440
-1.150
-1.724
1.502
-0.648
-2.122
3.881
0.285
-2.901
