4.891
5.943
4.753
6.125
3.981
4.796
2.280
7.047
5.368
5.077
6.233
6.105
7.139
1.381
6.240
5.568
6.856
4.271
5.402
4.310
6.497
4.555
5.853
4.531
6.189
3.454
5.048
6.234
5.994
4.047
4.724
3.355
3.841
3.449
3.980
2.889
1.577
4.651
5.483
4.435
5.486
6.358
5.686
6.987
6.443
7.228
6.066
7.353
6.812
5.237
6.260
6.856
3.271
2.423
2.251
4.120
-1.015
4.438
5.594
3.183
1.778
3.496
1.712
2.453
2.909
3.303
1.650
2.449
1.762
3.130
3.173
3.068
2.849
-0.851
1.572
3.299
1.465
1.024
3.147
2.603
2.126
3.877
3.036
2.576
2.970
3.144
2.579
3.427
3.638
2.976
2.071
3.934
4.396
1.187
2.522
2.584
4.256
3.314
3.855
2.541
3.384
3.661
5.114
4.330
2.654
3.368
3.579
2.042
4.524
2.763
4.305
3.378
3.445
2.742
3.303
2.651
3.699
4.360
2.170
3.259
4.388
3.325
2.982
4.319
3.914
2.446
3.795
2.804
3.745
3.306
4.073
3.394
6.271
4.006
3.927
4.056
3.184
5.325
2.898
3.281
4.027
4.981
5.769
0.673
4.032
3.417
3.243
5.193
4.563
4.103
5.104
5.974
3.982
4.902
4.813
2.874
5.146
5.473
3.973
5.795
5.402
4.389
4.891
3.172
4.697
7.021
4.887
3.744
4.492
5.201
2.882
2.150
0.069
3.293
2.351
2.062
2.497
2.755
-0.534
0.784
3.311
5.916
6.683
6.015
6.871
7.279
6.163
6.603
4.955
0.808
-0.404
4.887
7.019
6.658
5.535
5.884
5.092
6.554
4.193
3.844
2.791
4.824
3.747
1.683
2.587
3.057
4.459
4.082
4.917
4.688
5.098
5.983
4.154
6.696
6.720
6.169
5.029
5.847
5.671
5.483
4.462
5.772
4.605
4.256
6.236
5.344
5.894
4.368
4.467
5.959
6.218
6.159
6.367
4.712
8.077
6.672
5.269
7.156
7.471
8.446
5.123
4.907
2.754
1.925
4.301
4.475
4.858
4.437
3.704
4.294
8.025
6.541
7.286
6.821
7.137
8.102
5.973
6.570
6.459
3.363
4.005
3.719
5.938
4.359
5.844
3.975
5.279
5.503
4.189
4.050
4.722
5.700
5.911
4.651
4.240
4.724
3.890
1.902
3.910
4.123
5.319
4.374
6.733
6.934
6.821
7.416
6.627
5.411
4.478
5.343
4.643
4.461
5.789
4.310
4.185
6.094
5.329
2.074
5.682
5.868
5.697
6.273
7.463
2.226
6.807
6.772
7.723
5.660
5.593
2.345
4.111
2.047
2.690
3.696
2.505
2.298
2.314
3.237
2.961
4.463
3.624
3.412
3.961
5.900
4.200
2.401
4.081
1.976
4.343
3.366
3.647
6.381
4.599
2.132
4.587
6.358
6.036
6.230
3.897
6.983
