-8.546
-6.952
-1.390
-8.785
-3.240
-6.743
-6.557
-6.217
-4.316
-1.869
-3.744
-5.211
-3.887
-1.880
-1.905
-4.083
-4.810
-3.559
-4.852
-3.560
-3.111
-3.030
-4.412
-4.670
-4.185
-3.701
-1.743
-3.439
-4.858
-2.479
0.312
1.818
0.950
3.600
1.521
-0.677
-2.514
2.469
1.235
-0.003
-8.149
-0.717
-7.518
-7.513
1.305
-6.580
-6.617
0.644
-3.050
-4.466
0.922
-2.877
-7.973
-0.081
-8.034
-6.711
0.775
-2.547
-8.618
-0.879
-4.313
-5.089
-0.200
-3.392
-6.156
-2.408
-5.816
-4.764
-2.720
-7.045
-3.679
-1.710
-5.493
-2.974
-0.792
-6.314
-1.606
-3.642
-5.113
0.795
-3.458
-3.892
-2.997
-3.529
-4.326
-4.210
-0.240
-4.823
-3.943
-4.383
-4.143
-0.575
-0.916
-5.465
-0.306
0.001
-3.278
-2.716
-2.521
-7.889
-7.207
-5.042
-8.067
-8.545
-4.694
-9.318
-8.793
-8.261
-7.954
-6.898
-3.318
-9.450
-6.147
-3.053
-7.783
-5.965
-4.028
-7.190
-9.982
-6.697
-9.567
-6.584
-4.811
-8.531
-8.252
-4.223
-8.543
-5.746
-3.892
-7.579
-10.541
-11.906
-7.979
-9.421
-6.278
-4.200
-8.096
-9.574
-6.613
-6.799
-9.603
-6.108
-5.611
-8.005
-5.704
-5.616
-9.573
-5.659
-5.797
-8.139
-4.087
-8.688
-7.594
-5.609
-8.810
-9.023
-5.765
-5.913
-9.119
-7.565
-3.817
-2.225
0.962
-2.457
-0.155
3.023
-0.315
-0.069
-2.051
-0.013
-1.744
-1.665
0.681
1.919
2.286
1.553
-1.083
0.325
-2.684
1.360
3.677
-2.028
-3.896
1.637
-1.197
-1.560
1.740
-1.599
-2.161
-0.048
-4.822
-2.545
3.022
-6.575
-2.781
1.049
-9.064
-5.052
1.770
-4.691
-2.683
2.216
-5.457
-3.316
4.169
-4.658
-1.631
1.463
-6.055
-1.265
3.662
-5.641
-1.522
1.944
-4.629
-2.756
1.323
-3.893
-4.127
2.961
1.923
-7.003
-2.495
1.818
-4.421
-2.300
1.227
-4.238
0.278
1.140
-1.931
-0.538
-1.045
-5.252
-1.980
1.230
-6.544
-4.245
-1.762
-7.366
-5.882
0.187
-2.716
2.071
-0.459
-7.566
-3.449
-2.960
-8.627
-3.283
-2.931
-4.489
-1.195
-2.780
-2.266
0.495
-0.511
-3.667
-1.655
-6.989
-4.355
-3.886
-5.907
-2.228
-3.039
-4.177
-2.395
-3.448
-2.264
-1.138
-1.348
-1.676
-1.106
-0.850
-4.601
-5.818
-2.962
-1.442
0.460
1.488
-1.937
-8.748
-2.395
-11.164
-2.802
-6.906
-2.333
-6.775
-3.179
-3.911
-2.011
-7.629
-0.556
-7.320
-1.799
-7.989
-3.403
-8.437
-1.345
-9.361
-1.452
-6.890
1.244
-9.485
-0.351
-12.365
0.891
-8.826
-2.866
-8.850
-2.619
-10.077
-0.117
-9.362
0.608
-8.574
-2.395
-10.292
-3.993
-10.951
-8.893
-7.198
-7.766
-6.703
-8.843
-6.062
-7.195
-3.780
-6.534
-8.078
-7.904
-5.509
-6.875
-5.028
-7.954
-6.694
-8.489
-7.505
-5.665
-8.271
-2.355
-1.767
-6.544
-3.151
-5.969
-4.516
-4.176
-5.938
-5.467
-5.874
-2.651
-3.167
-6.862
-5.187
-4.999
-1.253
-3.377
-3.885
-8.404
-6.058
-3.026
-4.771
-0.021
-1.060
-2.388
-2.475
-1.762
-0.527
-0.741
-5.235
-1.206
-0.673
-3.214
-1.011
-4.037
-4.242
-3.490
-4.708
-3.066
-2.919
-1.784
-4.822
-2.001
-1.270
-2.439
0.753
-1.343
-5.017
-2.064
-3.031
-3.162
-5.286
0.196
-1.217
-2.856
-2.684
-5.891
0.460
-1.086
-3.128
-7.351
-2.717
-6.041
-10.796
-6.761
-7.620
-9.298
-7.592
-6.673
-4.581
-6.485
-7.942
-7.896
-6.567
-8.721
-8.615
-6.704
-6.085
-9.971
-8.906
-7.538
-5.046
-6.822
-7.769
-7.316
-8.224
-10.005
-9.557
-4.718
-2.753
-5.926
-7.825
-5.478
-5.065
-7.008
-9.172
-5.131
-3.137
-7.610
-5.088
-9.652
-9.335
-8.365
-1.759
-7.062
-5.404
-7.943
-5.020
-7.338
-5.266
-2.776
-5.664
-7.748
-5.085
-5.604
-3.227
-5.009
-2.610
-1.359
-7.100
-5.758
-6.192
-6.119
-4.394
-5.163
-1.176
-5.669
-5.037
-5.575
-5.077
-1.223
-5.694
-6.683
-8.329
-7.437
-2.082
-6.643
-2.460
-6.357
-4.026
-2.397
-5.437
-3.410
-5.065
-3.288
-8.682
-5.618
-1.910
-5.346
-9.529
-7.018
-7.173
-3.672
-5.000
-3.868
-5.183
-5.616
-6.317
-7.079
-4.935
-1.197
-6.191
-6.132
-6.454
-4.706
-5.049
-5.845
-4.050
-3.935
-7.268
-8.292
-5.139
-1.781
-6.595
-6.556
-2.117
-6.061
-6.263
-6.044
-5.990
-5.821
-2.631
-1.579
-7.311
-6.727
-0.663
-1.041
-5.516
-10.800
-3.647
-1.322
-6.842
-9.921
-4.022
-0.921
-7.200
-6.959
-2.038
1.930
-8.473
-9.653
-5.199
-2.857
-8.096
-9.878
-3.022
-1.041
-8.957
-8.439
-2.681
0.924
-4.107
-7.069
-2.357
-0.293
-5.429
-7.904
-4.248
-3.765
-3.316
-2.702
-4.113
-4.686
-5.567
-2.797
-2.314
-1.194
-3.956
-2.556
-7.115
-5.191
-6.125
-2.413
-5.406
-4.087
-6.291
-1.442
-5.000
-1.445
-4.670
-4.334
-4.232
-4.170
-4.788
-2.180
-4.340
-2.082
-4.070
-6.043
-9.116
-4.471
-8.730
-5.197
-5.069
-1.450
-5.318
-1.411
-6.982
-3.033
-2.365
-7.023
-5.302
-4.798
-6.031
-6.581
-7.356
-9.350
-9.230
-7.886
-4.790
-8.188
-7.324
-3.103
-3.192
-4.915
-8.570
-7.326
-2.949
-4.908
-4.789
-5.073
-2.575
-5.238
-4.709
-3.719
-4.496
-7.979
-8.833
-4.005
-5.415
-6.774
-7.183
-8.728
-5.147
-5.399
-6.611
-9.544
-6.442
-4.842
-3.519
-6.381
-7.429
0.085
-4.989
-5.859
-6.652
1.276
-1.503
-7.496
-10.034
-1.227
-6.335
-3.109
-7.565
-0.800
-4.451
-6.741
-5.842
1.381
-3.404
-4.811
-7.291
0.204
-6.382
-5.398
-4.884
-0.480
-5.296
-6.351
-6.488
-1.055
-5.994
-2.032
-7.400
-0.194
-6.398
-4.443
-7.816
0.949
-4.045
-9.174
-4.164
-5.445
-2.372
-10.560
-5.172
-6.611
-3.463
-9.393
-1.947
-4.430
-1.181
-9.261
-2.412
-6.714
-1.975
-7.900
-3.938
-6.591
-4.040
-8.040
-4.417
-5.736
-2.987
-5.455
-2.277
-6.356
0.990
-6.153
-3.685
-5.270
-3.110
-8.880
-2.432
-3.872
-0.816
-11.776
-7.897
-6.147
-4.183
-1.828
-8.600
1.201
-10.096
-0.413
-3.752
-3.507
-7.896
1.250
-8.696
-0.338
-10.650
-0.234
-6.303
-1.521
-9.949
-0.218
-6.086
-0.399
-7.807
-0.469
-4.957
-0.554
-9.354
-1.702
-6.653
-0.481
-9.267
1.437
-4.537
-0.081
-11.295
0.110
-7.739
-0.702
-9.929
-0.510
-5.573
-2.913
-6.238
-5.016
-4.046
-8.023
-7.410
-2.488
-2.335
-8.224
-6.496
-4.281
-4.808
-6.580
-7.189
-9.168
-8.208
-8.081
-7.665
-3.155
-3.405
-9.255
-6.685
-4.831
-4.353
-9.805
-2.627
-2.089
-1.676
-6.323
-3.939
-4.278
-3.626
-7.339
-7.195
-4.196
-3.891
-8.110
-6.598
-4.165
-4.884
-8.236
-7.888
-7.852
-3.213
-4.880
-1.079
-3.316
1.404
-6.292
-2.313
-6.531
-1.510
-7.717
-3.474
-8.749
-1.546
-9.033
-2.104
-9.422
-4.643
-8.954
-1.980
-3.811
-0.220
-6.160
-3.058
-3.945
-4.157
-5.746
1.040
-1.796
-2.443
-6.049
-3.529
-4.097
-4.938
-8.562
-4.809
-6.973
-1.554
-5.167
-3.606
-8.810
-4.697
-7.711
-3.370
-8.371
-5.043
-9.955
-6.431
-4.515
-3.234
-7.978
-4.738
-7.878
-5.054
-9.736
-3.531
-9.774
-4.670
-6.354
-6.083
-3.685
-4.732
-3.661
-5.669
-2.003
-0.672
-2.815
-4.335
-4.778
-2.733
-2.771
-4.212
-1.449
-2.834
-3.770
-1.734
-2.480
-3.152
-4.658
-2.504
-0.057
-3.553
-6.463
-3.928
-7.063
-2.599
-6.336
-5.472
-4.567
-3.501
-5.651
-4.505
-6.129
-1.584
-7.839
-4.410
-5.917
-1.701
-9.216
-6.875
-5.227
-4.356
-9.211
-5.367
-7.749
-1.081
-6.712
-4.262
-8.027
-4.938
-8.385
-4.752
-8.293
-4.955
-8.355
-2.598
-4.345
-5.088
-5.327
-0.687
