-8.269
-5.679
-5.979
-6.928
-6.996
-7.286
-7.565
-8.007
-8.257
-7.674
-11.085
-7.795
-8.458
-9.135
-9.332
-7.603
-9.299
-5.317
-4.862
-4.644
-7.726
-7.694
-9.932
-5.524
-10.482
-7.538
-8.870
-7.026
-6.328
-5.728
-13.164
-7.658
-6.984
-2.719
-12.894
-7.772
-6.603
-6.019
-7.537
-6.551
-4.145
-1.294
-0.629
-7.545
-3.284
-6.412
-2.390
-6.460
-4.791
-5.964
-5.002
-5.214
-3.813
-5.094
-2.203
-8.786
-1.485
-6.095
-3.450
-9.941
8.055
-6.713
6.579
-6.702
8.788
-6.520
7.760
-6.426
7.409
-5.467
9.021
-3.831
9.039
-3.748
9.661
-6.071
7.503
-7.373
7.333
-0.529
7.206
-7.978
-6.651
-4.817
6.876
-4.939
-1.377
-4.293
7.187
-6.182
-6.583
-3.586
1.422
-8.360
-6.817
-7.734
5.968
-5.446
-4.491
-5.392
7.311
-8.522
-1.738
-8.031
7.798
-7.070
-3.955
-5.139
1.260
-11.046
-10.677
-7.043
6.523
-8.043
-6.236
-6.524
7.020
-6.094
-2.204
-4.875
-4.951
-7.159
-5.480
-4.888
-0.776
-7.034
-4.096
-6.605
-2.223
-7.915
-4.380
-5.212
-1.076
-7.919
-6.146
-5.352
-1.499
-6.004
-2.671
-7.579
-0.003
-5.730
-1.516
-5.708
1.906
-9.632
-6.908
-8.286
-3.473
-11.560
-9.619
-7.475
-2.060
-8.653
-7.421
-9.394
-0.967
-7.030
-0.485
-6.764
-4.183
-5.774
-4.698
-7.316
0.669
-3.980
-1.356
-5.587
-1.127
-7.367
-2.649
-9.419
1.251
-5.186
-4.578
-6.203
-4.760
-5.795
-7.451
-7.244
-1.120
-4.688
-3.747
-6.261
0.126
-2.465
-2.193
-5.353
-3.883
-5.692
-6.841
-6.336
-2.806
-4.692
-5.383
-5.918
-4.298
-3.335
-2.856
-6.595
-5.144
1.975
-1.718
3.904
-5.294
-3.159
-5.288
2.698
-5.067
-0.644
-2.669
1.912
-8.401
-1.329
-8.121
3.848
-2.849
-1.255
-2.954
7.147
-4.959
1.357
-2.800
4.263
-6.431
-3.754
-6.115
3.465
-8.772
-3.031
-5.076
3.714
-2.548
-1.445
-3.919
2.362
-4.409
-1.957
-4.350
3.757
0.692
-7.044
-7.822
-6.578
-4.328
-2.878
-5.762
-3.200
1.573
-2.659
-7.867
-2.781
0.147
0.094
-1.847
0.224
2.842
-5.128
-5.487
-2.092
0.114
-2.109
-7.368
-2.747
4.288
-3.570
-5.999
-1.132
-2.145
-3.245
-7.143
-3.915
2.423
-6.915
-7.185
-5.668
4.315
-3.082
-4.421
-1.996
-3.023
-6.952
0.992
-0.696
-2.039
-2.465
2.356
0.256
-4.844
-3.101
0.573
-4.090
-4.330
-3.918
2.678
0.923
-1.544
-4.013
0.979
0.216
-2.460
-5.314
1.400
-0.712
-4.035
-4.485
-3.668
-1.559
-5.536
-4.782
0.290
-2.252
-3.024
-6.785
-1.729
-4.688
-0.252
-4.767
-1.835
0.160
6.070
-6.196
-4.247
2.348
5.243
-3.528
-2.337
3.100
5.653
-4.647
-4.024
2.302
5.365
-6.128
-5.876
0.675
5.226
-5.985
-5.218
0.643
5.820
-5.977
-4.221
0.487
3.759
-4.870
-1.036
2.108
1.890
-4.330
-3.890
0.529
5.842
-5.969
-4.046
0.593
3.421
-8.639
-5.077
-0.735
-0.087
5.050
-0.567
0.962
-5.548
8.390
-3.265
-1.467
-7.064
7.288
-4.520
-1.700
-5.482
2.942
-5.633
-1.757
-4.380
6.680
-1.152
2.756
-7.529
6.489
-1.585
-1.827
-7.296
3.598
-3.219
-1.191
-6.462
4.224
-4.486
-4.280
-2.838
4.724
-4.062
0.225
-6.517
1.176
-8.533
-7.400
-8.792
-4.117
-9.689
-7.162
-3.117
-9.226
-9.131
-5.576
-9.784
-9.412
-2.946
-10.190
-7.636
-5.685
-9.568
-8.552
-5.990
-10.486
-6.551
-1.630
-7.697
-7.503
-4.749
-7.609
-6.463
-4.609
-8.423
-5.303
-5.385
-12.507
4.978
-5.014
-8.293
6.841
-2.038
-10.906
3.782
-2.624
-8.520
5.556
-1.394
-9.692
2.731
-7.828
-9.789
3.738
-3.001
-7.258
6.004
-4.833
-7.398
5.646
-4.723
-9.126
2.652
-1.995
-12.338
6.812
-2.293
-10.629
0.488
3.985
-9.653
-3.994
6.734
-8.527
-3.090
5.937
-8.966
-1.743
6.336
-7.445
-4.154
5.022
-9.848
0.745
6.551
-6.737
-4.078
4.654
-10.747
-7.723
3.773
-2.909
-1.594
5.289
-9.482
-0.252
6.832
-6.638
3.885
-2.716
-5.261
4.136
0.218
-3.041
5.749
-2.904
-0.409
4.736
-0.555
-3.779
4.285
-0.779
0.288
2.355
-3.077
-7.355
4.233
-1.557
-5.921
3.822
-4.540
-5.273
3.786
0.629
-1.956
4.843
-2.205
-2.201
-4.222
-7.155
-0.650
-2.564
-8.141
-2.748
-4.367
-7.427
-1.854
-1.717
-5.879
-1.344
-3.534
-7.474
-1.817
-1.595
-9.731
-2.980
-2.968
-9.524
-3.295
-1.319
-8.321
-1.534
-2.310
-5.773
-1.222
-4.084
-4.969
-3.083
7.638
-0.538
-1.787
6.640
-1.630
-3.972
6.826
-2.176
-0.984
5.649
-2.134
-3.653
2.844
0.280
-0.971
2.509
-2.876
-5.025
5.181
1.315
-0.506
6.584
1.692
1.853
3.484
-1.318
-0.298
5.876
0.361
-1.732
-5.144
-6.417
-6.669
-7.507
-2.749
-7.999
-4.412
-5.304
-9.186
-1.270
-8.773
-7.353
-6.011
-6.623
-2.872
-7.066
-5.593
-6.062
-6.122
-5.323
-6.137
-3.935
-7.398
-7.796
-3.985
-9.362
-6.463
-6.982
-7.152
-4.739
-4.713
-3.050
-6.213
-8.109
-2.326
-3.735
0.117
-2.785
-5.603
-2.729
-4.976
-5.490
-7.026
-9.321
-4.107
-7.834
-4.446
-6.637
-5.281
0.445
-6.188
-4.771
-5.781
-2.289
-2.763
-8.625
-5.361
-7.884
-4.323
-3.616
-7.457
-5.022
-9.184
-3.433
-4.988
-7.804
-4.034
-6.306
-3.839
-5.328
-6.792
-6.847
-7.971
-4.431
-1.816
-8.138
-6.509
-7.767
-5.119
-3.821
-7.684
-4.308
-7.017
-3.975
-2.645
-6.411
-5.475
-8.107
-2.418
-3.859
-7.225
-7.444
-6.501
-3.253
-3.812
-11.646
-6.392
-6.780
-5.951
-5.241
-6.801
-1.888
-2.520
-6.434
-4.802
-6.845
-4.828
-7.981
-9.674
-5.997
-8.224
-9.053
-8.338
-8.785
-7.381
-8.531
-6.075
-7.961
-11.990
-10.169
-4.035
-6.573
-5.658
-8.566
-4.853
-7.127
-6.127
-6.397
-9.354
-7.573
-6.654
-3.714
-5.434
-5.434
-6.995
-8.973
-5.099
-6.630
-9.141
-7.918
-6.823
-3.300
-4.526
-6.848
-9.840
-10.208
-6.879
-5.289
-9.117
-8.335
-6.914
-3.956
-6.449
-3.378
0.634
-6.797
-3.083
-3.882
-3.212
0.706
-5.699
-1.835
-5.117
-1.829
1.149
-7.976
-4.018
-5.342
-4.907
-3.742
-4.041
-5.118
-5.242
-5.503
-3.927
-4.100
-1.544
-4.451
-2.408
-2.609
-6.481
-5.004
-5.861
-9.566
-4.097
-6.433
-3.822
-6.153
-4.172
-0.299
-5.910
-4.733
-5.141
-6.294
-2.547
-3.455
-3.223
-3.789
-2.758
0.782
-7.380
-11.391
-6.826
-6.311
4.542
-6.861
-9.131
-5.818
-6.257
7.679
-4.012
-6.406
-4.724
-2.398
9.164
-6.611
-9.304
-7.997
-8.832
8.187
-3.239
-4.823
-0.870
-3.316
6.333
-6.067
-5.352
-4.927
-5.340
8.801
-5.413
-2.643
-2.774
-5.340
7.350
-5.156
-7.380
-6.952
-5.630
8.335
-8.523
-9.690
-6.963
-7.299
4.929
-6.189
-8.669
-6.161
-5.654
7.611
0.348
1.584
-5.915
10.772
-5.938
-0.841
-1.174
-8.164
8.080
-7.367
-2.793
1.288
-5.266
8.839
-6.086
-5.884
-1.598
-8.053
7.179
-7.394
-3.590
-0.660
-8.653
7.050
-4.006
0.577
2.739
-7.247
8.447
-7.585
3.243
1.146
-7.245
8.165
-6.282
-6.101
1.031
-2.994
7.010
-4.652
0.909
-0.144
-7.412
8.362
-6.127
-1.182
1.727
-6.310
9.481
-1.329
-8.079
-5.524
-11.693
-6.559
-3.146
-7.600
-6.325
-9.277
-7.608
-3.397
-8.422
-5.103
-10.724
-7.197
-1.789
-9.475
-8.502
-12.463
-11.173
-3.492
-8.044
-4.772
-10.924
-4.855
-4.540
-8.585
-7.148
-10.471
-9.701
-3.710
-7.758
-4.051
-9.450
-8.493
-2.355
-6.246
-5.516
-7.980
-3.493
-5.303
-8.976
-6.151
-10.110
-8.391
-3.681
-6.804
-8.716
-12.983
-10.565
-10.241
8.127
-0.316
-6.867
-4.895
-10.092
7.998
-2.036
-7.641
-2.246
-10.577
6.380
-1.746
-8.814
-4.489
-9.227
7.269
0.245
-9.769
-4.382
-9.265
7.210
-0.285
-11.680
-2.103
-10.279
6.856
-3.177
-8.078
-5.211
-11.638
8.065
0.692
-3.747
-1.170
-5.868
7.079
0.530
-8.107
-3.112
-9.499
3.360
-2.170
-9.611
-7.300
-10.246
7.161
0.812
-6.805
-2.119
-7.750
-7.805
2.084
-5.654
-1.650
-2.047
0.484
5.632
-8.406
-0.728
-7.018
-2.799
6.053
-8.173
-0.519
-3.756
-1.825
7.674
-6.946
-0.479
-7.622
-3.279
2.493
-5.810
1.307
-2.758
-2.315
4.213
-7.583
-0.595
-4.713
-4.395
6.544
-6.772
-0.969
-4.645
-2.527
5.056
-9.596
-1.640
-7.067
-5.590
3.851
-11.166
-3.505
-6.480
-2.469
5.739
-10.190
-0.379
-7.717
0.333
4.163
-0.068
-2.156
-8.502
-2.328
2.619
0.435
-3.544
-5.667
-0.464
3.330
-0.007
-3.344
-7.256
-3.580
1.535
2.021
-1.877
-5.345
1.886
2.286
-1.776
-4.881
-9.183
0.521
1.235
-2.870
-3.593
-8.631
3.234
2.279
-4.186
-2.653
-6.201
-1.552
4.687
-3.323
-0.582
-9.048
-2.813
2.347
-2.798
-3.367
-8.885
-4.145
1.758
-1.764
-4.378
-8.739
-5.118
-6.101
-5.128
-5.238
-9.397
-9.117
-2.069
-9.057
-7.238
-3.507
-10.060
-6.144
-9.524
-8.603
-6.437
-6.128
-7.483
-6.794
-8.932
-4.854
-4.552
-5.941
-4.758
-6.069
-8.261
-7.155
-6.720
-4.992
-7.267
-7.208
-13.594
-7.257
-4.811
-15.298
-8.621
-8.416
-13.159
-7.471
-5.133
-12.601
-6.584
-5.070
-13.889
-8.462
-5.107
-12.052
-7.583
-5.932
-13.853
-9.169
-4.084
-14.927
-10.733
-7.132
-15.067
-6.952
-6.885
-12.640
-4.982
-2.413
-7.351
-11.580
-4.790
-7.255
-12.707
-7.962
-5.830
-9.627
-5.038
-4.325
-9.101
-4.506
-7.164
-6.806
-5.684
-3.346
-10.043
-5.819
-5.698
-11.132
-6.713
-6.503
-9.298
-6.109
-7.312
-11.585
-8.260
-6.394
-10.818
-7.641
8.314
-3.504
-9.739
8.481
-3.795
-8.584
5.761
-3.624
-8.925
8.426
-5.096
-7.962
9.434
-3.150
-9.839
7.527
-1.408
-6.820
9.132
-1.885
-8.315
9.667
-2.856
-9.380
7.975
0.077
-7.756
9.987
-2.251
-7.696
-5.674
-4.400
-6.104
-5.422
-2.123
-6.997
-3.188
-3.094
-7.670
-6.574
-6.714
-8.812
-3.372
-3.344
-4.799
-5.235
-5.493
-7.711
-4.416
-3.525
-3.105
-3.163
-3.126
-3.124
-5.541
-4.549
-6.286
-7.946
-1.928
-6.442
-5.818
-4.005
-5.710
-7.400
-3.529
-5.301
-6.209
-1.784
-6.328
-3.226
-2.210
-7.468
-4.034
-3.737
-8.394
-4.691
-3.234
-8.135
-3.587
1.066
-7.642
-3.862
1.198
-8.350
-7.849
-2.685
-7.876
-3.073
-0.916
-7.614
