5.689
9.235
4.919
7.642
7.765
7.860
5.104
8.736
5.643
7.258
8.988
8.617
8.525
0.340
7.427
8.144
7.131
6.111
4.016
7.240
9.244
9.581
6.557
8.354
9.776
8.200
8.050
8.640
8.460
8.801
2.753
4.152
6.362
3.908
3.901
1.765
0.289
4.805
3.408
4.119
8.095
7.961
7.702
9.348
7.136
8.530
7.833
7.015
7.888
4.097
9.455
7.554
4.811
6.002
2.743
5.171
-1.329
8.955
6.882
4.393
-3.134
-0.808
-5.934
0.780
-2.988
-4.630
-3.781
-5.750
-3.943
-2.202
-5.067
-4.825
-6.662
-3.936
-4.637
-0.850
-6.328
-1.591
-5.789
-2.706
7.096
8.434
6.123
4.104
7.960
5.584
7.628
6.954
6.591
7.105
6.172
7.534
6.350
5.974
9.060
7.938
6.595
4.867
6.206
7.311
-3.061
-1.625
1.212
-0.190
-2.887
-4.852
-4.307
-2.002
-3.810
-2.476
6.406
4.436
2.532
0.602
3.293
2.284
4.730
1.198
1.777
2.961
-2.248
-2.159
-1.609
0.996
-3.383
-2.844
-0.383
-0.430
-1.230
-3.428
0.296
0.918
1.612
0.274
-1.709
-1.628
-0.130
0.657
0.206
-1.594
7.076
2.555
7.653
2.928
-3.847
6.451
-5.866
6.706
-10.092
5.661
1.539
2.374
-0.782
0.487
-0.673
1.587
0.521
0.488
0.499
-3.215
7.503
6.489
5.557
2.751
6.139
9.125
4.373
8.092
7.454
5.443
6.244
6.447
3.637
5.648
5.230
5.714
7.070
6.592
2.624
7.576
5.962
7.387
8.881
7.928
8.092
9.595
7.218
8.971
8.139
5.158
-3.822
5.086
7.188
6.210
5.431
6.554
6.470
8.202
2.763
4.003
-6.910
-9.349
-10.400
-10.384
-7.915
-6.125
-8.826
-9.558
-7.652
-9.152
5.603
7.825
6.344
8.733
7.941
6.909
7.173
7.074
7.095
7.190
8.519
10.657
7.755
7.986
7.946
6.359
9.051
4.748
4.473
10.335
8.802
9.189
8.706
7.335
9.700
8.595
8.520
9.275
11.126
11.362
2.257
0.964
-1.393
-1.239
-0.317
1.678
1.501
0.297
2.445
1.201
10.597
8.978
11.539
6.899
11.040
12.142
8.561
9.350
9.084
4.834
2.706
1.939
3.996
3.497
2.210
5.100
2.744
4.071
1.073
2.136
2.384
3.882
1.988
-0.253
3.642
4.306
4.630
2.645
0.755
3.039
6.939
6.789
9.652
8.497
9.585
9.906
9.293
8.079
5.908
8.650
8.125
7.223
7.632
8.420
8.475
8.754
7.467
4.815
8.970
7.825
7.933
8.470
9.605
2.440
7.832
8.164
8.232
6.860
4.954
6.014
2.732
1.126
0.897
4.082
-0.649
2.513
1.770
3.379
2.101
2.441
8.041
8.033
8.006
8.237
7.878
7.327
6.132
4.661
8.660
5.730
6.710
9.418
6.440
5.601
5.911
7.878
7.693
7.382
6.365
9.329
