-24.514
-21.092
-9.149
-25.028
-13.120
-20.643
-20.243
-19.514
-15.432
-10.178
-14.276
-17.434
-14.582
-10.262
-10.316
-15.005
-16.570
-13.877
-16.659
-13.879
-7.733
-10.604
-12.089
-7.034
-10.658
-4.831
-6.483
-7.261
-7.455
-8.891
-3.956
0.274
-2.674
3.054
-1.532
-7.324
-10.183
0.333
-2.323
-4.358
-13.296
-6.022
-24.713
-13.875
-3.577
-20.437
-15.161
-4.421
-21.182
-17.708
-3.372
-22.417
-16.901
-5.577
-22.625
-16.484
-5.063
-21.959
-14.019
-7.093
-19.505
-11.258
-7.832
-19.068
-11.073
-10.625
-19.152
-13.335
-10.912
-25.830
-11.740
-10.443
-22.673
-7.875
-7.355
-20.764
-15.846
-14.787
-20.235
-6.871
-13.776
-13.682
-14.936
-14.422
-11.460
-14.574
-7.616
-14.177
-17.805
-16.874
-15.796
-6.620
-9.361
-18.155
-13.191
-7.115
-18.428
-12.764
-11.459
-20.482
-21.509
-16.629
-17.617
-24.436
-15.616
-27.623
-25.524
-23.483
-22.394
-21.325
-12.762
-26.735
-19.863
-12.635
-23.556
-19.195
-15.071
-22.088
-28.467
-20.267
-20.418
-20.720
-16.075
-26.251
-24.300
-14.828
-28.576
-18.890
-15.587
-26.061
-24.520
-33.835
-23.026
-16.855
-21.386
-15.623
-22.685
-27.750
-19.963
-17.170
-28.485
-19.286
-16.861
-24.639
-17.650
-19.038
-31.040
-19.921
-16.441
-24.080
-13.874
-17.322
-25.934
-19.885
-17.917
-27.519
-18.688
-16.881
-29.166
-21.780
-5.063
-12.566
-1.824
-3.487
-13.707
1.772
-1.350
-12.476
-7.378
-7.963
-16.270
-7.573
-3.421
-7.776
0.287
-4.506
-11.737
-2.515
-0.510
-9.575
2.575
-10.442
-16.980
-0.444
-7.436
-18.298
-1.703
-3.766
-17.493
-4.571
-11.451
-10.944
-2.195
-14.912
-13.412
-0.109
-15.696
-17.577
2.476
-11.625
-11.840
2.156
-14.279
-15.346
4.843
-11.134
-8.151
0.270
-12.474
-12.457
5.949
-9.798
-10.514
-0.853
-9.708
-5.381
-3.446
-16.305
-12.678
3.470
-9.192
-17.371
-13.100
-4.034
-13.735
-13.907
-5.055
-14.049
-7.557
-7.553
-9.476
-7.797
-6.316
-14.393
-11.818
-5.597
-18.199
-16.363
-4.516
-20.371
-17.881
-4.303
-10.331
-5.122
-9.634
-21.542
-16.045
-7.121
-22.462
-16.225
-0.524
-15.007
-9.135
-0.405
-10.739
-6.566
-1.011
-12.647
-13.251
-9.173
-14.193
-13.782
-4.014
-11.107
-10.664
-1.534
-11.350
-14.439
0.541
-6.771
-10.290
-2.273
-8.043
-8.759
-4.597
-16.623
-10.102
-1.789
-4.934
-2.843
0.636
-24.154
-12.838
-29.173
-15.598
-20.497
-5.284
-20.069
-9.879
-13.887
-6.691
-21.888
-7.353
-21.132
-6.671
-22.534
-2.346
-23.807
-5.780
-25.885
-9.343
-20.389
0.206
-26.084
-7.130
-31.671
-4.407
-24.370
-7.865
-24.573
-8.786
-27.081
-4.966
-25.205
-6.925
-23.713
-13.532
-27.152
-13.102
-28.903
-30.781
-21.174
-25.797
-22.141
-29.573
-18.424
-24.735
-18.597
-21.957
-21.261
-23.088
-14.116
-25.955
-24.223
-24.642
-16.920
-29.894
-23.042
-24.026
-24.521
-11.060
-8.719
-15.659
-11.532
-16.354
-14.307
-12.512
-17.200
-14.828
-17.070
-9.793
-11.565
-17.636
-15.672
-15.703
-7.673
-10.244
-13.025
-19.097
-17.443
-12.474
-12.244
-15.570
-5.946
-15.020
-9.454
-6.878
-6.280
-5.542
-15.406
-7.788
-5.855
-7.995
-7.310
-10.934
-12.720
-14.636
-12.317
-15.887
-10.208
-15.987
-14.930
-8.641
-7.707
-20.244
-3.594
-14.227
-15.327
-8.091
-11.288
-20.552
-15.873
-12.041
-7.600
-12.959
-10.582
-14.216
-4.190
-11.619
-11.486
-21.948
-11.407
-21.140
-21.238
-20.681
-22.870
-28.534
-25.299
-20.492
-15.816
-22.148
-17.209
-23.119
-19.997
-27.225
-25.911
-20.559
-19.126
-30.063
-20.503
-22.349
-16.140
-22.914
-24.382
-21.873
-23.175
-30.140
-24.984
-16.295
-11.862
-20.880
-19.416
-17.926
-17.222
-23.337
-19.268
-17.182
-12.761
-24.702
-19.103
-26.889
-26.031
-26.418
-31.372
-21.328
-17.720
-25.458
-31.830
-21.921
-17.770
-13.729
-25.928
-22.800
-16.833
-20.150
-29.994
-16.919
-12.479
-10.514
-22.965
-18.527
-19.704
-21.319
-30.626
-17.251
-8.988
-20.296
-24.851
-18.134
-17.171
-10.205
-29.395
-20.515
-23.961
-24.309
-33.896
-20.428
-11.456
-21.858
-23.545
-11.311
-18.202
-12.805
-18.926
-13.223
-24.995
-17.615
-11.764
-17.643
-26.427
-20.674
-23.710
-14.048
-17.179
-14.476
-19.194
-18.222
-19.538
-21.446
-18.630
-8.735
-19.244
-18.634
-22.078
-16.270
-17.143
-18.325
-16.623
-14.612
-21.906
-23.344
-19.093
-9.987
-20.267
-19.578
-12.233
-19.179
-19.599
-19.260
-21.026
-18.302
-12.743
-11.013
-17.840
-20.640
-8.482
-9.792
-10.276
-29.268
-15.203
-10.429
-19.245
-27.269
-16.639
-9.518
-21.809
-21.092
-11.936
-3.048
-12.253
-26.851
-18.990
-13.913
-19.393
-27.606
-13.549
-9.791
-19.819
-24.183
-13.533
-5.330
-16.214
-21.288
-12.415
-8.094
-17.868
-23.127
-17.013
-15.976
-20.051
-11.967
-15.029
-16.163
-13.134
-12.170
-11.101
-9.029
-11.090
-11.652
-21.350
-17.969
-13.274
-11.346
-17.653
-15.316
-13.379
-9.259
-16.986
-9.114
-14.366
-15.469
-15.214
-14.761
-15.467
-10.844
-15.483
-11.423
-17.946
-19.140
-25.655
-15.326
-16.578
-17.323
-17.317
-9.826
-25.332
-9.193
-21.207
-12.955
-16.323
-17.389
-11.029
-24.985
-19.510
-22.895
-28.047
-25.409
-26.454
-26.347
-19.461
-25.367
-22.318
-11.372
-20.107
-21.898
-25.022
-24.530
-10.524
-22.670
-16.815
-21.795
-9.701
-20.101
-16.641
-24.308
-23.612
-25.732
-25.592
-18.495
-21.773
-22.911
-22.011
-24.905
-11.356
-24.230
-20.769
-24.416
-15.333
-20.899
-14.059
-18.888
-23.066
-12.105
-17.250
-20.326
-21.358
-8.480
-9.682
-25.139
-28.797
-9.222
-20.170
-15.200
-23.366
-11.765
-16.082
-24.046
-19.575
-7.956
-13.809
-14.845
-22.762
-11.050
-20.273
-16.941
-17.468
-12.650
-17.914
-22.242
-20.996
-12.280
-19.430
-14.680
-23.002
-12.054
-20.306
-22.001
-23.918
-13.031
-15.200
-19.423
-18.879
-18.701
-14.388
-19.582
-17.863
-21.266
-16.031
-26.140
-16.839
-16.469
-9.520
-18.774
-15.118
-21.494
-9.728
-22.323
-20.872
-21.222
-10.005
-21.042
-18.115
-19.342
-10.795
-14.128
-14.333
-20.706
-10.543
-21.681
-13.142
-18.318
-15.230
-25.101
-14.759
-15.242
-12.970
-24.966
-17.922
-20.247
-17.791
-16.175
-25.643
-8.296
-28.333
-13.884
-14.978
-15.781
-23.559
-12.038
-25.853
-12.831
-29.537
-20.591
-20.590
-10.729
-28.014
-15.250
-20.112
-14.975
-23.365
-16.655
-17.628
-8.561
-26.722
-14.653
-21.360
-12.181
-26.533
-9.253
-16.705
-8.622
-30.935
-25.554
-23.749
-10.872
-27.972
-20.435
-18.983
-13.864
-19.959
-10.332
-16.791
-24.373
-22.504
-8.978
-13.760
-24.815
-20.519
-11.980
-13.576
-21.199
-22.023
-22.419
-17.621
-24.501
-23.056
-11.206
-13.628
-27.082
-20.929
-10.629
-15.769
-28.293
-12.123
-12.375
-7.967
-20.634
-14.970
-16.216
-15.846
-22.869
-22.037
-9.457
-18.575
-24.565
-20.741
-15.533
-19.121
-24.843
-23.540
-23.027
-13.206
-16.645
-8.601
-13.287
-3.242
-19.676
-11.264
-20.189
-9.531
-22.738
-13.771
-24.954
-9.608
-25.564
-10.813
-26.399
-16.293
-25.394
-10.546
-14.350
-7.115
-19.393
-13.359
-14.638
-15.779
-18.504
-4.349
-10.022
-11.993
-19.156
-14.425
-14.963
-17.470
-24.552
-17.191
-21.138
-10.093
-17.260
-14.564
-26.028
-16.410
-23.588
-13.545
-25.044
-17.157
-28.512
-20.151
-16.575
-13.251
-24.099
-16.499
-23.950
-17.180
-28.034
-13.892
-28.135
-16.351
-20.582
-19.401
-13.611
-16.154
-13.643
-18.154
-10.131
-7.490
-11.621
-15.307
-15.915
-11.887
-11.427
-15.045
-8.854
-12.105
-13.743
-9.756
-11.155
-12.782
-15.630
-11.400
-9.030
-13.639
-16.391
-14.439
-19.252
-11.602
-20.732
-17.734
-16.063
-13.527
-13.682
-15.670
-14.915
-9.436
-16.178
-15.467
-13.914
-9.686
-21.384
-20.727
-15.441
-14.866
-20.491
-16.971
-19.315
-8.168
-9.270
-14.841
-14.481
-15.632
-18.563
-15.184
-14.357
-15.535
-18.239
-10.972
-13.969
-16.440
-8.901
-7.118
