6.030
13.665
4.373
10.236
10.500
10.704
4.772
12.590
5.932
9.409
13.135
12.340
12.141
-5.434
9.784
11.323
9.149
6.959
2.459
9.383
13.447
12.749
7.763
11.748
15.154
12.019
11.398
13.509
11.999
12.859
11.241
13.359
8.419
8.142
13.022
4.794
2.105
17.510
11.070
8.733
14.671
11.672
10.920
15.794
11.176
13.353
11.615
9.229
11.257
2.814
15.314
10.798
4.765
7.626
0.210
4.489
-8.446
13.579
9.836
5.256
0.362
-2.993
-7.091
3.050
4.289
4.202
2.514
-2.419
2.014
-1.421
9.790
0.101
7.300
5.869
-10.464
7.657
-7.728
3.875
-14.626
3.306
9.158
13.777
6.678
3.399
11.567
4.767
9.642
9.586
11.218
13.013
4.441
12.411
7.555
5.115
14.597
10.135
5.163
3.268
7.729
9.522
6.551
7.250
9.092
8.197
3.194
2.707
0.368
6.441
2.445
2.482
8.491
7.920
6.578
6.789
7.561
6.581
10.042
5.438
8.344
7.961
1.593
-4.038
1.981
9.703
7.283
3.336
5.611
5.207
7.097
3.300
2.970
8.958
11.468
9.517
9.476
6.713
12.227
14.669
8.560
9.416
9.169
0.139
10.209
0.735
-13.367
8.114
-18.397
8.520
-26.676
6.425
13.165
12.424
7.399
5.688
14.941
7.244
10.369
10.619
9.170
14.800
10.131
8.070
6.175
0.468
7.358
13.431
3.767
11.329
10.032
5.942
7.913
5.583
0.516
2.676
3.314
5.113
5.477
6.315
-0.458
9.763
6.256
9.612
12.629
11.027
11.157
14.527
9.311
12.927
11.021
4.601
-14.561
4.371
8.869
6.611
6.185
7.640
8.199
11.009
-0.595
2.893
10.335
17.787
7.819
7.960
9.239
10.332
14.728
14.414
16.857
11.529
5.868
10.638
7.459
12.588
10.888
8.671
9.239
9.025
9.070
9.276
11.909
16.763
10.175
10.701
10.609
7.007
13.117
3.350
2.726
16.033
12.638
13.488
12.426
9.410
14.612
12.183
12.018
13.679
17.750
18.270
12.289
11.744
6.475
10.934
14.896
10.520
14.190
15.561
11.057
15.663
16.580
13.066
18.624
8.554
17.542
19.933
12.161
13.873
13.297
4.071
9.332
6.439
12.449
8.218
13.418
11.855
12.924
11.269
7.200
5.979
9.886
14.386
11.616
7.252
11.536
11.222
10.351
7.269
8.482
11.234
8.637
8.270
14.558
11.963
14.453
15.082
13.728
11.080
6.406
12.336
11.265
9.319
10.201
11.902
12.021
12.622
9.846
4.120
13.089
10.617
10.871
12.024
14.460
-0.926
10.653
11.367
11.513
8.567
4.472
6.750
8.861
5.413
8.273
9.399
1.228
8.508
12.998
13.359
10.286
9.351
11.294
10.993
10.940
11.118
10.947
9.924
6.959
3.648
12.011
6.581
8.263
14.041
7.687
5.897
6.559
10.757
10.361
9.697
7.527
13.852
