-23.920
-18.440
-19.002
-21.128
-21.187
-21.899
-22.408
-23.451
-23.893
-22.734
-29.967
-22.995
-24.326
-25.880
-26.201
-22.581
-26.132
-17.661
-16.603
-16.213
-22.753
-22.778
-27.491
-18.107
-28.671
-22.441
-25.210
-21.340
-19.752
-18.546
-34.430
-22.701
-21.162
-12.068
-33.850
-22.945
-20.344
-19.172
-22.349
-20.317
-11.796
-8.993
-8.185
-20.824
-15.193
-19.364
-12.215
-17.799
-15.007
-17.217
-16.275
-16.056
-20.782
-17.307
-20.582
-24.380
-15.408
-18.621
-18.047
-25.590
-12.611
-20.012
-12.283
-19.784
-13.100
-19.085
-16.880
-19.589
-12.512
-16.308
-8.172
-12.959
-9.957
-13.084
-11.946
-17.515
-13.677
-20.792
-4.868
-5.879
-19.719
-25.259
-20.694
-15.687
-9.343
-19.678
-9.008
-14.521
-11.245
-21.309
-21.105
-21.654
-11.755
-24.670
-19.826
-28.405
-18.994
-20.733
-16.214
-24.282
-11.913
-24.660
-8.369
-20.610
-10.334
-23.240
-13.756
-19.374
-18.396
-32.232
-27.987
-15.201
-13.343
-25.280
-19.046
-21.890
-12.003
-21.886
-10.013
-15.199
-12.643
-23.580
-16.397
-20.724
-10.173
-23.253
-15.033
-31.303
-9.224
-24.763
-14.937
-30.328
-10.792
-24.505
-17.500
-25.156
-8.197
-20.848
-12.888
-24.124
-8.075
-20.600
-8.850
-23.524
-9.258
-27.077
-20.682
-29.773
-10.508
-32.681
-26.660
-25.690
-14.510
-24.273
-21.924
-25.815
-8.724
-23.491
-6.971
-20.974
-2.969
-20.353
-15.322
-23.303
-7.050
-16.484
-7.072
-16.743
-1.216
-22.545
-9.869
-27.015
-5.341
-19.411
-14.029
-23.166
-5.627
-21.097
-19.784
-18.968
-7.696
-17.618
-12.542
-22.840
-6.253
-12.911
-8.861
-19.840
-13.241
-20.004
-20.686
-18.551
-3.547
-17.570
-16.514
-18.518
-4.844
-15.241
-10.503
-29.261
-11.720
-6.814
-10.968
-11.226
-20.389
-17.740
-19.941
-13.515
-15.804
-11.238
-14.849
-17.117
-14.202
-14.601
-26.197
-10.615
-13.142
-14.479
-15.145
-3.267
-16.266
-8.799
-14.573
-9.500
-11.974
-19.276
-21.575
-6.645
-16.215
-18.496
-19.933
-9.331
-10.234
-14.108
-16.625
-10.887
-18.710
-16.174
-19.811
-14.002
-16.040
-15.340
-20.594
-22.954
-10.735
-12.378
-17.817
-15.060
-4.695
-10.834
-19.609
-16.437
-4.772
-0.661
-8.135
-8.214
-14.257
-17.896
-15.620
-14.100
-8.069
-10.141
-20.120
-16.439
-9.624
-9.065
-16.801
-14.686
-9.943
-11.931
-20.287
-17.141
-18.047
-15.371
-17.646
-22.434
-10.990
-9.499
-13.999
-12.199
-18.009
-16.790
-7.521
-4.893
-5.828
-8.165
-3.059
-7.064
-14.666
-8.146
-7.603
-13.109
-9.096
-15.806
-5.449
-2.475
-8.582
-11.256
-8.870
-4.731
-13.415
-13.989
-7.615
-6.403
-8.599
-14.289
-15.128
-10.675
-20.708
-15.034
-10.607
-9.251
-20.166
-18.881
-13.898
-13.230
-9.092
-10.797
-12.587
-5.752
-11.115
-18.312
-14.771
-7.866
-10.204
-12.592
-12.352
-3.395
-7.482
-12.306
-14.014
-8.556
-9.989
-17.554
-15.892
-10.088
-14.137
-17.944
-15.738
-8.145
-13.818
-19.369
-15.012
-9.785
-14.255
-11.685
-6.927
-3.302
-11.711
-19.981
-14.767
-9.317
-14.185
-17.099
-11.652
-8.323
-23.182
-19.846
-15.486
-9.326
1.055
-4.040
-8.205
-5.785
-0.214
1.286
-11.544
-8.784
-2.747
-5.901
-15.266
-10.692
-5.869
-13.140
-14.588
-11.992
-1.856
0.666
-6.221
-0.690
-6.180
-3.085
-8.624
-8.007
-5.155
-8.252
-11.125
-7.057
-7.169
-4.479
-15.466
-17.446
-1.718
-1.881
-12.867
-8.471
-12.967
-9.402
-23.650
-22.501
-19.921
-20.201
-26.095
-17.567
-24.025
-24.967
-19.295
-23.433
-26.464
-13.489
-20.911
-27.554
-19.266
-27.183
-25.993
-22.556
-27.820
-27.962
-14.186
-19.024
-22.117
-20.793
-22.270
-21.822
-21.288
-24.646
-23.274
-15.748
-26.537
-32.163
-10.769
-11.636
-22.936
-0.959
-7.688
-28.984
-6.912
-11.324
-23.327
-1.531
-9.741
-26.296
-13.967
-18.504
-26.487
-6.032
-9.775
-20.670
-8.673
-13.397
-21.126
-6.110
-13.246
-24.737
-8.442
-9.013
-32.001
-2.324
-3.777
-28.268
1.452
-9.391
-26.276
-14.194
-17.362
-23.833
-9.242
-15.183
-24.852
-4.232
-9.656
-21.563
-12.577
-15.526
-26.401
-8.246
-2.896
-19.776
-14.356
-19.517
-28.426
-25.065
-18.177
-11.683
-6.432
-8.163
-25.797
-3.432
-8.791
-19.642
-6.548
-9.766
-15.824
-5.280
-4.808
-11.309
-5.580
-10.588
-5.956
-4.438
-7.472
-12.810
-6.258
-5.520
-4.539
-13.532
-10.167
-20.080
-8.057
-8.286
-17.166
-6.289
-13.506
-15.847
-0.453
-3.692
-9.102
-0.668
-8.831
-9.602
-14.999
-17.803
-6.446
-14.768
-18.086
-10.714
-19.533
-17.838
-8.895
-8.240
-14.880
-7.857
-13.745
-16.804
-8.820
-9.811
-21.344
-11.185
-7.844
-19.630
-11.826
-8.368
-18.645
-8.244
-14.595
-12.209
-7.610
-18.975
-14.193
-11.394
-6.807
-5.036
-8.758
-0.026
-8.620
-13.202
-1.595
-11.092
-7.127
-5.243
-9.705
-12.554
1.124
-4.067
-7.099
-9.547
-7.982
-15.344
-0.713
-2.356
-6.153
-10.156
-2.569
-1.357
-4.661
-7.444
-5.732
-11.493
-4.574
-8.647
-17.209
-19.811
-20.197
-24.468
-21.697
-23.339
-15.867
-17.191
-28.281
-28.583
-25.002
-22.282
-18.115
-22.462
-25.896
-21.336
-18.463
-19.005
-21.325
-19.959
-19.341
-14.885
-21.657
-25.126
-21.713
-26.265
-20.231
-20.263
-23.662
-26.862
-16.285
-12.687
-18.464
-25.835
-18.653
-14.184
-6.236
-11.663
-20.148
-16.978
-16.850
-18.176
-20.578
-28.588
-21.759
-22.985
-15.757
-19.676
-19.415
-23.702
-19.451
-16.361
-18.052
-12.625
-25.006
-24.684
-17.374
-22.496
-17.241
-27.975
-22.176
-16.723
-25.357
-15.222
-20.786
-22.921
-14.922
-18.946
-16.142
-20.856
-20.747
-20.524
-23.116
-17.486
-27.242
-23.639
-19.811
-22.693
-19.049
-32.168
-22.664
-15.170
-20.198
-16.452
-21.192
-19.929
-17.709
-23.084
-12.917
-26.087
-21.677
-21.682
-19.723
-14.813
-29.286
-31.171
-19.852
-19.916
-20.937
-33.234
-20.768
-10.278
-10.672
-22.034
-18.242
-20.861
-16.767
-23.035
-29.388
-8.406
-23.824
-26.056
-24.156
-27.370
-12.554
-24.482
-19.521
-22.599
-34.645
-15.636
-14.827
-20.314
-17.629
-26.874
-9.926
-21.468
-19.756
-19.135
-28.662
-6.725
-20.452
-14.440
-17.203
-19.763
-10.013
-25.431
-17.752
-19.788
-28.179
-13.897
-20.815
-14.011
-15.008
-22.974
-11.100
-28.083
-21.659
-15.997
-28.123
-20.706
-21.010
-14.381
-19.325
-15.097
-15.758
-20.760
-12.412
-13.817
-14.719
-17.736
-18.400
-9.963
-16.808
-11.581
-17.855
-23.290
-14.857
-17.161
-18.567
-11.154
-14.841
-17.189
-17.474
-19.921
-14.644
-14.967
-9.579
-14.940
-12.895
-14.842
-20.081
-17.005
-18.715
-29.143
-26.471
-19.978
-13.821
-18.495
-16.899
-11.475
-18.854
-16.124
-16.004
-21.717
-17.356
-13.583
-12.888
-13.168
-13.688
-10.242
-22.011
-30.217
-21.883
-21.753
-31.377
-20.897
-25.411
-19.580
-21.631
-37.591
-14.778
-19.375
-16.126
-12.873
-24.185
-20.359
-25.636
-23.418
-27.478
-33.276
-13.119
-16.344
-8.514
-14.956
-24.071
-19.192
-17.201
-16.658
-19.550
-24.898
-17.788
-11.362
-11.222
-19.550
-24.599
-17.234
-21.603
-21.022
-20.208
-27.176
-24.464
-26.313
-21.710
-23.996
-33.392
-19.453
-24.247
-19.797
-20.264
-33.473
-5.508
-4.454
-19.735
-1.515
-19.308
-1.639
-5.466
-24.683
-11.270
-22.411
-3.684
-4.340
-18.309
-7.643
-19.630
-10.253
-9.568
-24.440
-6.849
-22.469
-11.449
-6.097
-25.759
-1.598
-15.116
-2.905
-6.721
-22.667
-4.985
-22.884
-0.678
-5.169
-22.661
-5.758
-20.054
-12.858
-3.924
-13.309
-7.387
-16.518
-0.498
-9.295
-23.029
-8.466
-19.719
-5.200
-3.607
-20.605
-4.152
-9.306
-24.667
-20.294
-32.445
-6.829
-13.248
-23.527
-19.420
-27.131
-10.870
-13.794
-26.172
-17.037
-30.314
-15.071
-10.304
-25.960
-23.884
-34.140
-15.816
-13.999
-24.545
-14.344
-30.755
-7.082
-16.275
-21.060
-21.139
-29.758
-14.371
-14.473
-23.497
-16.611
-27.513
-14.777
-11.533
-18.809
-15.415
-24.278
-2.658
-17.930
-22.063
-20.833
-28.964
-13.569
-14.410
-25.560
-25.692
-35.284
-17.713
-28.648
-7.932
-17.852
-21.831
-21.082
-28.324
-3.390
-13.874
-23.533
-16.160
-29.378
-5.998
-20.835
-26.113
-19.320
-26.448
-7.968
-17.653
-28.215
-20.307
-26.530
-4.007
-11.540
-32.418
-16.511
-28.732
-5.333
-25.925
-24.495
-17.337
-31.680
-5.797
-11.014
-14.967
-16.537
-19.157
-9.342
-13.309
-24.558
-17.730
-27.039
-10.939
-14.147
-27.867
-20.590
-28.660
-8.588
-11.808
-21.694
-17.766
-23.241
-19.108
-10.627
-19.162
-17.411
-10.864
-9.457
-7.923
-25.215
-17.662
-21.653
-15.462
-8.122
-24.702
-17.921
-14.572
-12.252
-12.607
-22.005
-16.851
-22.964
-8.624
-10.661
-19.505
-12.052
-12.407
-7.601
-1.766
-23.406
-14.765
-16.649
-13.052
-7.805
-21.621
-16.068
-16.503
-5.737
-13.191
-27.834
-16.126
-21.758
-15.330
-16.770
-31.287
-19.681
-20.484
-13.150
-17.974
-29.140
-16.572
-23.170
-12.953
-1.227
-6.873
-17.907
-24.874
-8.789
-0.170
-5.768
-17.740
-18.721
-8.967
0.272
-6.739
-19.889
-22.169
-9.855
2.214
-2.280
-17.456
-18.020
-8.979
-3.524
-10.631
-16.838
-26.353
-4.514
-6.216
-13.037
-20.027
-25.153
-5.105
-12.599
-15.933
-15.842
-19.879
-8.356
-2.430
-14.034
-15.968
-26.059
-13.329
-4.011
-12.878
-17.195
-25.704
-18.727
-5.766
-10.604
-21.310
-25.387
-17.155
-20.062
-17.339
-17.414
-27.283
-25.948
-10.609
-26.517
-21.893
-13.696
-28.729
-19.532
-26.618
-25.524
-20.165
-19.324
-23.091
-20.936
-25.346
-17.339
-16.096
-18.922
-17.156
-19.371
-23.905
-22.398
-20.775
-16.886
-22.597
-21.828
-35.358
-22.595
-16.656
-39.017
-25.526
-24.436
-34.422
-23.018
-17.351
-33.224
-21.108
-17.213
-35.991
-25.215
-17.294
-32.047
-23.247
-19.074
-35.913
-26.752
-15.086
-38.219
-30.175
-21.666
-38.521
-21.891
-21.133
-33.308
-17.593
-11.479
-21.952
-32.049
-16.609
-21.745
-34.491
-23.456
-18.684
-27.790
-17.146
-15.454
-26.645
-15.996
-21.550
-21.557
-18.540
-13.351
-28.699
-18.832
-18.401
-31.050
-20.760
-20.130
-27.057
-19.458
-21.867
-32.046
-24.099
-19.896
-30.371
-22.763
-8.911
-13.111
-26.839
-10.776
-13.517
-24.375
-14.147
-13.386
-25.102
-4.263
-16.240
-23.047
-9.835
-12.615
-27.053
-8.043
-8.805
-20.610
-10.086
-9.504
-23.802
-7.074
-11.881
-26.074
-9.373
-5.499
-22.607
-4.530
-10.679
-22.479
-19.957
-15.253
-19.082
-15.445
-10.161
-20.988
-8.727
-11.899
-22.423
-14.769
-19.511
-24.862
-18.211
-12.682
-16.297
-9.163
-17.137
-22.512
-16.899
-12.619
-12.681
-15.172
-12.752
-12.723
-15.850
-15.037
-19.472
-21.825
-9.722
-19.803
-18.400
-14.649
-18.242
-13.213
-13.584
-17.370
-17.457
-9.876
-19.561
-18.497
-11.276
-21.994
-12.606
-13.649
-23.970
-14.765
-12.830
-23.416
-17.547
-3.745
-22.364
-18.412
-3.065
-23.876
-19.192
-11.513
-22.864
-9.173
-7.974
-22.306
