-6.204
-5.970
-6.419
-4.041
-2.628
-5.163
-4.718
-5.251
-6.222
-5.570
-6.750
-5.485
-7.315
-5.322
-5.505
-6.114
-8.126
-3.087
-4.621
-4.726
-5.402
-6.223
-6.337
-4.613
-5.432
-4.526
-5.755
-6.101
-3.693
-4.078
-5.975
-5.913
-2.474
-1.615
-4.264
-4.620
-4.616
-3.236
-2.206
-4.439
-1.289
-3.159
-1.967
-4.872
-2.532
-4.919
-1.543
-7.205
-3.563
-9.142
-4.104
-5.365
-2.402
-3.657
-2.452
-5.847
-1.215
-3.465
-3.632
-7.088
-1.883
-3.463
-2.151
-2.277
2.157
-2.344
-0.979
-3.199
-0.260
-4.044
2.014
-0.341
0.212
-3.466
-0.303
-3.276
0.758
-3.183
-0.245
-1.930
1.482
-3.703
1.605
2.497
0.682
0.040
1.893
2.038
1.303
-0.369
1.872
1.839
2.846
0.334
1.676
0.918
0.240
-0.479
1.273
1.143
1.536
-0.185
2.345
2.031
-0.053
-1.379
1.390
0.100
0.274
-3.302
0.804
1.054
0.963
1.233
2.622
2.069
1.095
-0.377
2.583
2.434
1.859
0.377
3.460
2.361
2.495
-0.213
2.018
0.206
2.354
0.113
1.770
-1.465
1.111
0.751
2.875
1.109
0.542
0.533
1.569
-1.416
0.615
0.130
2.206
-0.479
0.961
-1.502
0.459
-2.535
2.416
-0.463
2.842
0.667
0.201
-0.314
1.262
-1.062
1.679
0.671
3.015
0.419
3.031
-1.285
1.957
-0.724
3.202
-0.612
1.824
-0.073
3.881
0.420
3.713
0.407
1.345
-1.268
1.788
0.694
4.301
-1.278
2.429
1.257
2.723
-0.490
2.845
0.817
2.596
0.376
2.477
0.782
2.594
-2.274
1.177
-0.187
2.405
-1.233
1.899
0.979
1.020
-1.106
0.439
-3.559
-0.183
1.403
2.799
-0.116
-0.756
-0.327
2.162
1.721
-0.022
-0.991
2.584
3.105
-0.841
-1.181
0.279
1.349
-0.491
-0.197
1.792
0.476
-0.881
-1.472
0.914
0.847
-1.490
-4.258
-1.075
0.508
-0.194
-1.307
1.463
0.398
-1.215
-2.658
-0.246
0.202
-0.784
-0.972
1.195
-0.941
3.350
3.479
-0.450
1.008
2.607
2.883
0.134
3.476
2.775
2.812
-1.542
0.916
2.816
2.023
-0.215
1.819
2.033
1.209
-1.360
0.554
2.969
2.736
-2.067
0.681
2.286
3.092
0.547
2.364
1.192
0.494
-1.597
-0.143
2.449
3.082
0.232
2.032
2.440
2.865
-0.642
1.951
0.383
-2.006
1.755
1.858
1.952
-0.513
2.218
2.307
2.063
0.335
1.796
1.557
1.899
-0.744
2.347
2.842
2.506
0.414
1.065
3.622
0.903
-0.833
1.913
1.705
2.627
1.063
2.370
4.093
1.860
-1.602
2.542
1.116
0.397
-0.575
0.441
1.993
3.096
0.702
2.182
3.397
2.372
1.713
-0.519
1.608
2.809
3.081
0.850
0.894
3.420
-0.208
-0.554
0.657
1.682
-0.439
-2.626
-0.318
-0.560
-1.268
-1.259
-0.701
1.969
1.085
0.202
0.821
3.293
1.816
0.271
2.002
1.697
0.778
-0.172
1.610
1.837
-0.584
-2.766
-0.126
0.753
1.986
-0.283
1.363
4.242
3.085
2.071
2.195
3.534
0.694
-0.031
1.850
4.326
2.159
-0.116
2.076
3.947
0.854
0.083
2.289
3.871
2.170
1.821
3.511
2.137
1.540
0.877
0.510
3.613
0.428
-1.409
0.449
3.835
0.279
-0.726
1.407
2.831
0.979
-1.204
1.740
4.328
0.555
-0.600
1.865
-3.460
-3.030
-2.912
-1.329
-4.478
-2.887
-0.486
-2.696
-3.868
-3.018
-3.882
-3.165
-2.009
-3.216
-2.814
-4.366
-5.207
-5.881
-2.284
-4.186
-1.205
-1.542
-2.376
-0.479
-2.545
-2.414
-2.570
-0.540
-2.877
-2.928
0.829
0.132
-1.528
2.685
-0.958
-2.095
2.219
0.176
-1.839
2.890
0.849
-0.312
0.336
-1.912
-2.799
2.309
1.002
-2.309
-0.180
-0.341
-2.734
-2.623
-2.771
-3.991
3.196
0.102
-2.292
-0.414
-0.089
-5.036
1.476
-0.504
-0.698
0.317
-0.616
0.767
1.647
-0.215
0.005
0.576
-0.242
-1.813
-0.908
-4.551
-2.530
0.274
-1.663
-1.346
-1.904
-3.692
-1.307
-2.180
-1.573
-0.605
1.749
1.045
-0.141
0.335
-1.386
-1.361
0.708
-1.352
-1.412
1.972
-0.134
-0.505
0.733
-1.837
-0.238
-2.024
-0.951
-2.221
0.868
-0.558
0.807
1.647
0.426
-0.801
1.572
-0.659
-1.032
3.141
0.512
0.601
0.541
-0.828
-0.610
3.018
1.045
0.706
-3.234
-1.841
-0.061
-0.487
-0.881
0.703
-1.694
-0.819
1.238
0.052
-3.643
-1.109
-2.301
-0.681
0.106
-0.099
-3.396
-0.400
-1.289
-1.367
-0.111
-2.254
-2.694
-2.899
1.831
0.424
1.548
0.547
0.894
2.812
1.531
0.971
-1.009
3.679
2.358
1.353
2.350
-0.468
-0.048
2.299
-0.210
-1.533
2.252
1.503
-0.734
1.037
-0.166
-0.183
3.846
1.953
2.464
1.259
0.495
1.053
2.044
-0.048
0.483
0.459
0.756
-1.235
-7.338
-5.070
-4.501
-8.924
-6.260
-6.473
-5.159
-4.906
-7.930
-7.310
-7.656
-7.348
-5.281
-8.199
-6.890
-6.496
-4.941
-4.261
-8.306
-8.264
-6.809
-7.244
-4.150
-9.407
-6.016
-8.764
-7.806
-7.705
-9.548
-8.363
-5.072
-5.217
-4.309
-6.674
-4.065
-4.617
-2.971
-2.578
-5.410
-4.888
-5.965
-3.304
-4.141
-10.432
-5.036
-5.874
-4.395
-3.687
-7.303
-6.576
-7.687
-7.575
-6.994
-6.594
-8.454
-9.135
-6.187
-7.835
-4.511
-7.868
-6.419
-5.648
-5.048
-3.898
-5.952
-8.096
-6.468
-5.953
-5.583
-7.632
-8.040
-6.992
-7.148
-6.303
-8.667
-8.809
-7.212
-6.202
-6.370
-7.956
-6.935
-7.599
-6.574
-5.659
-7.559
-5.529
-6.010
-6.023
-3.712
-6.875
-5.380
-5.609
-4.758
-3.701
-5.935
-8.216
-7.136
-5.779
-4.704
-9.867
-4.014
-2.030
-2.332
-6.594
-3.330
-5.737
-4.081
-2.368
-7.211
-2.889
-6.145
-5.938
-3.171
-9.427
-2.728
-4.737
-3.234
-2.747
-8.366
-2.110
-3.221
-7.126
-0.428
-7.932
-3.521
-6.243
-4.339
-2.063
-7.292
-3.983
-3.765
-4.779
-1.276
-7.966
-2.910
-4.936
-4.024
-3.206
-6.710
-2.781
-3.838
-3.740
-1.465
-6.755
-1.696
-8.002
-6.728
-2.928
-12.572
-6.364
-8.393
-6.016
-7.057
-4.121
-3.642
-4.353
-4.083
-5.514
-3.625
-2.861
-4.428
-5.164
-5.163
-1.399
-4.184
-6.542
-5.251
-4.929
-5.183
-5.729
-3.627
-5.479
-5.248
-4.370
-4.413
-3.249
-4.716
-4.056
-2.247
-3.247
-4.264
-10.129
-6.621
-9.028
-8.484
-4.585
-4.381
-4.738
-2.455
-1.727
-5.040
-4.247
-4.409
-5.716
-3.019
-6.060
-3.468
-5.209
-4.448
-2.995
-4.030
-7.434
-5.472
-5.666
-6.506
-3.814
-4.096
-4.036
-2.130
-5.266
-5.167
-4.927
-2.322
-3.577
-7.045
-5.970
-4.663
-3.840
-5.842
-6.750
-4.325
-5.458
-0.655
-2.115
-4.578
-4.568
-6.832
-4.104
-2.572
-6.581
-4.987
-2.731
-1.594
-4.587
-5.529
-6.127
-6.289
-5.336
-3.991
-6.090
-4.172
-2.993
-3.253
-4.154
-5.425
-5.779
-5.288
-3.360
-7.704
-8.012
0.932
1.468
-5.932
-0.560
-1.955
1.368
-1.000
-5.484
-2.060
-6.483
1.041
2.354
-6.568
-0.825
-4.036
-1.143
-1.692
-8.862
-1.138
-4.610
-1.010
0.231
-7.246
0.094
-1.651
0.036
0.086
-5.374
-1.014
-4.090
0.449
-0.743
-8.045
-0.115
-5.916
0.591
-0.163
-5.244
-0.680
-3.312
1.428
-0.773
-5.773
-0.776
-4.320
0.169
-2.666
-7.340
-1.520
-4.553
-6.949
-5.866
-9.763
-3.810
-6.444
-4.692
-4.508
-10.350
-1.261
-4.311
-5.689
-5.788
-7.602
-5.488
-5.585
-5.581
-6.347
-8.821
-4.719
-6.431
-5.374
-3.162
-8.969
-0.778
-2.977
-3.673
-5.547
-8.607
-3.876
-6.423
-6.464
-5.669
-8.303
-3.361
-4.564
-4.238
-7.202
-9.142
-3.585
-8.289
-5.889
-3.861
-9.650
-3.240
-3.331
-4.917
-4.973
-10.912
-4.038
-6.746
-0.358
-1.911
-1.521
-7.307
-6.545
-0.312
-4.119
-3.946
-7.205
-10.877
-0.994
-4.609
-2.095
-8.231
-9.839
0.279
-3.606
-4.814
-4.494
-6.758
0.222
-2.934
-5.674
-3.875
-8.147
-1.798
-5.867
-3.911
-4.783
-8.550
-2.611
-4.742
-3.376
-7.001
-7.280
-2.100
-2.608
-1.638
-4.939
-7.744
0.699
-2.942
-3.621
-4.042
-6.559
-0.037
-3.736
-3.830
-2.428
-7.078
-4.160
-0.947
-8.213
-4.626
-3.223
-0.565
-1.173
-6.646
-4.455
-4.655
-3.159
-0.238
-7.218
-5.887
-2.656
-0.773
-1.346
-6.119
-4.074
-3.965
-6.105
-2.280
-10.052
-3.184
-3.216
-1.372
-0.299
-5.665
-4.198
-2.129
-3.410
-1.269
-6.792
-4.014
-2.278
-0.497
-0.780
-6.025
-4.864
-3.769
-3.288
-0.398
-4.417
-5.241
-2.113
-3.909
-1.372
-6.561
-3.908
-3.037
0.564
0.234
-0.019
-4.243
-4.194
-0.862
-0.683
-1.378
-2.755
-3.812
1.107
1.078
-2.210
-4.508
-4.053
0.290
-1.641
-0.468
-4.833
-5.701
0.907
0.276
0.887
-4.218
-5.049
0.142
-1.281
-4.764
-2.693
-2.605
-1.260
-1.434
-5.396
-2.655
-4.384
0.193
0.389
-1.419
-3.265
-2.184
-0.683
-0.103
-4.257
-3.370
-3.934
-0.273
1.147
-3.456
-4.190
-3.964
-5.855
-5.593
-4.183
-5.368
-6.298
-6.039
-3.432
-8.908
-4.992
-4.879
-7.924
-3.920
-7.066
-5.541
-4.848
-4.715
-7.701
-5.755
-6.905
-5.461
-2.742
-5.480
-4.218
-5.157
-5.258
-4.765
-5.023
-1.734
-5.414
-5.288
-12.922
-7.025
-5.318
-8.911
-2.769
-2.703
-11.101
-2.503
-2.452
-14.365
-5.306
-4.835
-11.104
-2.946
-1.573
-13.101
-4.529
-4.231
-13.232
-2.515
-1.631
-10.352
-3.955
-2.124
-12.295
-3.633
-3.941
-13.140
-4.233
-1.605
-5.666
-6.694
-4.451
-8.979
-4.198
-3.464
-5.389
-5.151
-1.808
-6.058
-4.599
-1.381
-5.029
-4.377
-2.753
-5.468
-5.114
-3.481
-4.898
-6.959
-1.337
-5.487
-4.702
-2.587
-5.973
-3.294
-3.430
-4.766
-5.517
-1.351
-3.349
-2.168
-4.729
-2.388
-2.035
-4.517
-3.497
-2.551
-5.282
-1.544
-2.518
-6.739
-2.996
-3.386
-6.086
-0.838
-1.787
-5.021
-2.473
-3.064
-6.009
-2.940
-1.698
-5.385
-2.845
0.118
-2.980
-2.291
-2.118
-4.828
-4.282
-6.341
-6.404
-3.926
-5.248
-6.120
-4.851
-3.611
-6.069
-3.563
-4.471
-5.732
-4.880
-2.580
-3.891
-2.127
-5.085
-5.805
-4.254
-3.982
-4.653
-5.747
-5.898
-6.755
-3.887
-4.730
-5.441
-5.897
-3.947
-4.761
-5.988
-3.301
-7.560
-3.756
-2.438
-7.244
-7.394
-1.586
-5.176
-5.085
-1.978
-6.944
-5.263
-2.017
-7.772
-6.998
-3.120
-6.914
-7.043
0.312
-5.027
-9.127
-3.129
-7.281
-8.687
-3.138
-7.208
-5.310
-1.622
-7.144
