-6.914
-3.075
-4.709
-7.624
-2.860
-4.356
-5.743
-3.004
-3.725
-3.079
-4.845
-3.605
-4.986
-3.562
-3.363
-4.312
-5.444
-3.896
-2.732
-3.923
-0.789
-1.713
-1.257
-3.141
-3.167
0.770
-1.998
0.338
-2.098
-2.301
-0.208
0.598
0.470
-0.823
0.636
-1.105
-1.513
0.081
0.643
1.636
-0.906
0.532
-2.451
1.176
3.523
-0.044
0.146
2.805
-1.027
0.332
2.733
-0.643
0.580
3.251
-1.641
0.373
2.551
-2.689
-0.806
3.058
-1.413
1.386
3.670
-0.328
0.344
2.355
0.301
0.598
2.479
-0.826
0.487
0.282
-1.612
1.901
1.417
1.547
2.444
-1.571
-0.262
2.846
-0.081
1.707
1.304
1.363
1.788
0.450
1.176
2.122
-1.471
-0.618
0.603
3.142
2.521
2.280
0.331
-0.230
-0.260
1.616
2.796
0.991
-3.568
-0.039
-0.601
-1.713
2.505
0.672
-1.247
1.890
-0.372
-1.495
1.031
0.309
-1.164
2.572
-1.185
-1.890
1.218
-1.653
-0.992
2.069
-0.081
-0.319
2.567
0.534
-2.567
1.022
-1.812
-0.334
2.708
0.496
0.740
-1.300
2.845
-0.262
-0.127
3.128
0.178
-2.555
0.639
1.724
0.718
2.693
-1.136
-0.447
1.338
-0.244
-0.818
2.466
0.246
-0.958
1.892
0.263
-2.436
1.772
0.064
0.163
2.590
0.793
0.092
3.731
4.813
2.105
2.892
3.102
0.533
2.366
4.746
1.364
1.502
1.579
-0.082
0.871
3.493
2.263
1.643
1.623
-0.890
2.205
3.960
1.190
3.642
2.402
0.794
2.422
2.314
0.728
2.397
4.484
-0.853
0.900
2.805
0.092
4.437
0.418
-1.597
3.455
1.446
-0.185
3.948
2.877
0.026
2.882
0.789
-2.276
0.145
1.963
-0.901
4.255
-1.476
-3.277
1.713
0.840
-0.657
3.661
1.962
-0.215
4.546
1.480
1.550
4.813
1.697
-1.790
0.599
0.939
-1.896
0.275
2.118
-1.742
2.239
1.902
-1.885
0.322
2.769
-0.927
1.248
-0.033
-3.092
0.298
1.852
-0.991
2.470
2.806
1.047
3.078
0.361
-1.738
0.879
0.985
-1.843
-0.087
2.735
0.228
2.649
4.154
1.146
2.699
3.633
-1.610
1.527
1.041
0.406
0.950
3.883
1.183
3.382
4.947
2.070
4.949
3.266
0.086
1.429
1.609
1.597
1.161
1.930
-0.432
2.066
3.247
-0.548
4.374
2.527
-1.939
3.106
-0.076
1.113
-0.723
2.927
-0.163
0.873
-1.047
-0.583
-3.623
2.280
-0.167
-1.464
-6.159
2.930
-2.042
0.086
-2.805
1.635
-1.148
1.405
-0.616
0.818
-2.465
2.402
-1.655
2.337
-4.230
1.374
-2.094
3.318
-1.844
0.569
-4.724
0.398
-2.281
1.000
-5.616
-2.985
-3.723
-3.032
-4.920
-4.674
-3.115
-0.882
-0.705
-0.560
-1.897
-2.180
-3.667
-4.129
-4.985
-2.810
-3.598
-2.575
-4.254
-2.540
-3.310
0.792
0.808
0.149
0.589
-0.375
0.182
-1.525
-0.013
-0.948
-2.577
-0.111
1.304
-0.599
-1.303
0.460
0.288
0.529
-0.615
-1.756
-2.457
1.466
-0.027
1.177
0.676
0.027
0.580
0.182
2.082
1.458
0.642
0.325
1.154
0.642
0.742
-3.018
0.024
-0.357
0.333
-1.944
-0.942
0.754
0.249
-2.113
-2.030
-1.936
-1.637
-0.477
-0.833
-0.134
-2.367
-2.121
0.059
0.693
0.223
-0.984
-1.267
-1.792
-0.788
0.428
-0.557
-3.624
-4.037
-5.865
-3.058
-5.176
-4.423
-8.066
-4.536
-6.273
-2.759
-7.715
-5.029
-5.459
-5.214
-7.473
-5.566
-6.472
-6.415
-9.481
-5.775
-5.697
-5.095
-8.119
-6.264
-7.103
-4.968
-8.656
-8.107
-6.573
-3.931
-7.546
-6.850
-5.474
-4.944
-7.880
-5.142
-2.801
-2.129
-5.035
-4.465
-3.211
-6.301
-7.467
-6.507
-0.658
-4.301
-4.720
-7.185
-2.279
-4.748
-1.658
-5.571
-0.020
-5.846
-3.693
-6.337
-3.347
-5.631
-5.614
-7.112
-2.785
-5.819
-4.424
-7.629
-3.004
-3.640
-6.255
-6.016
-2.801
-4.960
-4.205
-7.043
-0.376
-5.373
-4.222
-6.379
-4.257
-3.864
-6.758
-6.840
-1.608
-5.587
-2.564
-3.327
-4.283
-5.699
-3.434
-3.632
-3.471
-5.090
-2.620
-5.358
-5.880
-6.651
-4.804
-5.215
-5.243
-5.303
-4.760
-4.225
-3.446
-4.279
-4.429
-5.776
-4.870
-4.752
-3.835
-4.261
-5.479
-5.676
-3.916
-4.233
-6.104
-6.743
-4.648
-4.365
-4.988
-6.471
-5.180
-4.663
-6.713
-0.982
-1.745
-7.188
-8.870
-2.642
-2.221
-5.837
-8.125
-3.155
-0.069
-8.574
-9.358
-2.800
-3.651
-8.975
-8.971
-2.137
-2.897
-6.978
-7.628
-2.974
-2.992
-8.007
-9.388
-1.558
-2.868
-7.696
-7.563
-2.891
-1.095
-6.250
-6.536
-2.315
-0.756
-7.072
-4.852
-2.269
-3.574
-5.741
-1.897
-7.271
-2.804
-5.250
-3.244
-5.420
-3.248
-2.203
-3.591
-6.888
-4.457
-4.956
-2.918
-4.418
-2.649
-2.986
-0.400
-7.181
-2.716
-4.824
-3.860
-4.717
-2.890
-6.000
-2.580
-5.423
-2.318
-6.994
-1.339
-9.306
-4.946
-7.284
-4.003
-9.389
-4.119
-10.637
-1.678
-4.573
-2.251
-5.781
-1.319
-1.379
-3.899
-6.445
-4.052
-5.418
-7.352
-8.412
-4.579
-5.065
-7.108
-7.013
-1.868
-4.257
-6.247
-9.249
-3.786
-5.034
-8.469
-9.404
-4.256
-3.903
-8.010
-8.669
-5.198
-3.536
-8.620
-9.951
-1.404
-4.241
-7.724
-8.500
-2.703
-4.381
-6.538
-7.419
-4.225
-4.076
-7.404
-9.297
-1.213
-6.475
-1.786
-3.783
-1.481
-7.555
-1.289
-1.563
-4.816
-7.724
-1.987
-3.081
-2.833
-8.128
-2.806
-5.733
-2.371
-7.468
-2.101
-2.540
-1.432
-5.578
-1.926
-2.866
-3.190
-7.332
-4.539
-4.435
-0.987
-6.369
-1.338
-2.757
-0.840
-4.292
-2.138
-3.216
-2.986
-8.947
-1.769
-3.698
-5.736
-4.386
-9.917
-2.722
-6.094
-1.102
-8.036
-4.019
-6.705
-2.314
-8.974
-2.200
-6.312
-1.705
-9.822
-3.902
-7.786
-3.631
-8.290
-2.030
-5.185
-3.292
-9.409
-2.403
-5.505
-2.836
-8.625
-3.115
-2.964
-2.149
-8.901
-2.113
-5.433
-0.892
-8.829
-2.152
-7.427
-2.729
-11.369
-2.756
-2.279
-7.260
-1.801
-5.535
-0.665
-1.896
-5.107
-5.882
-1.674
-3.933
-3.872
-6.765
-3.815
-6.481
-4.316
-7.683
-3.111
-4.520
-2.568
-4.541
-3.413
-4.179
-3.585
-6.687
-2.610
-2.942
-3.619
-6.883
-1.609
-1.791
-2.809
-5.403
-5.217
-2.770
-2.981
-8.199
-2.916
-6.065
-1.677
-5.283
-2.433
-5.115
-11.535
-7.370
-2.843
-3.034
-11.753
-5.678
-1.652
-2.474
-8.344
-4.039
-3.343
-3.054
-9.083
-4.793
-5.103
-3.475
-12.084
-3.958
-4.439
-3.587
-11.536
-4.798
-5.086
-3.962
-11.195
-4.137
-4.283
-3.982
-11.490
-3.802
-1.128
-4.373
-10.012
-4.484
-3.553
-2.907
-10.653
-3.578
-8.781
-3.471
-4.876
-2.001
-4.261
0.123
-7.818
-3.782
-8.550
-3.519
-7.625
-2.784
-7.888
-1.456
-5.425
-0.924
-8.338
-0.841
-6.481
-1.674
-5.672
-1.392
-6.197
-3.596
-5.653
-0.763
-7.234
-0.160
-4.330
-2.415
-6.444
-0.648
-5.241
-3.440
-8.476
-1.895
-7.182
-0.544
-5.513
-1.029
-7.470
-4.105
-6.449
-2.595
-6.827
-2.730
-5.024
-2.683
-3.120
-1.832
-5.885
-1.678
-6.833
-3.016
-7.708
-3.041
-4.849
-3.350
-6.895
-3.281
-3.282
-4.671
-2.952
-5.096
-0.272
-2.602
-3.663
-5.703
-1.758
-3.388
-2.833
-6.550
-1.182
-4.326
-1.294
-3.712
-1.256
-0.949
-3.009
-4.427
-5.699
-6.259
-4.333
-2.940
-4.913
-2.100
-6.546
-4.194
-6.262
-6.560
-3.758
-5.212
-4.219
-1.929
-5.912
-2.602
-2.387
-2.329
-7.298
-3.782
-2.227
-2.641
-3.958
-1.761
-2.744
-1.830
0.717
-1.305
-3.383
-2.683
-2.341
-1.429
-3.121
-3.850
-3.085
-0.856
-0.360
-2.155
0.294
-2.502
