-7.700
-5.883
-1.189
-8.219
-2.210
-5.935
-6.374
-4.540
-4.421
-1.714
-5.917
-6.008
-3.738
-3.500
-2.352
-4.383
-5.774
-2.633
-4.307
-3.220
-0.117
-1.291
-2.032
-1.691
-1.621
0.919
0.699
0.002
-1.093
-0.499
1.472
3.489
1.989
4.180
2.044
0.626
-1.524
3.534
1.082
1.925
-6.554
0.324
-7.837
-5.297
2.030
-6.089
-4.963
1.160
-4.986
-3.366
1.501
-5.298
-5.915
1.206
-7.357
-5.040
0.863
-4.494
-6.592
-0.180
-4.739
-3.216
0.425
-4.106
-3.630
-1.844
-5.580
-2.982
-2.355
-7.840
-1.211
-2.297
-6.003
-0.173
-0.502
-5.530
-0.762
-3.482
-4.851
2.414
-4.478
-2.551
-2.041
-3.485
-1.838
-3.330
-0.376
-3.236
-3.923
-3.913
-2.835
2.657
-1.761
-4.966
1.081
0.000
-3.651
-0.810
-1.142
-6.457
-6.798
-5.004
-5.686
-9.159
-4.116
-9.201
-8.079
-7.459
-6.638
-8.065
-2.981
-9.622
-7.047
-3.263
-7.761
-6.244
-3.796
-6.506
-10.423
-6.711
-7.326
-7.199
-5.172
-8.329
-9.965
-4.068
-10.172
-5.680
-3.378
-7.509
-10.252
-11.890
-7.999
-7.766
-5.846
-4.010
-8.098
-9.792
-6.734
-5.916
-9.597
-6.173
-3.971
-8.076
-5.142
-5.762
-10.086
-6.565
-4.222
-7.261
-3.142
-7.184
-8.669
-7.328
-7.603
-8.815
-6.232
-5.135
-9.919
-6.684
0.118
-3.675
2.171
1.794
-4.470
3.418
3.568
-3.812
-2.048
1.959
-5.772
-1.995
3.916
-1.507
1.927
3.205
-3.949
0.385
2.826
-2.220
2.788
0.008
-5.620
0.980
1.229
-6.952
1.648
1.653
-6.153
-0.136
-1.709
-3.203
2.796
-2.431
-5.211
1.766
-4.871
-6.659
3.504
-1.615
-4.089
3.665
-2.292
-5.888
4.809
-1.060
-2.526
3.442
-2.271
-4.303
5.442
-1.160
-2.550
2.339
-1.298
-0.430
2.961
-2.347
-4.229
4.832
-2.175
-4.995
-2.994
0.751
-3.364
-1.931
0.361
-3.700
-0.426
-2.031
-2.215
-0.246
-0.023
-4.323
-1.941
-0.656
-5.570
-4.503
0.677
-6.849
-4.327
0.416
-1.646
1.042
-1.870
-7.219
-4.313
-1.584
-7.619
-4.810
3.500
-4.188
0.299
3.460
-1.753
1.865
3.456
-3.238
-2.305
-2.320
-2.337
-2.048
0.458
-1.643
-0.626
1.737
-1.644
-1.658
4.163
-0.670
-0.373
2.362
-0.285
0.746
0.468
-5.366
-1.500
3.005
1.024
3.718
0.200
-9.869
-0.980
-10.993
-2.043
-6.140
0.428
-6.345
-1.883
-3.390
-0.735
-7.080
0.969
-7.316
0.516
-7.865
-1.222
-9.193
-0.348
-9.739
-1.456
-6.885
3.436
-9.986
-0.629
-11.955
0.672
-9.455
-1.497
-8.968
-1.209
-10.224
0.316
-9.346
-0.569
-8.535
-3.400
-10.093
-3.055
-11.244
-8.836
-8.316
-6.955
-8.234
-8.190
-7.036
-6.026
-6.451
-5.664
-7.419
-6.962
-5.016
-5.991
-9.025
-7.840
-6.443
-7.188
-8.061
-6.104
-10.154
-4.362
-1.662
-6.888
-1.537
-7.165
-4.295
-4.645
-3.473
-6.328
-5.009
-3.247
-0.403
-7.877
-2.425
-6.314
-0.228
-3.862
-2.536
-8.917
-5.399
-1.566
-4.467
-0.588
-1.517
-2.377
-3.288
0.433
-1.311
1.615
-6.506
0.650
-1.492
-0.638
-1.567
-1.918
-4.790
-3.107
-4.564
-2.191
-3.045
-1.376
-4.261
-0.330
-2.549
-3.130
0.242
-1.208
-4.496
-0.468
-5.192
-3.970
-3.520
0.820
-0.938
-1.788
-4.584
-4.182
-1.403
0.681
-3.698
-6.987
-1.911
-6.958
-5.656
-6.269
-7.971
-5.830
-7.248
-6.183
-4.906
-4.941
-3.769
-7.444
-7.392
-6.468
-6.355
-6.071
-6.860
-6.725
-4.977
-6.801
-5.576
-4.292
-5.388
-6.453
-9.364
-7.145
-5.274
-4.686
-3.601
-3.964
-4.020
-4.677
-5.306
-5.905
-3.880
-4.542
-3.366
-2.559
-1.909
-9.066
-7.820
-3.320
-7.929
-7.190
-6.116
-4.915
-9.409
-7.430
-5.909
-4.283
-8.020
-7.495
-4.486
-2.835
-8.232
-4.247
-4.644
-5.031
-5.496
-5.281
-7.069
-4.779
-5.901
-4.827
-2.638
-4.039
-6.672
-5.562
-6.248
-5.119
-8.114
-5.997
-8.121
-3.278
-10.678
-6.318
-2.504
-3.318
-6.769
-1.773
-4.882
-1.846
-3.112
-3.296
-8.259
-4.793
-6.481
-5.111
-8.562
-5.435
-8.698
-3.982
-5.453
-3.460
-7.874
-5.080
-4.824
-6.015
-5.336
-1.129
-4.941
-4.730
-3.598
-4.345
-4.429
-4.642
-6.036
-3.849
-6.633
-7.391
-7.306
-1.638
-5.641
-5.411
-4.737
-5.806
-4.842
-5.247
-6.275
-4.300
-1.434
-5.801
-5.036
-6.138
-0.921
-3.075
-0.286
-9.711
-4.092
-5.725
-4.351
-9.154
-4.336
-4.557
-4.905
-6.442
-1.914
-5.320
-3.495
-9.130
-4.524
-6.237
-4.769
-10.780
-2.659
-7.492
-5.096
-7.782
-2.736
-2.730
-4.355
-6.015
-2.048
-3.341
-3.640
-7.336
-4.702
-2.682
-3.581
-3.163
-3.921
-5.235
-2.755
-2.958
-2.402
-1.614
-3.252
-2.470
-5.966
-5.054
-4.580
-2.371
-4.444
-4.197
-6.175
-1.359
-4.942
-1.464
-3.716
-4.676
-4.182
-4.465
-5.050
-2.259
-4.126
-2.022
-6.076
-5.644
-8.447
-3.215
-6.043
-5.399
-5.885
-1.306
-7.768
-1.084
-6.318
-3.087
-4.174
-4.795
-2.258
-8.409
-6.615
-6.978
-7.237
-8.287
-9.115
-8.587
-3.920
-8.264
-7.547
-1.827
-2.433
-6.742
-9.394
-6.824
-0.918
-7.404
-5.781
-5.763
-0.351
-6.275
-4.997
-5.985
-4.245
-8.363
-9.415
-4.479
-4.933
-7.505
-7.604
-8.186
-2.033
-9.061
-6.996
-8.695
-3.756
-7.605
-3.819
-4.600
-8.290
-2.798
-5.875
-4.040
-7.176
-0.645
-1.974
-5.948
-10.723
-1.309
-7.654
-2.306
-8.302
-2.869
-4.263
-5.566
-6.729
-0.819
-4.349
-2.088
-8.279
-1.966
-6.848
-2.781
-5.955
-2.564
-7.116
-5.325
-6.717
-1.778
-6.546
-1.362
-8.574
-1.976
-7.740
-4.134
-8.499
-3.595
-5.078
-7.164
-3.594
-4.921
-4.021
-7.682
-3.892
-5.237
-4.662
-8.811
-1.890
-4.116
-2.327
-7.118
-1.978
-6.759
-2.797
-7.690
-3.887
-5.924
-2.090
-7.000
-3.519
-5.148
-2.403
-3.241
-0.792
-6.399
-3.106
-6.337
-1.606
-5.261
-4.625
-8.006
-1.766
-4.263
-3.370
-9.480
-6.079
-6.109
-3.694
-1.142
-9.797
-2.066
-10.768
0.570
-4.129
-4.038
-8.612
1.634
-10.340
-3.412
-11.181
-1.276
-7.279
-1.330
-10.693
0.306
-6.460
-5.139
-8.126
-0.650
-5.877
-1.800
-10.289
-0.171
-7.767
-3.802
-9.701
2.408
-5.412
-1.534
-11.419
-2.248
-7.859
-2.665
-10.390
-1.401
-6.152
-3.972
-6.822
-1.802
-3.602
-7.956
-8.027
0.004
-1.894
-8.285
-7.807
-1.803
-3.534
-6.409
-7.669
-6.651
-6.867
-7.938
-8.255
-0.877
-2.737
-9.917
-7.598
-1.671
-3.429
-10.055
-3.332
-0.404
0.188
-6.816
-4.457
-2.770
-2.677
-8.234
-7.999
-1.256
-3.999
-7.804
-6.955
-2.644
-4.734
-8.589
-9.101
-8.643
-3.684
-5.607
-2.243
-4.635
0.970
-7.351
-2.678
-7.456
-1.925
-7.804
-3.912
-10.086
-2.105
-9.637
-2.270
-9.260
-4.668
-10.224
-2.735
-3.785
0.150
-5.246
-2.708
-4.447
-4.633
-5.832
0.909
-1.389
-2.202
-5.810
-3.170
-3.907
-4.557
-8.737
-3.578
-7.598
-1.202
-5.221
-3.423
-9.195
-3.123
-8.199
-1.835
-9.028
-3.583
-9.457
-4.949
-5.084
-2.707
-8.031
-3.088
-8.335
-4.166
-9.977
-1.922
-10.842
-3.466
-6.980
-4.686
-4.231
-4.948
-4.502
-6.146
-2.423
-1.857
-2.959
-5.307
-4.889
-3.428
-2.724
-4.388
-1.222
-2.787
-3.877
-2.466
-2.474
-3.209
-4.935
-3.108
-0.365
-4.990
-4.884
-4.607
-5.186
-3.510
-5.386
-6.628
-3.390
-5.193
-3.197
-4.995
-3.936
-2.157
-5.068
-5.569
-3.148
-3.154
-7.669
-7.050
-3.934
-4.519
-6.709
-5.586
-5.469
-2.751
-1.496
-5.181
-3.933
-5.658
-6.021
-4.617
-4.573
-5.457
-4.748
-4.066
-2.883
-5.647
-1.141
-1.613
