3.727
6.468
1.250
6.026
6.155
6.041
3.167
8.805
4.294
4.764
10.049
8.705
8.836
2.832
8.590
9.586
6.872
7.331
6.681
8.657
8.346
7.781
5.264
6.733
9.457
8.816
7.665
8.031
7.989
7.843
7.700
8.431
8.646
7.295
9.056
5.607
5.308
10.576
8.147
8.000
9.241
8.632
7.319
8.911
8.529
8.326
8.266
7.807
7.876
4.422
9.183
7.851
5.447
6.480
3.468
5.113
-0.859
8.913
7.649
5.762
0.471
2.092
-3.709
2.783
0.322
-1.049
-0.293
-2.272
0.169
0.642
3.495
0.844
1.978
2.817
-1.932
5.198
-2.246
3.910
-3.931
3.537
7.396
8.266
3.751
2.130
7.258
4.912
6.379
4.919
7.026
7.031
5.328
6.826
6.508
5.544
7.728
7.657
6.147
4.377
6.388
6.685
3.501
3.794
5.554
5.163
2.045
1.538
0.361
3.570
1.337
1.187
6.718
7.252
6.036
5.838
6.510
5.308
7.412
4.639
7.200
6.895
4.193
1.463
3.359
6.797
5.425
3.588
5.352
3.993
5.880
5.278
2.994
4.390
4.289
3.687
1.231
1.434
4.456
4.429
3.102
1.694
6.917
2.713
7.271
3.185
-2.820
6.321
-6.025
6.145
-9.506
5.664
6.574
7.185
3.581
4.397
6.029
5.899
5.430
5.303
5.138
4.089
6.760
4.993
4.951
2.641
5.605
6.744
3.395
5.527
5.722
4.466
6.664
5.303
3.133
3.513
3.767
5.488
5.559
5.729
2.196
7.331
4.998
7.639
8.486
7.272
8.316
8.214
6.200
7.951
7.117
4.563
-3.442
4.631
6.825
6.598
6.623
6.714
6.572
8.009
2.695
3.719
5.225
5.218
3.358
3.742
2.840
3.781
5.196
3.693
6.537
5.160
6.432
8.161
6.454
8.536
7.465
7.212
6.527
7.266
8.136
7.624
-1.672
0.780
-2.905
-2.990
-1.157
-1.949
-0.411
-4.978
-3.121
1.035
8.392
9.228
8.891
7.226
9.575
8.895
7.724
8.074
10.734
11.529
6.376
5.556
2.836
3.942
5.237
6.213
6.579
5.672
6.258
6.521
10.212
9.630
10.968
6.176
10.492
11.387
8.219
8.766
7.830
4.213
7.057
4.822
8.118
6.165
7.456
8.385
7.785
7.442
4.954
4.658
7.185
9.119
8.340
6.349
8.155
7.821
7.139
6.202
7.022
6.789
7.442
6.436
9.666
8.017
10.411
9.911
9.032
9.410
7.047
8.280
8.515
7.733
7.806
7.745
8.830
9.256
8.347
5.028
9.517
8.414
9.332
9.289
10.731
4.513
8.364
9.525
7.660
8.011
7.389
6.635
6.933
5.841
7.044
8.131
5.155
6.981
7.661
8.817
7.022
8.187
8.158
7.766
7.285
7.124
7.720
7.021
5.679
5.203
7.793
6.683
6.272
9.518
5.825
6.028
6.342
7.590
8.184
7.268
6.281
9.207
