-5.709
-1.622
-3.106
-3.026
-4.365
-4.066
-5.055
-3.780
-4.774
-2.971
-7.274
-3.600
-6.306
-5.092
-6.001
-3.915
-5.854
-2.477
-2.725
-2.706
-5.822
-1.302
-9.090
1.993
-9.356
1.810
-7.930
1.273
-3.066
0.816
-12.218
1.594
-4.566
4.577
-10.379
0.525
-5.221
0.120
-6.509
1.502
1.923
-0.320
4.697
-6.228
2.322
-4.581
3.882
-4.908
1.172
-4.968
0.654
-3.385
-1.116
-3.639
-1.039
-7.457
2.312
-4.874
0.085
-8.092
2.367
-5.723
1.686
-5.583
2.161
-5.277
0.399
-6.032
2.067
-4.755
4.257
-2.990
3.278
-2.834
2.933
-5.438
1.511
-6.568
4.122
0.557
5.585
-9.056
-6.392
-3.808
6.829
-6.788
-1.476
-3.294
6.371
-7.912
-6.883
-4.899
2.259
-7.990
-6.122
-8.439
4.945
-7.233
-4.666
-6.185
6.326
-8.799
-0.756
-6.495
7.353
-8.598
-3.750
-5.056
1.250
-12.704
-9.978
-4.392
5.571
-9.771
-5.930
-6.574
5.898
-8.979
-2.378
-4.291
-1.055
-6.715
-4.941
-4.627
2.491
-7.996
-4.019
-9.632
1.343
-8.051
-4.036
-8.342
1.501
-7.758
-4.573
-6.560
1.841
-5.423
-2.345
-7.518
3.061
-4.828
-0.225
-6.063
4.221
-9.268
-6.340
-9.784
-0.217
-11.067
-9.082
-8.001
-1.039
-7.037
-6.800
-7.944
1.913
-6.425
0.281
-6.587
0.466
-7.203
-3.881
-7.658
4.234
-5.138
-0.607
-4.950
2.765
-7.603
-1.671
-8.859
5.211
-7.194
-4.459
-7.345
0.207
-7.272
-6.168
-6.070
2.843
-4.313
-2.285
-6.088
3.906
-4.110
-1.562
-5.764
-0.739
-6.265
-7.146
-5.222
1.731
-6.039
-5.129
-5.395
1.002
-4.821
-2.825
-9.007
-2.776
0.887
-1.798
2.114
-4.533
-4.532
-6.158
0.533
-4.466
-0.997
-3.253
-0.850
-6.279
-2.634
-8.528
1.912
-1.477
-2.761
-3.306
6.006
-3.312
-0.822
-3.728
2.829
-4.658
-4.925
-6.270
3.387
-6.602
-3.829
-5.920
2.714
-0.942
-2.290
-4.007
1.133
-3.739
-3.059
-4.770
1.533
-0.116
-5.406
-7.938
-8.386
-2.022
-3.473
-5.548
-3.401
2.656
-2.417
-7.569
-3.866
3.231
2.260
-1.800
-0.705
1.302
-6.752
-5.673
-4.530
1.391
-1.867
-7.474
-3.971
3.179
-1.187
-5.808
-3.432
-0.150
-3.580
-6.821
-5.548
0.685
-5.553
-7.964
-8.503
3.898
-2.196
-4.166
-2.498
-3.568
-6.699
3.315
0.728
0.803
-1.570
4.227
0.691
-2.348
-2.390
2.742
-2.344
-1.864
-5.841
3.006
1.919
-0.593
-3.752
2.825
1.810
-2.244
-4.996
3.755
1.331
-2.137
-4.198
-2.482
-0.710
-4.916
-5.972
2.646
-0.564
-4.171
-7.846
0.804
-2.097
-0.047
-2.873
0.161
0.778
2.786
-6.342
-3.588
-0.417
3.214
-3.641
-1.851
1.977
3.807
-3.225
-3.052
-0.840
2.575
-6.250
-4.370
-1.099
1.473
-6.829
-4.573
-1.767
2.024
-7.198
-3.448
-1.732
1.691
-3.353
0.318
1.482
1.216
-7.589
-3.255
-1.116
2.242
-5.951
-3.245
-1.398
-1.668
-7.914
-4.168
-1.919
5.023
-0.010
-0.099
0.556
3.176
2.626
-2.764
-0.360
1.718
-1.657
-5.236
-4.047
0.720
-4.651
-5.470
-3.527
3.087
2.910
-0.811
2.811
1.301
0.815
-1.854
-1.661
-0.321
-2.536
-3.778
-1.827
-0.099
-0.790
-3.820
-3.743
3.223
1.542
-3.366
-1.169
-2.463
-3.434
-8.682
-8.033
-3.333
-7.132
-9.434
-1.574
-8.430
-9.154
-3.425
-8.147
-10.223
-2.960
-6.669
-10.984
-3.094
-9.657
-9.279
-3.562
-10.261
-10.633
-0.696
-6.308
-8.052
-2.535
-7.267
-7.012
-2.433
-9.081
-8.238
-0.992
-9.820
-12.496
3.638
-2.357
-7.866
6.655
-0.319
-10.807
3.893
-2.625
-8.242
5.633
-1.348
-9.536
1.372
-5.606
-9.299
4.114
-1.393
-7.093
4.271
-2.982
-6.947
4.930
-3.077
-8.965
3.860
-0.799
-12.087
6.379
0.680
-10.084
4.436
-1.629
-9.219
1.084
-5.582
-8.044
0.838
-4.443
-9.450
3.300
-1.671
-7.597
0.639
-5.213
-9.195
3.966
0.520
-6.486
0.421
-6.200
-10.191
-4.201
-6.549
-1.931
2.791
-0.946
-9.351
4.607
-0.841
-6.451
4.873
-3.230
-2.504
5.492
0.021
-1.191
6.723
-4.124
1.089
5.640
-1.814
-1.838
4.888
-1.610
1.334
2.290
-3.351
-4.263
5.609
-3.054
-4.755
5.128
-4.717
-0.804
6.040
0.222
-1.069
7.238
-2.690
-0.740
-3.392
-6.977
4.566
-2.879
-7.510
3.799
-4.047
-7.168
4.662
0.372
-5.450
4.563
-3.099
-6.923
4.135
-1.230
-9.522
2.413
-1.429
-8.512
2.305
-0.515
-8.190
3.639
-1.849
-4.620
4.663
-3.851
-5.377
3.402
5.811
-1.112
-0.633
7.381
-2.610
-1.302
7.521
-3.776
1.196
5.239
-3.900
-1.835
4.955
-0.156
-1.340
3.393
-2.555
-3.504
5.455
0.677
0.619
4.140
0.358
2.425
4.642
-2.183
0.254
2.439
-0.238
0.670
-5.393
-5.125
-6.784
2.263
-0.844
-6.623
-4.380
-5.065
2.381
-4.044
-8.653
-6.744
-4.781
1.461
-2.737
-6.781
-4.739
-5.725
-0.541
-1.664
-5.506
-4.435
-7.172
-0.199
-0.839
-9.054
-6.148
-6.242
0.475
-1.853
-3.961
-2.542
-5.419
1.647
0.723
-3.175
-1.034
-2.282
1.978
0.301
-4.675
-4.980
-6.354
0.559
-0.491
-7.327
-4.285
-5.534
2.547
-2.087
-5.608
-4.403
-4.463
0.992
-5.457
-8.258
-4.261
-7.357
-0.438
-7.203
-6.911
-3.915
-8.539
-1.270
-5.460
-7.528
-4.339
-5.450
-0.674
-5.731
-6.070
-5.791
-6.999
1.436
-7.049
-7.871
-5.865
-7.474
-0.348
-8.986
-7.624
-3.779
-6.204
1.244
-4.839
-6.324
-4.417
-7.109
0.236
-6.602
-6.620
-6.053
-6.049
-0.630
-7.453
-11.023
-5.905
-6.031
-2.328
-9.740
-6.227
-2.733
-2.406
-2.393
3.513
-5.735
-4.457
-6.209
-3.642
4.800
-6.999
-9.278
-7.739
-6.896
2.101
-8.525
-6.571
-7.310
-8.938
4.560
-3.655
-6.023
-5.034
-3.594
5.925
-6.740
-5.730
-4.615
-5.265
5.937
-6.051
-3.674
-4.605
-3.780
6.694
-8.323
-5.415
-5.483
-5.541
4.185
-5.498
-4.800
-4.010
-6.716
5.504
-9.034
-8.452
-3.838
-5.692
3.761
-6.910
-2.375
-5.566
4.907
-2.844
-6.820
-1.111
-2.882
5.090
-2.879
-5.656
-0.450
-4.094
5.034
-3.102
-8.005
-2.966
-3.569
0.515
-0.875
-3.588
-3.918
-3.896
0.157
-2.369
-3.652
-1.191
-3.945
1.779
-2.273
-5.534
-3.914
-5.436
-0.816
-4.611
-6.554
-0.972
-4.800
3.576
-2.186
-5.918
-3.018
-3.081
2.303
-4.934
-3.419
-1.248
-2.664
5.756
-0.814
-6.145
-9.192
-6.964
2.511
-7.649
-6.148
-8.201
-6.842
4.773
-9.514
-4.530
-4.393
-4.727
8.599
-5.494
-5.914
-7.411
-8.364
6.024
-8.141
-3.228
-3.597
-1.191
5.540
-6.367
-5.691
-3.768
-5.629
7.492
-5.353
-5.420
-1.969
-2.241
7.306
-4.025
-5.366
-5.524
-7.487
6.908
-7.014
-8.189
-6.896
-7.310
2.652
-9.560
-5.639
-6.272
-6.945
5.216
-9.290
3.448
4.079
-6.292
0.878
-6.438
3.483
2.215
-9.437
-2.985
-7.519
2.334
4.098
-5.287
-2.029
-6.075
-1.326
0.942
-8.690
-1.399
-8.144
-0.652
1.588
-8.224
0.209
-4.088
3.818
3.948
-7.214
-0.596
-8.020
5.496
3.611
-8.278
-0.769
-6.650
-2.397
3.486
-3.468
-2.808
-4.740
4.464
2.289
-7.423
-2.379
-6.280
2.124
3.924
-6.374
-0.045
-1.216
-7.800
-6.495
-12.894
2.917
-4.612
-6.870
-6.420
-9.785
2.464
-4.569
-8.016
-5.188
-10.501
0.463
-2.611
-9.179
-9.165
-11.932
0.602
-4.037
-7.925
-3.981
-11.816
3.197
-5.273
-7.544
-7.564
-10.768
1.014
-4.989
-7.238
-4.123
-8.973
-0.074
-2.282
-5.032
-4.992
-9.240
5.674
-6.264
-7.624
-6.862
-10.121
1.668
-3.889
-7.720
-9.396
-13.242
-0.253
-11.087
4.667
-1.065
-7.524
-5.933
-10.583
6.033
-1.153
-9.152
-4.760
-11.029
3.791
-2.432
-9.842
-5.409
-9.337
3.685
-0.693
-10.061
-6.639
-9.807
5.762
0.031
-12.878
-4.605
-10.898
4.119
-3.627
-8.857
-5.459
-11.530
5.041
2.022
-5.055
-5.044
-5.817
3.661
0.816
-8.516
-5.064
-9.644
0.451
-1.901
-10.703
-5.396
-10.962
3.780
1.756
-7.441
-5.614
-8.406
-5.022
1.829
-5.729
-5.421
-2.124
1.210
4.705
-8.892
-5.729
-8.111
-2.240
4.466
-8.600
-5.586
-3.401
-0.445
4.666
-6.675
-5.212
-7.623
-0.413
1.902
-5.672
-3.176
-3.144
-0.084
5.708
-7.246
-3.415
-4.188
-2.232
5.058
-6.046
-4.010
-4.189
-0.073
2.776
-10.246
-4.690
-7.532
-3.057
0.781
-11.417
-5.018
-6.628
-1.671
2.236
-11.021
-5.038
-7.470
-0.332
6.137
-0.351
-5.885
-9.190
-1.422
5.514
-0.598
-6.893
-6.250
-0.407
6.068
-0.992
-7.043
-7.555
-1.575
5.340
1.551
-5.528
-5.670
0.979
4.553
-2.659
-5.310
-9.389
0.990
3.723
-2.948
-6.965
-8.447
2.210
2.917
-4.381
-4.214
-6.397
-0.336
6.458
-4.832
-5.871
-9.197
-2.087
4.182
-4.209
-5.788
-9.055
-4.220
4.020
-1.898
-7.750
-8.703
-5.266
-8.221
-4.833
-4.500
-10.361
-8.305
-2.111
-10.113
-6.342
-3.380
-10.720
-5.003
-9.760
-8.860
-6.635
-6.671
-8.251
-6.184
-8.338
-6.459
-4.967
-6.652
-6.415
-6.030
-7.888
-7.735
-5.940
-5.500
-6.874
-6.249
-13.232
-6.591
-5.160
-15.398
-7.486
-8.901
-13.065
-6.485
-4.616
-12.877
-6.094
-4.636
-13.666
-7.838
-5.736
-12.308
-6.381
-5.371
-13.582
-8.584
-3.821
-14.948
-9.131
-7.461
-15.153
-5.245
-6.697
-12.164
-4.164
-2.551
-8.347
-11.376
-3.590
-7.497
-12.285
-6.494
-7.509
-10.000
-3.835
-4.839
-8.799
-2.934
-8.107
-6.017
-4.813
-4.114
-10.657
-4.520
-5.629
-11.276
-5.096
-7.253
-9.031
-4.727
-6.960
-10.906
-7.782
-7.487
-10.896
-6.258
3.578
-4.734
-10.603
3.643
-3.722
-9.476
0.752
-4.444
-9.984
4.690
-4.452
-9.123
3.927
-4.209
-10.708
3.442
-1.585
-7.013
4.248
-2.510
-9.204
5.234
-3.048
-10.065
3.485
-0.331
-8.912
5.713
-2.816
-8.316
-3.910
-5.292
-7.028
-1.805
-3.013
-7.074
0.805
-3.839
-7.297
-2.176
-7.666
-8.533
-1.977
-4.856
-5.841
0.214
-6.519
-7.387
-1.585
-3.758
-2.898
-1.227
-4.693
-3.947
-1.987
-4.930
-5.852
-5.287
-2.923
-7.295
-3.063
-4.143
-6.417
-2.369
-4.299
-5.782
-3.168
-1.809
-7.171
-2.550
-2.931
-8.909
-0.849
-3.820
-8.324
-1.484
-3.420
-8.457
-2.131
0.748
-8.276
-2.578
1.044
-9.723
-4.229
-3.452
-8.353
0.317
-1.488
-8.049
