-8.270
-6.525
-1.309
-8.602
-2.530
-6.325
-6.569
-5.248
-4.524
-1.751
-4.261
-5.337
-4.147
-2.078
-1.988
-4.330
-4.955
-4.151
-5.128
-3.298
-1.058
-2.354
-3.052
-1.135
-2.579
-0.327
0.054
-0.995
-1.249
-1.548
0.998
2.820
1.376
3.979
2.164
-0.381
-2.338
3.054
1.565
0.954
-6.071
0.220
-8.872
-4.469
1.731
-6.582
-5.362
0.996
-7.717
-5.788
1.502
-8.538
-6.505
0.880
-7.529
-6.491
1.109
-7.395
-6.223
-0.413
-6.595
-4.013
0.130
-6.550
-3.591
-2.151
-6.427
-3.626
-2.504
-9.393
-1.595
-2.466
-7.371
-0.606
-0.654
-6.645
-4.213
-3.775
-5.930
1.289
-4.389
-3.416
-4.892
-3.867
-1.741
-5.284
-0.366
-3.451
-6.580
-4.334
-3.347
1.480
-1.699
-5.548
-2.376
-0.393
-5.378
-3.685
-1.820
-6.272
-6.393
-5.062
-5.098
-9.003
-4.404
-9.816
-8.026
-7.762
-7.513
-7.775
-3.233
-10.528
-6.807
-3.833
-8.619
-6.162
-4.297
-7.744
-9.921
-7.098
-7.016
-7.084
-5.135
-9.773
-9.523
-4.311
-11.459
-5.444
-3.628
-8.889
-11.274
-12.075
-8.074
-6.896
-5.864
-4.502
-10.580
-9.545
-6.862
-7.884
-9.489
-6.182
-5.066
-8.151
-5.443
-7.790
-11.038
-6.360
-5.712
-7.548
-3.574
-7.035
-8.420
-6.664
-7.623
-8.887
-6.207
-7.384
-10.174
-7.359
0.318
-3.199
1.938
1.673
-4.339
3.980
2.554
-3.335
-0.943
-0.337
-5.666
-0.161
2.427
-1.186
3.101
0.467
-3.594
1.389
3.392
-1.712
3.991
-1.969
-5.827
2.526
-0.107
-6.840
2.017
0.860
-5.828
0.784
-2.048
-2.899
1.649
-3.386
-4.453
2.137
-4.107
-6.293
3.517
-2.392
-3.700
3.308
-3.220
-5.255
4.530
-1.532
-1.955
2.883
-2.041
-3.681
5.426
-0.681
-2.863
1.990
-1.602
-0.551
1.202
-4.063
-4.091
4.380
-1.339
-5.769
-3.993
0.836
-3.928
-4.101
0.726
-4.498
-1.356
-0.955
-1.907
-1.649
-0.465
-4.604
-3.665
0.180
-6.358
-5.947
0.311
-8.208
-6.662
0.563
-2.220
0.271
-1.445
-7.900
-5.480
-0.866
-8.339
-5.690
4.468
-4.240
-1.630
3.967
-2.425
-0.168
2.948
-3.520
-3.618
-0.506
-4.322
-3.894
2.432
-2.584
-2.530
2.324
-2.681
-4.048
4.876
-0.736
-2.467
1.866
-0.986
-1.638
1.531
-5.510
-2.746
2.806
0.760
1.854
2.517
-9.170
-2.843
-10.741
-4.143
-6.236
0.090
-6.104
-1.198
-3.471
-0.284
-6.785
-0.520
-6.844
0.252
-7.364
1.236
-8.856
0.167
-9.319
-1.496
-6.508
3.251
-9.528
-0.276
-11.828
0.758
-8.898
-1.424
-8.592
-1.239
-9.517
0.438
-9.148
-0.346
-8.092
-3.650
-9.654
-3.767
-10.541
-11.392
-7.663
-8.779
-7.992
-10.654
-6.543
-8.002
-6.228
-7.074
-7.702
-7.608
-4.587
-9.033
-9.203
-8.587
-5.630
-11.110
-8.434
-7.763
-9.776
-2.878
-1.761
-6.556
-2.730
-6.221
-4.201
-4.118
-6.035
-5.704
-5.795
-2.736
-2.659
-7.101
-4.541
-5.026
-1.167
-3.513
-3.630
-8.419
-5.987
-3.440
-4.602
-5.081
-1.078
-5.162
-2.624
-1.016
-0.404
-0.245
-5.485
-1.217
-0.673
-1.759
-0.807
-3.316
-4.391
-5.312
-4.457
-5.759
-2.839
-4.999
-5.038
-1.873
-1.266
-7.488
0.773
-4.989
-5.148
-1.985
-3.141
-7.766
-4.612
-3.256
-1.167
-4.595
-2.878
-4.782
0.069
-2.991
-3.252
-7.027
-2.228
-5.886
-6.622
-6.436
-8.137
-9.233
-7.745
-6.316
-4.966
-6.507
-4.519
-7.695
-6.916
-8.489
-8.481
-6.145
-6.579
-9.658
-5.820
-7.308
-5.654
-6.793
-7.710
-6.880
-9.073
-10.549
-7.953
-4.487
-3.521
-5.800
-6.300
-4.883
-5.491
-6.390
-5.640
-4.494
-3.841
-7.218
-5.885
-8.718
-8.047
-8.318
-9.588
-6.887
-5.515
-7.320
-11.350
-7.318
-5.356
-2.471
-9.013
-7.201
-4.638
-5.409
-9.831
-4.133
-3.748
-1.018
-7.390
-5.296
-6.681
-5.937
-10.284
-4.593
-1.981
-5.150
-8.283
-5.338
-5.608
-0.701
-10.226
-5.681
-7.939
-7.124
-11.440
-6.211
-2.435
-6.325
-7.483
-1.634
-5.903
-3.025
-4.846
-2.863
-8.883
-5.345
-1.665
-4.700
-9.611
-6.131
-7.040
-3.615
-5.608
-4.038
-5.148
-4.892
-6.035
-6.859
-4.864
-0.826
-6.082
-5.577
-6.511
-3.917
-5.029
-5.303
-3.642
-3.317
-7.380
-7.954
-5.086
-1.359
-6.655
-6.228
-1.860
-5.238
-5.873
-5.696
-5.720
-5.282
-1.274
-2.041
-4.165
-6.631
-0.825
-0.565
-1.174
-10.520
-3.609
-1.572
-4.975
-9.796
-4.218
-0.783
-6.136
-6.799
-1.608
2.160
-2.264
-9.630
-4.637
-2.638
-5.216
-10.610
-2.464
-1.463
-5.257
-8.595
-2.700
0.761
-4.076
-6.798
-1.769
-0.561
-4.624
-7.728
-4.502
-3.472
-5.107
-2.615
-4.232
-4.181
-2.674
-2.569
-2.799
-1.161
-1.796
-2.105
-6.824
-5.037
-2.348
-1.836
-5.065
-3.839
-2.918
-0.817
-5.184
-1.048
-3.517
-4.087
-4.317
-3.861
-3.985
-1.773
-4.290
-1.725
-5.174
-5.240
-8.998
-3.786
-4.037
-5.397
-5.590
-1.174
-8.530
-0.680
-7.112
-2.502
-3.957
-5.037
-2.576
-8.361
-6.325
-7.751
-9.896
-8.592
-9.434
-9.489
-6.115
-8.723
-7.410
-2.626
-6.275
-7.077
-9.051
-8.330
-2.237
-7.433
-4.950
-7.519
-1.582
-6.336
-4.927
-8.415
-7.910
-8.982
-9.298
-5.837
-7.569
-7.660
-7.448
-8.756
-2.558
-8.285
-6.605
-8.891
-4.593
-6.637
-3.542
-5.666
-7.559
-3.117
-5.022
-6.307
-6.663
-1.187
-1.418
-8.377
-10.107
-1.773
-6.683
-4.221
-7.715
-3.347
-4.300
-8.010
-5.833
-1.043
-3.563
-3.538
-7.445
-2.777
-6.424
-4.219
-5.104
-3.216
-5.785
-7.237
-6.552
-3.088
-5.923
-3.870
-7.518
-3.258
-6.930
-7.010
-7.831
-3.689
-4.305
-6.250
-5.833
-5.098
-3.664
-6.340
-5.650
-6.087
-4.244
-9.352
-4.772
-4.242
-1.539
-6.179
-4.317
-6.628
-1.923
-7.748
-6.600
-6.374
-1.537
-6.928
-5.470
-5.422
-2.009
-3.744
-3.567
-6.256
-2.120
-7.422
-3.240
-5.038
-4.230
-8.672
-4.053
-3.825
-3.105
-9.117
-6.096
-6.039
-4.889
-4.716
-9.125
-1.462
-10.535
-3.039
-3.801
-4.512
-8.427
-2.550
-9.357
-3.602
-11.091
-6.271
-6.704
-2.064
-10.522
-3.787
-6.297
-4.346
-7.932
-4.544
-5.248
-1.623
-9.773
-3.930
-6.876
-3.330
-9.517
-0.909
-4.973
-1.461
-11.501
-8.849
-7.780
-2.520
-10.202
-6.296
-5.698
-3.808
-6.491
-2.062
-5.522
-8.240
-7.568
-1.466
-4.013
-8.283
-6.940
-2.778
-4.296
-6.607
-7.373
-7.717
-6.307
-8.154
-7.860
-2.501
-4.260
-9.583
-6.960
-2.068
-4.862
-9.999
-2.804
-2.959
-1.440
-6.555
-3.990
-5.033
-5.415
-7.790
-7.459
-1.372
-6.243
-8.179
-6.756
-4.603
-6.813
-8.545
-8.245
-8.157
-3.508
-5.077
-1.857
-3.839
1.059
-6.762
-2.653
-6.887
-1.993
-7.458
-3.677
-9.548
-1.941
-9.282
-2.341
-9.156
-4.568
-9.747
-2.655
-3.607
0.171
-5.280
-2.599
-3.869
-4.354
-5.385
0.778
-1.122
-2.308
-5.651
-3.140
-3.442
-4.713
-8.147
-4.046
-7.079
-1.139
-4.828
-3.467
-8.540
-3.437
-7.524
-2.343
-8.354
-4.130
-9.192
-5.532
-4.593
-2.626
-7.870
-3.599
-7.802
-4.348
-9.491
-2.463
-9.957
-3.826
-6.400
-5.108
-3.831
-4.867
-3.758
-5.880
-2.084
-1.131
-2.643
-4.572
-4.919
-3.180
-2.755
-4.204
-1.326
-2.795
-3.753
-1.957
-2.389
-2.956
-4.889
-2.793
-1.840
-3.774
-5.183
-3.972
-6.252
-2.762
-6.841
-5.725
-4.708
-3.924
-3.945
-4.433
-4.807
-1.668
-5.045
-4.806
-4.062
-2.148
-7.452
-7.150
-4.465
-4.474
-6.640
-5.482
-6.085
-1.778
-1.335
-4.493
-3.931
-5.263
-5.992
-5.000
-3.671
-5.612
-5.285
-3.057
-3.928
-5.373
-1.138
-0.966
