5.335
13.783
4.356
10.817
10.025
10.736
4.634
13.484
7.659
10.022
14.882
12.164
13.268
-2.264
11.784
13.692
9.712
8.961
5.196
11.809
13.798
13.727
7.863
11.465
15.454
11.827
12.028
13.220
12.127
12.744
11.589
13.709
11.047
9.288
13.794
5.504
4.192
18.317
12.203
9.918
15.224
12.930
10.722
14.113
12.882
12.954
12.285
10.348
12.006
3.598
14.564
10.590
5.225
7.186
0.949
4.732
-8.418
13.090
9.969
5.849
2.835
1.482
-8.022
4.756
4.880
3.806
2.343
0.081
5.557
0.997
9.832
1.245
6.879
6.187
-9.195
8.311
-6.882
5.415
-13.947
4.875
9.751
12.954
4.431
2.178
10.419
5.306
10.130
7.269
9.592
9.943
7.290
11.736
8.449
6.887
14.160
11.593
7.861
5.090
8.449
10.578
6.471
6.218
6.545
5.829
1.064
2.576
-1.956
4.089
0.422
-2.467
9.745
9.389
7.608
7.145
8.641
6.685
10.011
5.160
9.868
8.518
2.737
-1.943
1.903
9.432
6.463
2.958
6.164
4.384
6.199
5.504
4.741
8.805
10.746
8.285
6.757
4.188
10.037
11.764
7.726
6.256
9.583
0.002
9.961
1.067
-11.552
8.525
-17.722
8.220
-27.002
6.304
9.973
12.198
6.055
7.706
11.165
8.222
8.880
9.354
9.019
8.565
9.596
7.500
5.877
0.221
7.017
13.667
3.639
11.520
9.622
5.909
8.572
8.849
4.235
6.785
6.333
7.526
10.407
8.908
1.655
10.737
6.057
10.274
12.849
10.853
12.157
12.719
8.980
12.706
10.777
5.009
-12.377
5.685
9.110
8.967
7.817
9.505
7.929
13.054
0.887
3.196
9.627
17.903
10.538
9.074
11.118
11.447
15.904
15.160
17.302
12.893
7.987
11.388
7.600
12.124
10.878
9.090
8.518
9.586
11.228
9.699
12.038
17.334
10.152
10.440
11.721
7.280
13.904
3.196
3.892
15.467
13.432
13.620
12.846
9.957
15.415
13.523
11.892
13.460
18.626
19.342
12.179
11.945
5.675
9.604
12.518
10.343
12.897
13.157
11.212
13.476
16.941
13.774
18.974
8.489
18.024
20.352
11.828
13.550
12.744
3.421
9.781
7.111
13.048
7.986
14.452
12.734
13.698
11.167
6.961
6.572
9.877
14.650
11.872
6.640
12.001
12.765
11.253
8.387
8.424
11.134
10.699
8.657
15.670
13.003
15.834
16.198
14.234
13.605
7.899
12.606
11.914
10.675
11.288
11.570
12.937
14.537
11.495
5.097
15.241
11.888
12.797
13.502
16.248
1.899
11.849
13.427
11.724
10.831
7.518
7.560
8.877
6.091
8.985
9.398
3.172
8.808
12.449
13.261
10.259
10.459
12.045
12.100
11.560
11.443
11.653
9.893
7.079
4.267
11.950
6.910
8.143
14.619
8.017
5.925
7.307
11.051
11.215
10.418
7.730
14.731
