-24.999
-21.145
-9.623
-25.732
-12.319
-20.702
-21.242
-18.324
-16.724
-10.598
-15.864
-18.220
-15.615
-11.086
-10.890
-16.017
-17.384
-15.624
-17.763
-13.757
-7.157
-10.446
-11.249
-8.623
-10.315
-5.089
-4.991
-6.825
-8.363
-7.734
-3.647
0.184
-2.852
2.620
-1.196
-6.547
-10.660
0.676
-2.454
-3.739
-16.563
-5.658
-24.089
-13.573
-2.419
-19.316
-14.714
-3.994
-21.682
-15.381
-2.908
-23.394
-17.556
-4.242
-21.291
-17.327
-3.753
-21.012
-16.473
-7.017
-19.344
-13.023
-5.851
-19.250
-11.300
-10.744
-18.994
-11.684
-11.501
-25.176
-7.718
-11.773
-20.961
-5.783
-7.831
-19.449
-12.717
-14.619
-17.959
-1.828
-15.956
-12.719
-13.714
-14.819
-9.228
-14.660
-7.206
-12.793
-16.887
-15.835
-12.576
-1.207
-10.104
-17.162
-8.614
-7.264
-16.809
-11.522
-10.366
-18.671
-20.315
-16.988
-16.224
-25.990
-15.576
-26.057
-23.865
-22.779
-21.257
-23.320
-13.066
-27.541
-21.214
-14.352
-23.562
-19.811
-15.346
-21.739
-27.988
-21.354
-20.223
-21.818
-17.144
-25.967
-27.121
-15.376
-29.480
-18.249
-13.912
-24.126
-26.341
-32.672
-23.447
-18.331
-19.163
-15.786
-25.243
-27.170
-20.848
-19.687
-27.047
-19.388
-14.376
-24.137
-17.805
-20.133
-30.416
-19.771
-15.790
-22.826
-13.796
-18.864
-24.723
-20.423
-20.047
-25.739
-19.443
-18.555
-28.538
-21.914
-4.836
-11.403
-1.459
-1.687
-13.697
1.840
-0.115
-11.675
-7.453
-5.913
-16.369
-6.653
0.155
-7.349
1.056
-4.299
-12.198
-2.922
1.648
-8.409
3.036
-9.229
-16.693
-0.339
-5.159
-18.733
-0.682
-3.587
-16.694
-3.682
-9.243
-10.799
2.627
-11.573
-13.927
0.661
-13.382
-17.631
3.660
-9.912
-12.410
2.712
-11.533
-15.541
6.520
-8.701
-8.898
2.723
-8.613
-12.372
7.695
-6.879
-10.725
2.097
-9.212
-6.071
1.492
-14.034
-13.199
5.285
-7.657
-17.427
-9.849
-3.279
-12.451
-9.285
-3.501
-12.456
-6.219
-6.885
-8.352
-5.396
-5.898
-13.932
-8.777
-4.599
-17.060
-13.155
-4.337
-18.439
-14.712
-3.828
-9.618
-1.519
-7.871
-19.364
-11.735
-6.704
-20.512
-13.479
4.374
-12.821
-4.890
3.742
-8.430
-2.377
0.234
-10.985
-8.466
-6.556
-12.277
-9.187
-0.016
-8.714
-6.198
-0.307
-9.022
-8.409
4.848
-5.924
-6.018
-1.711
-6.348
-4.877
-2.503
-14.730
-8.671
0.236
-3.096
1.469
-0.499
-25.857
-8.201
-29.232
-10.839
-19.556
-4.118
-19.271
-6.953
-13.615
-4.381
-20.735
-4.142
-20.862
-3.712
-21.979
-3.701
-25.183
-3.235
-26.177
-8.612
-20.139
1.227
-26.627
-6.084
-31.567
-3.940
-25.274
-8.462
-24.617
-8.078
-26.603
-4.603
-25.810
-6.228
-23.542
-13.075
-26.898
-13.318
-28.802
-25.736
-21.392
-20.988
-22.074
-24.634
-19.071
-19.754
-18.417
-17.498
-21.473
-19.952
-15.017
-20.713
-24.584
-21.223
-17.178
-24.357
-22.990
-18.169
-25.770
-7.662
-8.792
-15.617
-10.769
-15.311
-13.772
-12.231
-17.515
-14.620
-17.026
-9.006
-10.625
-16.816
-14.467
-12.881
-7.579
-11.349
-12.607
-20.031
-17.419
-8.814
-11.262
-8.147
-4.599
-10.845
-7.465
-4.085
-3.645
-1.649
-12.617
-3.910
-3.992
-6.975
-4.238
-9.582
-10.810
-11.522
-11.586
-10.838
-7.858
-9.468
-15.481
-5.909
-7.781
-13.752
-3.620
-8.214
-15.706
-6.290
-11.608
-15.061
-14.611
-5.253
-7.580
-9.672
-11.071
-12.433
-5.057
-5.726
-11.835
-22.434
-10.784
-22.022
-22.154
-21.123
-23.391
-29.886
-24.690
-20.857
-16.626
-23.482
-17.409
-23.917
-20.787
-28.139
-26.352
-20.477
-20.067
-30.884
-20.344
-23.058
-18.092
-24.154
-24.612
-22.107
-25.388
-32.978
-25.160
-16.797
-13.543
-21.821
-21.429
-17.676
-17.746
-23.205
-19.938
-16.812
-14.225
-25.152
-20.491
-26.188
-24.387
-27.737
-28.849
-22.124
-18.810
-25.392
-32.826
-23.080
-18.459
-13.998
-27.551
-22.820
-16.879
-20.901
-29.398
-16.010
-14.919
-10.583
-23.888
-18.592
-21.378
-22.142
-30.422
-17.032
-11.028
-20.293
-25.904
-18.685
-19.015
-9.840
-30.289
-19.446
-24.148
-24.930
-33.030
-20.622
-12.027
-23.052
-24.098
-10.463
-19.665
-12.484
-19.579
-13.190
-26.227
-17.434
-12.104
-17.269
-27.830
-19.110
-24.733
-14.859
-19.016
-14.646
-20.289
-17.694
-19.954
-20.665
-19.621
-8.668
-20.059
-17.928
-23.489
-15.530
-17.741
-17.345
-16.749
-14.198
-22.917
-23.000
-20.142
-9.853
-21.320
-19.317
-12.562
-18.462
-19.600
-18.184
-21.631
-18.298
-8.750
-12.987
-16.610
-21.268
-7.792
-9.519
-9.857
-29.833
-13.730
-11.885
-18.438
-28.238
-15.029
-10.031
-21.058
-21.638
-9.461
-3.116
-12.318
-27.873
-15.923
-14.390
-18.980
-30.030
-11.287
-11.630
-19.074
-25.593
-11.791
-6.405
-16.409
-21.637
-9.806
-9.510
-17.645
-23.685
-15.636
-16.351
-18.736
-12.640
-15.985
-14.951
-13.243
-12.539
-12.829
-8.508
-11.261
-11.509
-21.692
-16.777
-12.509
-10.912
-17.818
-14.220
-13.794
-8.648
-18.081
-8.266
-15.147
-15.908
-16.171
-14.268
-16.203
-10.772
-16.111
-9.712
-18.888
-18.468
-26.480
-14.109
-16.319
-18.817
-18.976
-8.536
-26.462
-8.346
-22.327
-11.368
-16.141
-16.947
-8.470
-20.960
-20.865
-22.611
-21.831
-23.588
-27.751
-26.317
-14.271
-23.433
-23.268
-11.502
-13.570
-18.859
-26.903
-23.270
-7.260
-19.742
-17.819
-21.551
-5.586
-17.740
-17.769
-23.704
-16.981
-23.402
-27.450
-18.497
-16.671
-20.844
-23.354
-24.562
-7.965
-21.273
-21.484
-24.976
-11.301
-18.172
-14.701
-17.133
-23.697
-9.816
-17.979
-18.398
-21.707
-6.042
-9.997
-23.246
-29.354
-8.361
-21.658
-14.598
-24.043
-10.668
-16.381
-22.326
-19.864
-5.582
-14.747
-12.871
-23.443
-9.199
-21.085
-13.880
-18.246
-10.148
-19.669
-20.581
-21.460
-10.591
-19.975
-13.242
-23.607
-10.138
-22.205
-19.927
-24.301
-10.049
-16.391
-18.646
-13.470
-18.232
-11.403
-18.917
-13.632
-20.427
-13.260
-24.680
-10.512
-16.333
-7.003
-18.266
-10.036
-21.630
-8.414
-21.766
-15.214
-21.065
-8.387
-19.831
-13.054
-18.952
-8.881
-12.883
-8.453
-20.803
-7.037
-21.602
-8.550
-18.100
-12.927
-23.700
-8.782
-15.406
-9.842
-24.736
-15.374
-20.321
-14.682
-9.567
-27.174
-5.783
-30.190
-7.701
-15.352
-13.533
-25.522
-5.198
-27.690
-10.243
-31.422
-11.642
-21.799
-8.022
-30.161
-7.215
-20.896
-11.709
-24.425
-8.756
-18.565
-7.089
-28.502
-7.539
-22.179
-9.984
-27.936
-2.155
-17.956
-6.321
-32.330
-15.511
-24.187
-8.576
-29.452
-12.426
-19.565
-11.719
-21.233
-10.112
-11.597
-25.209
-23.618
-8.782
-9.379
-25.304
-22.227
-11.770
-10.647
-21.583
-23.187
-22.491
-15.253
-25.017
-24.265
-10.836
-9.401
-28.190
-22.273
-10.055
-10.774
-29.114
-13.066
-11.662
-3.518
-21.468
-15.693
-16.330
-11.106
-24.210
-23.377
-8.611
-13.402
-25.073
-21.821
-15.329
-14.489
-25.885
-25.118
-24.855
-14.399
-18.032
-10.763
-15.290
-4.340
-21.766
-12.518
-22.041
-11.063
-23.306
-14.772
-27.936
-10.947
-27.346
-11.829
-27.067
-16.735
-28.376
-12.521
-14.776
-6.610
-18.481
-12.802
-15.356
-16.725
-18.714
-5.253
-9.274
-12.152
-19.303
-14.011
-14.412
-17.527
-24.833
-16.038
-22.466
-9.538
-17.480
-14.743
-26.083
-14.245
-23.812
-11.833
-25.667
-15.770
-27.541
-18.859
-17.259
-12.456
-24.586
-14.600
-24.433
-16.251
-28.210
-12.098
-29.253
-15.100
-21.299
-17.926
-14.179
-16.860
-14.023
-19.052
-10.456
-8.777
-11.648
-16.221
-16.498
-13.209
-11.885
-15.426
-8.841
-12.378
-14.013
-10.564
-11.105
-12.724
-16.434
-12.372
-10.090
-14.494
-17.259
-14.922
-19.550
-12.307
-20.814
-18.717
-16.240
-14.820
-14.603
-15.920
-16.452
-9.939
-16.962
-16.728
-14.855
-10.977
-22.125
-21.799
-15.718
-15.548
-20.382
-17.697
-19.193
-9.804
-9.005
-15.589
-14.573
-17.231
-18.993
-16.671
-14.015
-17.974
-17.478
-12.529
-14.568
-17.466
-8.584
-8.074
