-24.179
-17.312
-17.940
-20.217
-20.775
-20.939
-22.333
-22.281
-22.508
-22.348
-28.340
-23.505
-24.361
-24.673
-25.245
-22.287
-24.714
-17.129
-16.656
-16.169
-20.361
-22.525
-27.347
-17.396
-29.393
-20.524
-25.645
-20.968
-16.591
-19.021
-35.451
-21.437
-18.890
-10.964
-32.304
-23.114
-19.130
-18.063
-22.267
-19.922
-7.685
-8.804
-2.169
-20.950
-8.811
-18.910
-5.631
-18.563
-9.817
-17.973
-11.089
-16.089
-16.248
-16.809
-15.671
-24.105
-9.335
-18.642
-12.232
-25.654
-9.107
-19.609
-8.761
-18.798
-8.574
-18.420
-12.548
-19.010
-7.524
-16.231
-4.060
-12.809
-6.636
-12.649
-6.895
-17.597
-9.929
-20.648
-3.121
-5.518
-13.012
-26.836
-20.787
-15.242
-5.801
-22.081
-10.321
-14.298
-7.114
-24.156
-21.286
-21.652
-7.800
-24.275
-20.093
-26.388
-12.917
-22.991
-16.451
-22.763
-5.081
-26.280
-9.213
-19.373
-4.820
-25.532
-14.399
-19.302
-13.734
-33.866
-28.523
-14.175
-8.670
-28.121
-19.248
-21.901
-8.493
-25.067
-11.470
-15.989
-8.766
-22.746
-16.717
-18.621
-4.210
-25.114
-14.991
-30.788
-3.967
-25.679
-14.691
-29.607
-7.988
-25.211
-16.971
-23.576
-5.245
-19.904
-11.402
-22.876
-4.632
-19.807
-7.710
-21.506
-3.242
-28.361
-20.372
-29.019
-6.482
-32.022
-26.476
-24.107
-14.881
-23.772
-21.479
-22.119
-6.030
-23.263
-5.811
-20.205
4.367
-21.208
-15.291
-21.910
1.690
-16.904
-7.098
-15.892
4.264
-23.308
-9.924
-24.450
5.814
-21.849
-15.808
-23.287
3.773
-22.322
-19.989
-17.964
2.054
-16.563
-11.715
-20.312
4.803
-14.306
-9.724
-19.145
-4.414
-20.305
-21.280
-15.855
4.072
-19.178
-17.848
-18.219
4.461
-17.114
-11.517
-28.437
-12.907
-6.743
-10.644
-10.949
-21.129
-17.977
-19.387
-13.135
-16.106
-10.541
-13.852
-16.858
-16.745
-14.875
-24.369
-11.755
-12.574
-15.321
-13.531
-2.913
-14.613
-9.629
-14.009
-8.984
-13.638
-19.584
-19.645
-6.664
-19.762
-17.860
-18.202
-9.011
-8.821
-13.662
-15.294
-11.646
-21.529
-16.144
-16.813
-12.661
-16.969
-15.673
-19.095
-21.166
-10.119
-11.113
-15.681
-11.102
-6.663
-9.005
-18.858
-13.069
-3.556
-0.305
-7.150
-5.615
-14.147
-18.042
-13.995
-12.536
-7.759
-8.715
-18.404
-12.276
-9.997
-8.730
-15.138
-11.662
-9.831
-11.425
-18.119
-14.229
-18.095
-16.093
-16.990
-20.233
-9.146
-10.093
-12.409
-10.925
-17.679
-18.753
-3.957
-4.565
-5.279
-9.321
-0.915
-3.447
-11.857
-8.911
-4.430
-10.392
-9.025
-15.587
-0.949
-0.443
-9.278
-12.411
-3.994
-2.551
-13.007
-16.553
-3.212
-3.582
-10.375
-13.155
-12.138
-6.963
-16.990
-16.633
-6.176
-7.419
-18.543
-20.507
-9.594
-11.625
-10.928
-10.457
-8.948
-4.942
-12.566
-18.733
-12.347
-5.696
-9.152
-12.878
-9.151
-2.137
-8.782
-11.445
-11.719
-6.446
-11.492
-18.165
-14.651
-9.055
-14.793
-18.999
-13.532
-7.876
-13.961
-19.917
-12.496
-8.923
-13.695
-12.505
-5.611
-3.184
-11.190
-19.896
-12.097
-6.270
-14.358
-16.574
-10.772
-8.326
-22.480
-21.717
-13.670
-10.287
5.443
-4.056
-5.909
-2.510
7.861
1.376
-10.753
-4.605
5.582
-5.340
-13.199
-7.791
0.016
-13.436
-14.733
-8.482
5.000
0.902
-6.028
2.664
3.451
-1.937
-7.178
-6.062
-0.795
-7.643
-10.557
-5.267
-0.418
-3.982
-13.513
-11.194
3.234
-1.331
-11.572
-5.105
-8.305
-10.295
-21.511
-18.747
-18.087
-20.067
-26.269
-15.519
-23.083
-25.135
-17.461
-23.014
-27.298
-14.439
-19.582
-29.363
-16.628
-26.321
-25.679
-20.007
-26.972
-28.585
-12.353
-18.610
-23.271
-17.171
-21.626
-22.027
-17.960
-24.221
-23.868
-12.733
-26.384
-31.888
-0.922
-10.671
-22.820
6.911
-5.566
-28.930
-0.026
-10.998
-22.931
4.719
-8.657
-26.920
-5.367
-17.938
-26.187
0.477
-8.715
-21.387
0.014
-12.539
-21.240
1.437
-12.731
-25.244
-0.267
-7.665
-32.223
6.251
-3.445
-28.230
3.742
-8.630
-26.126
-9.452
-16.547
-23.977
-7.248
-14.170
-26.545
-2.225
-8.519
-22.603
-8.975
-15.971
-26.848
-1.997
-2.797
-20.343
-11.180
-18.734
-28.777
-21.101
-18.533
-11.609
-3.029
-7.536
-26.559
0.438
-7.204
-20.549
3.523
-8.180
-15.353
3.308
-1.745
-10.938
4.867
-7.650
-4.937
5.858
-4.407
-12.402
2.734
-4.096
-3.856
-2.162
-8.942
-19.365
4.756
-7.106
-17.125
4.910
-12.057
-15.258
7.014
-2.435
-8.294
7.565
-6.174
-8.976
-12.167
-17.047
-5.991
-10.895
-18.788
-9.170
-14.630
-16.791
-7.781
-3.945
-14.466
-7.623
-10.313
-17.957
-8.224
-7.210
-21.587
-10.472
-5.711
-21.991
-11.187
-4.084
-19.430
-6.831
-9.930
-13.122
-6.219
-14.072
-12.451
-10.092
2.866
-4.325
-7.881
7.852
-6.380
-11.784
6.560
-6.891
-5.945
3.732
-7.686
-11.583
5.756
-3.395
-6.916
-0.638
-8.622
-14.547
3.976
-0.753
-5.789
-0.144
-0.151
-0.033
3.168
-7.045
-5.339
-2.748
-2.470
-6.967
-18.733
-19.893
-21.314
-24.488
-21.737
-21.958
-16.747
-18.171
-28.500
-28.908
-25.376
-22.458
-17.928
-23.346
-26.328
-21.298
-18.005
-19.517
-21.761
-20.558
-19.012
-15.583
-21.299
-25.796
-21.492
-27.303
-21.251
-20.899
-24.498
-26.207
-16.083
-13.934
-18.717
-26.530
-17.968
-13.758
-8.234
-12.223
-20.302
-17.358
-16.608
-18.206
-20.990
-29.587
-21.173
-22.115
-16.319
-19.120
-19.856
-21.913
-19.096
-17.937
-16.297
-14.145
-24.138
-25.055
-18.220
-21.805
-18.293
-25.847
-21.984
-17.238
-23.989
-15.687
-18.672
-23.367
-16.922
-18.449
-17.099
-20.424
-20.516
-21.403
-21.727
-18.099
-26.029
-24.551
-21.095
-21.765
-19.741
-31.018
-23.261
-16.918
-19.551
-17.066
-19.898
-20.501
-18.357
-21.074
-12.977
-25.229
-22.016
-22.663
-18.338
-15.869
-27.399
-31.029
-21.025
-19.356
-21.932
-32.589
-20.991
-12.399
-12.055
-22.785
-18.562
-19.103
-16.897
-21.331
-31.041
-7.641
-21.816
-26.971
-23.678
-28.891
-12.105
-25.168
-20.474
-21.522
-35.071
-14.756
-14.123
-20.568
-17.499
-28.274
-9.341
-21.493
-20.285
-18.673
-29.726
-6.076
-20.427
-15.154
-16.849
-21.647
-9.807
-24.862
-18.392
-18.966
-30.687
-13.514
-19.610
-16.205
-15.889
-24.191
-12.528
-27.624
-24.966
-16.544
-30.201
-20.827
-21.342
-15.134
-19.518
-15.195
-14.559
-21.485
-12.644
-13.003
-14.619
-16.884
-18.795
-10.485
-16.373
-11.322
-17.509
-24.329
-15.448
-15.810
-19.243
-10.798
-14.434
-17.160
-15.127
-19.549
-13.977
-14.898
-10.812
-15.255
-13.858
-14.371
-19.002
-16.622
-17.753
-29.747
-25.491
-20.645
-12.933
-17.181
-16.762
-9.794
-19.442
-16.411
-14.862
-22.811
-16.318
-13.949
-13.164
-13.261
-13.238
-9.969
-19.813
-29.043
-20.437
-22.781
-29.613
-20.465
-25.706
-19.729
-23.437
-36.962
-15.761
-19.649
-16.228
-12.504
-23.268
-20.049
-25.789
-23.979
-28.836
-31.720
-13.132
-15.954
-8.680
-14.744
-24.346
-19.886
-17.765
-18.499
-20.156
-24.031
-18.449
-12.348
-11.978
-19.900
-23.584
-18.022
-21.185
-21.527
-20.441
-27.088
-24.193
-24.312
-20.342
-24.973
-31.445
-19.166
-23.150
-20.390
-21.624
-32.349
-4.400
2.100
-20.037
5.298
-20.531
-0.834
-0.255
-25.332
-4.079
-23.919
-3.039
1.726
-18.008
-0.882
-20.322
-10.422
-4.293
-25.159
-1.072
-23.747
-10.891
-1.237
-25.672
3.118
-15.824
-1.844
1.400
-22.845
0.532
-24.206
0.617
1.427
-23.377
0.131
-21.689
-12.394
1.759
-13.376
-2.429
-16.827
-0.024
-2.016
-23.256
-2.003
-20.669
-4.212
3.008
-20.514
2.363
-9.632
-23.578
-18.176
-33.781
-7.725
-14.986
-21.501
-17.906
-27.656
-11.126
-15.580
-23.893
-14.400
-30.674
-14.342
-11.698
-24.360
-22.456
-34.211
-16.343
-15.196
-23.686
-12.814
-31.865
-7.055
-17.463
-19.326
-19.756
-30.262
-15.067
-16.020
-21.326
-14.112
-27.650
-15.420
-12.559
-17.396
-13.045
-25.765
-2.118
-19.381
-20.532
-18.062
-29.195
-13.872
-15.200
-24.262
-23.790
-36.099
-18.107
-30.928
-7.263
-10.724
-22.055
-18.518
-30.515
-2.904
-8.126
-24.672
-13.692
-31.118
-5.947
-13.054
-27.085
-16.533
-28.663
-6.956
-10.510
-28.446
-18.295
-28.236
-2.337
-6.613
-33.600
-14.043
-30.806
-6.531
-17.579
-25.135
-15.660
-33.216
-5.660
-3.380
-15.913
-12.844
-20.032
-9.285
-6.428
-24.800
-14.949
-28.541
-11.152
-10.430
-28.738
-19.676
-30.551
-8.384
-5.116
-22.072
-14.459
-25.443
-17.891
-4.223
-19.629
-14.771
-12.120
-7.347
-1.068
-25.998
-14.380
-24.092
-13.693
-0.496
-25.561
-14.502
-15.691
-9.346
-3.408
-22.373
-13.747
-24.095
-6.739
-4.456
-19.661
-7.940
-13.107
-6.390
3.704
-23.877
-12.275
-17.261
-10.722
-0.282
-21.613
-12.506
-17.224
-4.306
-5.956
-29.137
-13.298
-23.474
-12.013
-9.990
-31.616
-16.737
-21.739
-11.676
-9.028
-30.519
-12.709
-24.408
-12.218
4.850
-6.987
-15.506
-26.450
-9.036
4.167
-6.471
-15.841
-20.004
-8.492
4.443
-6.973
-16.916
-23.619
-10.020
5.678
-1.998
-14.291
-19.561
-8.764
1.975
-11.419
-15.678
-27.933
-4.550
-0.157
-13.253
-17.263
-26.442
-5.271
-5.065
-15.891
-12.656
-21.737
-7.972
4.365
-14.880
-12.846
-27.253
-12.710
1.018
-14.217
-15.171
-26.972
-17.970
-0.832
-11.064
-18.850
-26.723
-18.333
-23.283
-17.857
-17.609
-28.586
-26.083
-11.692
-28.304
-21.692
-14.270
-29.643
-18.822
-27.663
-26.485
-20.975
-21.322
-24.153
-21.106
-25.148
-19.677
-17.378
-20.760
-18.757
-20.586
-24.623
-22.854
-19.766
-17.922
-21.862
-21.097
-35.468
-22.475
-17.354
-39.891
-24.712
-25.572
-35.166
-22.734
-17.084
-34.592
-20.994
-17.160
-35.971
-25.319
-18.512
-33.467
-22.777
-18.473
-36.757
-27.044
-14.940
-39.148
-28.583
-22.076
-39.522
-20.321
-21.156
-33.100
-17.190
-11.847
-23.885
-32.598
-14.961
-22.271
-35.265
-21.176
-21.768
-28.341
-15.857
-16.813
-26.232
-14.228
-23.534
-20.688
-17.409
-14.743
-29.915
-17.574
-19.378
-31.989
-18.293
-21.805
-27.009
-17.880
-21.634
-32.235
-23.699
-22.353
-31.116
-20.841
-9.686
-13.602
-27.600
-10.771
-13.371
-25.424
-15.359
-13.687
-26.220
-4.910
-15.827
-24.726
-10.252
-12.894
-28.062
-8.641
-8.942
-20.651
-10.336
-9.753
-24.258
-7.296
-11.776
-27.257
-10.110
-5.011
-23.650
-5.141
-10.043
-22.951
-20.130
-16.206
-20.251
-14.873
-11.978
-21.349
-9.027
-13.803
-22.306
-14.083
-21.288
-25.166
-17.829
-14.983
-17.167
-7.992
-19.088
-22.702
-16.256
-14.398
-13.127
-15.027
-14.039
-13.324
-15.105
-16.935
-19.523
-22.250
-10.792
-20.715
-18.533
-14.690
-19.740
-13.366
-14.709
-18.923
-17.571
-9.777
-20.906
-18.803
-11.046
-23.354
-12.912
-13.630
-24.840
-14.611
-13.417
-25.053
-17.947
-3.474
-23.408
-19.079
-3.845
-25.835
-19.421
-12.838
-23.846
-9.502
-8.591
-23.016
