-8.456
-4.110
-5.355
-9.233
-4.396
-5.219
-7.717
-4.343
-5.628
-4.572
-5.452
-4.025
-6.573
-4.064
-4.236
-4.868
-6.733
-5.149
-4.226
-5.524
-0.471
-1.721
-1.108
-2.168
-2.329
3.334
-1.367
0.962
-1.333
-1.092
-0.028
0.740
0.263
-1.162
0.838
-1.120
-1.133
0.553
0.863
0.871
1.552
1.001
-0.384
2.572
3.202
1.442
4.243
2.789
1.702
5.987
2.742
2.207
0.947
2.944
-0.362
4.958
2.575
-0.506
3.929
3.013
0.932
5.236
3.431
1.998
6.370
2.341
2.661
4.317
2.433
0.649
1.876
1.336
0.012
8.742
3.216
3.989
4.928
0.056
1.455
7.168
2.456
5.580
6.383
4.087
5.191
4.568
2.520
4.423
2.277
0.168
2.452
8.446
5.428
5.895
4.387
1.425
1.175
7.077
5.417
4.037
-0.997
0.701
1.378
1.270
2.662
3.818
0.770
2.071
2.106
1.072
1.494
3.765
1.118
2.600
1.001
-0.013
1.590
0.524
1.367
2.176
3.380
2.655
2.719
4.455
-0.614
1.483
1.070
2.465
2.694
3.549
5.729
0.296
2.767
4.760
1.815
3.047
4.402
-0.441
1.010
3.783
2.514
2.694
1.692
1.107
1.748
3.525
0.724
2.538
4.143
0.248
2.044
3.971
-0.860
1.836
5.883
1.543
2.696
8.836
2.654
3.554
12.273
5.231
5.550
9.599
3.065
4.873
11.827
3.609
4.591
7.751
2.154
3.046
9.896
4.747
4.454
8.563
1.341
4.808
12.898
4.134
6.570
11.859
3.784
5.581
9.814
3.097
4.998
11.001
1.551
3.599
9.904
2.333
3.810
7.822
0.763
3.184
7.688
1.917
3.427
7.664
1.804
2.593
5.818
-0.409
0.928
6.769
1.359
3.632
1.508
-1.548
1.876
7.687
1.172
3.147
6.347
1.776
3.768
6.358
3.762
4.013
3.994
0.961
1.144
3.376
0.711
0.877
4.248
0.459
2.232
4.547
1.188
1.087
5.231
1.731
1.662
1.962
-0.187
0.915
4.710
2.339
2.543
5.084
3.673
2.867
2.706
1.596
1.373
3.340
1.358
0.754
7.213
1.970
2.411
9.193
3.139
2.515
9.536
0.648
1.701
4.396
1.796
1.266
9.241
2.855
3.047
11.889
4.302
4.168
7.910
1.728
1.573
6.425
3.237
1.519
6.126
1.426
1.949
9.036
1.560
3.560
3.271
-0.123
6.998
2.497
4.098
0.262
7.936
2.800
1.028
-0.453
-1.376
-4.100
8.498
2.072
-1.081
-6.008
2.275
-0.214
2.504
-1.493
1.259
0.282
1.033
1.309
0.825
-1.011
1.826
0.564
1.888
-4.135
1.043
-1.063
2.473
0.044
0.538
-4.324
0.376
-1.440
0.808
-5.905
1.164
-2.314
1.409
-3.083
-1.521
-1.909
2.499
-0.361
2.820
-1.185
0.588
-2.349
-0.970
-3.275
-0.330
-2.380
0.653
-2.729
-1.611
-1.945
3.308
1.874
2.833
2.180
2.413
1.769
0.167
0.562
1.018
-1.514
3.109
2.854
1.919
0.638
3.493
2.275
2.990
0.743
1.031
-0.843
5.871
1.753
5.429
2.317
4.019
2.208
5.083
3.941
5.467
2.530
5.162
3.031
3.571
2.181
0.021
1.337
2.724
1.474
-1.244
-0.485
4.074
0.900
1.749
-0.335
0.140
-0.742
6.034
0.646
2.387
-1.294
1.065
0.029
6.396
1.903
0.309
-1.084
1.392
0.213
3.835
0.304
-4.698
-0.942
-7.824
-1.295
-6.074
-2.004
-9.995
-3.458
-7.851
-2.046
-9.877
-3.853
-8.245
-2.706
-10.184
-5.679
-7.844
-3.695
-12.680
-4.110
-7.982
-1.637
-11.713
-3.956
-9.069
-1.978
-11.923
-6.147
-8.897
-2.584
-10.341
-5.679
-7.362
-3.857
-10.513
-5.529
-3.445
-0.301
-6.349
-2.674
-4.615
-7.350
-11.436
-6.603
-0.781
-5.739
-6.747
-5.403
-4.479
-6.287
-3.896
-5.320
-0.232
-7.691
-5.924
-4.690
-5.725
-6.311
-8.788
-6.473
-3.759
-6.838
-7.289
-6.988
-3.927
-4.641
-9.785
-4.116
-3.549
-6.818
-6.919
-6.600
-0.929
-7.488
-6.543
-6.289
-5.668
-5.384
-10.668
-5.784
-3.122
-8.284
-2.481
-5.593
-5.545
-6.457
-1.445
-5.946
-5.015
-7.020
-4.803
-8.140
-8.368
-8.950
-7.448
-8.983
-7.396
-6.890
-2.339
-6.251
-6.123
-6.739
-2.662
-8.733
-6.268
-5.182
-1.308
-6.643
-7.242
-6.607
-1.124
-6.920
-9.011
-8.362
-3.054
-6.601
-6.503
-7.595
-1.980
-6.452
-7.709
-4.103
-4.345
-7.696
-10.268
-2.428
-5.344
-5.724
-10.398
-5.215
-1.716
-7.383
-11.414
-4.712
-6.286
-8.031
-10.786
-5.833
-5.658
-5.626
-9.467
-5.461
-6.103
-7.435
-10.853
-7.381
-6.540
-8.876
-9.198
-2.508
-3.600
-6.558
-8.806
-4.029
-3.402
-7.408
-6.062
-0.827
-6.509
-6.416
-4.702
-8.381
-2.983
-2.966
-6.260
-7.138
-4.063
-0.150
-6.696
-8.500
-2.893
-4.277
-6.216
-6.669
-3.453
-3.131
-2.702
-8.932
-4.656
-2.864
-5.983
-6.227
-2.715
-3.185
-5.976
-7.166
-4.093
-3.838
-4.210
-11.448
-5.067
-3.752
-7.173
-10.898
-3.775
-6.949
-3.007
-5.298
-3.293
-4.441
-2.391
-0.887
-3.988
-6.746
-5.024
-2.256
-6.620
-8.076
-5.268
-2.633
-6.288
-6.671
-3.006
-1.151
-5.795
-8.978
-4.721
-2.222
-7.120
-8.509
-5.314
-1.979
-6.881
-8.062
-6.419
-2.945
-7.356
-9.577
-2.339
0.420
-6.875
-7.525
-3.621
-0.182
-5.265
-6.343
-4.651
-0.953
-6.355
-8.200
-1.084
-6.402
-1.216
-3.471
-1.587
-7.236
-0.636
-1.331
-4.436
-6.974
-1.371
-2.525
-3.655
-7.423
-1.865
-5.327
-2.545
-7.312
-1.486
-2.242
-1.713
-5.269
-0.143
-1.999
-3.448
-6.453
-4.124
-3.736
-1.140
-5.923
-0.477
-2.053
-0.822
-4.014
-0.803
-2.138
-3.648
-7.973
-1.284
-3.497
-6.233
-1.989
-8.633
-1.908
-6.006
-1.786
-7.770
-4.100
-7.078
-0.880
-8.603
-1.948
-6.789
-2.898
-9.912
-4.628
-7.850
-1.177
-7.478
-1.299
-5.128
-0.569
-8.443
-1.268
-5.731
0.103
-8.106
-3.239
-3.698
0.657
-8.106
-2.022
-5.778
0.515
-8.395
-2.027
-7.997
-4.171
-11.113
-3.509
-0.016
-6.963
-2.132
-5.318
1.124
-2.132
-4.855
-5.971
4.047
-3.628
-2.814
-6.076
0.566
-6.656
-4.295
-7.500
2.538
-4.407
-1.936
-4.091
2.902
-3.577
-2.574
-6.017
3.607
-1.930
-2.818
-5.777
3.791
-1.775
-1.849
-4.833
0.617
-2.754
-3.162
-7.976
1.211
-5.568
-1.254
-4.965
-2.704
-3.707
-11.340
-7.583
-2.894
-0.714
-11.336
-5.862
-2.057
0.084
-8.067
-3.669
-3.379
-1.887
-8.913
-4.810
-5.651
-3.830
-12.043
-4.650
-5.213
-3.602
-11.048
-5.655
-5.378
-2.788
-10.603
-4.524
-4.115
-1.899
-10.577
-3.910
-0.959
-2.144
-9.962
-4.224
-2.959
-0.239
-9.671
-3.678
-9.155
-3.048
-5.349
-1.223
-4.078
1.987
-8.623
-4.166
-9.367
-4.102
-8.204
-3.753
-8.244
-1.221
-5.363
-1.015
-9.804
-1.074
-6.994
-2.875
-7.216
-2.876
-6.988
-5.531
-6.328
-0.187
-8.102
-1.655
-4.437
-3.852
-7.566
-1.805
-6.480
-4.135
-9.642
-3.013
-7.492
-2.578
-7.098
-1.850
-9.924
-4.183
-7.574
-2.474
-8.138
-3.273
-7.508
-3.117
-3.908
-1.190
-8.160
-2.292
-7.581
-3.559
-8.062
0.065
-5.747
-3.716
-8.437
-2.861
-1.230
-4.600
-2.179
-5.341
0.816
-2.537
-2.441
-5.440
0.295
-3.388
-2.193
-6.530
-1.008
-4.176
-0.148
-3.864
1.250
-0.500
-1.440
-4.569
-4.151
-6.119
-2.046
-3.087
-3.345
-2.222
-3.063
-3.977
-3.918
-5.769
-0.812
-4.605
-2.580
-1.893
-3.247
-2.852
0.639
-2.143
-5.471
-3.958
-1.849
-2.179
-2.423
-1.935
-2.364
-2.248
2.030
-0.599
-2.641
-3.146
-0.531
-0.396
-1.808
-2.989
-0.994
-0.528
1.507
-0.698
0.773
-1.867
