-7.228
-7.130
-7.411
-6.072
-3.342
-6.324
-5.545
-6.216
-8.240
-8.664
-7.787
-6.191
-8.122
-7.261
-6.911
-7.324
-9.481
-4.391
-6.125
-5.150
-6.458
-7.521
-7.677
-5.290
-8.342
-6.261
-8.359
-7.225
-6.096
-5.292
-7.205
-7.325
-3.313
-2.245
-6.014
-5.175
-6.744
-3.984
-3.683
-5.318
2.931
-2.758
2.867
-4.353
2.262
-4.887
2.242
-6.223
2.127
-7.768
-2.004
-5.034
1.673
-3.474
2.222
-5.802
3.208
-3.086
0.833
-6.946
0.620
-3.497
-0.243
-3.220
3.972
-2.621
2.203
-3.739
1.988
-4.693
5.045
-0.630
2.818
-3.496
1.665
-4.251
2.247
-4.060
-0.304
-2.661
8.715
-1.551
1.968
5.380
3.507
1.187
2.081
3.257
10.336
1.964
2.227
5.058
7.840
3.059
1.904
3.655
12.910
2.670
1.810
5.091
6.464
1.789
2.515
4.295
6.351
0.006
1.822
1.811
3.289
-2.428
1.250
2.853
11.140
4.107
2.870
5.120
11.892
2.494
2.864
6.312
7.545
2.618
3.372
5.915
4.980
1.325
2.127
2.094
5.583
2.331
2.013
0.507
8.671
3.659
2.881
3.683
3.496
1.622
1.745
0.708
5.798
0.955
2.247
1.702
3.077
0.899
0.992
-0.968
6.490
2.081
2.728
3.830
4.047
2.124
1.699
0.548
6.022
2.238
2.921
3.001
4.836
0.812
2.225
2.020
4.564
1.014
1.980
2.279
7.552
2.794
3.555
4.024
5.243
0.926
2.130
3.742
6.675
1.494
2.560
4.508
4.604
1.986
2.987
3.994
5.463
2.823
2.613
3.415
3.828
-0.310
1.611
1.944
4.918
0.778
2.187
3.545
-0.763
0.149
0.954
-2.785
8.032
3.319
2.590
1.270
11.917
1.834
2.331
4.747
9.644
1.028
2.538
5.518
10.434
1.154
0.880
4.455
11.521
1.709
2.002
3.331
7.697
0.860
1.280
2.946
6.064
-3.659
-0.159
2.002
8.267
-0.150
1.618
1.856
7.792
-1.264
0.427
2.183
8.264
0.958
1.467
0.457
10.556
5.765
2.252
1.508
9.345
4.610
2.185
3.033
11.066
4.968
1.009
1.402
10.447
3.893
1.830
1.945
9.414
2.861
0.930
1.103
10.952
4.995
0.615
1.290
10.492
5.300
2.493
2.356
7.533
1.766
0.747
0.553
9.702
5.166
2.495
2.195
10.715
4.916
1.797
2.147
7.231
0.423
3.614
2.093
8.942
1.643
4.098
2.347
7.324
2.644
3.028
1.735
10.724
1.372
4.178
2.626
10.907
3.009
3.587
3.231
7.245
1.586
3.423
1.889
11.572
3.515
4.237
3.473
10.692
1.479
4.636
1.643
7.415
1.548
2.228
1.969
11.835
3.328
4.172
3.111
10.754
3.572
1.646
1.737
9.599
5.004
2.836
1.314
10.815
1.529
2.186
1.198
10.254
1.130
-0.065
0.457
3.815
-0.452
0.406
-0.029
11.100
2.665
2.455
1.325
10.813
3.610
2.611
2.046
6.463
2.106
1.299
1.631
9.823
1.530
-0.115
0.683
8.327
3.724
1.768
1.563
10.592
5.088
4.168
2.173
8.024
3.103
2.059
1.876
10.048
4.321
2.597
2.162
8.965
2.781
2.501
2.254
8.365
4.351
3.683
3.060
6.299
3.301
3.081
1.014
9.427
2.412
0.962
0.996
6.687
2.012
1.350
1.617
7.259
2.826
0.988
1.836
7.855
2.456
1.424
1.921
5.795
-1.684
-1.565
4.245
-2.791
-2.065
3.667
-1.521
-3.394
6.196
-2.321
-1.817
3.567
-1.930
-2.050
4.033
-3.159
-5.502
6.053
-2.476
0.356
6.788
-1.249
0.625
6.335
-1.196
-1.501
4.523
-1.609
-3.761
6.895
0.233
-0.351
8.653
-0.622
-0.699
7.727
0.145
-0.299
9.746
0.788
2.421
7.486
-1.144
-1.636
8.006
0.824
-0.010
4.475
-0.164
-1.641
3.333
-1.786
-4.538
11.397
0.401
-0.217
6.342
0.128
-4.829
5.666
-0.190
0.538
5.922
-0.062
3.265
6.010
0.134
1.475
1.635
-0.028
-1.765
3.674
-2.968
-0.987
7.525
-0.948
-0.354
3.527
-2.331
-0.896
0.365
-0.939
-0.960
7.301
0.877
2.082
2.948
-0.866
-1.142
4.397
0.383
-0.987
7.281
1.912
0.618
3.895
0.130
0.228
0.326
0.247
-1.989
4.550
1.063
1.158
4.519
1.675
-0.511
3.613
1.628
-0.300
9.813
3.407
1.644
5.506
2.094
0.571
8.821
3.345
1.942
0.050
-1.519
0.527
5.074
0.143
1.048
4.632
0.746
1.697
1.917
-2.536
-0.726
3.770
0.929
0.795
2.910
-2.641
-0.377
2.631
-0.505
0.246
1.766
-1.014
-2.428
7.477
2.018
2.607
8.377
3.106
3.571
5.857
2.494
-0.211
10.838
4.656
2.466
6.600
1.248
0.862
6.063
0.615
-0.960
5.831
3.047
0.263
4.619
1.513
0.741
9.775
4.393
3.493
8.438
2.601
2.313
6.346
2.112
1.183
4.290
2.042
-0.825
-8.392
-6.092
4.695
-10.525
-3.902
-9.078
-6.406
-0.010
-11.159
-6.564
-10.448
-9.367
-0.286
-10.421
-8.021
-8.601
-7.030
0.811
-10.883
-6.550
-8.040
-8.684
2.512
-11.808
-5.961
-11.565
-8.963
3.803
-12.104
-5.775
-6.815
-6.535
3.441
-8.920
-3.764
-6.204
-4.405
3.176
-7.352
-1.842
-6.905
-4.385
4.943
-12.720
-4.608
-7.564
-5.345
3.889
-9.804
-4.344
-9.708
-8.674
-3.538
-9.191
-4.919
-12.618
-7.937
-6.429
-7.126
-5.267
-10.089
-7.121
-3.525
-6.369
-3.493
-10.386
-7.274
-2.421
-7.061
-2.216
-11.745
-8.528
-5.747
-9.963
-5.094
-12.066
-8.079
-4.990
-9.107
-3.497
-8.946
-9.220
-4.659
-8.536
-2.965
-6.943
-6.538
-3.540
-5.657
-1.712
-7.328
-6.670
-3.341
-6.144
-2.241
-10.444
-7.445
-5.365
-7.327
-4.099
-4.913
-2.230
2.408
-8.411
-1.799
-6.845
-5.484
0.870
-9.654
-4.046
-7.514
-7.084
-1.504
-11.880
-4.210
-5.204
-2.784
0.366
-10.639
-2.189
-3.873
-8.004
-0.952
-10.537
-4.940
-7.923
-5.028
-1.979
-9.026
-4.618
-4.280
-5.346
0.458
-9.972
-2.868
-6.250
-4.959
-0.281
-8.796
-3.658
-4.074
-4.051
1.342
-8.363
-2.105
-10.447
-8.085
-3.836
-15.600
-8.978
-11.101
-7.648
-2.047
-6.684
5.015
-5.986
-6.125
-2.502
-6.839
4.670
-6.132
-6.659
-2.047
-4.720
1.212
-9.173
-6.157
-4.569
-7.523
0.089
-5.927
-6.364
-2.045
-6.568
2.977
-5.105
-5.310
-1.740
-3.960
1.726
-6.347
-11.495
-5.812
-12.281
-3.572
-6.627
-5.493
-1.860
-5.275
5.806
-7.448
-6.008
-3.871
-9.471
4.420
-8.906
-5.544
-1.206
-7.791
5.567
-5.634
-8.783
0.577
-8.196
-5.660
-3.793
-5.138
4.379
-3.186
-2.934
-6.289
-7.133
6.543
-5.469
-4.569
-6.584
-6.262
4.050
-7.706
-4.681
-5.199
-6.822
2.167
-3.612
-2.535
-5.689
-8.892
4.437
-4.771
-3.317
-6.505
-4.041
5.321
-7.027
-2.747
-7.533
-7.996
6.800
-5.088
-3.981
-4.439
-3.665
2.937
-5.511
-4.289
-6.739
-6.329
2.889
-10.565
-5.344
0.405
5.710
-5.871
-0.519
-1.776
0.594
2.878
-5.353
-1.589
-6.916
0.505
6.207
-6.179
-0.109
-3.907
-2.069
2.144
-8.938
-0.813
-4.985
-2.324
2.256
-7.232
0.055
-2.129
-0.736
3.923
-5.364
-0.434
-4.477
-0.495
2.863
-7.359
0.253
-5.740
-0.326
4.818
-5.120
-0.453
-3.120
0.694
3.139
-6.164
-0.805
-4.824
-0.552
2.499
-6.961
-1.811
-4.762
-7.497
-5.411
-9.102
-1.909
-6.189
-4.807
-3.689
-9.123
1.522
-3.619
-6.108
-4.581
-7.804
-3.005
-5.635
-5.785
-3.527
-8.206
-1.371
-5.767
-5.985
-1.542
-8.409
0.482
-2.463
-4.031
-4.373
-8.403
-1.540
-6.237
-7.374
-5.934
-8.294
-1.414
-4.560
-4.232
-4.862
-9.034
-0.968
-7.522
-6.172
-4.456
-9.043
-1.059
-3.408
-5.908
-4.597
-10.535
-1.733
-6.415
-0.802
3.150
-1.555
-6.698
-5.919
-1.351
2.455
-3.400
-5.664
-9.987
-1.732
1.490
-1.561
-7.577
-9.342
-0.174
4.589
-4.287
-3.779
-5.910
-0.204
4.205
-4.715
-3.154
-7.085
-2.961
1.058
-3.427
-5.334
-8.550
-3.272
2.210
-2.811
-6.838
-6.731
-2.430
4.691
-0.946
-3.246
-6.426
0.644
2.608
-3.544
-2.769
-5.876
-1.215
2.608
-3.248
-2.097
-6.551
-4.207
0.216
-8.042
-4.846
-3.252
-0.640
2.084
-6.837
-4.075
-5.119
-2.998
2.736
-7.225
-4.770
-3.113
-1.336
3.079
-6.537
-3.603
-4.514
-6.907
-1.640
-10.251
-3.118
-4.070
-1.723
3.130
-6.018
-4.494
-2.280
-4.176
2.252
-6.942
-3.782
-2.721
-0.981
3.953
-6.417
-3.322
-3.399
-3.538
4.306
-4.627
-4.285
-2.137
-4.573
1.367
-6.591
-3.151
-3.190
-0.274
3.707
-0.513
-4.069
-4.046
-1.577
2.207
-1.406
-3.074
-3.722
0.370
4.035
-2.485
-4.166
-4.020
-0.290
2.009
-0.657
-4.861
-5.212
0.135
3.441
0.332
-3.568
-4.301
-0.640
0.244
-5.008
-2.266
-2.841
-1.983
1.099
-5.843
-2.700
-4.508
-0.245
6.154
-1.189
-3.418
-1.732
-1.506
3.382
-4.797
-3.193
-3.887
-1.603
2.182
-3.956
-5.026
-4.490
-5.595
-6.945
-1.870
-6.407
-8.448
-4.183
-4.184
-11.723
-5.029
-5.759
-10.028
-1.579
-6.684
-7.151
-2.353
-5.068
-9.568
-5.468
-7.762
-7.781
-1.774
-5.572
-6.407
-2.710
-4.947
-6.512
-1.883
-2.308
-7.066
-3.685
-14.023
-8.384
-5.842
-9.067
-3.666
-1.028
-11.195
-4.311
-3.993
-14.385
-6.181
-6.476
-12.081
-3.887
-2.418
-13.260
-5.197
-5.302
-12.865
-3.082
-1.460
-10.919
-6.309
-2.716
-12.351
-4.805
-4.976
-12.991
-5.001
-4.131
-6.775
-8.401
3.630
-9.695
-6.646
4.089
-6.349
-6.577
6.065
-7.083
-5.542
6.680
-5.643
-6.144
5.407
-6.850
-7.682
4.863
-5.997
-8.475
7.080
-7.108
-7.304
5.099
-6.554
-4.439
3.662
-6.602
-6.985
5.546
0.139
1.351
-4.147
0.975
1.608
-4.005
0.162
1.177
-4.652
0.862
1.174
-5.873
0.462
0.132
-5.516
3.330
2.697
-4.142
0.061
-0.149
-5.387
0.250
2.254
-4.439
1.202
3.582
-2.130
0.095
0.373
-4.716
0.490
-5.312
-6.539
2.015
-2.046
-5.862
0.051
-3.123
-5.742
1.220
-2.855
-5.563
-0.074
-0.851
-4.175
1.580
-4.801
-5.941
-0.097
-3.436
-4.764
-0.946
-4.258
-6.602
0.734
-3.941
-5.911
-1.227
-3.247
-4.471
-3.427
0.483
-7.320
-0.433
1.844
-7.002
-4.794
1.927
-4.629
-2.798
0.789
-6.572
-2.403
1.150
-7.360
-3.772
1.465
-6.931
-4.111
3.206
-5.094
-5.526
1.327
-6.575
-5.220
0.283
-6.411
-2.553
2.147
-6.572
