-6.034
-5.467
-5.943
-4.843
-3.188
-4.373
-4.340
-4.795
-6.561
-6.707
-6.318
-5.279
-6.942
-5.338
-5.780
-5.443
-7.547
-3.708
-4.696
-3.901
-5.045
-5.391
-6.388
-3.443
-6.912
-4.478
-7.378
-5.861
-5.251
-3.249
-5.924
-5.018
-2.666
-1.388
-5.286
-4.185
-5.582
-2.775
-2.962
-3.678
-0.993
-3.159
-1.171
-4.872
-1.824
-4.919
-1.195
-7.205
-2.518
-9.142
-4.301
-5.365
-2.398
-3.657
-1.551
-5.847
-0.630
-3.465
-2.737
-7.088
-0.969
-3.463
-1.112
-2.277
2.536
-2.344
0.163
-3.199
0.644
-4.044
2.546
-0.341
1.331
-3.466
0.359
-3.276
1.039
-3.183
0.380
-1.930
1.482
-2.109
4.234
2.517
0.682
-0.170
3.173
1.858
1.303
0.142
4.574
1.614
2.846
0.778
4.284
0.618
0.240
0.232
4.336
1.512
1.536
0.108
4.067
1.908
-0.053
-0.813
3.172
0.076
0.274
-2.627
2.739
1.143
0.963
0.737
4.536
2.019
1.095
0.353
5.053
2.463
1.859
0.329
4.478
2.283
2.495
-0.086
3.340
0.083
2.354
-0.006
3.632
-1.434
1.111
0.803
4.049
1.349
0.542
0.044
2.847
-1.212
0.615
-0.615
3.593
-0.184
0.961
-0.777
2.274
-2.331
2.416
0.320
4.046
0.869
0.201
0.011
2.627
-1.100
1.679
0.187
3.394
0.488
3.031
-0.857
3.131
-0.862
3.202
0.197
3.202
-0.442
3.881
0.682
4.440
-0.040
1.345
-0.640
3.202
0.726
4.301
-0.029
4.546
0.858
2.723
-0.007
3.826
0.859
2.596
0.388
3.670
0.201
2.594
-1.273
2.907
-0.563
2.405
-0.369
3.387
0.788
1.020
-0.566
1.396
-4.066
-0.183
1.947
2.454
-0.197
-0.756
0.402
3.425
2.211
-0.022
0.377
3.308
2.841
-0.841
-0.289
2.866
1.624
-0.491
-0.165
3.295
0.477
-0.881
0.220
2.210
0.501
-1.490
-3.137
1.925
0.323
-0.194
-0.326
2.549
0.472
-1.215
-1.451
1.832
1.018
-0.784
-0.044
2.597
-0.623
4.118
3.479
-0.450
1.008
3.824
2.883
0.134
3.476
3.781
2.812
-1.542
0.916
3.879
2.023
-0.215
1.819
3.103
1.209
-1.360
0.554
3.633
2.736
-2.067
0.681
4.149
3.092
0.547
2.364
2.654
0.494
-1.597
-0.143
3.781
3.082
0.232
2.032
3.910
2.865
-0.642
1.951
2.131
-2.006
1.755
1.858
3.423
-0.513
2.218
2.307
3.075
0.335
1.796
1.557
3.933
-0.744
2.347
2.842
3.971
0.414
1.065
3.622
2.365
-0.833
1.913
1.705
4.394
1.063
2.370
4.093
3.428
-1.602
2.542
1.116
2.647
-0.575
0.441
1.993
4.592
0.702
2.182
3.397
3.573
1.713
-0.519
1.608
3.684
3.081
0.850
0.894
3.377
-0.208
-0.554
0.657
2.926
-0.439
-2.626
-0.318
1.221
-1.268
-1.259
-0.701
3.322
1.085
0.202
0.821
4.288
1.816
0.271
2.002
2.493
0.778
-0.172
1.610
2.665
-0.584
-2.766
-0.126
2.749
1.986
-0.283
1.363
4.446
3.085
2.071
2.195
3.534
0.694
-0.031
1.850
4.407
2.159
-0.116
2.076
3.805
0.854
0.083
2.289
3.679
2.170
1.821
3.511
3.136
1.540
0.877
0.510
3.060
0.428
-1.409
0.449
2.798
0.279
-0.726
1.407
3.262
0.979
-1.204
1.740
3.222
0.555
-0.600
1.865
-3.460
-0.336
-2.907
-1.329
-0.430
-2.478
-0.486
0.092
-3.295
-3.018
-0.404
-2.165
-2.009
-0.773
-2.397
-4.366
-2.463
-5.719
-2.284
-0.667
-1.052
-1.542
0.577
-0.975
-2.545
-0.293
-2.259
-0.540
0.372
-3.701
0.829
2.836
-1.303
2.685
3.785
-2.505
2.219
3.178
-1.394
2.890
4.295
0.050
0.336
2.412
-2.714
2.309
3.403
-1.866
-0.180
2.085
-2.019
-2.623
0.193
-4.410
3.196
4.259
-1.844
-0.414
2.437
-4.486
1.476
3.223
-0.101
0.317
2.992
1.451
1.647
3.322
0.261
0.576
2.610
-1.506
-0.908
1.509
-2.000
0.274
3.025
-1.211
-1.904
1.244
-0.909
-2.180
0.413
-0.422
1.749
3.896
0.197
0.335
1.863
-1.731
0.343
-1.352
-1.233
1.523
-0.134
-0.376
0.122
-1.837
-0.430
-2.028
-0.951
-2.721
0.432
-0.558
0.661
1.047
0.426
-1.131
1.612
-0.659
-1.796
2.438
0.512
-0.027
1.207
-0.828
-0.895
2.390
1.045
0.336
-3.588
-1.841
-0.031
-1.423
-0.881
0.211
-1.485
-0.819
0.327
-0.547
-3.643
-1.038
-1.799
-0.681
-0.179
-0.014
-3.396
-1.098
-1.002
-1.367
-0.416
-1.168
-2.694
-3.346
2.280
0.424
1.074
0.525
0.894
1.527
2.100
0.971
-0.868
3.886
2.358
1.168
1.953
-0.468
-0.473
1.373
-0.210
-1.502
2.931
1.503
-0.440
1.028
-0.166
0.070
3.880
1.953
2.261
1.105
0.495
1.104
2.919
-0.048
0.161
0.716
0.756
-1.602
-6.420
-4.491
-5.991
-8.235
-5.664
-7.047
-4.542
-4.969
-7.700
-7.062
-7.914
-6.786
-6.669
-7.524
-7.158
-6.223
-5.015
-4.035
-8.181
-7.309
-6.222
-6.017
-5.781
-9.250
-5.980
-9.126
-6.960
-8.562
-8.834
-7.932
-5.527
-4.335
-5.385
-6.089
-3.764
-4.742
-2.501
-3.136
-5.225
-4.156
-5.449
-3.405
-5.319
-9.670
-4.839
-5.723
-3.766
-4.837
-6.825
-6.270
-7.343
-6.501
-7.238
-6.172
-7.877
-9.360
-5.962
-7.324
-5.197
-7.938
-7.378
-4.749
-4.793
-3.577
-6.182
-8.115
-5.432
-5.608
-4.699
-6.731
-8.416
-6.087
-7.376
-6.741
-8.403
-9.263
-6.396
-6.623
-5.981
-7.670
-6.649
-7.269
-6.550
-6.461
-6.755
-5.211
-5.159
-5.591
-4.278
-6.731
-5.319
-4.779
-3.705
-4.402
-4.773
-8.087
-5.510
-6.170
-5.340
-8.310
-4.236
-1.010
-2.185
-6.607
-2.706
-5.281
-3.144
-2.390
-7.523
-2.402
-5.418
-4.378
-3.558
-8.953
-1.548
-4.036
-1.095
-2.897
-8.414
-1.533
-2.311
-5.635
-1.123
-8.178
-2.795
-5.218
-2.879
-2.224
-7.001
-3.117
-3.605
-3.625
-2.528
-8.169
-2.027
-4.479
-3.139
-3.950
-6.926
-2.451
-3.263
-2.422
-1.872
-6.904
-1.315
-7.311
-5.237
-3.490
-11.855
-5.502
-8.132
-5.196
-7.576
-4.529
-3.327
-4.333
-4.035
-5.006
-4.368
-3.051
-4.004
-3.997
-4.933
-2.738
-4.226
-6.101
-3.715
-4.517
-5.282
-4.547
-3.877
-4.301
-4.526
-4.427
-3.936
-2.857
-3.184
-3.229
-1.492
-2.564
-4.892
-7.867
-5.676
-9.333
-6.844
-4.744
-3.475
-4.917
-3.159
-2.272
-5.110
-3.553
-4.354
-6.388
-3.162
-6.278
-3.095
-5.599
-5.233
-2.117
-3.083
-6.455
-5.220
-4.392
-5.829
-2.923
-3.792
-3.422
-2.097
-5.199
-4.507
-5.400
-2.794
-3.041
-6.346
-4.828
-4.442
-3.698
-5.130
-6.931
-3.631
-4.777
-0.835
-2.007
-4.167
-3.600
-6.481
-3.632
-2.084
-5.701
-4.058
-2.027
-2.064
-4.309
-5.026
-5.813
-6.132
-5.905
-3.191
-6.041
-3.974
-3.643
-3.189
-3.773
-5.223
-4.667
-5.010
-3.275
-7.344
-7.442
0.744
1.363
-5.980
-0.177
-2.203
1.383
0.721
-5.474
-1.526
-6.356
0.711
3.046
-6.466
-0.151
-4.195
-0.867
-0.818
-9.092
-0.066
-4.931
-1.770
0.159
-8.083
1.081
-2.463
0.171
0.368
-5.774
-0.118
-4.337
0.659
-0.215
-7.683
0.627
-5.290
0.661
1.050
-5.527
-0.002
-2.923
1.872
0.630
-6.294
-0.532
-4.269
0.536
-2.063
-6.735
-0.712
-4.324
-7.340
-5.400
-9.627
-4.192
-5.193
-4.593
-3.920
-9.961
-1.853
-2.832
-5.829
-5.992
-8.688
-5.809
-5.298
-4.758
-6.311
-9.406
-4.087
-5.540
-4.993
-2.904
-8.078
-1.683
-1.871
-3.449
-5.056
-8.607
-3.520
-5.265
-6.111
-5.587
-9.323
-3.655
-3.668
-4.029
-5.806
-9.375
-3.537
-6.395
-6.091
-3.865
-9.669
-3.538
-2.916
-5.651
-4.369
-11.073
-4.537
-6.462
-0.357
-1.838
-1.070
-7.023
-6.534
-0.289
-2.433
-3.096
-6.498
-9.969
-0.840
-4.845
-1.236
-7.435
-8.999
0.680
-2.564
-4.027
-3.668
-6.124
0.718
-2.405
-4.126
-3.292
-6.665
-2.017
-5.631
-2.685
-4.880
-8.102
-1.892
-3.634
-1.882
-6.719
-6.612
-1.827
-1.383
-1.383
-4.053
-6.523
1.648
-0.978
-2.864
-3.391
-5.996
-0.461
-3.203
-3.412
-2.352
-6.028
-3.223
-1.302
-8.663
-4.173
-2.638
0.266
-0.502
-6.668
-4.340
-4.299
-2.433
-0.514
-8.765
-4.669
-2.947
-0.886
-2.237
-7.089
-3.657
-4.392
-5.681
-1.577
-11.334
-2.805
-3.371
-0.418
-0.368
-6.245
-4.255
-1.993
-2.758
-1.857
-7.072
-3.380
-2.502
0.049
-0.474
-6.211
-4.158
-3.858
-2.670
-0.400
-4.873
-5.071
-2.639
-2.855
-2.469
-7.091
-3.330
-2.916
-0.106
0.881
-0.535
-4.128
-4.290
-0.700
-0.103
-1.417
-2.506
-3.364
0.791
0.634
-1.811
-3.763
-4.077
0.398
-1.042
0.631
-4.705
-4.847
0.896
-0.054
0.550
-4.016
-4.234
0.431
-1.933
-4.776
-3.378
-2.675
-0.523
-1.272
-4.681
-2.080
-4.207
0.280
0.800
-1.199
-2.977
-2.014
-0.737
0.842
-4.074
-2.926
-4.667
-1.115
-0.166
-3.505
-4.180
-4.688
-3.658
-4.931
-3.707
-4.989
-6.568
-5.833
-2.972
-8.583
-5.095
-3.757
-7.435
-4.302
-5.391
-5.246
-4.967
-3.356
-7.524
-5.887
-5.993
-5.591
-2.664
-3.787
-4.283
-5.150
-3.725
-4.880
-5.331
-1.899
-5.283
-5.448
-12.377
-6.919
-5.583
-8.435
-3.764
-2.293
-10.121
-4.066
-2.560
-12.277
-5.677
-4.798
-9.862
-3.588
-1.153
-11.822
-4.751
-4.459
-11.618
-4.018
-1.652
-9.116
-5.132
-2.123
-10.910
-5.085
-4.686
-12.052
-4.755
-1.833
-4.595
-6.720
-4.059
-7.420
-4.890
-3.404
-5.095
-4.940
-2.326
-5.251
-4.195
-1.663
-4.809
-4.817
-3.016
-5.205
-5.973
-3.586
-3.698
-5.906
-1.215
-5.449
-5.543
-3.125
-4.639
-3.688
-3.570
-3.879
-5.243
-1.631
-2.135
-2.168
-3.830
-1.842
-2.035
-3.583
-2.982
-2.551
-4.436
-1.216
-2.518
-5.319
-1.433
-3.386
-5.035
-0.101
-1.787
-3.917
-1.787
-3.064
-5.649
-1.855
-1.698
-3.950
-1.782
0.118
-2.408
-1.685
-2.118
-3.626
-3.324
-6.341
-6.094
-2.711
-5.248
-5.239
-3.491
-3.611
-5.537
-3.307
-4.471
-5.388
-4.198
-2.580
-3.369
-1.716
-5.085
-5.687
-3.194
-3.982
-4.536
-4.464
-5.898
-6.070
-3.419
-4.730
-5.523
-5.383
-3.947
-3.929
-5.439
-3.301
-7.214
-3.005
-2.438
-6.133
-6.581
-1.586
-4.417
-4.360
-1.978
-5.929
-4.104
-2.017
-7.330
-5.837
-3.120
-6.852
-6.348
0.312
-4.940
-8.076
-3.129
-6.593
-7.837
-3.138
-6.587
-4.385
-1.622
-6.469
