2.714
6.164
4.293
3.603
4.295
3.663
1.392
5.388
6.869
6.642
4.288
6.075
4.587
0.014
1.735
3.234
4.960
2.111
0.332
2.492
5.273
1.957
5.257
3.193
3.945
5.697
4.160
4.378
5.321
2.492
4.972
5.621
4.669
4.282
3.050
3.162
2.717
6.829
4.646
5.012
6.775
6.591
8.126
7.435
7.457
8.733
8.017
7.398
7.822
7.441
2.120
4.534
3.386
4.293
3.511
3.531
1.779
5.131
3.232
3.622
4.258
5.763
5.209
4.308
4.417
4.653
4.484
3.493
5.761
5.830
3.396
5.041
2.989
3.099
2.684
4.098
3.591
3.127
3.900
5.132
6.300
5.664
5.733
3.904
4.480
5.257
5.939
5.338
5.930
4.859
4.288
4.524
3.730
2.314
4.253
3.065
3.322
3.557
3.993
3.096
4.012
3.511
4.315
3.827
4.300
3.815
5.085
5.383
3.893
3.774
5.495
5.722
2.939
4.021
5.529
7.464
2.726
3.436
5.069
5.995
3.721
4.800
3.257
4.705
2.706
0.755
4.789
0.836
3.712
2.235
6.051
4.037
6.036
4.334
6.604
4.600
4.363
5.197
3.378
2.562
3.605
4.282
3.011
2.244
2.650
3.900
2.682
2.658
4.193
2.820
6.465
6.382
6.499
5.224
4.755
6.406
5.072
5.963
5.041
6.172
6.619
5.133
4.668
4.135
4.227
6.613
5.704
6.061
4.552
4.492
4.270
2.489
2.263
3.668
2.292
2.057
3.834
3.670
1.426
3.057
1.023
6.602
5.898
5.995
5.467
5.130
3.478
4.693
3.956
1.018
-1.377
2.795
4.339
4.580
4.028
6.260
3.202
5.427
2.012
2.394
3.306
6.975
3.156
1.140
4.790
2.762
7.001
8.386
6.209
7.724
3.468
5.355
4.442
5.454
5.221
5.126
4.307
6.739
5.368
6.307
4.575
5.066
5.569
2.947
5.622
4.300
3.733
3.979
3.960
4.568
0.168
2.884
3.058
3.656
5.762
5.526
4.356
5.655
5.233
7.172
7.575
5.124
5.806
5.495
6.142
8.315
4.831
6.963
5.975
4.650
7.000
6.173
7.852
5.726
7.502
8.755
4.047
4.376
5.333
2.003
5.698
4.653
5.483
7.093
6.565
8.089
5.850
6.209
6.001
3.382
4.325
6.662
5.830
5.622
4.480
4.270
5.967
3.979
5.828
5.649
6.640
3.968
5.396
6.648
5.247
6.756
5.648
5.459
3.699
4.067
4.947
5.575
4.772
3.490
5.044
6.364
3.362
3.333
5.823
4.249
3.722
6.554
5.873
-1.192
3.955
2.841
4.616
2.594
1.440
2.782
5.396
4.053
2.783
1.700
2.486
4.168
3.558
3.824
2.396
5.151
4.467
2.947
3.673
0.532
2.558
0.835
3.541
3.680
1.493
2.612
2.549
5.439
2.355
2.126
4.379
6.783
1.754
4.115
1.756
4.924
