2.714
6.164
4.293
3.603
4.295
3.663
1.392
5.388
6.869
6.642
4.288
6.075
4.587
0.014
1.735
3.234
4.960
2.111
0.332
2.492
6.589
3.064
6.624
5.204
5.703
6.522
5.624
6.324
6.738
4.545
2.888
3.496
4.070
3.075
2.857
2.715
2.744
4.408
3.260
3.000
6.775
6.591
8.126
7.435
7.457
8.733
8.017
7.398
7.822
7.441
5.583
6.187
4.288
4.717
4.103
4.697
2.115
7.496
4.787
6.749
3.956
4.934
4.495
4.892
3.953
4.227
4.888
3.479
4.728
5.345
3.594
3.461
2.972
2.413
0.916
2.861
3.100
2.553
3.523
5.142
6.300
5.664
5.733
3.904
4.480
5.257
5.939
5.338
5.930
4.859
5.820
5.684
5.283
3.848
4.463
4.778
4.013
5.071
4.883
4.361
6.150
5.091
6.555
5.318
6.033
6.342
6.695
6.578
5.492
5.526
5.540
5.527
4.422
3.356
5.341
7.043
4.012
3.508
4.181
5.716
5.705
5.714
3.975
4.800
4.189
0.363
6.116
1.763
5.040
4.024
2.985
3.330
4.069
2.850
3.224
2.935
4.089
1.438
2.039
2.051
3.605
4.282
3.011
2.244
2.650
3.900
2.682
2.658
4.193
2.820
4.230
4.301
3.502
2.738
2.065
4.218
3.140
3.842
3.176
2.868
6.619
5.133
4.668
4.135
4.227
6.613
5.704
6.061
4.552
4.492
3.833
3.449
1.479
4.406
2.862
2.888
4.829
3.322
2.099
2.470
1.023
6.602
5.898
5.995
5.467
5.130
3.478
4.693
3.956
1.018
-2.180
-0.224
1.152
0.276
0.410
1.846
1.757
0.755
-0.673
0.541
0.329
0.527
-2.219
-2.479
0.345
0.450
1.185
1.668
0.669
0.624
3.468
5.355
4.442
5.454
5.221
5.126
4.307
6.739
5.368
6.307
4.575
5.066
5.569
2.947
5.622
4.300
3.733
3.979
3.960
4.568
0.168
2.884
3.058
3.656
5.762
5.526
4.356
5.655
5.233
7.172
4.356
3.205
2.101
2.081
2.576
4.578
1.967
3.328
3.931
2.347
7.000
6.173
7.852
5.726
7.502
8.755
4.047
4.376
5.333
2.003
3.234
2.862
4.383
4.189
4.588
5.753
4.722
4.686
4.029
2.080
4.325
6.662
5.830
5.622
4.480
4.270
5.967
3.979
5.828
5.649
6.640
3.968
5.396
6.648
5.247
6.756
5.648
5.459
3.699
4.067
4.928
5.697
4.745
3.514
5.063
6.314
3.408
3.417
5.884
4.284
3.722
6.554
5.873
-1.192
3.955
2.841
4.616
2.594
1.440
2.782
2.692
1.190
1.290
0.720
1.954
0.844
0.606
0.948
1.618
2.082
5.394
4.526
4.972
3.204
4.321
2.053
4.742
4.204
3.452
2.985
2.549
5.439
2.355
2.126
4.379
6.783
1.754
4.115
1.756
4.924
