-7.899
-4.922
-5.074
-6.249
-6.358
-6.579
-7.063
-7.192
-7.142
-7.223
-9.783
-7.752
-7.981
-8.285
-8.381
-7.195
-8.141
-4.839
-4.493
-4.400
-6.170
-7.304
-9.333
-4.961
-10.259
-6.390
-8.563
-6.592
-4.464
-5.703
-13.001
-6.807
-5.505
-2.022
-11.577
-7.573
-5.613
-5.265
-7.033
-6.115
-3.151
-1.639
-0.572
-7.101
-3.942
-6.325
-2.353
-5.824
-4.145
-5.651
-4.791
-4.826
-7.500
-5.493
-6.884
-8.797
-4.213
-6.199
-5.287
-9.263
-2.902
-6.661
-2.509
-6.207
-2.546
-5.968
-4.537
-6.413
-2.063
-4.824
-0.526
-3.222
-1.454
-3.204
-2.200
-5.463
-3.085
-7.023
0.395
0.272
-7.195
-9.391
-6.956
-5.111
-3.013
-7.205
-1.906
-4.695
-3.427
-8.159
-7.316
-8.233
-3.092
-8.214
-6.481
-10.563
-7.491
-7.624
-4.946
-9.098
-2.814
-9.136
-1.153
-7.020
-2.779
-8.792
-3.653
-7.172
-6.744
-12.624
-10.201
-4.508
-4.662
-9.983
-6.068
-8.361
-4.798
-8.579
-2.314
-5.439
-4.692
-7.511
-4.793
-6.697
-2.831
-8.600
-4.256
-12.611
-2.623
-8.860
-4.056
-11.726
-3.389
-8.645
-4.804
-9.243
-1.912
-6.205
-2.761
-8.752
-1.840
-6.160
-0.843
-7.901
-2.317
-10.093
-6.718
-11.642
-3.281
-11.776
-9.606
-9.316
-5.854
-7.983
-7.294
-9.088
-1.966
-7.749
0.054
-7.408
1.316
-6.804
-4.179
-8.214
-0.118
-4.825
-0.179
-5.421
2.053
-7.770
-1.414
-9.836
0.590
-7.099
-4.168
-8.701
-0.152
-7.316
-6.068
-6.088
-0.670
-4.668
-2.414
-7.711
0.474
-3.631
-1.443
-6.827
-3.897
-6.389
-7.165
-5.720
0.757
-5.871
-5.332
-6.178
0.068
-4.922
-2.271
-11.389
-5.735
-0.154
-2.489
-2.737
-9.905
-5.318
-6.783
-4.444
-6.815
-1.900
-4.390
-5.702
-6.813
-3.892
-9.229
-2.954
-6.159
-4.097
-4.174
0.998
-7.049
-1.480
-4.358
-1.862
-5.765
-6.057
-6.934
-0.496
-8.474
-5.265
-6.465
-1.770
-3.059
-3.335
-4.882
-2.919
-9.907
-4.476
-6.015
-3.930
-5.436
-5.209
-8.164
-9.354
-2.964
-3.784
-6.658
-5.041
-0.161
-2.688
-7.534
-5.706
0.260
1.969
-1.795
-1.858
-4.846
-6.982
-5.432
-4.792
-1.706
-2.731
-7.811
-5.705
-2.256
-2.354
-6.120
-5.140
-2.293
-3.468
-7.837
-6.476
-6.513
-5.645
-6.640
-9.146
-2.230
-2.460
-4.771
-3.731
-6.259
-6.672
-1.424
0.171
-0.123
-2.176
0.738
-0.983
-4.241
-1.611
-1.478
-3.950
-1.886
-5.507
-0.338
1.546
-1.778
-3.455
-2.055
0.566
-4.036
-5.535
-1.429
-0.265
-2.017
-4.716
-5.240
-2.622
-7.762
-5.866
-3.071
-2.122
-7.420
-7.371
-4.754
-3.846
-2.301
-3.022
-3.970
-0.247
-3.208
-7.044
-4.966
-1.597
-2.427
-4.247
-3.769
0.650
-1.332
-3.764
-4.663
-2.079
-2.181
-6.379
-5.599
-2.689
-4.747
-7.272
-5.336
-1.790
-4.307
-7.890
-5.116
-2.715
-4.577
-3.761
-0.937
1.041
-3.656
-7.869
-5.011
-2.339
-4.478
-6.222
-3.390
-1.950
-9.189
-8.240
-5.355
-2.445
3.194
0.312
-1.650
-0.671
2.672
3.142
-3.574
-2.297
1.015
-0.404
-5.283
-3.704
-0.326
-4.633
-5.039
-4.063
1.689
2.801
-0.867
1.742
0.286
1.168
-2.008
-2.114
-0.472
-1.755
-3.227
-1.629
-0.850
0.393
-5.455
-6.417
1.747
1.493
-4.139
-2.079
-4.345
-2.500
-9.606
-9.073
-6.537
-7.200
-9.362
-5.483
-8.599
-8.834
-6.082
-8.614
-9.840
-3.637
-6.751
-10.802
-5.885
-10.134
-9.087
-7.836
-10.469
-10.440
-3.830
-6.371
-7.966
-6.799
-7.972
-7.387
-7.432
-9.266
-8.244
-4.543
-10.118
-11.978
-1.956
-2.927
-7.756
2.786
-0.127
-10.600
-0.793
-2.986
-7.808
2.288
-1.758
-9.664
-3.502
-6.399
-9.323
0.350
-1.828
-7.089
-1.331
-3.817
-7.020
-0.207
-3.741
-8.884
-0.679
-1.160
-12.133
2.192
0.715
-10.274
3.886
-1.443
-9.295
-3.270
-5.378
-8.295
-1.559
-4.091
-9.490
0.906
-1.424
-7.655
-2.489
-5.215
-9.631
-0.316
1.205
-6.603
-4.018
-6.304
-10.529
-8.731
-6.216
-2.537
0.115
-1.018
-9.497
2.121
-0.967
-6.698
-0.706
-3.023
-4.976
1.519
-0.238
-2.813
2.354
-2.691
0.127
0.472
-1.305
-3.530
0.825
-0.801
0.657
-3.302
-2.842
-6.941
0.885
-1.527
-5.843
-0.258
-5.186
-4.929
2.848
0.207
-1.517
3.761
-2.063
-1.851
-3.989
-8.364
-0.389
-6.136
-8.650
-1.946
-6.078
-8.466
-1.266
-2.112
-6.722
-1.189
-6.117
-8.072
-1.483
-3.476
-9.968
-2.584
-3.958
-9.612
-2.934
-3.023
-8.570
-0.800
-3.909
-5.419
-0.501
-5.711
-6.458
-2.398
1.258
-0.342
-1.315
3.727
-2.196
-3.227
3.469
-3.313
-0.366
0.010
-2.855
-3.128
1.684
-0.363
-0.842
0.325
-2.195
-4.580
2.226
0.828
-0.290
-1.220
1.226
2.530
2.042
-1.676
-0.069
-3.988
-0.340
-0.867
-5.360
-6.007
-7.164
-6.935
-6.542
-6.812
-4.578
-5.691
-8.643
-9.659
-8.352
-7.171
-5.576
-6.449
-8.510
-6.515
-5.149
-6.322
-5.775
-6.052
-5.485
-4.049
-7.157
-7.492
-6.382
-9.220
-6.623
-6.969
-6.940
-8.586
-4.166
-3.301
-5.946
-7.805
-4.799
-3.118
-0.713
-2.902
-5.154
-4.615
-4.402
-5.241
-7.012
-9.106
-6.401
-6.883
-4.384
-6.135
-4.964
-6.623
-5.523
-5.118
-4.812
-2.534
-7.555
-8.207
-5.247
-7.394
-4.299
-8.433
-6.824
-4.801
-8.418
-3.190
-5.108
-7.447
-4.658
-5.821
-3.791
-5.864
-6.163
-6.693
-7.357
-4.217
-8.381
-7.980
-6.552
-7.375
-4.915
-10.676
-7.399
-4.656
-6.338
-3.777
-5.642
-6.156
-5.309
-7.051
-2.036
-8.001
-6.838
-7.265
-5.769
-3.267
-9.067
-10.899
-6.521
-6.246
-5.848
-11.357
-6.377
-2.604
-2.824
-6.211
-5.136
-5.526
-4.646
-7.172
-9.725
-0.345
-6.748
-9.221
-8.272
-8.810
-2.423
-8.258
-6.271
-7.261
-11.440
-3.427
-3.283
-6.313
-5.375
-8.547
-0.960
-6.603
-6.185
-5.926
-9.165
0.330
-6.123
-3.855
-5.071
-5.726
-1.285
-8.121
-5.325
-6.063
-9.574
-3.044
-5.755
-4.332
-4.621
-6.809
-2.425
-9.365
-8.310
-4.928
-9.367
-6.023
-6.535
-3.846
-6.322
-2.980
-3.546
-6.599
-2.715
-3.268
-2.735
-4.517
-5.387
-1.735
-4.848
-1.332
-4.819
-7.880
-3.988
-4.584
-4.703
-1.906
-3.423
-4.766
-4.264
-4.833
-3.244
-3.632
-1.883
-4.323
-2.412
-3.441
-5.481
-4.521
-5.494
-9.174
-8.325
-6.221
-2.846
-5.226
-3.648
-1.263
-5.679
-4.426
-4.139
-6.222
-4.323
-3.204
-2.951
-3.389
-2.148
-1.414
-5.846
-10.162
-6.753
-6.209
-9.972
-6.140
-8.646
-6.421
-6.488
-13.315
-4.021
-5.896
-4.780
-1.835
-7.101
-5.952
-8.684
-8.413
-8.786
-10.995
-2.836
-4.218
-1.242
-2.789
-7.588
-5.879
-5.041
-5.844
-5.092
-7.509
-5.232
-2.581
-2.787
-4.983
-7.332
-5.039
-6.593
-7.263
-5.213
-8.736
-7.819
-8.013
-6.708
-7.142
-10.806
-5.554
-7.486
-6.730
-5.717
-11.164
0.243
0.485
-5.911
1.910
-6.174
2.010
-0.218
-8.295
-2.582
-7.704
1.047
0.317
-4.997
-1.022
-6.080
-2.132
-1.797
-8.218
-0.517
-7.626
-2.763
-0.258
-8.448
1.738
-4.049
1.562
-0.507
-7.175
0.108
-7.833
2.723
0.241
-7.415
-0.227
-6.697
-3.432
0.425
-2.911
-1.137
-4.502
2.610
-1.729
-7.360
-1.502
-6.237
0.353
1.086
-6.126
0.733
-1.254
-8.705
-6.797
-12.101
-0.297
-3.671
-7.642
-6.168
-9.342
-1.875
-3.939
-8.881
-4.729
-10.701
-3.843
-2.186
-8.962
-8.264
-12.294
-3.835
-3.766
-8.678
-3.855
-11.238
-0.409
-4.789
-6.700
-6.935
-10.516
-3.550
-4.137
-7.713
-4.798
-9.340
-4.060
-2.575
-5.538
-4.408
-8.491
2.005
-5.655
-7.245
-6.906
-10.035
-3.176
-3.767
-8.893
-9.204
-13.145
-5.173
-10.868
-1.019
-5.606
-6.819
-7.045
-10.682
1.335
-3.976
-7.998
-5.112
-10.954
-0.171
-7.023
-9.085
-6.175
-9.845
-0.837
-5.213
-9.698
-7.262
-9.653
1.389
-2.789
-12.019
-5.360
-10.813
-0.248
-9.459
-8.207
-5.413
-11.901
0.053
-2.368
-4.053
-4.892
-5.949
-1.732
-3.372
-8.056
-5.396
-9.790
-2.636
-3.675
-9.829
-6.964
-10.698
-1.355
-2.587
-6.827
-5.624
-8.392
-6.074
-1.996
-5.727
-5.517
-2.377
-1.246
-0.736
-8.595
-5.926
-7.782
-4.303
-0.762
-8.398
-5.924
-3.989
-2.427
-2.762
-6.963
-5.488
-7.783
-1.005
-2.159
-5.741
-2.817
-2.823
-0.764
2.573
-7.640
-4.331
-4.698
-3.085
-0.509
-6.620
-4.710
-4.681
0.120
-3.187
-10.009
-5.181
-7.503
-3.726
-4.753
-11.126
-6.366
-6.720
-3.601
-5.343
-10.631
-5.165
-7.925
-3.133
2.037
-0.034
-5.982
-8.846
-1.628
2.283
0.199
-5.869
-5.936
-1.628
2.618
-0.027
-6.773
-7.568
-2.065
3.439
2.214
-5.459
-5.736
-1.551
1.212
-2.030
-5.364
-9.516
0.547
-0.019
-2.855
-6.869
-8.843
-0.089
-3.195
-4.044
-4.708
-6.718
-1.212
1.362
-3.588
-5.207
-9.209
-3.628
0.636
-3.290
-5.626
-9.082
-6.147
0.085
-1.869
-7.439
-8.970
-5.212
-7.287
-5.077
-4.886
-9.659
-8.811
-2.214
-9.533
-6.818
-3.378
-10.132
-5.515
-9.425
-8.719
-6.492
-6.562
-7.676
-6.552
-8.290
-5.674
-4.860
-6.308
-5.263
-6.316
-8.052
-7.095
-5.944
-5.027
-6.652
-6.548
-12.949
-6.926
-4.849
-14.946
-7.926
-8.579
-12.813
-7.042
-4.726
-12.553
-6.264
-4.761
-13.176
-8.198
-5.374
-12.045
-7.061
-5.357
-13.531
-8.969
-3.753
-14.610
-9.658
-6.992
-14.780
-5.962
-6.575
-11.880
-4.562
-2.349
-7.720
-11.454
-3.762
-6.991
-12.647
-6.584
-6.763
-9.550
-4.169
-4.526
-8.606
-3.430
-7.561
-6.126
-4.874
-3.592
-10.254
-4.949
-5.684
-11.182
-5.275
-6.780
-8.954
-5.087
-6.703
-11.292
-7.729
-7.028
-10.791
-6.432
-1.652
-3.561
-9.832
-2.158
-3.452
-8.826
-4.297
-3.601
-9.194
0.575
-4.605
-8.503
-1.916
-3.228
-10.045
-1.165
-1.374
-6.620
-1.955
-1.754
-8.287
-0.538
-2.704
-9.673
-1.849
0.471
-8.006
0.467
-1.890
-7.682
-6.522
-4.782
-6.435
-4.071
-2.798
-6.942
-1.345
-3.655
-7.384
-3.702
-7.167
-8.707
-5.449
-4.209
-5.009
-0.862
-6.135
-7.567
-4.716
-3.934
-3.142
-4.142
-3.765
-3.233
-4.179
-5.124
-6.098
-7.511
-2.242
-6.649
-5.777
-4.071
-6.198
-3.368
-4.080
-5.821
-5.329
-1.766
-6.737
-5.903
-2.361
-7.869
-3.156
-3.574
-8.556
-3.948
-3.473
-8.654
-5.504
1.192
-7.894
-6.032
1.018
-9.015
-6.192
-3.202
-8.096
-1.566
-1.209
-7.712
