-8.270
-6.525
-1.309
-8.602
-2.530
-6.325
-6.569
-5.248
-4.524
-1.751
-4.261
-5.337
-4.147
-2.078
-1.988
-4.330
-4.955
-4.151
-5.128
-3.298
-1.058
-2.354
-3.052
-1.135
-2.579
-0.327
0.054
-0.995
-1.249
-1.548
1.191
3.235
1.534
4.151
2.325
-0.462
-2.228
3.183
1.667
1.220
-6.309
0.388
-9.180
-5.558
1.604
-7.045
-5.932
0.999
-7.731
-7.156
1.494
-8.564
-7.375
0.905
-7.911
-7.294
0.828
-7.810
-6.519
-0.349
-6.640
-4.342
-0.308
-6.552
-3.790
-2.144
-6.587
-4.599
-2.362
-9.711
-3.632
-2.466
-7.946
-1.686
-0.654
-7.307
-6.578
-3.775
-6.722
-1.249
-4.389
-3.718
-5.579
-3.867
-2.125
-6.017
-0.366
-3.796
-7.411
-4.334
-4.053
-0.568
-1.699
-6.159
-4.909
-0.393
-6.061
-4.444
-1.820
-6.781
-6.393
-5.106
-5.561
-9.003
-4.324
-10.343
-8.026
-7.794
-7.774
-7.775
-3.134
-10.394
-6.807
-3.839
-8.758
-6.162
-4.416
-7.680
-9.921
-7.084
-7.228
-7.084
-5.118
-9.744
-9.523
-4.226
-11.241
-5.444
-3.943
-9.256
-11.557
-12.075
-8.238
-7.219
-5.864
-4.746
-11.285
-9.545
-6.924
-8.039
-9.489
-6.327
-6.637
-8.151
-5.355
-8.492
-11.038
-6.847
-7.093
-7.548
-3.475
-8.176
-8.420
-7.185
-8.131
-8.887
-6.341
-7.388
-10.174
-7.349
0.256
-3.767
1.557
0.951
-4.638
3.366
2.325
-3.886
-1.236
-0.903
-6.137
-1.358
0.910
-1.943
2.691
-0.051
-3.806
1.169
2.696
-2.468
3.744
-2.292
-6.203
2.130
-0.934
-7.124
1.628
1.072
-6.199
0.150
-3.021
-3.561
1.493
-4.547
-4.621
2.159
-4.843
-6.574
3.865
-3.359
-3.817
3.605
-4.411
-5.920
4.854
-2.774
-2.288
2.965
-3.616
-4.152
5.465
-2.017
-3.086
2.021
-2.188
-1.015
1.206
-5.369
-4.879
4.606
-1.202
-6.497
-4.193
0.842
-4.618
-4.463
0.366
-4.678
-1.493
-0.852
-2.440
-1.598
-0.740
-5.084
-3.641
0.243
-6.848
-6.008
0.280
-7.986
-6.583
0.321
-2.855
-0.088
-2.288
-8.501
-5.780
-1.253
-9.002
-5.888
2.386
-5.198
-2.165
2.701
-3.065
-0.795
1.944
-3.955
-4.122
-1.732
-4.886
-4.113
1.019
-3.327
-2.673
1.717
-3.427
-4.597
3.538
-1.117
-2.678
1.485
-1.739
-1.865
0.746
-6.050
-2.680
1.870
-0.201
1.412
2.568
-9.170
-2.984
-10.741
-4.492
-6.236
-0.058
-6.104
-1.328
-3.471
-0.216
-6.785
-0.673
-6.844
-0.215
-7.364
1.277
-8.856
0.078
-9.319
-1.575
-6.508
3.364
-9.528
-0.304
-11.828
0.780
-8.898
-1.573
-8.592
-1.210
-9.517
0.396
-9.148
-0.322
-8.092
-3.772
-9.654
-3.820
-10.541
-11.637
-7.725
-9.034
-8.189
-10.865
-6.716
-8.347
-6.344
-7.230
-7.777
-7.675
-4.713
-9.249
-9.163
-8.739
-5.825
-11.190
-8.571
-7.857
-10.058
-3.598
-1.761
-6.270
-2.730
-6.684
-4.201
-4.649
-6.035
-5.906
-5.795
-3.407
-2.659
-7.430
-4.541
-6.126
-1.167
-3.406
-3.630
-8.232
-5.987
-2.003
-5.253
-3.005
-1.532
-2.815
-3.381
-0.504
-1.454
0.898
-6.210
0.028
-1.373
0.293
-1.629
-1.231
-5.029
-3.664
-5.356
-2.914
-4.227
-3.377
-5.038
-1.322
-1.266
-6.001
0.773
-4.259
-5.148
-2.330
-3.141
-5.639
-4.612
-1.510
-1.167
-2.761
-2.878
-4.967
0.069
-0.841
-3.252
-7.027
-2.228
-5.886
-6.869
-6.436
-8.137
-9.233
-8.093
-6.316
-4.966
-6.507
-4.796
-7.695
-6.916
-8.489
-8.505
-6.145
-6.579
-9.658
-6.074
-7.308
-5.654
-6.793
-7.890
-6.880
-9.073
-10.549
-8.120
-4.487
-3.521
-5.800
-6.437
-4.883
-5.491
-6.390
-5.877
-4.494
-3.841
-7.218
-6.111
-8.718
-8.047
-8.318
-9.582
-6.887
-5.515
-7.320
-11.219
-7.318
-5.356
-2.471
-8.979
-7.201
-4.638
-5.409
-9.953
-4.133
-3.748
-1.018
-7.484
-5.296
-6.681
-5.937
-10.371
-4.593
-1.981
-5.150
-8.429
-5.338
-5.608
-0.701
-10.213
-5.681
-7.939
-7.124
-11.380
-6.211
-2.435
-6.325
-7.512
-1.634
-5.903
-3.025
-4.846
-2.863
-8.883
-5.345
-1.665
-4.700
-9.611
-6.131
-7.040
-3.615
-5.608
-4.038
-5.148
-4.892
-6.035
-6.859
-4.864
-0.826
-6.082
-5.577
-6.511
-3.917
-5.029
-5.303
-3.642
-3.317
-7.380
-7.954
-5.086
-1.359
-6.655
-6.228
-1.860
-5.238
-5.873
-5.696
-5.720
-5.282
-1.274
-2.041
-4.314
-6.631
-0.825
-0.565
-1.334
-10.520
-3.609
-1.572
-5.002
-9.796
-4.218
-0.783
-6.252
-6.799
-1.608
2.160
-2.416
-9.630
-4.637
-2.638
-5.284
-10.610
-2.464
-1.463
-5.361
-8.595
-2.700
0.761
-4.100
-6.798
-1.769
-0.561
-4.681
-7.728
-4.502
-3.472
-5.266
-2.615
-4.232
-4.181
-2.686
-2.569
-2.799
-1.161
-1.853
-2.105
-6.824
-5.037
-2.299
-1.836
-5.065
-3.839
-2.883
-0.817
-5.184
-1.048
-3.441
-4.087
-4.317
-3.861
-3.827
-1.773
-4.290
-1.725
-5.121
-5.240
-8.998
-3.786
-4.137
-5.397
-5.590
-1.174
-8.590
-0.680
-7.112
-2.502
-3.919
-5.037
-2.946
-8.361
-6.325
-7.751
-10.449
-8.592
-9.434
-9.489
-6.653
-8.723
-7.410
-2.626
-6.944
-7.077
-9.051
-8.330
-2.729
-7.433
-4.950
-7.519
-2.077
-6.336
-4.927
-8.415
-8.526
-8.982
-9.298
-5.837
-7.864
-7.660
-7.448
-8.756
-3.062
-8.285
-6.605
-8.891
-5.048
-6.637
-3.542
-5.666
-7.559
-3.117
-5.022
-6.307
-6.663
-1.187
-1.418
-8.377
-10.107
-1.773
-6.683
-4.221
-7.715
-3.347
-4.300
-8.010
-5.833
-1.043
-3.563
-3.538
-7.445
-2.777
-6.424
-4.219
-5.104
-3.216
-5.785
-7.237
-6.552
-3.088
-5.923
-3.870
-7.518
-3.258
-6.930
-7.010
-7.831
-3.689
-4.305
-6.250
-5.794
-5.098
-3.664
-6.340
-5.478
-6.087
-4.244
-9.352
-4.831
-4.242
-1.539
-6.179
-4.362
-6.628
-1.923
-7.748
-6.762
-6.374
-1.537
-6.928
-5.571
-5.422
-2.009
-3.744
-3.479
-6.256
-2.120
-7.422
-3.282
-5.038
-4.230
-8.672
-3.965
-3.825
-3.105
-9.117
-5.781
-6.039
-4.889
-5.031
-9.125
-1.462
-10.535
-3.649
-3.801
-4.512
-8.427
-3.197
-9.357
-3.602
-11.091
-6.977
-6.704
-2.064
-10.522
-4.335
-6.297
-4.346
-7.932
-5.146
-5.248
-1.623
-9.773
-4.600
-6.876
-3.330
-9.517
-1.674
-4.973
-1.461
-11.501
-9.570
-7.780
-2.520
-10.202
-6.975
-5.698
-3.808
-6.491
-2.062
-5.668
-8.240
-7.568
-1.466
-4.261
-8.283
-6.940
-2.778
-4.300
-6.607
-7.373
-7.717
-6.221
-8.154
-7.860
-2.501
-4.395
-9.583
-6.960
-2.068
-4.863
-9.999
-2.804
-2.959
-1.585
-6.555
-3.990
-5.033
-5.498
-7.790
-7.459
-1.372
-6.435
-8.179
-6.756
-4.603
-6.884
-8.545
-8.245
-8.157
-3.508
-5.077
-1.857
-3.839
1.059
-6.762
-2.653
-6.887
-1.993
-7.458
-3.677
-9.548
-1.941
-9.282
-2.341
-9.156
-4.568
-9.747
-2.655
-3.607
0.171
-5.280
-2.599
-3.869
-4.354
-5.385
0.778
-1.122
-2.308
-5.651
-3.140
-3.442
-4.713
-8.147
-4.046
-7.079
-1.139
-4.828
-3.467
-8.540
-3.437
-7.524
-2.343
-8.354
-4.130
-9.192
-5.532
-4.593
-2.626
-7.870
-3.599
-7.802
-4.348
-9.491
-2.463
-9.957
-3.826
-6.400
-5.108
-3.831
-4.867
-3.758
-5.880
-2.084
-1.131
-2.643
-4.572
-4.919
-3.180
-2.755
-4.204
-1.326
-2.795
-3.753
-1.957
-2.389
-2.956
-4.889
-2.793
-1.840
-3.774
-5.183
-3.972
-6.252
-2.762
-6.841
-5.725
-4.708
-3.924
-3.945
-4.433
-4.807
-1.668
-5.045
-4.806
-4.062
-2.148
-7.452
-7.150
-4.465
-4.474
-6.640
-5.482
-6.085
-1.778
-1.335
-4.493
-3.931
-5.263
-5.992
-5.000
-3.671
-5.612
-5.285
-3.057
-3.928
-5.373
-1.138
-0.966
