5.425
9.284
4.977
7.929
7.567
7.892
5.104
9.147
6.486
7.566
9.784
8.553
9.053
2.022
8.382
9.245
7.443
7.104
5.399
8.393
9.135
8.802
6.307
8.045
10.054
8.358
8.415
9.144
8.382
8.697
7.890
9.301
6.905
6.710
9.087
4.936
3.936
11.286
8.339
6.877
9.946
8.891
7.876
9.435
8.869
8.902
8.595
7.704
8.466
4.601
9.679
7.809
5.285
6.346
3.237
4.846
-1.032
8.982
7.597
5.838
3.143
1.529
-1.557
4.587
4.943
4.974
3.699
1.790
4.415
2.593
7.561
2.964
6.235
5.391
-2.322
6.514
-0.677
4.881
-4.304
4.783
7.203
9.311
5.154
3.555
7.989
4.673
6.928
6.758
8.049
8.781
4.699
8.550
6.193
4.932
9.646
7.516
5.005
4.070
6.143
7.185
6.208
6.167
7.153
6.473
4.526
3.963
2.994
5.694
3.686
3.319
6.664
6.657
5.657
5.169
6.136
5.535
7.440
4.679
6.999
6.188
4.025
1.540
3.438
7.245
5.558
4.260
5.300
4.706
5.786
5.652
4.528
7.288
8.369
7.264
7.652
5.522
8.589
9.943
6.999
6.848
7.329
2.869
7.505
3.365
-2.510
6.837
-5.383
6.695
-9.703
5.803
7.347
5.655
3.211
1.941
7.013
6.011
5.122
4.383
4.373
5.891
7.248
6.221
5.426
2.655
5.984
9.242
4.329
8.190
7.260
5.441
6.382
5.433
2.512
4.345
4.495
4.623
5.592
5.611
1.397
7.562
5.777
7.692
8.861
7.955
8.547
8.802
7.104
8.796
7.920
5.301
-2.975
5.492
7.097
7.030
6.491
7.283
6.544
8.946
3.243
4.325
7.339
11.205
7.849
7.080
7.993
8.281
10.326
10.004
10.873
8.950
6.677
8.210
6.503
8.541
7.980
7.174
6.917
7.398
8.137
7.449
8.610
10.864
7.807
7.930
8.475
6.585
9.404
4.847
5.143
10.069
9.163
9.247
8.899
7.597
10.056
9.204
8.469
9.175
11.502
11.824
8.385
8.485
5.794
7.651
9.555
7.830
9.730
10.126
7.901
10.173
10.744
9.314
11.661
6.928
11.232
12.284
8.435
9.213
8.849
4.640
7.432
6.144
8.862
6.462
9.684
8.789
9.367
7.997
6.005
5.794
7.561
9.751
8.816
6.510
8.289
8.504
7.672
6.465
7.109
7.981
7.913
7.000
10.136
8.944
10.210
10.373
9.494
9.213
6.660
8.766
8.437
7.875
8.153
8.281
8.901
9.628
8.247
5.343
9.947
8.425
8.842
9.161
10.400
3.922
8.414
9.127
8.358
7.955
6.459
6.478
7.004
5.705
7.054
7.247
4.344
6.972
8.670
9.049
7.649
7.742
8.474
8.500
8.247
8.192
8.290
7.464
6.144
4.825
8.429
6.065
6.690
9.683
6.632
5.665
6.304
8.034
8.110
7.741
6.499
9.735
