-5.657
3.841
-5.613
2.802
-2.633
3.248
-4.106
4.671
-5.994
2.995
-6.059
5.308
-6.576
3.522
-5.265
3.426
-7.269
3.578
-4.326
2.525
-4.509
-3.524
-5.420
-1.565
-5.585
-1.253
-5.990
-2.246
-4.071
-0.532
-5.043
-1.689
-1.871
-0.492
-4.090
-0.119
-4.516
-1.859
-1.935
-1.007
2.037
-2.775
1.707
-4.655
1.733
-4.660
1.333
-6.286
0.690
-8.324
-1.659
-5.106
0.925
-3.338
1.227
-6.046
2.042
-3.011
0.550
-6.918
0.590
-3.294
0.213
-2.512
3.175
-2.347
2.022
-3.474
2.039
-4.125
3.495
-0.510
2.829
-3.331
1.487
-3.554
2.409
-3.190
0.572
-2.083
5.321
-2.572
2.093
2.535
3.790
-0.026
2.326
1.197
5.734
0.074
3.045
2.942
5.064
0.678
2.004
1.729
4.924
0.071
1.992
4.329
4.716
0.030
2.811
1.783
4.093
-0.900
2.042
1.638
3.258
-2.806
0.958
0.642
5.509
0.966
3.119
3.643
6.422
0.168
3.361
3.640
4.320
0.374
3.181
1.466
3.835
-0.045
1.867
-0.066
4.506
0.064
2.221
-0.776
4.388
0.849
2.779
1.681
2.934
0.251
1.810
-0.586
4.216
-0.327
2.371
-0.110
3.142
-0.979
0.348
-1.771
3.836
0.079
2.726
1.119
2.852
-0.006
1.517
-0.496
3.211
0.388
2.876
0.712
3.167
-0.966
1.750
-0.865
3.184
-0.038
1.982
-0.433
4.142
0.606
3.699
0.732
3.485
-0.792
1.663
-0.380
4.955
-0.424
2.525
0.100
4.110
-0.174
2.506
-0.658
3.730
0.411
2.658
-0.199
3.406
-1.569
1.150
-1.581
3.510
-0.633
1.669
-0.223
1.742
-0.684
0.835
-4.002
0.943
1.820
2.599
4.072
2.474
0.214
2.099
5.662
2.484
-0.048
2.501
4.973
1.947
-0.511
0.809
5.352
2.350
-0.064
2.142
5.283
1.654
-0.285
0.755
3.385
1.647
-3.452
-0.784
3.195
1.334
-0.569
1.652
4.379
1.353
-1.803
-0.595
3.660
2.250
-0.307
1.566
3.143
3.821
5.808
0.395
1.703
3.490
4.013
1.335
3.728
3.813
4.948
-0.207
1.496
3.889
3.805
1.216
2.210
3.361
3.550
-0.366
1.093
4.069
4.986
-0.965
1.255
3.651
5.052
1.454
2.741
2.617
2.542
-0.262
0.799
3.181
5.199
0.824
2.452
3.413
5.016
0.670
2.533
0.254
-1.018
4.480
2.130
2.210
0.551
4.612
2.680
1.951
1.503
3.580
1.776
3.064
0.697
4.588
3.392
3.270
1.762
3.560
3.746
0.737
-0.002
4.397
1.801
3.357
2.424
4.534
4.361
2.160
0.023
5.243
1.809
1.711
0.410
2.958
2.064
3.815
2.253
4.440
3.781
3.783
3.676
0.604
2.080
3.635
3.648
1.922
1.496
4.383
1.982
0.554
1.341
3.734
1.953
-0.786
0.514
1.166
0.639
-0.739
-0.091
3.566
3.213
0.807
1.337
4.904
3.287
1.414
2.595
2.639
1.885
0.521
1.936
3.588
1.874
-1.186
0.588
2.663
2.995
0.435
1.849
4.754
3.676
2.381
2.757
4.279
1.315
0.578
2.581
4.984
2.595
1.244
2.861
4.328
1.551
1.161
2.951
3.577
2.515
2.223
3.730
3.017
1.909
1.323
1.320
4.622
0.542
-0.218
1.296
3.660
1.148
0.047
1.910
3.614
1.878
-0.047
2.232
3.872
1.298
0.368
2.516
1.768
-2.247
-2.798
1.681
-3.577
-2.450
2.023
-2.337
-3.333
2.195
-3.314
-2.388
1.403
-2.955
-2.403
1.199
-5.178
-5.678
2.083
-3.704
-0.996
2.740
-1.740
-0.750
2.327
-2.099
-2.271
2.484
-2.390
-3.366
2.835
1.077
-1.331
3.865
0.862
-2.267
3.944
0.598
-1.402
3.751
1.908
0.055
3.208
-0.602
-2.636
2.944
1.719
-1.831
2.287
0.092
-2.160
1.629
-2.215
-4.091
4.808
1.133
-1.860
3.140
0.784
-4.552
2.198
0.402
-0.157
2.148
-0.088
1.336
1.797
0.619
0.314
1.047
0.167
-1.436
1.284
-2.883
-2.041
3.045
-0.605
-1.169
1.300
-2.761
-0.934
-0.550
-1.667
-0.402
2.673
1.377
0.241
1.366
-1.213
-1.488
2.808
-1.198
-0.578
3.384
0.109
0.408
2.357
-1.656
0.189
0.197
-0.912
-1.481
2.523
-0.399
1.384
3.281
0.398
0.053
2.429
-0.319
-0.990
4.422
1.088
1.817
2.294
-0.088
0.053
3.959
1.225
1.586
-2.590
-1.850
2.165
0.023
-0.970
2.790
-0.860
-0.700
3.326
-0.589
-3.596
1.545
-1.186
-0.415
2.577
0.047
-3.294
1.526
-1.174
-1.431
2.382
-1.350
-1.805
-0.529
1.620
0.525
3.526
1.353
1.273
4.451
2.972
1.064
0.258
4.773
2.592
3.030
3.122
-0.164
0.221
3.254
-0.189
0.217
3.109
1.651
0.471
1.662
0.008
0.437
4.297
2.510
3.323
3.019
0.736
2.119
2.510
0.255
1.560
1.861
0.409
-0.149
-6.623
-4.545
4.253
-1.496
-5.747
-6.753
-4.555
1.465
-2.912
-7.048
-7.724
-6.874
1.270
-3.401
-6.982
-6.214
-4.841
1.756
-2.794
-7.533
-6.301
-6.301
2.971
-3.267
-5.909
-8.896
-7.068
2.991
-1.932
-8.031
-5.212
-4.447
3.669
-1.456
-3.762
-4.624
-2.548
2.610
-0.677
-4.341
-5.500
-3.214
4.808
-2.290
-4.815
-5.662
-3.852
2.052
-0.711
-6.369
-7.426
-6.717
-4.082
-1.517
-8.021
-9.258
-5.960
-6.371
-2.425
-7.845
-7.016
-4.893
-4.230
-0.640
-6.022
-8.079
-5.659
-4.964
-0.214
-6.953
-8.233
-6.249
-5.556
-1.491
-8.407
-9.088
-6.553
-6.357
-1.152
-7.673
-6.705
-7.300
-5.502
-1.596
-6.891
-5.286
-5.295
-4.847
-0.600
-6.670
-5.285
-5.006
-3.827
-0.983
-5.008
-8.065
-5.864
-5.316
-2.776
-8.774
-4.155
-1.237
2.867
-1.624
-2.817
-5.431
-3.362
1.707
-3.120
-2.385
-5.608
-4.774
-0.703
-4.232
-1.809
-4.255
-1.670
0.747
-4.039
-1.580
-2.520
-6.003
-0.080
-4.722
-2.873
-5.526
-3.197
-0.029
-4.366
-3.243
-3.617
-3.884
0.931
-3.445
-2.135
-4.598
-3.246
1.202
-3.432
-2.437
-3.420
-2.745
1.720
-3.404
-1.260
-7.509
-5.578
-0.084
-6.072
-5.745
-8.148
-5.353
-3.176
1.319
-3.357
-4.286
-3.941
-3.444
1.337
-2.846
-4.056
-4.237
-1.886
0.987
-4.084
-6.209
-4.133
-2.344
-1.368
-4.755
-3.699
-4.579
-2.010
0.236
-3.920
-2.928
-3.573
-1.742
-0.195
-2.634
-4.578
-8.505
-2.860
-4.897
-7.297
-4.602
-3.678
-2.701
1.807
-1.946
-5.075
-3.660
-3.533
0.121
-2.976
-6.123
-3.098
-2.063
1.596
-2.309
-3.271
-6.642
-2.908
-0.298
-6.017
-3.076
-3.753
-1.624
2.280
-5.101
-4.560
-5.073
-0.850
2.948
-6.511
-5.056
-4.354
-2.341
1.944
-6.792
-3.766
-4.887
-1.246
0.870
-4.173
-3.787
-6.466
-1.445
2.459
-5.834
-4.240
-2.123
0.993
1.950
-5.105
-5.791
-6.024
-2.098
3.367
-5.960
-3.958
-3.331
-2.128
0.743
-5.209
-4.909
-5.000
-2.054
0.417
-7.575
2.387
1.603
-5.220
-0.754
-1.952
2.024
-0.004
-4.667
-1.200
-6.299
2.772
2.883
-5.776
-0.261
-3.996
1.285
-1.078
-8.036
-0.167
-4.647
0.567
0.382
-6.746
0.279
-1.881
1.867
0.387
-4.861
-0.217
-4.063
1.232
-0.294
-6.858
0.444
-5.490
2.052
0.597
-4.805
-0.359
-3.001
2.104
0.097
-5.051
-0.610
-4.183
1.552
-2.194
-6.106
-1.197
-4.305
-5.457
-5.489
-9.043
-0.417
-5.736
-4.159
-4.060
-9.444
1.886
-3.522
-4.291
-5.706
-7.735
-1.584
-5.348
-3.349
-6.133
-8.325
0.120
-5.910
-2.551
-2.859
-7.744
1.305
-2.335
-3.440
-5.145
-7.939
-0.092
-5.762
-4.222
-5.439
-8.208
0.275
-4.037
-4.004
-6.362
-8.440
-0.368
-7.297
-4.453
-3.676
-8.982
0.385
-3.021
-4.325
-4.486
-10.254
-0.434
-6.501
1.205
-1.695
-0.234
-5.097
-6.412
1.050
-3.123
-2.231
-4.961
-10.326
0.842
-4.539
-0.725
-6.065
-9.295
2.532
-2.932
-3.330
-2.913
-6.343
2.072
-2.484
-3.585
-2.714
-7.321
0.745
-5.582
-2.260
-4.178
-8.216
0.660
-4.038
-1.421
-5.490
-6.850
1.330
-1.842
-0.396
-3.107
-7.058
1.554
-1.824
-2.368
-2.138
-6.146
1.754
-3.300
-2.670
-1.546
-6.430
-1.065
-0.919
-7.780
-3.412
-2.779
0.864
-0.645
-5.743
-2.761
-4.358
0.535
-0.167
-7.283
-4.161
-2.633
1.747
-1.575
-5.971
-2.858
-4.020
-2.137
-1.753
-9.956
-2.299
-3.159
1.272
-0.121
-5.241
-2.931
-1.932
0.614
-1.360
-6.432
-2.893
-2.239
1.957
-0.427
-5.497
-2.980
-3.704
1.215
-0.225
-4.127
-3.775
-2.227
0.489
-1.689
-6.234
-1.829
-2.853
2.132
0.686
0.178
-3.461
-4.127
1.235
-0.258
-1.102
-3.208
-3.508
2.550
1.048
-1.498
-3.581
-3.943
0.939
-1.193
0.563
-3.727
-5.177
2.059
0.293
1.234
-2.920
-4.539
0.997
-1.393
-4.317
-1.776
-2.520
1.491
-1.171
-4.469
-1.624
-4.165
2.910
0.753
-0.724
-2.788
-1.973
1.897
0.501
-3.564
-2.986
-4.155
1.326
0.701
-2.881
-4.116
-4.181
-4.144
-3.811
1.026
-4.950
-5.570
-0.587
-3.000
-6.772
-0.745
-3.953
-5.715
0.546
-5.719
-3.661
0.717
-3.660
-6.548
-0.653
-6.115
-4.232
0.589
-4.164
-2.689
-0.408
-4.017
-3.970
1.589
-1.736
-4.882
-0.418
-12.375
1.383
-5.440
-8.434
0.540
-2.831
-10.241
2.325
-5.281
-12.790
3.683
-6.657
-10.137
2.557
-3.928
-12.105
2.411
-6.487
-11.966
3.874
-4.237
-9.373
0.756
-3.529
-11.199
2.063
-5.909
-12.259
3.179
-6.095
-4.772
-6.606
3.274
-7.767
-3.946
3.088
-4.964
-4.831
4.328
-5.294
-3.619
4.282
-4.662
-4.345
4.014
-5.125
-5.360
4.344
-3.877
-4.483
4.941
-5.248
-5.926
4.153
-4.829
-3.299
3.349
-3.993
-4.471
3.981
0.864
-0.745
-4.168
1.345
-0.595
-3.931
0.507
-1.652
-4.745
0.869
-1.578
-5.940
1.167
-1.925
-5.448
2.838
-0.099
-4.367
0.313
-2.142
-5.720
0.535
-0.791
-4.574
1.286
0.466
-2.567
1.097
-1.870
-4.143
-0.142
-5.343
-6.129
1.133
-2.991
-5.577
-0.569
-3.174
-5.686
0.560
-3.158
-5.439
-0.054
-1.558
-3.524
0.860
-4.524
-5.609
0.166
-3.223
-4.455
-0.999
-4.223
-6.305
0.614
-4.035
-5.331
-0.556
-3.767
-4.256
-3.538
0.936
-7.265
-0.854
1.242
-6.593
-4.724
1.835
-4.695
-2.012
1.079
-6.344
-2.345
1.424
-7.427
-3.226
1.917
-6.754
-2.953
2.737
-4.865
-4.522
1.735
-6.823
-4.568
1.010
-6.783
-1.860
1.743
-6.694
