-6.256
-2.689
-4.143
-6.971
-2.459
-3.991
-5.136
-2.769
-3.279
-2.669
-3.788
-1.429
-2.703
-2.457
-1.914
-3.023
-2.292
-2.688
-2.887
-2.627
-0.553
-1.255
-1.373
-2.174
-2.280
1.262
-1.440
-0.228
-1.536
-1.412
0.369
0.907
0.435
-0.806
0.510
-1.024
-0.991
0.312
1.091
1.081
-0.899
0.700
-1.161
0.724
3.263
0.555
0.447
2.645
0.730
0.883
3.068
1.483
0.552
2.953
-1.005
0.315
2.452
-0.024
-0.352
2.735
0.887
1.209
3.603
0.825
0.994
2.701
2.087
0.638
2.332
1.337
0.923
0.479
-1.167
3.812
1.953
2.765
2.820
-0.882
1.227
3.461
0.552
1.924
2.123
2.105
3.110
2.147
1.589
2.586
0.569
-0.185
1.436
4.266
2.864
2.347
2.496
0.416
0.986
1.864
2.878
1.885
-2.663
-0.156
-1.311
-0.580
2.388
-0.459
-0.468
1.685
-0.934
-0.750
1.394
-0.021
-0.396
2.400
-1.177
-1.213
1.318
-1.519
-0.149
2.181
-0.525
0.540
2.664
1.070
-2.058
0.838
-2.027
0.692
2.427
0.466
2.142
-0.784
1.793
1.372
0.294
2.325
2.080
-1.671
0.694
1.516
0.804
2.590
0.724
-0.347
1.064
1.824
-0.245
2.091
1.485
-0.681
1.386
1.221
-1.337
1.284
1.793
0.161
2.354
3.142
0.668
3.188
4.395
3.165
4.221
3.553
1.438
3.748
4.685
2.087
3.132
2.686
0.706
2.218
4.018
3.198
2.360
2.780
0.264
3.669
4.385
2.279
5.261
3.413
1.709
3.725
3.367
1.451
3.191
4.702
0.998
2.901
3.239
1.084
4.917
1.193
-0.415
3.703
1.666
0.535
4.283
3.174
1.276
3.378
0.709
-1.189
1.038
2.196
0.339
4.680
-1.673
-2.494
2.024
1.830
0.691
3.923
1.747
0.921
4.659
1.571
1.479
4.871
2.318
-0.386
1.454
1.834
-0.298
1.003
3.097
-0.387
2.568
2.681
-0.327
1.159
3.224
0.382
1.969
1.227
-0.940
1.038
3.280
0.834
3.265
3.924
2.210
3.854
1.303
-0.045
2.085
2.113
-0.216
0.938
3.195
1.032
2.902
3.989
1.732
3.060
4.296
-0.182
2.137
1.208
1.017
1.264
3.423
2.048
3.438
4.729
3.073
5.195
3.992
0.955
1.980
1.894
2.405
1.599
2.203
0.278
2.537
3.435
0.606
4.250
1.120
-1.399
2.503
-0.073
1.211
-0.478
2.575
0.078
-0.186
-0.864
-1.040
-3.483
2.836
-0.362
-0.657
-5.017
0.726
-1.419
0.078
-2.380
2.248
-1.017
3.003
-0.546
2.225
-1.882
3.826
-1.271
3.349
-3.864
2.552
-2.239
4.424
-1.278
1.258
-4.611
1.530
-2.275
1.774
-5.018
-0.214
-2.526
-1.159
-3.585
-2.659
-2.197
0.814
-0.527
-0.122
-0.961
-0.761
-2.457
-1.794
-4.402
-1.376
-2.305
-1.371
-2.962
-1.808
-2.636
1.380
1.407
0.547
1.575
0.059
0.818
-1.194
0.443
-0.368
-1.682
0.898
2.106
-0.191
0.555
1.053
1.320
1.064
0.605
-0.841
-0.959
1.056
0.246
1.542
0.572
0.337
0.836
1.250
2.328
1.859
0.993
0.750
1.239
0.035
0.902
-2.477
0.093
-0.246
0.439
-1.825
-1.080
0.882
1.069
-0.431
-1.659
-1.084
-1.264
1.885
0.019
0.205
-1.154
-1.208
0.924
1.930
1.017
-0.335
-1.149
0.038
-0.030
1.807
-0.012
-3.661
-1.333
-1.461
-3.004
-4.917
-2.757
-4.000
-4.398
-5.616
-1.183
-2.972
-4.895
-5.597
-2.793
-3.149
-5.697
-6.225
-3.023
-5.052
-5.355
-5.228
-1.343
-2.957
-5.176
-6.321
-2.006
-3.872
-7.129
-6.063
-1.084
-3.589
-6.026
-4.979
-2.014
-4.843
-5.073
-2.485
0.059
-2.403
-3.616
-2.958
-5.865
-3.597
-6.195
-0.423
-4.033
-2.769
-6.646
-2.273
-3.920
-0.961
-4.736
0.433
-5.424
-2.164
-5.848
-3.276
-3.835
-3.915
-6.240
-1.851
-4.901
-2.720
-6.431
-2.669
-2.557
-1.377
-5.176
-2.206
-4.437
-2.725
-6.073
-0.325
-5.275
-2.309
-5.999
-3.370
-3.086
-2.530
-5.598
-1.285
-5.476
-1.842
-1.963
-3.100
-4.690
-3.515
-2.695
-2.817
-5.569
-3.279
-4.967
-5.092
-5.490
-3.912
-5.017
-4.815
-4.885
-2.811
-2.249
-3.638
-4.481
-2.209
-2.006
-4.137
-3.598
-2.183
-2.133
-4.574
-4.739
-3.142
-1.953
-5.844
-6.003
-3.377
-2.748
-4.299
-5.940
-2.718
-3.254
-6.218
-3.412
-5.068
-6.472
-8.027
-2.714
-3.213
-4.573
-8.154
-4.989
-4.004
-7.157
-9.224
-4.559
-4.322
-7.721
-8.240
-4.726
-4.587
-5.964
-7.408
-4.674
-4.435
-7.217
-8.252
-4.061
-5.817
-6.329
-7.210
-3.176
-2.633
-5.450
-6.739
-3.679
-2.857
-6.944
-4.649
-2.157
-2.603
-5.082
-1.523
-6.014
-3.838
-4.292
-3.068
-4.612
-3.958
-1.912
-3.610
-6.176
-5.059
-4.310
-2.802
-4.238
-3.669
-2.444
-0.493
-6.119
-3.909
-4.026
-3.183
-3.509
-3.412
-4.664
-2.774
-4.432
-4.168
-6.011
-1.694
-8.276
-4.773
-5.998
-4.284
-8.216
-4.502
-10.053
-0.970
-3.718
-4.622
-4.735
-0.680
-1.227
-3.220
-5.847
-1.982
-5.263
-5.841
-8.111
-2.409
-4.497
-5.634
-6.638
-0.761
-3.855
-4.945
-8.670
-2.022
-4.454
-6.317
-8.539
-1.826
-3.461
-6.059
-7.860
-2.530
-3.382
-6.424
-9.192
0.216
-3.990
-6.254
-7.709
-0.698
-3.669
-5.297
-6.669
-1.721
-3.383
-6.184
-8.377
1.141
-5.829
-1.270
-3.531
0.747
-6.629
-0.224
-1.134
-0.848
-6.718
-1.140
-2.416
-0.700
-6.763
-2.047
-5.172
-0.460
-6.729
-1.045
-2.039
1.132
-5.075
-0.484
-2.288
-0.624
-6.046
-3.209
-3.599
0.138
-5.528
-1.351
-2.114
1.729
-3.780
-0.817
-2.592
0.117
-7.606
-0.588
-3.114
-3.182
-4.279
-9.518
-1.412
-3.859
-1.251
-8.089
-3.882
-3.092
-2.163
-8.927
-1.924
-3.770
-1.523
-9.533
-3.693
-3.240
-3.764
-7.993
-0.900
-2.787
-3.303
-9.012
-1.399
-2.009
-2.768
-8.003
-2.218
-1.514
-1.804
-8.197
-1.208
-2.116
-0.697
-8.616
-1.923
-4.899
-2.875
-10.907
-2.293
-1.981
-6.200
-2.130
-5.430
-0.520
-1.449
-4.071
-5.949
-1.035
-3.032
-2.452
-6.201
-3.464
-5.506
-3.098
-7.441
-2.842
-3.745
-2.297
-4.353
-3.026
-3.056
-2.603
-6.395
-2.433
-1.933
-2.972
-6.279
-1.049
-1.456
-2.254
-5.393
-4.857
-2.027
-2.515
-7.984
-2.717
-5.249
-1.152
-4.784
-2.565
-4.579
-10.916
-7.048
-1.652
-2.361
-10.779
-5.393
-0.620
-1.578
-7.892
-3.375
-2.621
-2.285
-8.853
-4.272
-2.995
-2.798
-10.953
-3.871
-2.965
-3.023
-10.588
-4.498
-3.328
-3.207
-10.642
-3.884
-2.751
-3.736
-10.504
-3.624
-1.479
-3.799
-9.493
-4.094
-1.966
-2.423
-9.607
-3.580
-6.825
-3.287
-3.742
-1.958
-3.423
-0.000
-6.765
-3.967
-7.553
-3.821
-6.589
-3.847
-6.653
-2.448
-4.657
-2.229
-7.597
-1.607
-5.460
-2.366
-5.119
-0.803
-5.420
-2.204
-4.873
-0.553
-6.271
-1.388
-2.853
-2.120
-5.468
-0.818
-4.526
-3.050
-7.887
0.283
-5.882
-0.145
-4.734
-0.722
-5.907
-2.806
-4.980
-2.139
-5.235
-2.763
-3.929
-2.233
-3.135
-1.379
-5.665
-1.917
-5.207
-2.159
-5.896
0.066
-3.293
-2.657
-6.516
-3.577
-1.951
-4.051
-2.362
-4.507
-1.024
-2.290
-2.705
-5.267
-0.672
-2.996
-2.660
-5.760
-2.090
-3.730
-1.617
-3.437
-0.716
-0.596
-2.123
-4.069
-3.454
-5.566
-2.013
-2.153
-2.591
-1.800
-3.284
-3.582
-4.536
-5.445
-1.065
-4.147
-1.847
-1.390
-3.622
-2.252
-0.113
-1.550
-5.010
-3.577
-1.250
-2.987
-2.665
-2.751
-1.516
-2.753
0.291
-1.503
-2.252
-3.069
-2.022
-1.802
-2.260
-3.753
-1.442
-1.445
0.375
-2.320
-0.370
-2.439
