-2.769
-0.637
-0.821
-3.937
-0.536
-1.599
-2.042
-0.351
-0.896
-0.205
4.162
5.923
4.596
0.325
2.052
3.149
4.637
2.389
0.893
2.568
6.026
2.656
6.057
4.273
4.915
6.283
5.005
5.451
6.130
3.637
3.031
3.565
3.783
2.995
2.933
2.710
2.736
4.600
3.517
3.186
6.443
6.327
7.826
7.060
7.567
8.609
8.020
7.146
7.727
7.377
5.536
6.444
4.417
4.818
4.332
4.899
2.195
7.497
4.638
7.035
2.707
3.540
3.231
4.430
3.160
2.687
3.607
2.696
2.585
4.203
2.931
3.247
1.969
1.906
0.268
2.098
2.664
2.028
3.087
4.794
6.947
6.155
6.462
4.745
4.982
5.777
6.621
5.896
6.289
5.782
5.338
5.720
4.890
3.209
4.899
3.964
4.270
4.755
4.609
3.691
5.803
4.859
6.310
5.123
5.794
5.978
6.319
6.376
5.255
5.085
5.397
5.706
4.148
3.619
5.657
6.971
3.482
3.447
4.255
5.894
5.569
5.180
3.556
4.059
4.405
-0.399
5.796
1.351
4.806
3.811
2.382
2.508
3.088
1.819
2.175
1.936
3.194
0.420
1.314
1.306
3.445
3.970
2.860
2.081
2.562
4.040
2.657
2.763
4.274
2.702
4.776
4.818
4.297
3.195
2.862
4.557
3.470
4.077
3.404
3.348
5.451
3.506
3.865
3.444
3.288
4.694
4.620
4.017
3.814
3.056
4.190
3.071
2.030
4.124
2.706
2.543
4.408
3.666
1.885
2.908
0.998
6.497
5.616
6.064
5.203
4.722
3.046
4.422
3.656
0.977
-3.267
-2.338
-0.633
-2.324
-2.365
-0.924
0.260
-2.052
-2.333
-1.234
3.041
6.744
3.331
0.725
4.270
2.768
6.651
7.838
5.860
7.512
3.356
4.795
4.242
5.276
5.051
4.964
3.983
6.478
5.443
6.321
0.130
-0.365
-0.271
-0.682
-1.481
-0.501
-0.443
-1.303
-1.620
-1.153
-0.313
2.690
3.165
2.944
4.768
5.229
3.886
5.277
4.525
6.549
7.045
4.639
5.143
4.607
5.138
7.585
4.160
6.121
5.570
3.759
6.384
6.149
7.536
5.733
6.984
8.182
4.076
3.832
5.112
1.361
1.126
1.536
2.945
2.067
2.602
3.419
2.818
3.119
2.124
1.631
2.658
4.133
4.702
3.914
1.901
2.470
3.571
2.972
4.025
3.897
1.986
0.812
1.537
2.290
0.631
2.213
1.693
2.258
0.210
1.434
0.548
0.351
-0.549
-0.915
-0.405
-0.777
0.141
-2.741
-0.548
0.423
4.142
6.560
6.059
-0.908
3.767
2.997
4.612
2.569
1.845
2.954
3.046
1.860
1.863
1.119
1.914
1.469
1.598
1.569
1.505
2.532
2.320
1.851
2.639
0.641
1.508
0.675
2.564
2.982
1.439
1.350
2.480
5.053
1.935
2.096
4.255
6.262
1.370
3.699
1.973
4.731
