-8.360
-7.893
-8.344
-7.460
-4.563
-6.538
-6.290
-6.764
-9.895
-10.651
-8.602
-6.979
-9.245
-8.105
-8.159
-7.833
-10.547
-5.489
-7.370
-5.632
-7.288
-8.025
-8.516
-5.563
-10.214
-6.954
-10.197
-8.122
-7.619
-5.799
-8.092
-7.669
-4.178
-2.985
-7.215
-5.644
-8.295
-4.408
-4.733
-5.716
1.714
-3.822
2.297
-5.683
1.463
-6.610
1.168
-6.951
1.753
-8.661
-3.890
-6.628
0.484
-4.612
1.854
-8.040
2.618
-3.898
0.214
-8.782
1.769
-4.810
0.543
-5.448
4.743
-4.128
3.040
-5.807
2.671
-6.729
6.223
-1.931
4.063
-4.791
2.490
-6.606
2.456
-6.205
0.388
-4.666
9.346
-1.029
4.982
6.976
4.696
0.811
4.177
2.541
9.985
2.268
7.186
7.591
9.615
3.425
4.260
5.595
10.910
3.134
5.831
10.089
8.976
1.863
6.020
4.701
5.800
-0.171
4.550
3.694
5.673
-2.687
2.215
2.274
10.105
4.116
7.376
8.330
11.994
2.910
8.263
9.051
11.024
2.689
6.890
6.859
8.465
1.203
3.856
2.619
10.208
2.434
5.213
1.852
9.653
3.908
5.761
6.146
6.568
1.219
3.987
1.687
8.765
0.319
4.427
3.010
7.229
1.343
1.828
-0.134
9.855
2.680
5.791
5.377
6.977
2.293
4.457
1.415
8.114
1.846
5.859
4.538
9.387
0.669
4.996
2.999
7.875
1.171
4.511
3.284
11.143
3.054
7.704
6.043
9.022
1.052
4.856
4.305
12.485
2.017
6.054
5.052
10.206
2.279
6.290
3.840
10.060
2.943
6.262
3.831
9.740
-0.208
3.825
1.669
9.165
0.903
4.233
3.958
5.309
-0.023
2.754
-3.812
2.650
3.296
3.896
6.348
5.839
1.959
4.678
10.844
5.157
1.559
4.576
9.224
5.013
1.473
2.873
9.846
5.511
1.503
4.669
9.551
3.712
1.336
1.452
6.858
2.425
-3.928
-0.323
5.101
2.380
-0.258
2.601
6.726
2.754
-1.293
-0.296
6.864
4.308
1.215
3.241
5.502
8.314
12.890
7.336
2.108
7.531
8.972
6.231
3.958
9.174
11.276
6.755
1.988
9.012
8.804
6.273
2.524
7.617
8.770
5.027
1.575
9.536
11.536
5.980
1.903
7.753
11.333
7.035
3.071
5.576
6.109
4.249
0.827
7.061
11.439
7.393
3.001
8.154
11.327
7.283
2.926
3.010
2.456
8.654
2.648
5.640
3.992
9.545
2.883
5.136
5.127
6.462
2.124
7.578
4.165
9.920
3.271
8.074
6.877
9.561
4.037
3.453
3.332
7.629
2.335
8.062
7.275
9.994
4.341
6.636
4.868
10.755
2.061
4.679
3.366
6.266
2.401
8.721
7.438
10.238
3.896
8.745
8.828
6.177
2.312
8.525
8.320
6.467
1.754
10.357
6.460
6.119
1.670
8.467
5.920
5.288
0.797
2.621
2.420
0.616
0.031
9.379
8.043
6.827
1.872
9.223
7.500
7.415
2.617
5.196
4.814
3.406
2.114
8.521
6.983
4.274
1.180
6.593
6.968
5.154
2.107
8.613
7.981
10.216
2.791
7.334
4.725
8.069
2.414
8.711
6.483
10.117
2.834
7.775
4.915
9.074
2.846
6.711
6.186
8.906
3.845
4.965
4.797
7.499
1.316
9.388
3.674
7.278
1.447
6.869
3.845
5.198
2.137
6.357
5.058
6.768
2.371
6.956
4.397
7.762
2.501
5.822
-1.659
-2.050
4.876
-4.044
-2.636
4.284
-2.331
-3.840
6.057
-2.893
-1.825
3.808
-3.571
-2.481
3.345
-5.250
-6.176
6.083
-3.145
0.171
7.468
-0.623
0.263
5.912
-1.180
-1.728
4.424
-2.508
-5.085
6.313
1.296
-0.374
8.126
1.495
-1.090
7.344
-0.113
-0.388
9.911
3.232
2.753
6.343
-0.147
-1.862
7.981
2.623
0.081
4.438
0.002
-1.709
1.642
-2.375
-5.729
10.760
2.032
-0.152
4.320
1.651
-5.470
7.416
0.352
0.311
8.135
0.512
3.533
8.350
0.907
1.239
3.944
-0.785
-2.463
5.552
-3.356
-1.206
7.855
-0.773
-0.507
5.153
-3.314
-1.357
1.718
-2.618
-1.770
8.980
1.292
2.175
4.976
-2.022
-1.882
5.155
-0.423
-1.385
7.763
1.925
0.639
4.163
-0.462
-0.357
0.718
-0.779
-3.352
5.007
0.425
0.728
5.118
0.552
-1.321
4.549
1.283
-1.215
10.330
4.635
1.549
6.272
3.118
0.345
9.428
3.643
2.028
-0.254
-2.609
0.352
4.553
0.017
0.755
4.518
0.941
1.209
1.647
-3.287
-1.129
3.675
1.254
0.467
2.692
-3.645
-1.443
2.517
-1.071
-0.632
1.731
0.007
-3.431
7.788
2.465
2.855
8.482
4.262
3.452
5.859
2.588
-0.570
10.724
5.688
2.730
6.270
1.545
0.605
5.550
-0.146
-1.433
5.836
3.027
0.238
4.971
1.574
0.908
9.628
5.844
3.883
8.145
3.140
2.745
6.724
2.607
0.891
3.795
1.338
-1.628
-9.143
-6.768
-1.273
-11.206
-8.616
-10.785
-7.389
-2.842
-12.483
-11.565
-11.930
-10.268
-5.260
-11.316
-11.868
-9.960
-8.378
-3.315
-12.249
-10.627
-8.954
-9.300
-1.380
-12.961
-8.924
-13.100
-9.697
-4.937
-12.907
-12.020
-8.220
-7.288
-1.446
-9.773
-7.145
-7.430
-5.078
0.313
-8.307
-6.354
-7.658
-5.361
-0.843
-13.621
-7.551
-8.764
-6.031
-2.409
-10.866
-9.011
-10.684
-9.454
-6.015
-10.304
-10.200
-14.467
-8.988
-8.230
-8.716
-10.555
-12.146
-7.993
-5.210
-7.358
-9.596
-11.492
-7.686
-5.121
-7.804
-8.055
-13.571
-9.304
-8.394
-11.647
-11.786
-13.831
-8.775
-6.216
-10.305
-9.608
-10.032
-10.185
-6.264
-10.267
-8.529
-7.794
-7.341
-5.906
-7.094
-9.243
-8.357
-7.356
-2.542
-7.634
-6.714
-11.775
-7.811
-5.255
-8.890
-10.362
-5.754
-2.641
4.041
-9.234
-4.965
-7.796
-6.207
2.531
-10.952
-4.987
-8.409
-7.361
1.499
-12.958
-3.199
-5.755
-2.618
4.317
-11.827
-2.584
-4.311
-8.356
4.215
-11.853
-4.890
-8.542
-5.206
1.794
-9.832
-5.457
-5.171
-5.898
4.351
-11.459
-4.058
-7.087
-5.743
0.944
-9.989
-5.551
-4.780
-4.496
3.837
-9.460
-2.581
-11.675
-8.432
0.086
-17.039
-9.106
-12.623
-8.254
-6.662
-7.956
-5.899
-7.031
-7.083
-5.628
-8.236
-5.943
-6.955
-7.233
-4.670
-6.404
-7.420
-10.240
-6.278
-4.265
-8.481
-7.336
-7.177
-6.927
-3.977
-7.616
-6.639
-6.070
-5.600
-3.301
-4.468
-4.528
-7.712
-12.026
-3.684
-13.896
-10.010
-7.750
-5.959
-4.967
-6.541
-3.972
-8.792
-6.689
-5.456
-10.847
-5.358
-10.530
-6.330
-3.769
-9.333
-3.871
-6.341
-9.647
-5.381
-9.010
-8.735
-4.090
-5.940
-3.050
-4.270
-6.635
-7.057
-8.453
-2.204
-6.283
-8.933
-7.074
-7.176
-3.403
-8.592
-9.557
-5.854
-7.692
-0.636
-4.733
-5.924
-6.328
-9.985
-3.721
-5.655
-8.523
-7.354
-4.624
-0.790
-8.083
-7.939
-8.545
-9.129
-4.925
-5.671
-8.348
-5.123
-4.666
-2.410
-6.377
-7.063
-7.319
-6.988
-0.918
-11.795
-9.855
-0.483
6.670
-6.823
-0.972
-2.198
-0.355
4.149
-6.421
-2.805
-8.731
-0.525
8.132
-6.960
-0.886
-5.075
-3.416
3.279
-10.720
-1.301
-6.471
-4.386
2.908
-9.081
-0.051
-3.844
-1.806
4.602
-6.479
-0.768
-6.023
-1.496
3.428
-8.061
-0.305
-6.611
-1.253
6.429
-6.119
-0.895
-3.662
-0.107
4.308
-7.768
-1.702
-6.324
-1.431
3.141
-7.348
-1.914
-5.873
-9.910
-5.677
-10.588
-6.306
-6.900
-6.451
-3.862
-9.940
-2.847
-3.553
-7.989
-5.078
-9.952
-7.989
-6.801
-7.114
-4.436
-9.793
-6.151
-6.311
-7.612
-1.609
-9.016
-3.388
-2.302
-5.349
-4.813
-9.949
-5.629
-7.000
-9.780
-6.545
-10.681
-6.065
-5.334
-5.705
-5.237
-10.890
-4.770
-7.918
-8.166
-4.382
-10.582
-5.592
-4.158
-8.367
-4.682
-12.473
-6.636
-7.653
-1.879
1.787
-1.631
-9.149
-7.290
-2.778
1.239
-3.394
-7.904
-11.453
-3.172
-0.506
-1.232
-9.393
-10.883
-0.820
3.568
-4.194
-5.133
-6.702
-0.827
2.606
-4.143
-4.389
-7.546
-4.962
-0.797
-3.062
-6.991
-10.146
-4.566
0.407
-2.121
-9.076
-7.824
-3.535
3.360
-0.781
-4.526
-6.689
0.760
2.195
-3.832
-4.577
-6.685
-2.845
0.812
-3.558
-3.473
-7.343
-4.957
0.315
-9.415
-6.333
-3.726
-0.913
2.172
-7.902
-6.660
-6.111
-3.577
2.756
-9.360
-5.907
-4.299
-2.438
2.097
-8.241
-5.579
-6.076
-8.972
-1.297
-12.631
-4.665
-5.420
-2.279
2.703
-7.592
-7.007
-2.971
-5.526
1.738
-7.932
-5.068
-3.712
-1.686
4.127
-7.726
-5.271
-4.129
-4.489
4.205
-5.612
-6.355
-3.185
-5.824
0.544
-8.007
-5.124
-4.017
-1.853
3.875
-1.548
-5.763
-5.304
-2.752
2.608
-1.920
-3.599
-4.454
-0.722
3.760
-3.134
-5.127
-5.057
-1.162
1.992
-0.568
-6.949
-6.037
-0.876
2.865
-0.344
-5.514
-4.863
-1.822
-0.131
-6.092
-5.223
-3.893
-2.889
0.956
-6.669
-3.995
-5.491
-1.032
6.071
-1.180
-4.503
-2.101
-2.646
3.743
-5.889
-4.156
-5.439
-3.609
2.288
-5.226
-6.391
-6.192
-5.470
-7.681
-5.228
-7.182
-9.890
-8.609
-4.690
-13.079
-8.254
-6.355
-11.208
-5.853
-6.923
-8.095
-6.954
-5.185
-10.670
-8.673
-8.419
-9.027
-4.019
-5.548
-7.720
-6.860
-4.849
-7.842
-6.791
-2.850
-8.039
-6.817
-15.229
-9.065
-7.388
-9.637
-4.684
-2.437
-12.068
-5.811
-4.098
-14.826
-7.106
-6.708
-12.944
-4.735
-2.164
-13.927
-5.771
-5.825
-13.263
-4.158
-1.775
-11.509
-7.922
-3.997
-13.059
-6.283
-6.041
-13.719
-5.917
-3.073
-7.314
-9.662
-5.875
-9.823
-8.121
-4.004
-7.061
-7.494
-2.919
-7.671
-6.103
-2.423
-6.247
-7.261
-3.613
-7.691
-9.271
-4.791
-6.380
-9.233
-1.354
-8.290
-9.026
-4.126
-6.961
-5.528
-4.748
-7.325
-8.150
-2.640
-2.960
-2.849
-4.831
-2.643
-3.178
-4.483
-3.861
-2.345
-5.249
-1.842
-2.751
-6.208
-2.347
-4.075
-6.154
-0.363
-1.978
-4.313
-2.723
-3.758
-6.452
-2.545
-1.475
-4.584
-2.630
0.173
-2.383
-3.559
-3.675
-5.438
-4.251
-7.834
-8.031
-3.310
-5.251
-6.649
-4.728
-6.130
-6.848
-5.066
-4.672
-6.957
-5.883
-2.915
-5.301
-3.197
-6.686
-7.537
-4.901
-5.679
-6.161
-5.939
-6.144
-7.860
-5.084
-6.529
-7.844
-7.948
-5.667
-5.282
-6.145
-5.143
-8.759
-3.685
-1.776
-7.892
-7.447
-2.182
-5.305
-6.474
-3.988
-7.677
-5.071
-2.526
-8.923
-7.126
-4.051
-8.532
-8.632
-1.215
-6.538
-9.582
-3.764
-7.692
-9.434
-4.827
-7.446
-6.338
-3.154
-7.710
