-6.034
-5.467
-5.943
-4.843
-3.188
-4.373
-4.340
-4.795
-6.561
-6.707
-6.318
-5.279
-6.942
-5.338
-5.780
-5.443
-7.547
-3.708
-4.696
-3.901
-5.045
-5.391
-6.388
-3.443
-6.912
-4.478
-7.378
-5.861
-5.251
-3.249
-5.924
-5.018
-2.666
-1.388
-5.286
-4.185
-5.582
-2.775
-2.962
-3.678
1.633
-2.743
1.645
-4.767
1.499
-4.787
0.906
-5.610
0.508
-7.822
-2.228
-5.165
0.604
-3.378
1.248
-6.669
1.925
-2.846
0.533
-7.076
1.276
-3.465
0.883
-3.106
3.620
-2.744
2.666
-4.131
2.622
-4.582
4.043
-1.075
3.517
-3.538
2.017
-4.275
2.696
-3.565
1.093
-2.562
2.926
-2.109
4.668
2.755
1.833
-0.170
4.019
1.416
2.769
0.142
5.738
2.983
3.936
0.778
4.049
1.979
1.983
0.232
4.877
4.167
2.982
0.108
4.777
1.963
1.322
-0.813
4.400
1.541
1.920
-2.627
2.741
0.990
2.404
0.737
5.591
3.565
2.783
0.353
6.528
3.754
4.745
0.329
3.629
1.854
3.957
-0.086
2.716
0.145
4.404
-0.006
3.484
-0.505
3.713
0.803
3.960
1.647
3.024
0.044
2.528
-0.237
3.878
-0.615
3.502
0.067
3.233
-0.777
1.661
-1.620
4.290
0.320
3.247
1.466
2.643
0.011
2.357
-0.244
3.038
0.187
3.331
1.019
4.491
-0.857
1.875
-0.557
4.071
0.197
2.396
-0.180
5.353
0.682
3.437
1.030
4.166
-0.640
2.149
-0.098
6.315
-0.029
3.054
0.477
5.263
-0.007
2.699
-0.178
4.562
0.388
2.886
0.140
4.588
-1.273
1.643
-1.287
4.655
-0.369
1.944
0.068
3.138
-0.566
0.836
-3.704
-0.264
1.947
2.558
3.633
0.338
0.402
3.378
5.266
0.490
0.377
3.433
4.741
-0.205
-0.289
2.458
5.061
0.348
-0.165
3.191
4.899
-0.088
0.220
1.974
3.101
-0.153
-3.137
1.081
2.980
-0.106
-0.326
2.349
3.973
-0.519
-1.451
1.125
3.337
0.272
-0.044
2.942
2.828
5.051
3.522
0.576
2.211
3.964
2.453
1.645
3.770
4.788
2.928
0.123
1.866
4.384
2.212
1.575
2.349
4.287
0.778
-0.148
1.459
5.048
2.627
-0.702
1.636
4.623
3.221
1.570
2.879
3.227
0.437
0.082
1.589
4.308
3.147
0.888
2.715
4.467
2.695
1.009
2.914
-0.123
-0.576
5.089
2.207
1.947
0.681
5.123
2.832
1.901
1.882
3.834
1.795
2.805
0.371
5.070
3.728
3.208
1.024
4.273
3.577
0.352
0.648
4.828
1.667
3.345
1.827
4.955
4.404
1.726
0.196
5.825
2.305
1.477
0.465
3.576
1.904
3.734
1.894
4.966
3.944
4.388
1.470
0.779
2.364
3.750
2.934
2.072
1.920
4.509
-0.332
0.772
1.806
4.098
-0.214
-0.283
1.177
1.715
-1.447
-0.713
0.391
4.288
0.723
0.807
1.660
4.859
2.318
1.752
3.046
2.840
0.396
0.541
2.031
4.019
-0.664
-0.790
1.135
3.185
1.105
0.473
2.139
4.740
3.528
2.289
3.136
3.843
2.231
0.691
3.175
4.703
3.140
1.733
3.478
3.948
2.064
1.517
3.425
3.212
3.415
2.162
3.698
2.938
2.628
1.482
1.977
3.806
0.784
0.124
1.998
3.232
1.047
0.212
2.217
3.587
2.352
0.362
2.506
3.442
1.752
0.584
3.022
1.846
-2.004
-2.907
2.044
-3.275
-2.478
2.410
-2.292
-3.295
2.258
-3.185
-2.165
1.613
-2.925
-2.397
0.987
-5.330
-5.719
2.256
-3.596
-1.052
2.902
-1.604
-0.975
2.117
-2.112
-2.259
2.572
-2.299
-3.701
2.164
1.463
-1.303
3.409
1.622
-2.505
3.368
0.708
-1.394
3.574
2.314
0.050
2.327
-0.037
-2.714
2.577
1.917
-1.866
1.831
0.174
-2.019
0.418
-2.050
-4.410
4.018
1.575
-1.844
1.837
1.030
-4.486
3.049
0.699
-0.101
3.085
0.029
1.451
2.711
0.934
0.261
2.096
0.235
-1.506
2.062
-2.210
-2.000
3.233
-0.236
-1.211
2.127
-2.394
-0.909
0.272
-1.880
-0.422
3.334
1.387
0.197
2.287
-1.263
-1.731
2.357
-1.293
-1.233
2.996
0.112
-0.376
2.022
-1.674
-0.430
0.312
-1.109
-2.721
2.493
-0.470
0.661
2.932
0.082
-1.131
1.816
-0.223
-1.796
4.353
1.501
-0.027
2.211
0.569
-0.895
3.761
1.166
0.336
-0.564
-2.061
-0.031
1.432
-1.294
0.211
1.233
-0.779
0.327
0.867
-3.738
-1.038
0.883
-0.312
-0.179
1.267
-3.391
-1.098
0.763
-1.731
-0.416
0.011
-1.010
-3.346
2.979
0.403
1.074
3.066
1.496
1.527
2.783
0.870
-0.868
4.967
2.595
1.168
2.395
-0.082
-0.473
2.946
-0.447
-1.502
2.885
1.566
-0.440
1.513
-0.031
0.070
4.279
2.930
2.261
3.076
0.769
1.104
2.862
0.390
0.161
1.745
-0.258
-1.602
-6.420
-4.491
1.719
-8.235
-1.743
-7.047
-4.542
0.159
-7.700
-2.851
-7.914
-6.786
-0.662
-7.524
-3.891
-6.223
-5.015
0.253
-8.181
-3.262
-6.222
-6.017
1.240
-9.250
-3.097
-9.126
-6.960
-0.177
-8.834
-2.754
-5.527
-4.335
1.502
-6.089
-1.282
-4.742
-2.501
1.623
-5.225
-0.726
-5.449
-3.405
2.390
-9.670
-2.296
-5.723
-3.766
0.324
-6.825
-1.720
-7.343
-6.501
-4.259
-6.172
0.156
-9.360
-5.962
-5.970
-5.197
-0.758
-7.378
-4.749
-3.791
-3.577
0.675
-8.115
-5.432
-4.643
-4.699
1.401
-8.416
-6.087
-5.510
-6.741
0.044
-9.263
-6.396
-5.703
-5.981
0.970
-6.649
-7.269
-5.118
-6.461
0.492
-5.211
-5.159
-4.534
-4.278
0.751
-5.319
-4.779
-2.811
-4.402
0.938
-8.087
-5.510
-4.890
-5.340
-1.123
-4.236
-1.010
2.850
-6.607
-1.016
-5.281
-3.144
2.059
-7.523
-2.319
-5.418
-4.378
0.054
-8.953
-2.577
-4.036
-1.095
1.667
-8.414
-2.317
-2.311
-5.635
1.253
-8.178
-3.416
-5.218
-2.879
0.720
-7.001
-2.923
-3.605
-3.625
1.937
-8.169
-2.016
-4.479
-3.139
1.221
-6.926
-1.923
-3.263
-2.422
2.357
-6.904
-2.157
-7.311
-5.237
0.747
-11.855
-4.865
-8.132
-5.196
-4.092
-4.529
1.835
-4.333
-4.035
-3.423
-4.368
1.934
-4.004
-3.997
-2.120
-2.738
0.774
-6.101
-3.715
-2.111
-5.282
-0.595
-3.877
-4.301
-2.014
-4.427
0.841
-2.857
-3.184
-1.565
-1.492
0.534
-4.892
-7.867
-2.617
-9.333
-3.444
-4.744
-3.475
-2.968
-3.159
2.467
-5.110
-3.553
-3.315
-6.388
1.405
-6.278
-3.095
-2.628
-5.233
2.441
-3.083
-6.455
-3.159
-4.392
-1.924
-2.923
-3.792
-1.819
-2.097
-0.550
-4.507
-5.400
-1.425
-3.041
-0.260
-4.828
-4.442
-2.469
-5.130
-1.247
-3.631
-4.777
-0.673
-2.007
-0.183
-3.600
-6.481
-2.078
-2.084
-0.578
-4.058
-2.027
0.362
-4.309
-0.106
-5.813
-6.132
-3.187
-3.191
-0.148
-3.974
-3.643
-2.146
-3.773
-1.174
-4.667
-5.010
-1.953
-7.344
-1.743
2.819
2.427
-5.980
-0.177
-2.203
3.009
1.503
-5.474
-1.526
-6.356
3.493
3.359
-6.466
-0.151
-4.195
1.647
0.886
-9.092
-0.066
-4.931
1.184
0.461
-8.083
1.081
-2.463
2.262
1.713
-5.774
-0.118
-4.337
2.570
0.136
-7.683
0.627
-5.290
2.752
2.005
-5.527
-0.002
-2.923
3.374
1.384
-6.294
-0.532
-4.269
2.566
-0.008
-6.735
-0.712
-4.324
-5.758
-5.252
-9.627
-4.192
-5.193
-4.092
-4.090
-9.961
-1.853
-2.832
-5.387
-4.260
-8.688
-5.809
-5.298
-3.427
-4.566
-9.406
-4.087
-5.540
-2.912
-2.094
-8.078
-1.683
-1.871
-3.203
-4.221
-8.607
-3.520
-5.265
-4.905
-4.296
-9.323
-3.655
-3.668
-3.716
-5.006
-9.375
-3.537
-6.395
-4.591
-3.975
-9.669
-3.538
-2.916
-4.560
-4.244
-11.073
-4.537
-6.462
1.266
-0.255
-1.070
-7.023
-6.534
1.668
-1.050
-3.096
-6.498
-9.969
0.753
-1.945
-1.236
-7.435
-8.999
2.533
0.374
-4.027
-3.668
-6.124
2.487
-0.506
-4.126
-3.292
-6.665
0.341
-2.130
-2.685
-4.880
-8.102
0.714
-1.442
-1.882
-6.719
-6.612
1.336
-0.162
-1.383
-4.053
-6.523
2.207
0.159
-2.864
-3.391
-5.996
1.426
-0.844
-3.412
-2.352
-6.028
-2.388
0.283
-8.663
-4.173
-2.638
0.425
0.948
-6.668
-4.340
-4.299
-1.686
2.009
-8.765
-4.669
-2.947
-0.485
1.758
-7.089
-3.657
-4.392
-4.085
0.211
-11.334
-2.805
-3.371
-0.451
2.182
-6.245
-4.255
-1.993
-1.530
1.290
-7.072
-3.380
-2.502
0.119
2.708
-6.211
-4.158
-3.858
-1.232
2.716
-4.873
-5.071
-2.639
-1.635
0.971
-7.091
-3.330
-2.916
0.882
3.029
-0.535
-4.128
-4.290
0.174
2.284
-1.417
-2.506
-3.364
1.369
3.049
-1.811
-3.763
-4.077
0.863
0.720
0.631
-4.705
-4.847
1.223
2.094
0.550
-4.016
-4.234
-0.196
0.951
-4.776
-3.378
-2.675
0.667
1.237
-4.681
-2.080
-4.207
1.839
3.425
-1.199
-2.977
-2.014
0.662
2.951
-4.074
-2.926
-4.667
0.109
2.446
-3.505
-4.180
-4.688
-3.658
-4.931
-3.612
-4.989
-6.568
-5.694
-2.972
-8.583
-4.964
-3.757
-7.435
-4.278
-5.391
-5.246
-4.868
-3.356
-7.524
-5.810
-5.993
-5.591
-2.576
-3.787
-4.283
-4.940
-3.725
-4.880
-5.242
-1.899
-5.283
-5.185
-12.377
-6.919
-5.510
-8.435
-3.764
-2.204
-10.121
-4.066
-2.603
-12.277
-5.677
-4.838
-9.862
-3.588
-1.175
-11.822
-4.751
-4.422
-11.618
-4.018
-1.729
-9.116
-5.132
-2.132
-10.910
-5.085
-4.630
-12.052
-4.755
-1.921
-4.595
-6.720
-4.152
-7.420
-4.890
-3.396
-5.095
-4.940
-2.405
-5.251
-4.195
-1.752
-4.809
-4.817
-3.017
-5.205
-5.973
-3.654
-3.698
-5.906
-1.231
-5.449
-5.543
-3.240
-4.639
-3.688
-3.571
-3.879
-5.243
-1.731
1.944
-2.015
-3.830
2.175
-2.658
-3.583
1.054
-2.475
-4.436
1.364
-2.843
-5.319
1.925
-3.402
-5.035
3.654
-1.985
-3.917
0.860
-3.267
-5.649
1.498
-1.829
-3.950
1.968
-0.177
-2.408
1.254
-2.903
-3.626
-0.968
-6.428
-6.094
1.027
-4.856
-5.239
-0.863
-4.713
-5.537
-0.262
-3.713
-5.388
-0.023
-2.155
-3.369
-0.459
-4.663
-5.687
-0.410
-4.245
-4.536
-1.327
-4.562
-6.070
-0.223
-5.137
-5.523
-1.331
-4.085
-3.929
-0.284
-3.679
-7.214
1.237
-1.331
-6.133
-1.478
-1.487
-4.417
0.389
-2.490
-5.929
0.247
-1.230
-7.330
0.464
-2.692
-6.852
-0.069
-0.543
-4.940
-0.749
-2.329
-6.593
-1.206
-3.023
-6.587
0.903
-2.211
-6.469
