-6.034
-5.467
-5.943
-4.843
-3.188
-4.373
-4.340
-4.795
-6.561
-6.707
-6.318
-5.279
-6.942
-5.338
-5.780
-5.443
-7.547
-3.708
-4.696
-3.901
-5.045
-5.391
-6.388
-3.443
-6.912
-4.478
-7.378
-5.861
-5.251
-3.249
-5.924
-5.018
-2.666
-1.388
-5.286
-4.185
-5.582
-2.775
-2.962
-3.678
1.633
-2.743
1.645
-4.767
1.499
-4.787
0.906
-5.610
0.508
-7.822
-2.228
-5.165
0.604
-3.378
1.248
-6.669
1.925
-2.846
0.533
-7.076
1.276
-3.465
0.883
-3.106
3.620
-2.744
2.666
-4.131
2.622
-4.582
4.043
-1.075
3.517
-3.538
2.017
-4.275
2.696
-3.565
1.093
-2.562
4.055
-2.109
2.402
2.755
2.785
-0.170
2.596
1.416
4.090
0.142
3.696
2.983
4.565
0.778
2.246
1.979
3.415
0.232
2.443
4.167
3.923
0.108
3.126
1.963
2.645
-0.813
2.424
1.541
2.652
-2.627
1.089
0.990
3.793
0.737
3.483
3.565
4.433
0.353
3.983
3.754
4.710
0.329
3.061
1.854
4.009
-0.086
1.794
0.145
4.570
-0.006
2.424
-0.505
4.165
0.803
2.793
1.647
3.114
0.044
1.985
-0.237
4.150
-0.615
2.478
0.067
3.371
-0.777
0.254
-1.620
4.288
0.320
2.623
1.466
2.862
0.011
1.554
-0.244
3.299
0.187
2.786
1.019
4.045
-0.857
1.576
-0.557
3.849
0.197
2.032
-0.180
4.900
0.682
3.627
1.030
3.944
-0.640
1.557
-0.098
5.801
-0.029
2.536
0.477
4.854
-0.007
2.322
-0.178
4.303
0.388
2.636
0.140
4.148
-1.273
1.109
-1.287
4.229
-0.369
1.524
0.068
2.633
-0.566
0.931
-3.704
0.405
1.947
2.435
3.633
1.422
0.402
2.118
5.266
1.487
0.377
2.375
4.741
0.877
-0.289
0.951
5.061
1.286
-0.165
2.248
4.899
0.821
0.220
0.600
3.101
0.719
-3.137
-0.727
2.980
0.675
-0.326
1.635
3.973
0.455
-1.451
-0.729
3.337
1.250
-0.044
1.763
2.828
3.541
6.242
0.576
2.211
3.231
4.062
1.645
3.770
3.589
5.346
0.123
1.866
3.632
4.126
1.575
2.349
3.085
3.896
-0.148
1.459
3.776
5.385
-0.702
1.636
3.445
5.417
1.570
2.879
2.276
2.895
0.082
1.589
2.879
5.598
0.888
2.715
3.054
5.379
1.009
2.914
0.008
-0.641
5.089
2.207
2.126
0.891
5.123
2.832
1.802
1.963
3.834
1.795
2.946
1.128
5.070
3.728
3.064
2.080
4.273
3.577
0.429
0.345
4.828
1.667
3.077
2.778
4.955
4.404
1.832
0.621
5.825
2.305
1.552
0.716
3.576
1.904
3.635
2.742
4.966
3.944
3.442
3.973
0.779
2.364
3.455
3.628
2.072
1.920
3.998
2.363
0.772
1.806
3.478
2.416
-0.283
1.177
0.915
0.952
-0.713
0.391
3.303
3.556
0.807
1.660
4.658
3.604
1.752
3.046
2.428
1.942
0.541
2.031
3.235
2.354
-0.790
1.135
2.460
2.942
0.473
2.139
4.884
3.765
2.289
3.136
4.720
1.595
0.691
3.175
5.399
2.742
1.733
3.478
4.638
1.808
1.517
3.425
3.614
2.689
2.162
3.698
3.375
2.069
1.482
1.977
4.868
0.477
0.124
1.998
3.604
1.370
0.212
2.217
3.983
2.241
0.362
2.506
4.027
1.563
0.584
3.022
1.727
-2.004
-2.907
1.909
-3.275
-2.478
2.320
-2.292
-3.295
2.146
-3.185
-2.165
1.479
-2.925
-2.397
0.811
-5.330
-5.719
2.108
-3.596
-1.052
2.778
-1.604
-0.975
1.994
-2.112
-2.259
2.493
-2.299
-3.701
2.233
1.463
-1.303
3.443
1.622
-2.505
3.398
0.708
-1.394
3.641
2.314
0.050
2.364
-0.037
-2.714
2.638
1.917
-1.866
1.864
0.174
-2.019
0.440
-2.050
-4.410
4.070
1.575
-1.844
1.888
1.030
-4.486
3.096
0.699
-0.101
3.123
0.029
1.451
2.778
0.934
0.261
2.155
0.235
-1.506
2.087
-2.210
-2.000
3.261
-0.236
-1.211
2.125
-2.394
-0.909
0.285
-1.880
-0.422
3.402
1.387
0.197
2.299
-1.263
-1.731
3.046
-1.235
-0.376
3.441
0.354
0.337
2.415
-1.075
0.098
0.444
-0.982
-1.986
2.567
0.357
1.058
3.422
0.236
-0.262
2.617
-0.490
-1.438
4.393
2.389
0.856
2.552
0.624
-0.351
3.937
1.769
0.998
-2.791
0.777
1.062
-0.354
1.229
1.768
-0.981
2.350
1.570
-0.907
-0.382
0.439
-1.248
2.316
1.202
-0.110
-0.583
0.427
-1.331
1.435
0.826
-1.321
0.850
-2.100
1.504
2.922
2.141
1.275
4.010
2.678
3.006
0.964
0.081
4.652
3.634
2.196
2.939
0.007
-0.040
2.969
0.444
-0.344
3.161
1.578
0.184
1.660
0.203
0.359
4.101
3.453
2.844
2.869
1.570
1.802
2.617
1.363
0.946
1.745
0.236
-0.751
-6.420
-4.491
1.716
-8.235
-1.637
-7.047
-4.542
0.130
-7.700
-3.504
-7.914
-6.786
-0.656
-7.524
-3.836
-6.223
-5.015
0.296
-8.181
-3.523
-6.222
-6.017
1.214
-9.250
-3.381
-9.126
-6.960
-0.146
-8.834
-2.940
-5.527
-4.335
1.503
-6.089
-1.292
-4.742
-2.501
1.625
-5.225
-0.791
-5.449
-3.405
2.371
-9.670
-1.995
-5.723
-3.766
0.368
-6.825
-1.892
-7.343
-6.501
-4.204
-6.172
-3.538
-9.360
-5.962
-5.921
-5.197
-4.076
-7.378
-4.749
-3.749
-3.577
-2.143
-8.115
-5.432
-4.577
-4.699
-2.162
-8.416
-6.087
-5.439
-6.741
-3.476
-9.263
-6.396
-5.655
-5.981
-3.230
-6.649
-7.269
-5.085
-6.461
-2.939
-5.211
-5.159
-4.496
-4.278
-2.140
-5.319
-4.779
-2.786
-4.402
-1.883
-8.087
-5.510
-4.844
-5.340
-4.302
-4.236
-1.010
2.834
-6.607
-0.738
-5.281
-3.144
2.013
-7.523
-1.842
-5.418
-4.378
0.051
-8.953
-2.286
-4.036
-1.095
1.629
-8.414
-1.925
-2.311
-5.635
1.195
-8.178
-3.004
-5.218
-2.879
0.669
-7.001
-2.795
-3.605
-3.625
1.873
-8.169
-1.936
-4.479
-3.139
1.186
-6.926
-1.903
-3.263
-2.422
2.294
-6.904
-1.588
-7.311
-5.237
0.708
-11.855
-4.941
-8.132
-5.196
-4.000
-4.529
1.951
-4.333
-4.035
-3.393
-4.368
2.020
-4.004
-3.997
-2.078
-2.738
0.841
-6.101
-3.715
-2.132
-5.282
-0.555
-3.877
-4.301
-2.022
-4.427
0.822
-2.857
-3.184
-1.570
-1.492
0.615
-4.892
-7.867
-2.640
-9.333
-3.798
-4.744
-3.475
-2.945
-3.159
2.597
-5.110
-3.553
-3.288
-6.388
1.327
-6.278
-3.095
-2.524
-5.233
2.541
-3.083
-6.455
-3.007
-4.392
-1.941
-2.923
-3.792
-1.661
-2.097
-0.212
-4.507
-5.400
-1.257
-3.041
-0.209
-4.828
-4.442
-2.304
-5.130
-1.001
-3.631
-4.777
-0.617
-2.007
-0.566
-3.600
-6.481
-1.894
-2.084
-0.050
-4.058
-2.027
0.514
-4.309
0.127
-5.813
-6.132
-2.964
-3.191
0.030
-3.974
-3.643
-1.981
-3.773
-1.029
-4.667
-5.010
-1.762
-7.344
-2.124
2.082
1.822
-4.612
2.158
-2.203
1.691
1.139
-3.888
1.555
-6.356
2.224
3.484
-5.043
3.343
-4.195
0.780
-0.270
-7.186
2.380
-4.931
-0.127
0.565
-6.359
2.504
-2.463
1.546
0.899
-4.486
2.236
-4.337
0.766
0.237
-5.712
2.507
-5.290
1.720
1.586
-4.437
2.607
-2.923
1.882
1.050
-4.426
1.852
-4.269
1.087
-1.604
-4.983
1.680
-4.324
-5.747
-5.278
-8.487
-2.358
-5.193
-4.234
-3.765
-8.663
-0.318
-2.832
-4.083
-5.868
-8.026
-3.419
-5.298
-3.527
-6.053
-7.889
-1.295
-5.540
-2.719
-2.764
-6.868
0.160
-1.871
-3.445
-4.827
-7.349
-1.310
-5.265
-4.319
-5.534
-8.264
-1.599
-3.668
-4.017
-5.728
-7.927
-1.728
-6.395
-4.659
-3.702
-8.494
-1.277
-2.916
-4.561
-4.232
-9.688
-2.032
-6.462
1.015
-1.636
0.759
-4.185
-6.534
0.610
-2.249
-0.609
-3.489
-9.969
0.510
-4.650
0.463
-4.755
-8.999
2.259
-2.252
-1.732
-1.313
-6.124
1.657
-2.299
-1.548
-1.595
-6.665
0.254
-5.195
-0.834
-3.323
-8.102
0.246
-3.489
0.343
-4.294
-6.612
0.605
-1.291
0.768
-1.992
-6.523
1.543
-0.678
-1.207
-0.996
-5.996
1.181
-3.048
-1.557
-1.135
-6.028
-0.790
-1.082
-7.581
-2.675
-2.638
1.140
-0.288
-4.944
-2.028
-4.299
0.941
-0.499
-7.421
-2.929
-2.947
2.001
-1.977
-5.871
-1.963
-4.392
-2.026
-1.320
-9.996
-1.895
-3.371
1.815
-0.329
-4.964
-2.458
-1.993
0.694
-1.615
-6.187
-1.853
-2.502
2.397
-0.198
-5.005
-1.779
-3.858
1.447
-0.086
-4.000
-2.738
-2.639
0.577
-2.172
-6.015
-1.447
-2.916
2.552
0.925
0.181
-2.068
-4.290
1.818
0.055
-1.117
-1.518
-3.364
2.993
0.685
-0.926
-1.781
-4.077
1.293
-0.815
1.268
-2.478
-4.847
2.544
-0.110
1.336
-2.123
-4.234
1.692
-1.742
-4.102
-1.662
-2.675
1.639
-1.127
-3.632
-0.369
-4.207
3.187
0.912
-0.249
-0.919
-2.014
2.226
0.861
-3.107
-0.990
-4.667
1.795
-0.014
-2.664
-2.286
-4.688
1.003
-4.931
-2.084
-1.369
-6.568
-3.601
0.082
-8.583
-3.357
-0.358
-7.435
-2.186
-1.110
-5.246
-2.644
1.133
-7.524
-4.391
-0.991
-5.591
-1.653
-0.493
-4.283
-3.167
1.105
-4.880
-2.740
1.025
-5.283
-3.409
-9.317
-6.919
-5.050
-6.143
-3.764
-1.856
-7.783
-4.066
-3.332
-9.873
-5.677
-5.149
-7.350
-3.588
-1.909
-9.649
-4.751
-4.770
-8.801
-4.018
-2.340
-6.874
-5.132
-2.170
-8.825
-5.085
-4.641
-9.818
-4.755
-3.197
-3.387
-6.720
0.757
-4.877
-4.890
0.889
-3.284
-4.940
1.983
-3.877
-4.195
2.618
-2.613
-4.817
1.296
-3.191
-5.973
1.391
-1.996
-5.906
2.995
-3.556
-5.543
1.404
-2.714
-3.688
0.721
-2.618
-5.243
2.370
2.562
-2.015
-3.830
2.220
-2.658
-3.583
1.584
-2.475
-4.436
2.326
-2.843
-5.319
2.649
-3.402
-5.035
4.258
-1.985
-3.917
1.561
-3.267
-5.649
2.357
-1.829
-3.950
2.366
-0.177
-2.408
1.951
-2.903
-3.626
-1.498
-6.428
-6.094
0.008
-4.856
-5.239
-1.696
-4.713
-5.537
-1.305
-3.713
-5.388
-1.067
-2.155
-3.369
-0.556
-4.663
-5.687
-1.181
-4.245
-4.536
-1.937
-4.562
-6.070
-0.842
-5.137
-5.523
-1.883
-4.085
-3.929
-2.811
-3.679
-7.214
-0.432
-1.331
-6.133
-4.157
-1.487
-4.417
-1.548
-2.490
-5.929
-1.533
-1.230
-7.330
-2.425
-2.692
-6.852
-2.549
-0.543
-4.940
-3.872
-2.329
-6.593
-4.150
-3.023
-6.587
-1.362
-2.211
-6.469
