2.714
6.164
4.293
3.603
4.295
3.663
1.392
5.388
6.869
6.642
4.288
6.075
4.587
0.014
1.735
3.234
4.960
2.111
0.332
2.492
6.589
3.064
6.624
5.204
5.703
6.522
5.624
6.324
6.738
4.545
2.888
3.496
4.070
3.075
2.857
2.715
2.744
4.408
3.260
3.000
6.775
6.591
8.126
7.435
7.457
8.733
8.017
7.398
7.822
7.441
5.289
6.300
4.338
4.784
4.248
4.794
2.278
7.465
4.752
6.688
3.697
4.592
4.194
4.909
3.848
3.817
4.584
3.488
4.071
5.100
3.414
3.877
2.463
2.412
0.670
2.715
3.012
2.572
3.363
5.235
7.473
6.483
7.035
5.490
5.297
6.107
7.128
6.267
6.466
6.596
5.619
6.134
5.238
3.436
5.001
4.259
4.397
5.158
4.698
3.896
5.940
5.002
6.274
5.208
5.753
6.169
6.421
6.329
5.397
5.224
5.324
5.641
4.498
3.492
5.632
6.855
3.701
3.486
3.991
5.779
5.705
5.714
3.975
4.800
4.189
0.363
6.116
1.763
5.040
4.024
3.054
3.383
4.139
2.919
3.293
2.995
4.144
1.496
2.090
2.106
3.605
4.282
3.011
2.244
2.650
3.900
2.682
2.658
4.193
2.820
4.828
4.804
4.269
3.265
2.953
4.639
3.371
4.214
3.408
3.538
6.129
4.552
4.153
3.666
3.825
5.807
5.200
5.038
4.077
3.763
3.221
1.415
0.274
3.218
1.707
2.576
3.398
1.522
1.358
1.736
1.023
6.602
5.898
5.995
5.467
5.130
3.478
4.693
3.956
1.018
-2.186
-0.254
1.149
0.239
0.352
1.823
1.763
0.719
-0.633
0.521
1.472
2.333
-0.561
-1.390
1.680
1.213
2.722
3.514
2.064
2.422
3.468
5.355
4.442
5.454
5.221
5.126
4.307
6.739
5.368
6.307
4.575
5.066
5.569
2.947
5.622
4.300
3.733
3.979
3.960
4.568
0.080
2.490
2.468
3.376
4.864
4.802
3.705
5.125
4.413
5.946
7.261
4.993
5.344
5.187
5.873
7.967
4.521
6.648
5.726
4.379
7.000
6.173
7.852
5.726
7.502
8.755
4.047
4.376
5.333
2.003
2.016
2.724
3.642
3.339
3.640
4.477
3.552
4.110
3.174
2.201
2.123
4.546
4.176
3.384
2.250
2.765
3.330
2.713
3.890
3.663
6.640
3.968
5.396
6.648
5.247
6.756
5.648
5.459
3.699
4.067
3.752
4.095
3.058
2.318
3.051
4.089
2.611
1.558
3.830
3.416
2.746
4.792
4.460
-0.997
3.056
2.088
3.850
2.586
1.020
2.149
3.509
2.045
1.894
1.056
2.127
1.942
1.946
1.979
2.132
2.899
5.394
4.526
4.972
3.204
4.321
2.053
4.742
4.204
3.452
2.985
2.549
5.439
2.355
2.126
4.379
6.783
1.754
4.115
1.756
4.924
