-6.778
-3.083
-4.517
-7.383
-2.941
-4.480
-5.676
-3.205
-3.787
-3.176
-2.657
-2.143
-3.922
-2.421
-2.546
-3.292
-4.416
-3.958
-2.625
-3.887
-0.648
-1.394
-1.566
-2.245
-2.178
1.405
-1.348
-0.520
-1.751
-1.258
0.709
0.929
0.009
-1.176
0.028
-1.332
-0.788
0.174
1.237
0.069
-0.686
0.670
-1.116
1.056
3.000
0.698
0.528
2.525
0.774
1.070
3.050
1.330
0.782
2.741
-0.833
0.426
2.316
-0.200
-0.387
2.404
0.828
1.536
3.440
0.883
1.144
2.682
1.966
0.503
2.192
1.188
1.219
0.434
-0.933
3.409
2.137
2.672
2.639
-0.654
1.370
3.664
0.815
2.406
1.914
2.405
3.415
2.005
1.651
3.003
0.134
0.013
1.864
4.195
3.007
2.549
2.311
0.647
1.231
1.978
2.904
2.124
-2.262
-0.264
-0.907
-0.082
2.189
-0.240
-0.112
1.539
-0.553
-0.495
1.482
0.309
-0.020
2.297
-0.826
-0.991
1.160
-1.329
0.253
2.127
-0.120
0.838
2.549
1.133
-1.866
0.632
-1.760
1.162
2.259
0.695
1.707
-0.517
1.302
1.253
0.490
1.960
1.575
-1.252
0.701
1.448
0.789
2.522
0.655
-0.328
0.875
1.465
0.014
1.900
1.079
-0.545
1.074
1.095
-0.783
0.969
1.269
0.171
2.257
2.547
0.961
3.035
4.167
3.530
4.589
3.629
1.871
4.199
4.684
2.260
3.692
2.711
0.964
2.625
4.225
3.451
2.637
2.751
0.724
4.141
4.379
2.689
5.813
3.467
1.997
4.208
3.378
1.681
3.427
4.642
1.713
3.615
3.185
1.454
5.196
1.203
0.051
3.705
1.737
0.792
4.404
3.124
1.708
3.701
0.603
-0.761
1.763
2.052
0.844
4.939
-1.653
-2.102
2.129
1.765
1.107
3.942
1.565
1.347
4.516
1.549
1.485
4.694
2.477
0.028
2.162
2.114
0.116
1.562
3.234
-0.096
2.670
2.888
0.154
1.861
3.261
0.736
2.504
1.530
-0.258
1.622
3.685
1.384
3.861
4.081
2.399
4.446
1.560
0.534
3.206
2.357
0.311
1.792
3.462
1.195
2.942
3.998
1.803
3.219
4.260
0.229
2.553
1.358
1.077
1.327
3.331
2.131
3.231
4.835
3.349
5.240
4.018
1.163
2.323
2.226
2.546
1.810
2.468
0.426
2.842
3.571
0.913
3.877
1.804
-1.312
3.094
-0.223
1.695
-0.547
3.253
0.033
0.627
-1.042
-0.250
-3.602
3.144
-0.610
-0.605
-4.594
1.688
-1.341
0.473
-2.389
2.330
-1.163
3.645
-0.800
2.733
-1.799
4.370
-1.280
3.588
-3.901
2.974
-2.483
4.795
-1.266
1.404
-4.685
1.947
-2.387
1.955
-4.889
-0.073
-2.066
-0.772
-3.079
-2.426
-1.903
1.128
-0.594
0.518
-0.672
-0.270
-2.010
-1.548
-4.238
-1.133
-1.867
-0.939
-2.510
-1.294
-2.499
1.877
1.022
1.256
1.494
0.407
1.006
-0.555
0.197
-0.320
-1.949
2.149
2.030
0.671
0.704
1.772
1.020
1.712
0.127
0.174
-1.225
0.792
1.623
1.305
0.519
0.128
1.367
1.388
2.441
1.814
1.449
0.631
1.320
-0.312
1.817
-2.521
0.281
-0.482
1.135
-1.982
-0.953
0.669
0.663
0.016
-1.257
-1.162
-0.912
2.204
-0.405
0.219
-1.209
-1.262
0.404
2.112
1.361
-0.316
-1.146
0.396
0.192
1.978
-0.246
-3.752
-1.240
-5.585
-0.778
-4.845
-2.407
-7.865
-2.889
-5.356
-0.884
-7.377
-2.350
-5.754
-2.613
-7.312
-3.107
-6.109
-2.884
-9.315
-3.579
-5.107
-1.135
-7.937
-2.528
-6.101
-1.941
-8.469
-3.840
-5.932
-1.061
-7.379
-3.045
-4.782
-1.901
-7.697
-3.791
-2.392
0.282
-4.857
-1.693
-2.900
-5.716
-7.148
-3.919
-0.433
-4.111
-4.562
-3.433
-2.395
-3.689
-1.391
-2.041
0.580
-5.427
-3.247
-2.802
-3.320
-3.160
-5.301
-3.933
-1.574
-4.653
-4.161
-3.544
-2.650
-2.242
-6.080
-1.839
-2.010
-4.388
-3.766
-3.481
-0.467
-5.418
-4.007
-3.114
-3.128
-2.890
-6.516
-2.698
-1.267
-5.560
-1.116
-3.307
-2.633
-4.435
-2.540
-3.535
-2.565
-5.984
-2.493
-5.401
-4.828
-5.055
-2.983
-5.154
-4.629
-4.749
-2.587
-4.315
-3.906
-4.738
-2.337
-5.804
-3.930
-3.193
-1.668
-4.328
-4.261
-4.466
-2.345
-4.213
-5.775
-5.770
-2.691
-4.316
-4.054
-5.862
-2.334
-4.657
-6.233
-2.406
-1.659
-5.161
-7.852
-2.158
-1.992
-2.682
-8.356
-3.883
0.183
-4.448
-9.396
-3.591
-3.337
-4.730
-8.128
-3.329
-2.545
-4.109
-7.489
-3.446
-2.740
-4.675
-7.914
-2.599
-2.679
-5.086
-7.273
-2.440
-0.916
-3.107
-7.069
-2.725
-0.574
-3.929
-4.788
-1.227
-3.415
-2.900
-1.452
-5.604
-2.500
-0.933
-2.984
-4.395
-2.847
-0.237
-3.681
-6.061
-4.415
-1.679
-2.784
-4.278
-2.642
-0.593
-0.609
-5.792
-2.802
-2.104
-2.941
-3.102
-2.298
-1.510
-3.018
-4.170
-2.865
-2.019
-1.985
-7.993
-4.417
-2.237
-4.573
-7.872
-3.870
-4.712
-0.694
-3.553
-3.058
-2.445
-0.452
-1.154
-2.223
-5.395
-1.825
-5.079
-5.028
-8.017
-2.231
-4.026
-5.495
-6.467
-0.573
-3.495
-4.185
-8.248
-1.866
-3.890
-5.602
-7.776
-1.867
-3.202
-5.292
-7.211
-2.231
-3.606
-6.436
-8.531
0.839
-3.837
-5.873
-7.036
-0.248
-3.051
-4.651
-6.025
-1.529
-2.810
-5.339
-7.584
1.171
-5.275
-0.073
-3.491
0.671
-5.749
0.515
-0.840
-1.447
-5.832
-0.434
-1.927
-0.936
-5.482
-0.760
-4.787
-0.649
-6.002
-0.028
-1.643
1.143
-4.576
0.411
-1.832
-0.801
-4.865
-2.038
-2.871
0.256
-4.807
-0.033
-1.610
1.698
-3.294
0.046
-2.084
-0.314
-6.254
0.411
-2.735
-3.013
-4.423
-9.292
-1.175
-3.471
-1.868
-8.425
-3.168
-2.972
-2.189
-9.213
-1.559
-3.309
-1.766
-9.556
-3.447
-3.463
-4.110
-7.968
-0.736
-2.621
-3.618
-8.844
-1.406
-2.207
-2.796
-7.588
-1.787
-1.297
-1.719
-7.635
-1.147
-2.063
-0.817
-8.667
-1.117
-5.027
-3.331
-10.731
-2.237
-1.811
-5.351
-1.106
-5.563
-0.428
-1.337
-3.006
-6.239
-0.420
-2.168
-1.277
-5.868
-2.985
-4.654
-2.296
-7.399
-2.551
-3.225
-1.665
-4.335
-2.439
-2.133
-1.155
-6.308
-2.230
-1.182
-1.946
-5.867
-0.469
-1.292
-1.401
-5.594
-4.141
-1.424
-1.590
-7.966
-2.410
-4.577
-0.672
-4.471
-2.753
-3.896
-10.314
-6.953
-2.019
-1.741
-9.844
-5.331
-0.796
-0.850
-7.384
-2.825
-2.868
-1.621
-8.761
-3.932
-3.394
-2.037
-10.026
-4.078
-3.401
-2.318
-9.725
-4.400
-3.742
-2.486
-10.236
-3.867
-3.342
-3.457
-9.741
-3.711
-1.771
-3.130
-8.981
-3.915
-2.344
-1.938
-8.760
-3.825
-4.543
-2.384
-2.558
-0.988
-2.170
0.798
-5.136
-2.987
-6.058
-2.936
-5.112
-2.437
-4.800
-1.427
-3.371
-1.026
-5.630
-0.718
-3.529
-1.405
-3.160
-1.193
-3.457
-4.255
-3.306
-0.712
-4.477
-0.336
-0.896
-3.230
-4.273
-1.085
-2.900
-3.353
-6.699
-1.643
-3.935
-1.243
-3.005
-0.968
-7.722
-3.200
-5.888
-2.219
-6.027
-2.669
-5.018
-1.967
-2.874
-1.475
-5.298
-1.238
-5.635
-2.404
-6.347
-1.275
-3.654
-2.710
-6.861
-2.947
-4.080
-3.639
-4.018
-4.136
-2.452
-2.231
-4.288
-5.086
-2.656
-2.841
-4.167
-5.178
-2.690
-3.368
-3.102
-3.431
-2.206
-0.482
-4.798
-3.980
-2.830
-5.044
-2.088
-1.522
-2.558
-1.724
-3.092
-3.142
-4.483
-4.429
-1.460
-3.189
-1.654
-1.030
-3.578
-2.138
-0.203
-0.945
-5.024
-3.627
-1.135
-2.959
-3.232
-2.282
-1.831
-2.438
-0.333
-1.328
-2.935
-2.877
-2.087
-1.652
-2.903
-3.399
-1.908
-0.838
0.375
-2.095
-0.541
-3.030
