-7.193
-3.578
-4.980
-7.649
-3.359
-4.882
-6.052
-4.032
-4.316
-3.500
-2.383
-2.044
-4.102
-2.306
-2.961
-3.413
-4.346
-4.522
-3.019
-4.689
-0.480
-1.816
-1.623
-2.321
-1.946
2.113
-0.760
0.728
-1.964
-0.988
0.503
0.740
-0.057
-1.186
-0.351
-1.230
-0.622
0.353
1.363
-0.112
-1.527
0.548
-1.545
0.327
2.262
-0.155
0.027
1.881
-0.401
0.236
2.850
-0.155
-0.021
2.074
-1.648
-0.542
1.976
-1.967
-1.587
2.016
-0.576
0.425
2.674
-0.418
-0.179
2.328
0.410
-1.059
1.486
-1.049
1.105
0.115
-1.182
1.698
1.696
1.398
1.784
-0.956
1.292
3.124
0.306
2.993
0.660
1.979
2.746
0.560
1.439
2.772
-1.510
-0.780
1.551
3.683
2.280
2.454
0.983
0.296
0.462
0.699
1.979
1.798
-2.789
-1.291
-0.629
-0.419
2.064
0.587
-0.779
0.945
-0.191
-0.745
1.048
0.784
-0.783
1.766
-0.390
-1.222
0.825
-1.293
-0.370
1.382
0.354
0.643
2.300
0.544
-2.370
0.315
-1.164
0.693
1.624
1.201
0.175
-1.318
0.100
-0.070
-0.315
0.981
0.369
-1.900
-0.181
0.664
0.066
1.866
-0.289
-1.176
0.128
0.049
-0.700
1.232
-0.495
-1.469
0.233
-0.162
-1.521
-0.021
-0.410
-0.875
1.243
0.598
0.158
1.935
4.012
3.433
4.438
3.303
2.670
4.325
4.581
2.071
3.625
1.881
1.219
2.446
4.312
3.093
3.202
1.807
0.900
4.273
4.165
2.686
6.021
2.699
2.250
4.526
2.306
1.548
3.829
4.443
1.532
3.367
2.915
1.554
5.326
0.871
0.038
3.837
1.538
0.907
4.497
3.076
1.264
3.718
0.488
-1.056
2.199
1.305
0.566
4.866
-1.630
-1.789
2.131
0.969
0.239
4.082
1.429
1.349
4.523
0.874
2.318
4.554
2.336
-0.508
2.451
2.035
-0.687
1.830
2.064
-1.186
2.802
2.599
-0.336
2.066
2.918
0.151
2.853
0.770
-1.225
1.844
2.851
0.814
4.305
2.808
1.597
4.836
1.094
0.532
3.598
1.576
0.224
2.373
2.625
0.902
2.888
3.556
1.484
3.245
3.661
-0.284
2.795
1.584
0.901
1.513
3.173
1.254
3.227
4.268
2.961
5.134
3.155
0.880
2.573
2.914
2.163
2.032
2.461
-0.013
2.789
3.056
0.517
3.603
2.547
-1.557
3.471
-0.182
2.107
-0.696
4.149
0.008
1.599
-1.487
1.134
-3.850
3.544
-0.665
-1.888
-4.887
3.691
-2.018
1.017
-2.535
2.058
-1.507
3.576
-0.462
2.549
-1.637
4.229
-1.194
3.592
-4.092
2.634
-2.927
4.740
-0.970
1.432
-5.190
1.391
-2.757
1.880
-5.326
-2.301
-2.573
-2.224
-3.325
-3.504
-2.446
-0.471
-1.122
0.196
-0.838
-2.440
-2.292
-3.837
-4.819
-1.614
-1.976
-2.594
-2.760
-2.712
-2.748
0.792
0.296
0.149
0.902
-0.375
0.646
-1.525
-0.489
-0.948
-2.542
-0.111
1.638
-0.599
0.204
0.460
0.420
0.529
-0.610
-1.756
-1.885
0.601
-0.027
0.260
0.676
-0.854
0.580
0.353
2.082
1.371
0.642
-0.041
1.154
-0.214
0.742
-3.724
0.024
-1.432
0.333
-2.445
-0.942
-0.334
0.191
-1.354
-1.014
-2.290
-0.629
-0.010
-0.882
-0.004
-1.447
-2.324
-0.113
0.891
1.610
-1.148
-0.955
-0.450
0.457
0.428
-0.491
-4.468
-4.685
-5.873
-3.674
-5.504
-4.704
-8.004
-4.603
-5.949
-4.191
-7.627
-5.421
-6.352
-4.766
-7.640
-6.062
-6.966
-5.961
-9.681
-5.444
-5.561
-5.134
-7.857
-5.007
-6.310
-6.201
-8.395
-7.139
-6.358
-4.425
-7.561
-5.986
-5.485
-5.447
-7.807
-5.499
-3.065
-3.864
-4.963
-3.583
-3.575
-6.513
-7.529
-6.569
-0.774
-4.345
-5.082
-6.609
-2.780
-3.859
-1.507
-4.502
0.105
-5.493
-3.708
-5.581
-4.057
-2.938
-5.829
-6.202
-1.597
-4.607
-4.430
-5.906
-2.998
-2.158
-6.637
-5.112
-2.360
-4.539
-4.028
-5.642
-0.827
-5.789
-4.548
-6.599
-3.136
-2.923
-6.828
-5.252
-1.623
-6.141
-2.691
-3.389
-2.959
-4.366
-4.007
-3.895
-3.134
-6.549
-4.227
-5.688
-5.116
-5.363
-4.221
-5.339
-5.370
-5.459
-5.633
-4.550
-4.234
-5.324
-5.895
-6.090
-4.204
-3.327
-4.868
-4.171
-4.584
-4.651
-5.082
-3.974
-6.558
-6.080
-5.271
-4.441
-4.570
-6.154
-6.450
-4.504
-6.291
-1.661
-2.138
-6.218
-7.776
-3.289
-2.062
-3.893
-8.770
-3.433
-0.003
-5.967
-9.562
-2.838
-3.867
-6.717
-8.172
-1.412
-3.045
-5.206
-7.750
-2.973
-3.063
-6.604
-7.828
-1.716
-2.969
-5.553
-7.248
-2.719
-0.965
-5.053
-7.352
-1.912
-0.749
-7.183
-4.786
-1.543
-4.080
-4.894
-1.830
-5.637
-1.218
-3.654
-3.903
-4.608
-2.383
-1.773
-4.401
-6.136
-4.206
-4.500
-3.595
-4.871
-2.443
-2.483
-1.329
-5.865
-1.900
-3.672
-3.366
-3.218
-3.119
-4.395
-3.319
-4.254
-1.846
-5.984
-2.525
-8.009
-4.687
-5.451
-4.983
-7.857
-2.687
-10.013
-1.181
-3.495
-1.440
-4.136
-1.294
-1.724
-3.824
-5.340
-4.029
-5.864
-7.451
-8.043
-4.640
-4.365
-7.670
-6.442
-1.884
-4.032
-6.470
-8.195
-3.788
-4.644
-8.364
-7.672
-4.490
-3.576
-7.439
-6.907
-5.122
-3.934
-8.976
-8.563
-1.537
-4.467
-8.162
-6.945
-2.666
-3.329
-6.292
-6.059
-4.306
-3.301
-7.300
-7.321
-1.423
-7.548
-1.828
-3.515
-1.722
-8.506
-1.092
-1.031
-4.948
-8.831
-1.626
-1.656
-2.568
-7.762
-2.191
-4.649
-2.354
-8.549
-1.604
-1.896
-1.487
-6.708
-1.618
-1.935
-3.220
-7.151
-4.359
-2.718
-1.053
-6.719
-1.136
-1.539
-1.009
-5.788
-1.611
-2.161
-2.974
-9.482
-1.142
-2.445
-5.505
-4.798
-11.134
-2.234
-6.051
-2.184
-9.499
-4.016
-6.599
-2.431
-10.713
-1.913
-6.143
-1.819
-11.131
-4.401
-7.680
-4.705
-9.451
-1.394
-5.018
-4.016
-10.646
-2.337
-5.407
-3.370
-9.807
-2.936
-2.877
-1.690
-9.722
-2.090
-5.293
-0.997
-10.587
-2.228
-7.378
-3.739
-12.366
-3.423
-2.120
-7.399
-2.159
-5.590
-1.003
-2.468
-4.818
-6.556
-0.823
-4.523
-3.092
-5.454
-3.522
-6.694
-4.645
-7.469
-3.036
-5.412
-2.905
-4.620
-3.101
-4.032
-3.304
-6.333
-2.949
-3.239
-4.210
-5.568
-0.916
-3.011
-2.713
-5.884
-4.933
-2.836
-3.192
-8.103
-3.032
-7.000
-1.760
-4.309
-2.803
-4.433
-12.629
-6.871
-2.854
-2.058
-12.807
-5.296
-1.762
-0.813
-9.710
-2.896
-3.497
-1.599
-10.945
-3.855
-5.265
-2.521
-12.405
-3.924
-4.516
-2.788
-12.061
-4.460
-5.085
-2.829
-12.538
-3.779
-4.425
-4.009
-12.058
-3.561
-1.294
-3.512
-11.399
-3.815
-3.690
-2.343
-11.058
-3.999
-5.652
-2.844
-3.295
-1.197
-3.162
-0.311
-6.364
-3.651
-7.188
-3.834
-6.139
-2.839
-6.254
-1.536
-4.598
-1.364
-7.618
-1.357
-5.124
-1.681
-5.396
-1.486
-5.556
-4.594
-4.935
-0.980
-6.179
-0.685
-2.370
-3.745
-5.309
-1.175
-4.858
-3.935
-8.143
-1.725
-5.660
-1.554
-4.929
-0.706
-8.130
-5.559
-5.954
-4.110
-6.089
-3.920
-5.524
-3.844
-3.059
-3.169
-4.934
-2.409
-4.851
-4.353
-6.278
-4.214
-3.179
-4.669
-7.198
-4.035
-4.176
-3.454
-4.071
-3.971
-2.108
-2.159
-4.598
-4.899
-2.565
-2.812
-4.147
-5.014
-2.783
-3.187
-2.912
-3.308
-2.023
-0.453
-4.587
-3.794
-4.099
-5.027
-3.262
-1.428
-3.739
-1.774
-3.905
-3.114
-5.259
-4.549
-2.240
-3.127
-3.416
-1.181
-4.760
-2.189
-0.898
-0.779
-6.216
-3.769
-2.079
-2.903
-4.290
-1.839
-2.100
-2.146
0.359
-1.472
-3.862
-2.603
-2.896
-1.095
-3.176
-3.310
-3.237
-0.549
0.066
-1.916
-0.375
-2.734
