2.609
6.475
4.137
3.430
4.294
3.367
1.333
5.177
6.606
6.918
3.909
5.746
4.244
-0.531
1.451
2.981
5.126
1.543
-0.422
1.846
6.375
3.195
6.680
4.987
5.571
6.933
5.606
6.456
6.599
4.904
5.239
5.311
4.457
4.415
2.984
2.860
2.587
6.676
4.304
4.806
6.910
5.968
7.811
7.584
6.906
8.910
8.000
6.713
7.568
6.974
5.860
5.918
4.196
4.386
3.533
4.208
1.372
7.625
4.688
6.619
4.291
6.153
5.334
5.348
4.477
4.308
5.132
3.663
5.951
6.022
4.111
5.597
3.721
3.278
1.440
4.324
3.205
3.803
3.519
5.556
7.420
6.436
7.229
5.513
5.367
6.256
7.363
6.415
6.376
6.742
5.494
6.549
5.359
3.637
5.126
4.839
3.728
5.720
5.225
4.417
7.823
6.612
7.791
6.694
7.278
7.577
7.697
6.964
6.833
6.951
6.118
5.739
4.089
4.656
6.027
8.292
3.910
4.261
5.429
6.709
5.405
5.328
3.853
4.796
4.172
0.239
5.752
1.490
5.472
4.281
5.107
4.588
6.149
5.324
6.407
6.075
5.646
4.512
4.325
4.505
3.799
4.785
2.668
2.171
2.182
3.592
2.801
2.758
4.044
2.243
6.025
6.172
6.272
5.260
4.822
6.226
4.690
5.943
4.839
6.073
6.722
5.403
4.595
4.264
4.399
6.820
5.854
6.155
4.528
4.360
4.270
2.489
2.263
3.668
2.292
2.057
3.834
3.670
1.426
3.057
0.435
7.196
6.048
6.200
5.913
5.755
3.965
4.762
4.305
0.964
-1.686
2.525
4.678
4.890
4.145
6.573
3.156
6.051
1.719
2.576
3.675
7.575
2.698
1.198
4.807
2.535
7.165
8.421
6.349
7.866
3.120
5.260
4.307
5.800
5.213
5.283
4.379
6.809
5.058
6.232
4.820
4.874
5.600
2.632
5.861
4.496
3.432
3.986
3.967
4.432
-0.730
2.882
2.990
3.531
5.964
5.864
4.692
5.608
5.124
6.869
7.347
5.339
5.733
5.580
6.251
8.432
4.773
6.919
6.049
4.714
7.156
6.063
7.746
5.527
7.684
8.738
3.976
4.307
5.070
2.352
5.709
4.636
5.603
7.130
6.594
8.217
5.677
6.217
6.255
3.297
4.276
6.793
5.676
5.690
4.497
4.252
6.072
4.039
5.740
5.719
6.285
3.805
5.140
6.218
4.812
6.764
5.746
5.161
3.295
3.906
4.652
5.609
4.869
3.514
5.170
6.689
3.295
3.240
5.925
3.877
3.545
6.524
5.509
-1.611
4.160
2.250
4.380
2.156
0.970
2.456
5.594
4.057
2.594
2.030
2.395
4.243
3.568
3.955
2.662
4.959
5.230
4.385
4.938
2.657
4.323
1.594
4.262
3.925
3.231
2.717
2.564
5.283
2.247
1.931
4.383
6.900
1.920
3.750
1.687
4.937
