-6.022
-6.287
-6.206
-5.535
-3.581
-5.363
-4.743
-5.485
-6.987
-7.585
-6.491
-5.928
-7.176
-6.325
-6.077
-6.219
-7.714
-4.560
-4.949
-4.637
-5.580
-6.196
-6.916
-3.645
-8.030
-5.193
-8.455
-6.440
-6.342
-3.514
-6.353
-5.481
-2.970
-1.603
-6.086
-4.532
-6.484
-3.696
-3.825
-4.424
-1.290
-2.524
-1.427
-4.938
-1.987
-4.551
-1.492
-5.477
-2.551
-7.452
-4.656
-5.303
-2.583
-3.208
-1.934
-6.733
-0.670
-2.961
-2.870
-7.317
-0.720
-3.559
-1.057
-3.599
2.474
-2.791
0.287
-4.508
0.519
-4.823
2.426
-1.250
1.404
-3.662
0.026
-4.293
0.871
-3.757
0.291
-3.082
1.675
-2.365
1.568
2.900
0.203
-0.716
1.756
1.054
1.520
-0.125
2.912
2.314
2.848
0.113
1.364
1.793
0.604
-0.151
1.047
1.699
1.829
-0.758
2.034
1.497
0.575
-1.083
1.643
-0.125
0.913
-3.216
0.245
1.292
1.030
0.036
2.613
2.147
1.706
-0.189
2.890
3.151
2.756
-0.488
2.308
2.321
1.592
-0.515
0.778
-0.099
1.763
-0.836
1.781
-0.813
1.002
0.265
1.526
0.314
0.400
-0.773
1.107
-0.661
1.094
-1.405
1.828
-0.293
0.688
-1.392
-0.833
-2.074
2.206
-0.378
1.592
1.251
0.573
-0.396
0.807
-0.320
1.895
-0.649
1.938
0.733
4.525
-1.595
0.807
-0.714
3.400
-0.434
0.952
-0.578
5.015
-0.179
3.213
1.138
2.650
-1.115
0.733
0.330
6.614
-0.564
2.020
1.635
4.230
-0.938
1.221
0.428
3.560
-0.401
2.256
0.751
4.166
-1.834
0.401
-0.541
4.114
-1.045
0.798
0.457
2.362
-1.134
0.726
-3.675
-1.050
1.441
1.372
0.230
-0.803
-0.111
0.963
1.790
-0.324
-0.244
1.162
2.638
-1.030
-0.600
-0.022
2.358
-0.435
-0.397
1.582
1.749
-0.969
-0.011
-0.484
0.651
-1.048
-3.500
-1.228
1.075
-1.057
-0.562
0.803
0.477
-1.381
-1.878
-2.102
0.327
-1.134
-0.552
0.867
-0.836
2.580
3.511
0.661
2.500
2.123
2.077
1.396
3.711
2.241
2.741
-0.345
2.174
2.558
2.076
0.897
2.641
1.397
0.539
-0.587
1.556
2.413
2.424
-1.000
1.843
1.989
3.147
0.887
3.085
0.519
0.265
-0.316
1.976
1.292
3.065
0.743
2.586
1.463
2.411
0.377
3.164
-0.466
-0.606
2.663
2.120
2.097
0.703
3.182
2.944
1.703
1.851
1.735
1.681
2.398
0.341
3.241
3.965
2.329
0.925
3.052
3.759
0.067
0.607
2.083
1.544
2.187
1.776
2.928
4.415
1.353
0.355
3.589
2.661
0.606
0.387
1.603
1.759
2.996
1.775
3.085
4.081
1.697
1.229
-0.126
2.440
3.033
2.661
1.372
2.102
3.348
-0.565
0.479
2.230
1.650
-0.158
-0.992
1.543
-0.794
-1.679
-0.788
0.331
1.853
0.350
0.458
1.782
2.726
2.169
1.376
3.041
1.346
0.153
0.094
2.152
1.269
-0.930
-1.625
1.345
0.448
0.676
0.014
2.287
3.897
3.475
1.824
3.288
4.182
2.482
0.774
3.309
5.036
3.140
1.470
3.779
4.406
2.147
1.465
3.703
3.259
3.480
1.890
3.799
2.358
2.805
1.925
2.261
4.307
0.735
-0.332
2.274
3.510
0.952
0.115
2.363
3.715
2.377
0.265
2.712
3.550
1.918
-0.016
3.086
-2.568
-2.383
-2.376
-1.263
-3.609
-1.777
-0.604
-2.973
-2.949
-1.552
-3.779
-1.573
-1.663
-3.689
-1.970
-3.710
-5.846
-5.130
-2.182
-4.270
-0.839
-0.656
-2.107
-0.770
-2.346
-2.513
-2.042
-0.648
-2.956
-3.821
1.371
0.702
-1.403
3.554
1.359
-2.592
2.574
0.023
-1.266
4.111
1.865
0.375
1.256
-0.692
-2.719
2.697
1.563
-1.617
0.762
-0.385
-2.192
-2.363
-3.011
-4.331
3.253
0.751
-1.578
0.003
0.533
-4.911
2.033
0.393
0.171
1.225
-0.315
1.852
1.901
0.557
0.584
1.124
-0.250
-1.251
-0.765
-2.424
-1.612
1.090
-0.371
-0.819
-0.713
-3.007
-0.463
-1.848
-2.324
-0.545
2.148
1.130
0.658
0.337
-1.988
-1.815
0.575
-1.352
-1.299
1.226
-0.134
-0.684
-0.036
-1.837
-0.808
-2.270
-0.951
-2.910
0.106
-0.558
0.486
1.238
0.426
-1.375
1.225
-0.659
-2.186
2.391
0.512
-0.265
1.030
-0.828
-1.058
2.313
1.045
-0.081
-3.855
-1.841
-0.196
-1.573
-0.881
-0.059
-2.053
-0.819
-0.197
-0.818
-3.643
-1.368
-2.289
-0.681
-0.595
-0.086
-3.396
-1.410
-1.446
-1.367
-0.496
-1.456
-2.694
-3.561
1.718
0.424
0.718
0.001
0.894
1.111
1.761
0.971
-1.135
3.591
2.358
1.001
2.160
-0.468
-0.696
1.625
-0.210
-1.564
2.627
1.503
-0.551
0.748
-0.166
0.039
3.448
1.953
2.026
0.571
0.495
0.932
2.377
-0.048
-0.088
0.604
0.756
-1.914
-6.638
-4.545
-6.872
-8.278
-5.820
-7.586
-4.321
-5.504
-7.967
-7.412
-8.210
-7.189
-7.344
-7.728
-7.648
-6.547
-5.186
-4.644
-8.629
-7.503
-6.480
-6.106
-6.485
-9.578
-6.481
-9.531
-6.806
-9.572
-8.738
-8.575
-5.560
-4.085
-6.038
-6.053
-4.170
-5.359
-2.784
-3.722
-5.435
-4.709
-5.689
-3.488
-6.111
-9.675
-5.243
-6.026
-4.035
-5.362
-6.899
-7.226
-8.040
-6.563
-8.384
-6.230
-8.671
-10.219
-6.609
-8.295
-5.347
-8.582
-8.180
-4.861
-5.802
-3.958
-6.787
-8.952
-5.697
-6.385
-4.768
-7.194
-9.160
-6.279
-8.290
-6.922
-8.924
-10.193
-6.735
-7.484
-6.040
-8.205
-7.363
-7.891
-7.811
-6.740
-6.845
-5.999
-5.408
-6.596
-4.661
-7.102
-5.928
-5.544
-4.625
-4.750
-4.669
-8.720
-5.294
-7.425
-5.483
-8.844
-5.261
-1.165
-2.852
-7.048
-2.983
-6.239
-3.440
-3.055
-7.770
-2.189
-6.078
-4.404
-4.035
-8.809
-1.569
-4.928
-0.896
-3.475
-8.631
-1.488
-2.719
-5.689
-1.545
-8.525
-2.634
-5.966
-2.630
-2.736
-7.129
-2.919
-4.326
-3.729
-2.901
-8.160
-1.753
-5.241
-2.951
-4.700
-6.994
-2.679
-4.017
-2.454
-2.354
-7.252
-1.086
-8.109
-4.881
-3.906
-11.971
-6.052
-8.662
-5.484
-8.404
-4.569
-3.889
-5.021
-4.427
-5.648
-4.886
-3.249
-4.329
-3.956
-5.517
-3.186
-4.413
-6.783
-3.945
-5.036
-5.491
-4.155
-4.387
-4.567
-5.148
-4.651
-3.741
-3.413
-3.316
-3.526
-1.449
-2.376
-5.493
-8.005
-6.841
-9.607
-7.025
-5.147
-3.920
-5.608
-3.481
-2.512
-6.031
-3.715
-4.787
-6.932
-3.257
-6.801
-3.452
-6.991
-5.310
-2.493
-3.112
-6.599
-5.911
-4.233
-6.501
-2.617
-4.025
-3.812
-2.019
-5.391
-4.273
-5.471
-2.762
-3.166
-6.768
-4.463
-4.486
-4.264
-5.161
-7.445
-3.830
-5.093
-0.965
-2.139
-4.304
-3.485
-6.601
-3.706
-1.944
-5.470
-4.085
-2.072
-2.523
-4.309
-5.446
-5.834
-6.267
-6.184
-3.001
-6.374
-4.323
-4.358
-3.824
-3.884
-5.628
-4.592
-5.367
-3.662
-7.334
-7.998
0.763
1.098
-6.911
-0.264
-2.316
1.438
0.914
-6.153
-1.594
-6.326
0.570
3.137
-7.447
-0.079
-4.343
-0.916
-0.681
-10.016
-0.127
-5.142
-1.940
-0.079
-9.063
1.123
-2.358
0.231
0.048
-6.869
-0.028
-4.196
0.601
-0.173
-8.605
0.697
-5.057
0.510
1.137
-6.611
-0.160
-2.813
1.883
0.976
-7.029
-0.607
-4.367
0.625
-2.147
-7.583
-0.690
-4.115
-7.622
-5.726
-10.304
-4.336
-4.960
-4.876
-4.104
-10.517
-1.927
-2.834
-6.085
-6.293
-9.453
-5.814
-5.483
-5.002
-6.389
-10.239
-3.994
-5.605
-5.205
-3.095
-8.856
-1.822
-1.672
-3.761
-5.233
-9.440
-3.656
-5.078
-6.453
-5.690
-9.951
-3.558
-3.688
-4.225
-5.715
-10.011
-3.396
-6.216
-6.221
-3.989
-10.341
-3.646
-2.925
-6.108
-4.215
-12.128
-4.715
-6.522
-0.475
-2.013
-0.890
-7.005
-6.473
-0.417
-2.063
-3.284
-6.556
-9.764
-0.853
-5.159
-1.488
-7.248
-8.550
0.672
-2.574
-4.728
-3.422
-6.047
0.856
-2.352
-4.448
-3.051
-6.255
-2.045
-5.939
-3.061
-4.945
-8.037
-1.749
-3.642
-1.645
-6.778
-6.558
-1.755
-1.258
-1.293
-4.071
-6.404
1.941
-0.623
-3.330
-3.433
-5.644
-0.586
-3.294
-4.167
-2.422
-5.477
-3.184
-1.457
-9.859
-4.301
-2.056
0.407
-0.242
-7.431
-4.410
-4.171
-2.498
-0.607
-9.946
-4.559
-2.662
-1.183
-2.559
-8.416
-3.705
-4.280
-5.978
-1.458
-12.586
-2.757
-3.374
-0.465
-0.314
-6.978
-4.184
-1.898
-2.823
-2.184
-8.645
-3.392
-2.369
-0.054
-0.387
-7.114
-4.010
-4.051
-2.793
-0.687
-5.749
-5.184
-2.679
-2.934
-2.762
-8.184
-3.342
-2.872
-0.161
0.442
-0.891
-4.096
-4.435
-0.616
-0.519
-2.029
-2.616
-3.589
0.874
0.257
-2.454
-3.801
-4.071
0.444
-1.294
0.586
-4.796
-4.710
0.749
-0.446
0.273
-4.031
-4.047
0.483
-2.151
-6.150
-3.674
-2.729
-0.389
-1.420
-6.039
-2.157
-4.076
0.347
0.523
-1.961
-2.975
-1.904
-0.866
0.565
-5.009
-3.023
-4.856
-1.233
-0.795
-4.044
-4.327
-4.881
-3.108
-4.939
-4.442
-5.286
-6.915
-6.415
-3.431
-9.047
-5.596
-3.830
-7.692
-5.148
-5.079
-5.502
-5.680
-3.542
-7.571
-6.624
-6.205
-5.630
-3.182
-3.870
-4.578
-5.869
-3.422
-5.011
-6.246
-2.631
-5.519
-6.473
-12.801
-6.993
-6.305
-8.932
-4.174
-2.913
-10.101
-4.787
-2.658
-12.335
-5.748
-5.010
-10.393
-3.636
-1.478
-12.282
-5.180
-5.042
-11.549
-4.809
-1.919
-9.277
-5.656
-2.533
-11.089
-5.887
-5.155
-12.491
-5.213
-1.900
-4.814
-6.819
-4.334
-7.538
-5.429
-3.963
-5.176
-4.910
-2.559
-5.239
-4.383
-1.769
-4.786
-5.448
-3.487
-5.532
-6.623
-3.835
-3.717
-5.413
-1.773
-5.566
-6.086
-3.264
-4.272
-4.196
-3.918
-4.087
-4.724
-1.911
-2.070
-1.783
-3.666
-1.794
-2.586
-3.368
-2.971
-2.213
-4.455
-1.146
-2.862
-5.211
-1.458
-3.394
-4.782
-0.224
-1.814
-3.724
-1.966
-3.219
-5.833
-1.760
-1.873
-3.660
-1.766
-0.152
-2.151
-1.898
-2.794
-3.639
-3.336
-6.972
-6.169
-2.859
-5.090
-5.133
-3.302
-4.788
-5.588
-3.194
-4.133
-5.493
-4.170
-2.336
-3.403
-1.554
-5.405
-5.588
-3.215
-4.365
-4.561
-4.314
-4.848
-6.129
-3.457
-5.337
-5.393
-4.985
-4.272
-3.926
-5.708
-3.784
-7.321
-2.984
-1.865
-6.066
-6.605
-1.538
-4.582
-4.411
-2.583
-5.905
-4.181
-1.648
-7.137
-5.858
-3.094
-6.891
-6.511
-0.370
-5.129
-8.157
-2.332
-6.623
-7.935
-3.329
-6.652
-4.527
-2.174
-6.422
