2.940
3.801
3.040
3.848
2.276
2.996
1.237
4.708
3.384
3.133
4.200
4.094
4.972
0.356
4.090
3.588
4.718
2.394
3.469
2.652
1.468
0.522
0.734
-0.021
1.045
-0.084
0.625
1.137
0.520
-0.052
-1.453
-1.808
-2.432
-1.247
-1.348
-2.555
-1.808
-1.637
-1.174
-2.037
1.643
2.853
2.495
3.045
2.423
3.165
2.682
3.661
2.619
1.945
4.164
4.571
1.870
1.247
1.119
2.553
-1.402
2.818
3.714
1.742
0.137
1.259
0.092
0.526
0.923
1.146
-0.016
0.594
0.205
1.015
2.487
1.635
2.064
-0.501
1.411
2.399
1.017
0.615
2.157
1.326
-2.837
-2.253
-1.783
-2.430
-2.235
-1.706
-2.885
-1.367
-1.534
-2.424
-1.028
-1.200
-1.224
-1.571
-2.297
-1.629
-1.147
-0.787
-1.393
-2.006
-0.373
-0.738
0.726
-0.086
-0.538
-0.830
-0.289
-0.516
-0.442
-0.043
-0.342
-0.899
-0.911
-0.837
-1.108
-1.152
-0.102
-0.018
-1.645
-0.848
0.904
0.996
0.047
0.488
0.170
0.066
0.891
0.169
0.626
0.849
1.450
1.077
2.880
1.383
1.443
1.417
1.193
2.447
1.057
1.006
2.625
3.447
4.112
-0.035
2.613
2.154
2.010
3.531
2.984
2.624
0.091
1.356
-0.003
0.372
-0.084
-0.356
0.642
0.394
-0.555
0.398
-1.839
-1.459
-2.146
-2.792
-2.421
-1.563
-1.850
-1.167
-2.092
-3.150
0.221
-0.185
-1.291
0.488
-0.064
-0.199
0.079
0.107
-1.681
-0.932
1.714
3.660
4.289
3.766
4.431
4.798
4.006
4.344
3.023
-0.148
-1.233
2.969
4.605
4.433
3.419
3.775
3.286
4.248
2.447
2.341
1.959
3.019
2.028
0.227
1.958
1.956
3.119
2.441
3.035
2.466
3.307
3.944
2.471
4.434
4.568
4.113
3.193
3.910
3.822
3.533
2.146
3.105
2.220
2.066
3.418
2.789
3.209
2.060
2.188
3.291
-1.645
-1.054
-1.231
-2.137
-2.006
-2.180
-2.292
-2.079
-2.025
-1.186
0.805
0.428
-0.528
-0.088
0.395
0.368
0.892
1.058
0.570
0.812
3.174
1.983
2.760
2.536
2.693
3.079
2.047
1.677
1.830
0.732
0.906
1.074
1.453
0.853
1.599
1.176
1.149
1.308
1.013
1.138
2.431
2.247
2.133
1.738
2.249
2.367
2.264
0.559
0.944
1.626
3.829
3.101
5.017
5.160
5.151
5.637
4.980
3.946
3.174
3.853
0.583
0.105
1.935
0.126
0.623
1.598
0.990
-0.071
1.624
1.640
4.986
5.520
6.622
1.771
6.014
5.982
6.863
4.952
4.890
1.881
-1.350
-1.907
-2.198
-1.645
-2.700
-1.732
-1.476
-1.951
-3.053
-1.205
-0.235
-0.977
-0.180
0.018
-0.415
-0.935
-0.596
-1.508
-0.848
-0.755
1.187
3.248
2.406
0.601
1.858
3.294
3.683
2.918
2.378
3.976
