-3.500
-2.069
-2.620
-2.930
-2.137
-2.291
-4.421
-1.875
-1.569
-1.484
-0.915
-2.546
-2.343
-3.580
-0.620
-1.811
-2.824
-3.491
-1.434
-1.049
-2.557
-2.342
-2.285
-2.381
-2.751
-2.817
-3.050
-2.392
-2.575
-3.475
0.791
-0.453
-0.498
-0.453
0.676
-0.919
-0.838
0.617
0.874
0.345
-3.137
0.205
-3.975
-3.677
-0.287
-3.215
-3.083
-0.083
-2.843
-3.421
0.473
-4.406
-3.963
0.281
-3.619
-3.376
0.409
-4.141
-3.324
-0.120
-2.643
-3.155
-0.021
-3.629
-2.577
-1.655
-4.190
-3.037
-1.484
-4.494
-2.157
-2.003
-4.804
-1.463
-2.052
-4.137
-3.372
-2.374
-3.408
-0.477
-2.725
-2.349
-3.401
-2.370
-1.752
-4.216
-0.769
-2.667
-3.483
-3.263
-2.111
-2.068
-2.379
-3.434
-2.064
-1.043
-2.907
-3.436
-1.714
-2.560
-3.790
-3.259
-3.275
-4.100
-3.085
-3.676
-3.369
-3.444
-3.112
-4.017
-3.043
-3.811
-3.689
-2.412
-4.314
-3.524
-3.828
-4.146
-3.414
-2.508
-3.135
-3.162
-1.672
-3.270
-4.581
-2.076
-3.392
-3.610
-2.178
-4.557
-4.094
-4.545
-3.722
-2.367
-2.323
-1.512
-4.375
-4.205
-3.294
-3.816
-3.589
-1.355
-3.740
-3.487
-2.632
-4.264
-4.192
-4.182
-4.077
-4.246
-2.666
-3.325
-3.322
-3.498
-3.919
-3.748
-2.696
-3.907
-3.116
-3.857
-1.847
-2.672
-2.316
-1.490
-1.917
-2.296
-0.918
-1.880
-2.414
-1.168
-2.502
-2.648
-1.670
-2.204
-2.108
-2.293
-2.072
-2.368
-1.203
-1.808
-2.069
-2.231
-2.250
-2.270
-1.749
-2.988
-3.025
-2.073
-2.457
-3.382
-2.531
-1.962
-3.458
-2.812
-2.040
-3.655
-3.173
-1.633
-3.127
-2.300
-1.887
-2.570
-3.681
-2.066
-3.071
-3.246
-2.521
-2.797
-3.149
-1.630
-2.232
-3.021
-2.368
-3.347
-3.484
-2.156
-3.639
-3.530
-1.945
-2.845
-2.643
-3.595
-2.476
-0.927
-2.874
-3.109
-2.532
-3.858
-3.233
-1.872
-3.404
-3.063
-1.527
-3.064
-2.678
-1.000
-3.220
-2.771
-1.591
-3.790
-3.606
-2.434
-2.703
-2.432
-1.288
-2.961
-2.760
-2.459
-2.943
-3.633
-3.088
-3.392
-3.444
-2.420
-3.489
-1.314
-2.591
-3.668
-2.465
-2.400
-3.487
-3.168
-2.428
-2.638
-2.528
-2.188
-3.450
-2.812
-2.369
-2.863
-3.312
-2.383
-3.465
-2.907
-2.463
-3.166
-2.906
-2.122
-2.853
-2.411
-1.869
-2.702
-2.081
-2.667
-2.482
-3.201
-3.245
-2.520
-2.925
-1.289
-2.288
-3.257
-2.977
-2.061
-2.155
-2.584
-1.202
-3.696
-2.305
-2.824
-1.129
-2.686
-0.789
-2.532
-0.702
-3.572
-0.523
-2.453
-0.664
-2.882
-0.660
-2.533
-1.564
-3.080
-1.049
-2.970
-3.252
-2.998
-2.516
-3.795
-4.375
-3.078
-3.067
-3.713
-3.565
-2.376
-2.771
-2.919
-4.030
-3.253
-3.963
-2.908
-3.866
-4.573
-3.663
-2.803
-3.585
-4.023
-4.211
-3.313
-1.466
-3.016
-1.278
-1.848
-1.651
-2.790
-1.199
-2.571
-1.111
-2.073
-0.756
-2.673
-2.281
-2.879
-1.307
-2.739
-1.761
-2.753
-2.401
-3.345
0.006
-3.020
-0.366
-1.445
-0.377
-2.298
-0.915
-1.214
0.592
-1.532
-0.101
-3.117
-0.794
-2.052
-0.622
-2.286
-0.443
-2.836
0.036
-1.802
-2.991
-3.282
-2.718
-1.681
-2.987
-2.458
-2.611
-2.778
-2.031
-3.230
-3.587
-3.257
-3.316
-4.121
-2.574
-2.299
-2.867
-4.518
-2.959
-2.845
-2.374
-2.318
-2.681
-2.779
-1.964
-3.581
-3.128
-2.693
-3.052
-2.079
-3.252
-2.339
-2.394
-3.114
-2.454
-3.898
-3.154
-2.547
-3.788
-3.351
-2.122
-2.685
-3.022
-3.608
-3.234
-4.225
-4.530
-3.154
-2.276
-2.531
-2.897
-3.921
-3.785
-3.615
-3.701
-4.550
-3.005
-3.511
-3.769
-2.929
-4.108
-4.304
-2.646
-2.672
-0.585
-2.223
-2.196
-3.544
-2.682
-2.563
-2.925
-5.401
-0.509
-3.097
-3.316
-4.986
-1.265
-3.036
-2.799
-3.914
-1.268
-2.739
-2.405
-4.656
-1.970
-2.547
-2.862
-4.595
-2.307
-2.972
-0.924
-5.043
-0.718
-3.580
-2.197
-4.853
-2.663
-1.685
-2.966
-4.360
-2.274
-1.757
-3.107
-2.056
-1.708
-4.238
-2.561
-0.179
-2.387
-4.838
-3.037
-2.276
-2.768
-3.091
-2.553
-2.218
-2.713
-3.667
-3.435
-2.096
-1.255
-3.921
-4.454
-1.869
-2.473
-3.234
-3.763
-0.951
-1.553
-3.036
-4.133
-0.657
-2.776
-4.717
-3.969
-1.089
-3.676
-3.246
-3.567
-1.701
-3.001
0.177
-3.148
-4.116
-3.207
-1.029
-1.885
-2.175
-4.143
-1.988
-1.603
-2.744
-3.110
-1.175
-2.568
-3.470
-3.026
-0.809
-1.160
-2.457
-3.490
-1.042
-2.588
-2.655
-4.004
-1.119
-2.078
-2.461
-3.468
-1.395
-2.414
-3.558
-3.409
-0.490
-2.526
-2.127
-2.835
-1.655
-2.341
-3.295
-1.678
-2.010
-3.042
-0.456
-2.266
-1.671
-2.130
-0.344
-0.770
-2.499
-2.934
-0.132
-0.803
-2.790
-1.376
-0.860
-0.340
-2.476
-1.359
-0.832
-1.036
-2.128
-1.745
-0.575
-1.109
-2.173
-1.458
-0.764
-1.332
-5.319
-1.590
-0.383
-0.449
-3.018
-2.197
-2.569
-1.146
-2.811
-2.237
-1.144
-0.986
-2.097
-2.420
-2.786
-0.927
-2.358
-3.918
-3.102
-0.937
-2.260
-3.377
-2.419
-0.597
-3.075
-3.462
-2.673
-0.028
-1.599
-2.676
-3.042
-0.064
-1.830
-2.727
-2.904
-0.587
-2.498
-4.296
-2.388
-0.075
-3.051
-3.408
-3.354
-0.150
-2.273
-2.920
-3.267
-0.648
-2.010
-2.193
-3.696
-1.381
-2.811
-0.500
-3.027
-1.126
-2.475
-0.524
-1.916
-1.806
-3.658
-0.931
-3.471
-2.137
-3.874
-1.181
-3.538
-2.114
-4.052
-1.196
-2.298
-1.771
-3.456
0.054
-2.289
-1.209
-2.619
-0.670
-2.705
-1.292
-3.004
-1.014
-3.774
-2.451
-2.068
-1.764
-2.375
-2.096
-2.844
0.155
-1.692
-3.544
-2.917
-3.689
-1.218
-3.282
-2.679
-2.972
-1.999
-3.053
-3.353
-3.470
-1.572
-3.485
-2.202
-4.437
-1.641
-2.410
-2.923
-3.506
-1.447
-3.103
-3.106
-3.212
-1.742
-2.411
-3.046
-3.332
-0.942
-3.096
-2.786
-3.161
-2.070
-3.201
-2.361
-3.169
-1.474
-3.334
-3.655
-3.199
-2.194
-2.399
-3.414
-0.826
-4.602
-2.509
-3.063
-3.150
-4.027
-2.340
-2.670
-0.999
-3.814
-3.195
-3.090
-1.914
-3.542
-3.060
-3.378
-2.046
-3.757
-2.823
-3.357
-1.053
-2.597
-3.082
-3.006
-1.555
-4.924
-3.485
-3.201
-1.505
-3.516
-3.011
-3.388
-1.298
-4.001
-3.407
-3.099
-2.046
-1.679
-1.813
-2.716
-3.979
-2.414
-1.850
-2.165
-3.560
-2.490
-2.044
-2.632
-3.668
-1.361
-3.361
-1.925
-4.193
-2.971
-1.709
-2.173
-2.832
-2.210
-2.671
-2.240
-3.864
-1.187
-1.526
-1.476
-3.873
-2.010
-3.095
-2.443
-4.036
-2.869
-2.434
-3.183
-3.897
-2.912
-1.743
-2.863
-3.501
-3.025
-2.499
-2.574
-2.717
-2.852
-1.960
-2.650
-3.237
-2.509
-2.288
-2.867
-2.881
-2.667
-2.194
-2.750
-3.253
-2.250
-3.410
-2.410
-4.321
-2.246
-3.135
-1.751
-2.390
-1.743
-2.547
-0.959
-3.906
0.091
-1.517
-2.244
-3.460
-1.127
-3.648
-1.106
-2.072
-0.950
-3.593
-1.219
-3.174
-0.846
-1.958
-2.232
-1.787
-1.960
-2.090
-2.820
-1.800
-2.209
-0.854
-1.783
-1.383
-2.189
-2.169
-2.434
-3.597
-1.859
-2.175
-2.659
-2.096
-3.199
-2.733
-1.290
-3.788
-0.715
-2.797
0.168
-2.756
-0.298
-2.790
-0.383
-3.203
0.224
-2.589
-0.697
-1.975
-0.028
-2.641
-1.300
-2.118
0.511
-3.455
-2.860
-3.624
-3.107
-2.783
-1.986
-2.120
-2.287
-2.244
-1.739
-3.200
-2.370
-2.182
-0.855
-3.610
-1.037
-2.963
-2.239
-3.109
-2.797
-3.840
-2.454
-2.992
-2.585
-2.243
-2.756
-2.582
-2.903
-2.873
-3.171
-2.704
-2.810
-2.591
-3.753
-3.297
-3.001
-2.899
-3.336
-3.153
-3.225
