-4.336
-4.645
-2.304
-4.229
-3.401
-3.482
-3.063
-4.334
-3.086
-4.914
-3.231
-3.571
-4.498
-4.314
-3.280
-5.481
-3.105
-3.104
-2.397
-3.489
-4.698
-2.995
-2.411
-2.668
-4.833
-3.246
-3.201
-3.270
-1.892
-2.921
-3.648
-3.443
-3.663
-2.552
-4.279
-3.260
-2.793
-3.257
-2.708
-4.259
-3.476
-1.174
-1.439
-1.378
-2.340
-1.035
-2.218
-0.694
-1.876
-1.333
-3.542
-2.031
-2.569
-1.610
-2.652
-2.120
-1.718
-1.711
-1.479
-0.792
-1.930
-0.749
-1.878
-0.987
-1.966
-0.914
-2.349
-0.962
-1.519
-0.427
-1.829
0.568
-2.054
0.212
-2.398
0.068
-2.148
-0.372
-2.528
-0.709
-2.190
-4.160
-3.413
-3.198
-1.299
-4.005
-2.638
-1.973
-2.385
-4.200
-5.121
-2.693
-2.651
-3.264
-3.342
-3.927
-3.233
-3.353
-3.865
-2.062
-2.620
-3.353
-1.919
-1.913
-2.588
-1.784
-2.722
-3.081
-2.038
-3.184
-3.292
-0.889
-2.618
-3.938
-3.743
-1.750
-2.388
-3.539
-4.119
-1.904
-2.158
-3.668
-2.376
-3.814
-1.670
-3.659
-3.546
-4.190
-1.597
-3.566
-3.222
-4.339
-1.801
-2.452
-3.098
-4.234
-2.651
-3.705
-3.479
-5.068
-1.330
-3.652
-3.230
-4.154
-1.799
-2.877
-4.441
-4.404
-1.847
-3.839
-5.334
-4.050
-3.298
-3.381
-4.133
-3.262
-3.179
-2.833
-2.347
-3.159
-0.745
-2.087
-1.809
-2.917
0.909
-3.337
-1.719
-2.779
1.467
-3.316
-2.657
-3.102
1.301
-3.366
-2.765
-2.909
2.187
-3.610
-2.780
-2.688
0.658
-3.150
-2.892
-2.845
0.837
-2.323
-2.471
-2.570
0.315
-2.597
-1.401
-2.031
0.270
-1.744
-2.994
-3.063
0.446
-2.723
-1.875
-2.822
-3.175
-0.162
-1.096
-2.487
-3.422
-1.192
-1.824
-1.185
-3.605
-1.541
-2.080
-1.456
-3.745
-0.839
-2.676
-1.659
-3.809
-1.305
-2.039
0.315
-3.070
-0.709
-2.704
-1.273
-3.883
-1.676
-2.144
-0.831
-2.871
-1.397
-2.365
0.183
-3.038
-1.129
-3.755
-1.962
-4.340
-1.298
-2.540
-2.149
-2.054
-2.098
-2.846
-3.003
-0.925
-3.662
-2.165
-1.576
-0.475
-1.720
-2.440
-1.859
-1.385
-2.399
-2.826
-2.243
-1.020
-2.920
-2.461
-3.761
-0.511
-2.192
-2.937
-3.053
-0.713
-3.889
-3.024
-1.870
-2.779
-2.223
-2.394
-2.540
-0.372
-2.672
-2.162
-2.390
-1.551
-3.114
-2.826
-2.562
-3.981
-1.229
-2.714
-2.426
-2.476
-1.408
-1.922
-2.487
-3.499
-1.477
-3.250
-3.554
-3.123
-1.991
-2.436
-2.765
-1.446
-1.432
-2.576
-2.636
-3.360
-1.477
-2.579
-2.864
-2.816
-1.874
-2.951
-3.450
-2.741
-1.282
-1.779
-2.946
-2.252
-1.351
-2.845
-2.461
-1.467
-1.580
-3.074
-2.311
-1.337
-3.965
-2.702
-3.029
-1.656
-2.325
-2.651
-2.958
-0.714
-4.107
-2.655
-2.091
-1.043
-3.970
-2.834
-2.474
-1.002
-4.323
-2.551
-2.234
-0.885
-4.447
-2.527
-2.467
-2.438
-3.708
-2.338
-3.270
-1.368
-3.518
-3.227
-1.607
-1.461
-4.106
-2.404
-3.047
-2.042
-3.700
-2.584
-2.064
-2.486
-0.432
-3.296
-3.202
-2.594
-0.248
-2.882
-2.033
-2.409
0.082
-3.400
-2.599
-1.405
-1.108
-2.472
-2.334
-2.185
-0.389
-2.697
-0.994
-2.993
-0.315
-2.812
-2.551
-3.376
-2.052
-2.478
-2.733
-2.407
-0.866
-3.341
-2.515
-1.554
-0.940
-2.633
-2.163
-3.008
-1.079
-3.762
-3.352
-3.493
-3.604
-3.623
-2.985
-3.880
-4.132
-2.551
-3.761
-3.075
-2.508
-3.871
-4.931
-3.135
-4.432
-4.541
-3.127
-3.713
-4.517
-2.932
-3.737
-3.465
-4.131
-3.856
-4.501
-2.901
-2.648
-4.504
-2.151
-2.996
-5.367
-1.862
-0.634
-2.469
-0.265
-0.848
-4.413
-1.246
-0.336
-3.349
-0.834
-0.154
-3.430
-2.507
-2.328
-3.784
-1.241
-1.301
-4.368
-1.733
-0.858
-3.656
-1.626
-1.483
-3.390
-1.597
-1.009
-3.114
-1.461
-0.032
-3.914
-0.043
-3.143
-5.302
0.335
-1.671
-3.145
-0.021
-1.566
-2.513
0.190
-0.699
-2.970
-0.891
-2.702
-2.655
-0.372
-1.312
-1.662
-0.792
-2.876
-2.068
-1.575
-3.403
-2.292
0.261
-0.792
-3.136
-0.713
-3.167
-3.177
-2.138
0.527
-4.035
-2.166
-0.316
-3.570
-2.021
0.072
-4.583
-1.528
0.979
-4.408
-0.832
-1.058
-2.535
-2.924
0.297
-4.259
-2.579
0.332
-3.156
-0.935
0.083
-4.392
-0.873
0.318
-2.353
-1.278
-0.469
-3.978
-0.344
-2.855
-2.725
-1.547
-3.024
-3.104
-0.888
-3.060
-4.028
0.153
-2.827
-3.846
-1.138
-3.733
-3.558
-0.084
-2.557
-4.109
0.092
-3.110
-3.529
-1.237
-3.769
-2.296
-0.225
-2.861
-3.476
-0.713
-3.360
-4.039
-1.780
-0.927
-4.003
-1.227
-0.248
-4.158
-1.180
-0.022
-3.703
-2.193
-0.164
-4.047
-0.540
-0.737
-2.112
-1.892
-0.683
-3.119
-1.359
-0.785
-2.893
-1.573
-0.335
-2.793
-0.945
-0.887
-3.481
-1.928
-0.275
-2.656
-3.174
-3.344
-4.685
-2.443
-1.095
-2.416
-2.110
-2.486
-2.959
-4.050
-3.437
-3.525
-3.267
-2.508
-2.414
-2.898
-2.417
-3.216
-2.560
-2.480
-2.330
-3.951
-3.820
-3.787
-3.150
-3.652
-3.236
-4.513
-2.567
-2.289
-1.948
-3.572
-4.060
-3.086
-2.148
-3.012
-0.722
-2.340
-2.277
-3.617
-1.984
-1.804
-3.467
-2.808
-3.173
-2.907
-2.749
-4.492
-2.314
-3.201
-3.746
-3.282
-3.075
2.064
-0.817
-3.706
-3.436
-3.481
1.751
-1.934
-3.068
-2.569
-4.528
2.460
0.141
-4.462
-3.443
-3.676
1.974
-1.020
-4.098
-3.323
-4.288
1.416
-1.038
-2.672
-2.061
-2.762
2.212
-1.887
-3.267
-3.114
-3.749
2.556
-0.340
-1.685
-1.970
-3.515
3.175
-1.353
-2.630
-3.074
-2.515
1.603
-1.766
-3.854
-3.223
-3.109
1.024
-2.575
-3.424
-2.813
-4.374
-4.439
-3.666
-4.043
-2.840
-3.551
-3.570
-2.875
-3.968
-4.214
-4.199
-3.083
-1.915
-3.012
-2.276
-3.703
-4.251
-3.952
-1.229
-4.364
-2.225
-3.984
-2.556
-3.410
-3.382
-3.088
-3.663
-2.234
-2.699
-3.985
-3.741
-3.736
-3.997
-2.925
-3.246
-3.016
-2.939
-2.991
-3.166
-2.855
-2.572
-3.468
-3.727
-3.716
-3.327
-2.810
-5.129
-3.376
-3.858
-2.184
-5.668
-0.729
1.185
-3.424
-1.508
-3.744
-0.988
2.702
-3.366
-0.598
-3.423
-0.944
0.703
-4.365
-3.786
-3.200
-1.618
0.490
-2.551
-2.162
-3.174
-1.367
0.579
-1.689
-2.034
-3.532
-0.523
-0.140
-3.052
-2.880
-2.639
-2.255
-0.576
-3.372
-1.499
-3.593
-1.583
2.592
-3.745
-1.933
-2.942
-1.222
1.133
-3.783
-2.253
-4.149
-1.524
2.313
-2.077
-3.988
-4.999
-2.805
-3.429
-0.381
-3.669
-3.448
-2.534
-3.512
-1.157
-2.363
-2.385
-0.987
-1.760
-1.207
-2.636
-4.181
-2.928
-1.903
-1.834
-2.202
-1.144
-1.133
-3.376
-1.330
-2.948
-3.775
-1.928
-1.983
-1.846
-0.828
-1.798
-3.984
-4.316
-2.105
-3.572
-4.920
-0.875
-1.863
-2.178
-3.584
-4.618
-2.980
-4.336
-1.925
-3.921
-4.226
-2.117
-4.086
-0.939
-0.155
-3.120
2.505
-2.613
-1.917
-1.176
-1.471
0.622
-3.257
-1.599
-0.758
-2.118
1.933
-1.975
-2.187
-2.089
-1.961
1.909
-2.681
-2.738
-1.108
-4.454
0.605
-2.993
-0.743
-1.914
-2.514
0.781
-3.304
-0.941
-1.436
-2.950
1.593
-3.288
-2.208
-2.252
-1.567
0.539
-3.355
-1.414
-1.648
-2.691
0.981
-3.003
-2.581
-1.764
-3.459
0.900
-2.951
-3.273
-3.697
-3.187
-1.804
0.052
-4.057
-2.918
-3.882
-2.286
1.107
-3.151
-3.250
-2.827
-3.982
-1.337
-2.835
-3.435
-2.112
-2.812
0.998
-3.998
-3.350
-1.913
-2.288
0.111
-2.782
-4.139
-3.959
-3.795
0.037
-3.060
-3.709
-2.075
-3.328
0.607
-2.388
-2.791
-2.458
-2.294
0.290
-2.862
-4.167
-2.302
-2.547
0.863
-3.329
-3.320
-1.359
-2.945
-0.660
0.345
-2.803
-3.247
-3.081
-4.007
0.547
-3.147
-3.836
-3.035
-3.771
0.687
-2.555
-3.146
-2.840
-3.439
-0.401
-2.684
-3.426
-1.917
-3.777
0.309
-2.266
-3.681
-1.850
-3.739
1.090
-2.305
-2.749
-2.022
-3.832
1.224
-3.168
-3.739
-2.102
-3.715
0.343
-2.191
-3.760
-1.795
-3.597
-0.129
-3.352
-3.012
-3.997
-3.433
0.477
-2.407
-3.283
-1.853
-3.584
-2.467
-2.120
-1.713
-1.325
-0.522
-2.249
-2.715
-2.615
-2.180
-1.631
-1.406
-2.200
-2.467
-1.603
-2.431
-1.750
-3.472
-2.982
-1.001
-2.889
-1.657
-2.071
-2.101
-0.355
-1.296
-1.200
-2.827
-1.147
-0.120
-2.276
-1.223
-2.197
-2.599
0.207
-1.662
-1.487
-2.406
-2.951
-0.895
-1.514
-2.821
-2.321
-2.611
-1.451
-2.807
-2.414
-3.123
-3.431
-0.717
-1.678
-0.100
-1.540
-2.657
-2.187
-3.294
0.032
-2.357
-3.093
-2.545
-3.678
1.055
-1.492
-3.357
-1.858
-1.577
0.758
-1.381
-2.674
-2.039
-3.277
0.219
-2.299
-2.535
-2.744
-3.508
-0.174
-1.531
-2.329
-2.946
-2.984
0.463
-2.399
-3.448
-1.774
-2.680
0.441
-0.897
-1.897
-0.905
-3.891
0.015
-1.588
-1.402
-1.154
-3.567
-0.731
-2.069
-2.089
-2.329
-3.673
-4.360
-3.296
-2.493
-2.146
-4.875
-4.183
-2.064
-4.943
-3.865
-2.550
-5.033
-3.770
-5.624
-3.871
-2.489
-2.158
-4.112
-3.167
-5.764
-2.592
-2.528
-4.296
-2.642
-4.811
-5.195
-3.422
-4.137
-1.516
-3.903
-3.239
-4.032
-2.716
1.233
-4.113
-3.220
0.642
-4.497
-3.468
1.902
-3.850
-1.290
2.513
-4.483
-1.782
2.227
-3.831
-2.143
2.004
-4.639
-2.362
0.743
-4.362
-3.601
0.442
-4.528
-2.360
1.023
-4.138
-2.471
2.335
-1.421
-4.420
-2.719
-3.393
-4.431
-2.771
-2.321
-4.775
-2.447
-1.713
-3.808
-1.727
-3.823
-4.044
-3.203
-2.435
-5.241
-2.740
-3.014
-3.942
-2.486
-2.795
-3.687
-3.449
-3.214
-3.088
-3.358
-2.457
-4.085
-2.179
-2.487
-0.147
-3.155
-3.103
-0.592
-4.711
-3.550
-1.231
-2.495
-3.127
-1.776
-2.630
-2.746
-1.364
-4.628
-2.937
-1.130
-2.957
-2.760
-0.245
-2.917
-3.235
-0.414
-3.267
-2.483
-0.180
-4.118
-1.976
-0.526
-2.043
-0.966
-3.415
-2.426
0.328
-3.418
-2.643
-0.668
-3.040
-3.220
-0.135
-2.540
-2.984
-0.580
-2.298
-2.211
-0.199
-4.258
-2.639
-0.800
-2.467
-2.140
0.240
-2.176
-1.660
-0.996
-3.060
-2.819
-0.221
-1.675
-1.871
-0.298
-2.393
-2.193
-0.969
-2.791
-2.822
-0.870
-2.042
-2.179
0.096
-2.333
-0.700
-0.221
-2.357
-3.642
-0.707
-2.903
-3.649
-0.735
-2.622
-2.064
-0.925
-2.968
-1.764
-0.807
-2.748
-2.510
-0.631
-1.828
-2.562
