-7.899
-1.306
-5.074
-3.058
-6.358
-3.843
-7.063
-3.221
-7.142
-2.596
-9.783
-3.228
-7.981
-4.915
-8.381
-3.545
-8.141
-2.227
-4.493
-2.474
-6.170
0.244
-9.333
3.311
-10.259
2.706
-8.563
2.413
-4.464
1.767
-13.001
2.706
-5.505
5.483
-11.577
1.679
-5.613
1.446
-7.033
2.705
-3.151
-1.455
-0.572
-7.232
-3.942
-6.262
-2.353
-6.097
-4.145
-5.816
-4.791
-4.920
-7.500
-5.262
-6.884
-8.732
-4.213
-6.134
-5.287
-9.469
-2.902
-6.594
-2.509
-6.208
-2.546
-6.029
-4.537
-6.309
-2.063
-4.988
-0.526
-3.360
-1.454
-3.284
-2.200
-5.637
-3.085
-7.088
0.395
0.108
-2.809
-9.391
-6.834
-4.055
1.051
-7.205
-1.954
-2.962
0.103
-8.159
-7.066
-4.957
0.121
-8.214
-6.510
-7.867
-1.885
-7.624
-4.812
-6.268
1.036
-9.136
-1.437
-6.643
1.098
-8.792
-3.855
-5.035
-3.492
-12.624
-10.440
-4.603
-0.622
-9.983
-6.116
-6.427
-1.223
-8.579
-2.489
-4.120
1.682
-7.511
-4.936
-4.257
3.650
-8.600
-4.131
-9.464
3.729
-8.860
-3.991
-8.012
2.296
-8.645
-5.054
-6.278
3.793
-6.205
-2.458
-7.248
4.255
-6.160
-0.736
-5.695
4.152
-10.093
-6.640
-9.857
2.092
-11.776
-9.486
-7.149
-1.695
-7.983
-7.156
-7.965
3.023
-7.749
0.149
-6.337
4.173
-6.804
-4.271
-6.735
4.919
-4.825
-0.451
-4.369
5.140
-7.770
-1.768
-8.270
5.731
-7.099
-4.512
-6.963
3.632
-7.316
-6.462
-5.442
4.484
-4.668
-2.604
-5.510
5.016
-3.631
-1.675
-5.515
-0.094
-6.389
-7.064
-4.709
4.312
-5.871
-5.463
-5.180
3.917
-4.922
-2.511
-8.380
-3.058
-0.154
-2.104
2.646
-6.950
-5.318
-6.181
1.213
-5.777
-1.900
-3.600
-0.069
-5.265
-3.892
-8.504
2.531
-2.869
-4.097
-3.450
6.332
-3.968
-1.480
-3.673
3.683
-4.084
-6.057
-6.301
3.729
-5.949
-5.265
-5.629
3.660
-1.230
-3.335
-4.273
1.821
-6.343
-4.476
-4.981
2.171
-5.756
-5.321
-7.764
-9.008
-2.395
-3.056
-5.179
-3.896
-0.700
-2.008
-7.526
-4.426
0.825
2.313
-1.639
-0.885
-4.372
-6.497
-5.301
-4.142
-1.237
-1.864
-6.984
-4.224
-2.335
-1.872
-5.199
-4.240
-2.254
-3.211
-6.701
-5.172
-6.308
-5.529
-7.132
-8.751
-1.918
-2.549
-3.638
-3.866
-6.104
-6.850
2.386
-0.730
-0.021
-2.165
3.445
-0.739
-3.248
-1.962
1.546
-4.074
-1.858
-5.278
3.025
1.099
-1.982
-3.700
2.457
-0.081
-3.812
-5.758
3.150
-0.679
-2.521
-4.070
-2.568
-1.886
-5.766
-5.797
1.341
-2.415
-6.528
-7.722
-0.247
-4.766
-2.792
-2.730
-0.538
-0.606
-3.596
-6.840
-3.372
-1.137
-1.921
-3.932
-1.528
0.784
-1.739
-3.221
-3.319
-1.487
-3.069
-6.558
-4.609
-2.399
-4.688
-6.973
-4.390
-1.498
-4.280
-7.428
-3.596
-2.548
-4.149
-3.747
-0.272
0.865
-2.921
-7.418
-3.207
-1.401
-4.475
-5.768
-3.469
-2.035
-8.460
-8.323
-4.345
-2.888
5.240
0.450
0.363
0.288
6.426
3.148
-2.137
-0.985
5.308
-0.188
-4.233
-2.146
2.577
-4.210
-5.068
-2.256
5.023
2.913
-0.449
3.276
4.262
1.502
-1.343
-1.238
2.179
-1.332
-3.283
-0.359
2.364
0.486
-3.634
-4.583
4.156
1.803
-3.510
-0.438
-1.505
-2.649
-8.681
-7.316
-5.395
-7.024
-9.362
-3.614
-8.479
-8.834
-5.573
-8.446
-9.840
-3.907
-6.790
-10.802
-5.297
-10.042
-9.087
-6.537
-10.356
-10.440
-2.354
-6.321
-7.966
-4.907
-7.776
-7.387
-5.001
-9.028
-8.244
-3.407
-10.072
-11.978
1.558
-2.490
-7.756
5.165
-0.027
-10.600
2.513
-2.648
-7.808
4.953
-1.518
-9.664
-0.671
-5.997
-9.323
2.704
-1.546
-7.089
2.146
-3.391
-7.020
2.674
-3.484
-8.884
3.042
-1.039
-12.133
4.905
0.997
-10.274
6.004
-1.505
-9.295
2.670
-5.325
-8.295
3.255
-4.178
-9.490
5.242
-1.452
-7.655
2.390
-5.047
-9.631
5.329
1.309
-6.603
1.258
-6.380
-10.529
-3.001
-6.284
-2.537
4.863
-0.977
-9.497
5.956
-0.817
-6.698
5.488
-2.881
-2.701
5.037
0.395
-1.021
6.141
-3.118
1.108
6.025
-0.818
-1.417
4.488
-1.076
1.521
2.457
-3.226
-3.835
5.959
-2.211
-4.545
5.788
-4.829
-0.391
6.324
0.416
-0.497
6.950
-2.020
-0.506
-4.150
-7.185
5.585
-3.043
-8.127
4.852
-4.636
-7.388
5.705
0.595
-6.019
5.686
-2.739
-7.708
4.863
-1.419
-9.663
3.359
-0.783
-9.599
3.410
-0.100
-8.432
3.921
-2.413
-5.320
5.243
-4.352
-4.773
4.130
4.348
-1.033
-0.658
6.422
-2.030
-0.922
6.586
-2.640
1.493
4.669
-2.803
-1.535
5.311
0.012
-0.877
2.514
-2.985
-3.112
4.657
0.984
1.176
2.933
1.091
2.203
4.024
-1.887
0.271
1.608
-0.011
0.458
-5.360
-2.393
-7.164
-6.935
-3.327
-6.812
-2.356
-5.691
-8.643
-6.465
-8.352
-4.163
-5.576
-6.449
-5.240
-6.515
-2.867
-6.322
-5.775
-3.569
-5.485
-3.678
-7.157
-7.492
-3.020
-9.220
-3.854
-6.969
-6.940
-4.479
-4.166
-0.904
-5.946
-7.805
-1.293
-3.118
1.232
-2.902
-5.154
-1.295
-4.402
-3.222
-7.012
-9.106
-2.958
-6.883
-2.621
-6.135
-4.964
-3.699
-5.523
-1.184
-4.812
-2.534
-5.742
-8.207
-1.778
-7.394
-4.299
-7.524
-6.824
-1.014
-8.418
-3.190
-5.380
-7.447
-0.204
-5.821
-3.791
-5.519
-6.163
-1.783
-7.357
-4.217
-7.565
-7.980
-2.493
-7.375
-4.915
-9.623
-7.399
0.349
-6.338
-3.777
-5.094
-6.156
-0.429
-7.051
-2.036
-6.930
-6.838
-3.434
-5.769
-3.267
-7.846
-10.899
-3.922
-6.246
-5.848
-10.223
-6.377
-1.576
-2.824
-6.211
2.051
-5.526
-3.594
-7.172
-9.725
3.948
-6.748
-8.319
-8.272
-8.810
1.583
-8.258
-6.643
-7.261
-11.440
3.148
-3.283
-5.528
-5.375
-8.547
4.764
-6.603
-5.231
-5.926
-9.165
5.093
-6.123
-2.231
-5.071
-5.726
5.501
-8.121
-4.354
-6.063
-9.574
2.898
-5.755
-4.057
-4.621
-6.809
4.457
-9.365
-7.207
-4.928
-9.367
1.755
-6.535
5.664
-6.322
-2.980
-3.223
-6.599
6.755
-3.268
-2.735
-3.662
-5.387
6.150
-4.848
-1.332
-3.743
-7.880
4.212
-4.584
-4.703
-0.894
-3.423
3.548
-4.264
-4.833
-2.479
-3.632
5.783
-4.323
-2.412
-2.413
-5.481
0.770
-5.494
-9.174
-5.725
-6.221
6.764
-5.226
-3.648
-2.288
-5.679
4.604
-4.139
-6.222
-5.118
-3.204
7.009
-3.389
-2.148
-1.163
-5.846
-7.824
-6.753
-6.209
-8.578
-6.140
-7.196
-6.421
-6.488
-10.855
-4.021
-0.799
-4.780
-1.835
-6.312
-5.952
-5.412
-8.413
-8.786
-9.616
-2.836
-1.575
-1.242
-2.789
-6.988
-5.879
-1.609
-5.844
-5.092
-6.087
-5.232
0.143
-2.787
-4.983
-4.932
-5.039
-3.499
-7.263
-5.213
-7.932
-7.819
-6.598
-6.708
-7.142
-10.265
-5.554
-4.561
-6.730
-5.717
-9.938
1.092
6.315
-5.911
1.910
-6.174
1.419
4.320
-8.295
-2.582
-7.704
-0.170
6.024
-4.997
-1.022
-6.080
-3.576
2.441
-8.218
-0.517
-7.626
-2.557
3.608
-8.448
1.738
-4.049
2.214
5.693
-7.175
0.108
-7.833
4.330
5.405
-7.415
-0.227
-6.697
-4.401
4.947
-2.911
-1.137
-4.502
2.691
4.091
-7.360
-1.502
-6.237
0.310
5.751
-6.126
0.733
-1.254
-7.895
-6.478
-12.101
-0.297
-3.671
-7.077
-6.636
-9.342
-1.875
-3.939
-8.296
-5.327
-10.701
-3.843
-2.186
-8.891
-9.447
-12.294
-3.835
-3.766
-8.117
-4.125
-11.238
-0.409
-4.789
-7.237
-7.827
-10.516
-3.550
-4.137
-7.167
-5.128
-9.340
-4.060
-2.575
-5.323
-4.287
-8.491
2.005
-5.655
-7.824
-6.920
-10.035
-3.176
-3.767
-7.535
-9.611
-13.145
-5.173
-10.868
5.428
-1.109
-6.819
-7.045
-10.682
6.681
-0.139
-7.998
-5.112
-10.954
4.843
-2.183
-9.085
-6.175
-9.845
4.750
-0.557
-9.698
-7.262
-9.653
6.386
0.367
-12.019
-5.360
-10.813
5.074
-3.676
-8.207
-5.413
-11.901
5.835
2.443
-4.053
-4.892
-5.949
4.302
0.866
-8.056
-5.396
-9.790
1.717
-2.187
-9.829
-6.964
-10.698
4.418
1.596
-6.827
-5.624
-8.392
-6.264
1.342
-5.727
-5.517
-2.377
1.107
4.057
-8.595
-5.926
-7.782
-2.479
3.507
-8.398
-5.924
-3.989
-0.738
3.673
-6.963
-5.488
-7.783
-1.136
2.290
-5.741
-2.817
-2.823
-0.428
4.685
-7.640
-4.331
-4.698
-2.750
4.076
-6.620
-4.710
-4.681
0.163
1.899
-10.009
-5.181
-7.503
-3.376
-0.410
-11.126
-6.366
-6.720
-1.861
1.639
-10.631
-5.165
-7.925
-0.199
6.032
-0.034
-5.982
-8.846
-1.077
5.431
0.199
-5.869
-5.936
0.038
5.844
-0.027
-6.773
-7.568
-2.176
5.232
2.214
-5.459
-5.736
1.660
4.283
-2.030
-5.364
-9.516
1.273
3.509
-2.855
-6.869
-8.843
2.592
2.635
-4.044
-4.708
-6.718
-0.501
6.706
-3.588
-5.207
-9.209
-2.138
4.352
-3.290
-5.626
-9.082
-4.372
3.382
-1.869
-7.439
-8.970
-5.212
-7.287
-5.077
-4.886
-9.659
-8.811
-2.214
-9.533
-6.818
-3.378
-10.132
-5.515
-9.425
-8.719
-6.492
-6.562
-7.676
-6.552
-8.290
-5.674
-4.860
-6.308
-5.263
-6.316
-8.052
-7.095
-5.944
-5.027
-6.652
-6.548
-12.949
-6.926
-4.849
-14.946
-7.926
-8.579
-12.813
-7.042
-4.726
-12.553
-6.264
-4.761
-13.176
-8.198
-5.374
-12.045
-7.061
-5.357
-13.531
-8.969
-3.753
-14.610
-9.658
-6.992
-14.780
-5.962
-6.575
-11.880
-4.562
-2.349
-7.720
-11.454
-3.762
-6.991
-12.647
-6.584
-6.763
-9.550
-4.169
-4.526
-8.606
-3.430
-7.561
-6.126
-4.874
-3.592
-10.254
-4.949
-5.684
-11.182
-5.275
-6.780
-8.954
-5.087
-6.703
-11.292
-7.729
-7.028
-10.791
-6.432
-1.652
-3.561
-9.832
-2.158
-3.452
-8.826
-4.297
-3.601
-9.194
0.575
-4.605
-8.503
-1.916
-3.228
-10.045
-1.165
-1.374
-6.620
-1.955
-1.754
-8.287
-0.538
-2.704
-9.673
-1.849
0.471
-8.006
0.467
-1.890
-7.682
-6.522
-4.782
-6.435
-4.071
-2.798
-6.942
-1.345
-3.655
-7.384
-3.702
-7.167
-8.707
-5.449
-4.209
-5.009
-0.862
-6.135
-7.567
-4.716
-3.934
-3.142
-4.142
-3.765
-3.233
-4.179
-5.124
-6.098
-7.511
-2.242
-6.649
-5.777
-4.071
-6.198
-3.368
-4.080
-5.821
-5.329
-1.766
-6.737
-5.903
-2.361
-7.869
-3.156
-3.574
-8.556
-3.948
-3.473
-8.654
-5.504
1.192
-7.894
-6.032
1.018
-9.015
-6.192
-3.202
-8.096
-1.566
-1.209
-7.712
