5.096
8.257
4.306
6.934
3.251
4.534
-0.178
9.381
6.219
5.319
6.028
5.489
8.233
-2.292
7.191
5.190
7.950
3.017
4.191
3.323
7.223
6.944
7.914
7.464
7.752
3.101
6.411
8.276
7.636
5.509
6.574
1.433
1.875
5.388
5.457
3.703
-0.544
7.572
6.951
5.363
5.989
7.362
5.501
9.386
7.094
9.308
7.083
9.761
8.092
5.348
7.541
8.210
1.791
-0.775
-0.414
2.290
-6.756
3.547
5.367
0.994
2.485
2.231
0.227
3.311
5.845
4.611
-0.176
4.165
1.818
2.017
5.362
3.845
5.581
-1.847
3.682
5.936
2.290
3.075
6.518
1.984
3.606
6.195
5.658
3.074
4.410
4.552
3.003
5.362
4.819
5.564
1.261
7.385
5.243
0.514
1.759
4.513
4.723
5.126
5.351
2.479
3.679
1.514
7.254
3.249
1.992
1.442
2.503
1.258
4.394
1.895
4.609
3.302
2.959
1.327
3.837
1.785
4.015
5.839
0.655
3.032
3.537
2.304
1.851
5.089
3.014
1.185
3.383
1.742
2.844
2.574
4.874
2.118
9.546
3.572
7.342
6.177
5.207
7.861
4.445
5.265
1.925
5.559
7.165
-2.674
3.528
1.652
1.714
4.700
5.226
2.561
5.409
7.139
4.106
5.712
5.641
1.490
5.056
6.175
3.539
7.013
5.591
3.922
5.022
2.000
5.415
9.165
5.030
2.823
4.379
5.833
7.685
5.071
-1.341
5.648
4.377
5.036
4.757
5.641
0.195
2.696
1.930
6.107
7.310
6.580
8.457
9.586
7.674
7.512
5.621
-2.119
-4.520
3.769
8.616
8.224
6.122
5.827
5.023
7.908
2.988
2.341
3.869
7.964
5.297
0.578
6.968
4.223
7.918
6.830
8.668
6.087
4.591
6.709
2.975
8.926
7.885
7.173
4.913
6.330
5.374
6.387
7.208
8.552
9.631
5.155
11.095
6.589
10.277
4.101
8.253
9.072
6.736
7.694
7.656
3.885
10.814
8.173
5.868
9.546
9.944
11.853
6.116
7.328
2.667
5.341
5.676
6.315
5.674
7.582
5.913
6.254
11.474
7.788
9.936
8.574
9.317
11.587
6.554
8.554
7.783
1.842
5.116
2.763
8.345
6.183
9.618
5.973
7.132
8.521
4.557
5.478
8.336
9.122
9.109
7.645
6.594
7.659
7.065
1.599
5.864
7.107
7.546
2.957
7.908
9.118
8.717
10.217
7.264
4.732
4.021
5.853
4.490
3.662
6.286
4.133
3.370
7.271
5.839
-0.974
6.309
6.981
4.858
5.926
8.542
-1.593
8.771
7.521
9.403
5.473
4.782
-1.559
5.339
6.190
5.259
6.981
3.567
4.697
5.862
5.782
4.896
8.243
6.954
5.803
5.239
9.306
7.578
2.801
5.904
2.217
6.173
5.813
2.551
7.617
4.546
-0.082
4.505
7.688
8.125
8.270
3.045
8.469
