-11.679
-7.874
-8.801
-10.532
-8.041
-9.273
-14.386
-7.771
-7.137
-6.956
-4.460
-9.038
-8.240
-11.456
-3.921
-7.294
-10.172
-12.067
-6.906
-4.651
-1.425
-2.198
-4.347
-5.019
-2.601
-4.218
-4.858
-0.630
-3.915
-5.403
-2.966
-8.267
-6.979
-5.789
-0.108
-7.816
-6.860
-1.442
-2.901
-4.302
-10.460
-1.746
-10.495
-11.950
-4.749
-9.594
-9.339
-2.878
-8.935
-10.665
-1.777
-12.452
-13.649
-2.360
-10.380
-10.070
-2.731
-11.956
-9.804
-3.709
-8.660
-9.760
-3.445
-10.964
-6.997
-7.474
-11.653
-10.172
-6.901
-12.017
-7.332
-6.824
-12.750
-6.388
-6.323
-11.368
-9.276
-8.700
-9.600
-4.021
-10.037
-6.541
-10.654
-9.551
-4.891
-13.340
-4.672
-8.021
-10.939
-12.771
-6.041
-7.091
-7.469
-8.933
-7.490
-5.444
-8.246
-8.552
-6.573
-7.042
-10.510
-11.387
-8.537
-9.913
-9.516
-10.288
-10.048
-11.146
-8.259
-12.628
-10.349
-9.982
-9.612
-7.629
-11.058
-10.123
-11.981
-11.416
-10.896
-8.426
-8.351
-10.523
-5.889
-9.545
-12.425
-5.798
-9.487
-10.881
-8.033
-12.726
-10.103
-16.213
-11.227
-5.768
-10.403
-6.790
-10.213
-15.097
-10.869
-10.755
-12.146
-6.159
-10.779
-11.925
-9.316
-12.018
-15.292
-13.660
-10.969
-14.382
-9.462
-8.634
-11.854
-11.722
-10.472
-13.309
-9.598
-8.931
-12.545
-11.794
-4.986
-10.118
-3.593
-4.928
-11.643
-0.945
-1.896
-7.158
-5.778
-2.866
-12.058
-4.897
-5.515
-9.577
-3.426
-7.410
-7.787
-5.243
-4.579
-9.416
-0.471
-8.108
-10.818
-4.368
-7.841
-11.979
-5.106
-5.731
-11.031
-5.888
-10.681
-10.640
-2.675
-9.916
-10.069
-0.094
-10.986
-11.520
-0.400
-6.659
-7.301
0.905
-13.010
-10.524
-2.255
-10.762
-10.470
-1.680
-13.129
-11.088
0.324
-11.203
-10.642
-2.241
-12.747
-10.516
-3.105
-13.115
-7.803
-1.633
-7.121
-11.551
-7.595
-4.684
-7.263
-5.182
-6.357
-10.796
-3.278
-4.993
-8.133
-6.753
-2.225
-7.016
-6.214
-3.296
-7.819
-5.221
-3.804
-8.533
-5.987
-3.693
-8.718
-4.573
-3.661
-7.563
-4.327
-7.794
-7.247
-4.959
-5.736
-7.395
-8.770
-4.613
-6.037
-4.420
-5.957
-9.197
-7.878
-3.507
-9.955
-8.614
-4.317
-7.011
-8.967
-2.655
-9.341
-5.620
-5.594
-6.333
-8.033
-2.784
-7.393
-8.151
-4.591
-9.124
-9.273
-5.237
-6.716
-5.851
-5.282
-9.118
-6.325
-8.698
-6.053
-10.358
-8.077
-8.884
-7.493
-5.614
-5.042
-10.462
-8.322
-7.660
-7.730
-8.705
-1.801
-11.622
-5.422
-8.495
-4.886
-9.437
-4.523
-9.257
-3.729
-10.979
-2.388
-8.426
-1.700
-8.862
-3.298
-8.963
-4.469
-9.780
-3.807
-10.401
-10.154
-10.422
-8.992
-11.421
-13.141
-8.882
-10.729
-11.087
-13.235
-6.742
-10.507
-8.291
-12.143
-8.811
-13.333
-7.354
-11.459
-11.488
-11.457
-7.025
-9.032
-10.449
-13.552
-9.323
-5.536
-8.268
-3.457
-4.142
-5.675
-5.242
-5.237
-6.174
-3.577
-8.338
-2.999
-7.039
-7.408
-7.594
-4.278
-7.752
-4.424
-8.718
-6.777
-9.284
-8.530
-7.904
-7.138
-5.206
-8.663
-8.027
-7.896
-1.880
-4.136
-5.738
-9.111
-9.019
-10.537
-4.966
-7.459
-7.284
-8.428
-6.768
-7.057
-5.599
-4.928
-11.717
-5.123
-7.715
-11.408
-5.547
-5.344
-8.882
-2.996
-8.154
-8.970
-10.796
-8.225
-9.530
-5.716
-7.720
-8.593
-7.484
-5.410
-11.615
-8.192
-8.024
-9.671
-10.615
-6.899
-10.388
-10.997
-8.608
-9.660
-7.500
-10.249
-8.474
-8.189
-10.712
-8.614
-12.496
-10.269
-8.377
-11.609
-10.046
-7.395
-9.525
-10.982
-10.321
-10.045
-12.501
-14.590
-9.825
-7.753
-8.856
-9.126
-12.232
-11.515
-11.634
-11.615
-13.649
-9.091
-10.724
-11.713
-8.710
-12.117
-14.750
-13.352
-8.245
-4.618
-8.840
-11.465
-11.608
-9.507
-9.178
-10.581
-14.408
-3.871
-10.507
-12.634
-14.276
-6.015
-10.959
-11.477
-12.286
-5.591
-9.640
-6.965
-13.404
-7.432
-9.725
-12.047
-13.634
-8.037
-9.961
-5.860
-14.822
-4.735
-11.614
-11.560
-14.537
-9.196
-6.748
-11.997
-13.759
-7.938
-6.701
-9.755
-8.797
-6.086
-13.281
-8.157
-2.525
-8.746
-15.440
-9.568
-10.006
-8.919
-10.320
-8.190
-7.678
-8.976
-11.747
-10.883
-8.254
-5.122
-12.433
-13.304
-9.777
-8.516
-10.847
-10.610
-5.383
-6.448
-9.927
-11.816
-6.696
-9.063
-14.233
-11.270
-5.935
-11.451
-10.483
-10.319
-10.127
-10.851
-2.761
-10.673
-9.994
-10.441
-5.336
-5.350
-6.591
-12.534
-7.563
-5.317
-7.555
-9.889
-5.451
-6.739
-9.430
-10.732
-4.556
-5.211
-7.138
-11.112
-5.242
-8.621
-7.117
-12.456
-5.497
-7.207
-6.225
-10.739
-5.993
-7.563
-8.921
-11.019
-3.327
-6.099
-6.097
-9.806
-6.447
-8.763
-8.604
-7.155
-7.158
-9.575
-4.373
-8.697
-6.427
-7.069
-3.911
-5.129
-9.237
-8.330
-3.940
-5.048
-8.677
-5.376
-4.655
-4.298
-9.054
-5.090
-5.842
-5.619
-7.674
-6.114
-5.511
-5.906
-7.355
-5.448
-5.429
-7.236
-16.484
-5.455
-5.103
-4.237
-10.520
-6.469
-10.096
-5.868
-10.332
-7.304
-6.814
-5.966
-9.883
-10.025
-10.271
-8.373
-11.845
-12.139
-13.968
-9.047
-10.268
-10.462
-10.453
-2.402
-11.538
-10.100
-10.919
-6.230
-8.372
-9.457
-11.002
-7.860
-9.708
-10.314
-11.254
-9.782
-10.712
-13.614
-9.814
-6.634
-11.593
-9.782
-12.648
-6.003
-10.697
-9.818
-12.809
-8.757
-10.151
-7.576
-13.905
-8.663
-12.981
-6.505
-12.695
-7.504
-10.565
-6.578
-8.771
-10.741
-12.582
-5.477
-11.747
-7.809
-12.499
-5.440
-14.110
-10.001
-14.290
-8.209
-9.747
-7.743
-11.646
-4.134
-8.995
-8.564
-8.461
-6.351
-8.830
-8.727
-10.451
-6.984
-12.670
-13.029
-11.932
-10.129
-9.282
-9.930
-13.278
-2.989
-7.639
-9.260
-12.345
-10.757
-7.250
-9.760
-9.887
-10.169
-10.247
-9.486
-10.779
-9.399
-6.822
-9.663
-8.280
-13.728
-7.887
-7.880
-11.517
-9.747
-5.816
-9.193
-12.431
-9.705
-8.744
-8.569
-10.844
-10.839
-7.351
-10.743
-9.392
-12.363
-8.468
-10.244
-9.243
-10.081
-7.740
-8.516
-12.824
-10.798
-8.610
-5.861
-8.405
-2.951
-15.191
-7.640
-5.284
-8.639
-14.381
-8.453
-9.137
-4.177
-14.338
-11.615
-9.386
-6.844
-13.966
-9.795
-6.879
-6.901
-13.573
-9.581
-4.030
-5.240
-10.642
-11.102
-10.634
-5.995
-15.914
-10.455
-9.137
-3.480
-13.639
-10.381
-7.122
-4.493
-15.219
-10.214
-6.699
-7.637
-8.833
-4.486
-10.103
-8.413
-10.674
-4.191
-7.868
-12.657
-12.935
-5.348
-9.389
-10.097
-8.724
-8.693
-7.242
-13.139
-12.920
-4.921
-7.724
-11.817
-10.215
-6.101
-8.737
-12.437
-6.478
-4.394
-4.624
-11.675
-7.971
-9.131
-9.165
-12.508
-11.472
-5.045
-11.724
-10.652
-12.739
-4.881
-10.204
-9.782
-12.179
-10.097
-8.990
-9.572
-9.977
-8.744
-6.825
-12.094
-8.865
-9.460
-8.744
-11.005
-10.564
-8.290
-8.672
-12.802
-8.675
-12.020
-8.030
-14.117
-9.069
-12.512
-7.209
-11.885
-6.592
-11.412
-5.263
-13.667
-2.168
-9.304
-8.484
-12.628
-5.360
-13.250
-5.645
-9.934
-4.976
-12.919
-5.587
-12.533
-5.049
-8.205
-5.824
-7.902
-4.792
-8.146
-9.320
-7.472
-8.161
-5.272
-5.943
-6.100
-5.933
-8.315
-6.691
-11.858
-4.772
-8.775
-7.462
-7.431
-9.641
-7.964
-9.657
-11.025
-8.222
-11.426
-5.801
-8.445
-8.079
-10.869
-7.142
-10.801
-6.281
-7.480
-8.657
-8.485
-6.896
-8.463
-10.197
-7.732
-6.173
-8.973
-9.593
-11.970
-8.576
-8.875
-6.650
-8.128
-8.046
-6.136
-6.652
-7.690
-8.516
-7.895
-4.277
-7.933
-5.264
-11.858
-6.345
-8.244
-9.722
-10.362
-8.859
-9.538
-6.754
-6.157
-7.310
-6.367
-8.350
-10.051
-10.753
-9.350
-9.851
-4.604
-10.781
-10.655
-8.412
-4.259
-9.613
-7.091
-7.551
