-12.854
-15.111
-8.014
-14.668
-11.529
-12.914
-9.762
-14.999
-10.503
-16.562
-11.418
-12.760
-13.419
-14.964
-10.968
-17.466
-10.549
-11.810
-8.215
-12.443
-14.369
-10.488
-9.152
-9.104
-16.100
-11.994
-10.700
-12.031
-7.344
-9.564
-11.992
-11.689
-13.464
-9.007
-13.983
-11.749
-11.143
-10.810
-10.187
-13.452
-9.256
-6.092
-7.548
-13.085
-10.512
-9.699
-8.051
-8.712
-7.706
-11.489
-10.485
-7.991
-12.900
-11.375
-10.549
-13.419
-10.388
-13.183
-8.052
-11.060
-4.598
-11.274
-9.225
-9.834
-6.457
-11.190
-8.252
-12.088
-5.900
-11.495
-2.452
-8.268
-4.806
-8.726
-4.116
-9.540
-7.169
-9.685
-4.649
-7.591
-7.515
-12.757
-11.878
-9.154
-6.028
-13.136
-9.556
-6.312
-7.658
-12.828
-16.130
-7.740
-6.565
-11.164
-10.544
-10.869
-10.383
-13.612
-13.657
-6.690
-9.444
-11.110
-8.243
-6.110
-9.563
-7.034
-10.170
-9.253
-7.205
-10.955
-10.962
-4.337
-9.277
-12.172
-13.175
-5.327
-7.834
-12.711
-13.464
-5.980
-8.562
-12.477
-9.302
-11.087
-6.432
-11.316
-11.587
-11.765
-7.800
-12.682
-10.959
-13.324
-6.855
-9.211
-11.438
-13.238
-7.297
-11.253
-11.137
-14.006
-6.310
-12.478
-10.864
-13.198
-7.913
-9.977
-13.115
-12.863
-5.923
-13.069
-15.715
-12.712
-9.724
-10.448
-12.303
-10.018
-9.077
-9.763
-8.506
-10.367
-5.043
-8.702
-7.570
-7.843
-4.068
-10.484
-6.846
-7.535
-1.912
-11.100
-10.694
-9.349
-3.384
-10.015
-9.577
-9.008
-1.628
-11.395
-10.766
-8.819
-4.315
-9.027
-10.829
-8.501
-4.217
-6.830
-9.627
-7.977
-4.764
-10.518
-6.960
-6.853
-4.769
-7.308
-10.101
-9.975
-3.455
-8.510
-7.999
-9.438
-7.852
-5.227
-5.735
-7.995
-9.110
-8.868
-8.224
-4.777
-7.914
-11.250
-8.898
-4.395
-9.938
-8.697
-10.590
-6.298
-10.624
-10.337
-8.979
-1.543
-7.378
-5.984
-10.932
-5.084
-10.092
-11.365
-9.718
-4.109
-7.754
-10.212
-9.675
-1.484
-7.012
-8.701
-12.895
-8.252
-11.412
-10.061
-10.523
-7.096
-10.481
-4.376
-6.637
-11.362
-8.238
-7.322
-7.636
-8.641
-7.577
-3.118
-5.720
-7.128
-9.468
-6.460
-6.359
-6.891
-8.100
-9.697
-7.093
-6.989
-6.131
-4.872
-8.784
-10.178
-6.834
-9.668
-10.605
-5.848
-6.355
-6.285
-6.893
-5.281
-6.518
-3.814
-5.808
-9.378
-10.455
-7.631
-8.471
-10.078
-12.314
-8.096
-4.433
-6.147
-6.843
-6.359
-6.766
-6.417
-10.959
-6.385
-8.328
-6.943
-9.958
-8.474
-3.913
-4.883
-5.873
-9.938
-5.181
-1.244
-10.437
-8.841
-6.081
-4.099
-9.690
-6.282
-7.509
-6.980
-7.928
-6.108
-3.540
-5.115
-6.017
-7.726
-7.443
-5.345
-4.652
-6.286
-6.725
-2.437
-9.087
-9.300
-5.926
-6.360
-9.428
-7.389
-6.496
-4.811
-7.500
-8.803
-10.180
-5.547
-8.603
-12.874
-7.859
-5.474
-6.013
-13.727
-8.812
-4.475
-7.714
-12.703
-9.092
-5.585
-11.486
-12.562
-5.290
-4.021
-7.198
-9.476
-7.774
-4.490
-8.321
-10.242
-6.422
-5.293
-10.827
-9.568
-7.093
-3.994
-3.917
-2.011
-7.229
-6.864
-5.282
-1.855
-7.909
-5.616
-4.058
-1.442
-9.550
-8.275
-0.942
-2.402
-9.037
-7.666
-3.644
-1.213
-7.857
-3.568
-7.146
-1.278
-7.819
-6.818
-8.418
-7.335
-6.988
-6.472
-4.588
-2.096
-8.529
-6.249
-1.268
-2.479
-8.464
-5.351
-6.580
-3.704
-10.189
-7.020
-11.521
-8.748
-10.758
-9.948
-10.228
-12.513
-8.725
-10.454
-9.583
-6.134
-8.867
-13.740
-8.616
-11.257
-12.927
-9.688
-10.547
-12.974
-8.612
-8.382
-10.615
-12.000
-10.672
-12.445
-9.704
-7.070
-13.115
-7.188
-8.828
-14.862
-7.442
-7.273
-8.673
-1.692
-8.316
-12.768
-4.941
-6.670
-10.481
-4.985
-6.694
-10.679
-8.594
-12.797
-11.405
-4.592
-9.283
-12.535
-6.587
-8.755
-10.754
-8.798
-10.810
-10.197
-8.955
-8.485
-9.881
-6.311
-5.499
-11.878
-3.613
-11.181
-15.238
-5.360
-7.004
-9.774
-4.458
-5.684
-8.042
-3.415
-3.804
-9.112
-9.448
-9.348
-8.224
-7.646
-5.825
-6.713
-6.797
-8.068
-7.392
-8.493
-9.199
-7.104
-4.994
-3.671
-10.881
-8.228
-9.864
-10.726
-6.030
-6.271
-8.040
-5.832
-6.974
-9.548
-5.155
-7.026
-10.005
-2.498
-2.870
-9.765
-4.525
-6.038
-5.152
-8.664
-4.770
-11.364
-6.058
-5.210
-10.584
-4.357
-6.998
-7.551
-3.815
-3.621
-7.509
-3.276
-8.212
-10.717
-8.866
-10.998
-5.828
-11.111
-12.271
-9.988
-9.954
-13.639
-8.896
-5.708
-11.987
-7.831
-8.291
-13.166
-9.327
-3.231
-10.494
-9.917
-5.712
-12.574
-6.991
-6.854
-11.343
-8.071
-6.674
-12.767
-9.107
-9.257
-13.213
-8.197
-4.193
-8.022
-9.928
-3.316
-7.200
-8.104
-4.115
-4.698
-5.807
-7.520
-7.372
-9.050
-4.629
-4.959
-1.724
-4.966
-6.165
-8.820
-4.901
-4.537
-6.654
-6.482
-4.128
-3.498
-3.452
-6.244
-7.058
-5.114
-4.174
-7.937
-9.252
-11.194
-13.659
-10.859
-7.159
-8.464
-7.847
-7.666
-10.987
-14.010
-10.753
-12.287
-9.685
-8.186
-8.922
-10.071
-9.653
-9.825
-9.710
-9.534
-8.485
-13.247
-12.743
-14.108
-7.875
-10.869
-11.144
-12.438
-11.888
-9.737
-6.955
-11.216
-12.075
-12.674
-8.159
-9.708
-3.447
-8.262
-6.580
-11.888
-6.563
-7.038
-11.226
-13.668
-11.188
-8.624
-10.368
-12.702
-7.550
-11.923
-11.352
-10.790
-9.530
-5.792
-8.696
-9.998
-11.939
-11.299
-9.171
-9.001
-9.097
-10.783
-13.855
-7.184
-5.135
-12.676
-12.070
-11.084
-9.485
-8.787
-11.028
-11.503
-12.687
-9.573
-7.716
-8.143
-7.967
-9.425
-8.866
-9.077
-9.554
-11.328
-11.029
-8.106
-6.055
-5.746
-8.271
-11.682
-4.389
-8.507
-8.745
-11.284
-8.894
-9.369
-8.709
-10.973
-11.073
-10.373
-8.967
-10.416
-10.500
-9.754
-14.137
-12.733
-8.645
-11.357
-10.439
-11.521
-12.020
-6.330
-12.524
-13.955
-11.889
-12.733
-4.673
-9.533
-9.466
-12.155
-15.133
-8.424
-5.304
-13.794
-7.867
-16.317
-5.067
-9.835
-11.632
-9.679
-14.329
-4.688
-8.971
-12.766
-11.735
-15.626
-9.400
-9.039
-11.173
-9.832
-13.821
-8.830
-10.023
-9.714
-9.032
-12.169
-7.909
-11.637
-10.565
-9.620
-15.927
-8.879
-11.149
-9.292
-15.775
-7.248
-7.407
-11.106
-8.598
-10.430
-10.461
-3.427
-10.577
-5.836
-9.214
-8.037
-7.900
-13.201
-13.262
-9.892
-10.493
-5.262
-8.948
-10.615
-9.997
-10.614
-7.173
-6.677
-8.226
-10.566
-7.576
-7.974
-10.446
-11.639
-8.730
-11.863
-8.542
-10.833
-8.782
-10.265
-11.118
-4.402
-11.699
-9.168
-8.637
-13.890
-6.011
-11.498
-10.323
-11.678
-12.993
-3.494
-6.999
-12.971
-14.685
-7.670
-12.990
-4.145
-11.419
-10.078
-6.390
-10.886
-4.916
-7.814
-7.808
-5.657
-10.189
-4.887
-9.624
-12.442
-12.211
-8.330
-6.750
-9.358
-4.829
-6.160
-11.953
-5.770
-10.268
-10.229
-8.369
-8.610
-6.105
-4.227
-6.726
-11.709
-13.914
-6.619
-11.726
-13.150
-5.121
-9.374
-7.532
-11.184
-13.009
-10.744
-12.119
-7.577
-12.094
-11.999
-8.032
-12.324
-4.344
0.495
-10.653
-0.604
-8.561
-5.094
-1.446
-10.918
-5.603
-10.196
-4.772
-1.117
-10.736
-3.723
-5.889
-4.967
-2.307
-13.165
-1.957
-9.030
-10.630
-3.987
-12.171
-4.240
-10.002
-3.289
-3.623
-8.958
-4.640
-8.255
-3.340
-2.613
-8.015
-2.142
-11.131
-8.301
-6.334
-6.322
-6.582
-8.692
-2.337
-3.529
-9.601
-4.689
-8.945
-7.667
-6.179
-10.571
-3.625
-10.597
-9.794
-13.109
-10.710
-3.952
-9.546
-11.322
-11.966
-11.574
-4.988
-7.412
-8.321
-10.825
-9.462
-9.991
-12.468
-8.649
-11.767
-9.206
-6.752
-8.447
-11.416
-13.330
-11.080
-6.127
-9.818
-6.386
-14.233
-9.533
-7.740
-11.077
-9.242
-12.856
-11.989
-7.784
-8.416
-6.433
-11.524
-9.983
-5.936
-9.908
-5.838
-14.460
-9.760
-5.309
-7.884
-8.200
-12.670
-10.523
-6.393
-13.513
-8.752
-6.487
-8.584
-11.328
-14.156
-4.544
-5.065
-11.969
-10.240
-13.469
-3.434
-6.521
-12.027
-8.874
-10.879
-5.158
-7.375
-13.047
-8.876
-12.077
-5.063
-4.477
-11.847
-7.457
-14.803
-1.858
-7.540
-9.290
-6.741
-12.719
-4.189
-7.228
-10.038
-8.148
-11.575
-7.184
-5.367
-11.325
-6.515
-13.559
-3.577
-9.217
-11.376
-12.131
-11.565
-3.360
-6.279
-10.436
-5.631
-13.704
-9.184
-5.341
-7.594
-9.206
-1.709
-9.920
-7.420
-9.772
-12.119
-7.949
-8.408
-5.364
-8.882
-11.754
-8.603
-8.527
-8.077
-11.553
-11.794
-10.594
-7.372
-6.248
-9.190
-6.721
-6.709
-4.441
-4.342
-12.079
-6.496
-8.069
-5.950
-5.778
-8.064
-5.059
-6.669
-6.626
-3.373
-13.161
-9.262
-8.471
-8.780
-7.534
-13.532
-10.384
-10.765
-8.343
-9.980
-10.276
-9.993
-8.156
-8.707
-2.248
-8.221
-10.492
-11.534
-4.683
-7.712
-6.597
-8.535
-12.695
-3.950
-4.064
-3.303
-8.862
-6.601
-3.702
-4.341
-4.797
-10.028
-10.614
-6.626
-4.007
-6.717
-9.926
-12.932
-6.714
-3.196
-6.396
-12.566
-10.127
-5.938
-6.351
-5.977
-8.434
-10.003
-4.972
-1.300
-6.793
-7.869
-11.526
-6.274
-0.899
-5.567
-7.088
-12.596
-8.844
-4.917
-5.718
-10.152
-11.782
-15.067
-10.513
-9.012
-9.810
-15.640
-12.401
-10.220
-14.911
-8.863
-10.368
-15.399
-8.868
-17.056
-12.610
-8.613
-9.952
-13.506
-9.631
-18.414
-9.303
-9.991
-14.867
-9.299
-16.942
-17.026
-10.522
-12.370
-9.373
-13.001
-13.416
-13.417
-10.180
-10.440
-14.648
-10.889
-9.861
-15.269
-11.221
-7.879
-13.132
-6.629
-5.797
-15.463
-7.611
-5.341
-14.101
-8.746
-6.932
-14.932
-9.220
-9.564
-14.133
-12.010
-9.532
-15.218
-9.434
-9.921
-14.547
-8.962
-6.091
-6.707
-12.986
-9.432
-12.022
-12.486
-9.029
-8.695
-13.065
-8.129
-7.160
-11.502
-6.278
-11.046
-11.435
-11.091
-10.586
-14.055
-8.506
-11.601
-11.382
-7.795
-10.554
-10.994
-10.695
-11.163
-9.404
-10.471
-9.426
-11.611
-5.960
-6.292
-3.065
-11.668
-7.116
-8.094
-15.502
-6.032
-4.537
-9.111
-2.548
-8.725
-10.652
-4.012
-5.386
-16.468
-2.412
-7.093
-12.337
-5.166
-3.666
-11.157
-5.621
-4.355
-11.711
-4.522
-6.028
-14.095
-4.276
-6.446
-8.829
-10.180
-10.697
-7.934
-8.715
-7.102
-8.829
-5.344
-9.266
-12.405
-6.815
-8.742
-10.805
-10.661
-7.489
-7.126
-5.679
-11.034
-9.897
-9.042
-8.516
-7.308
-7.226
-5.592
-7.035
-8.858
-9.727
-9.681
-9.872
-5.787
-6.404
-7.419
-5.752
-8.160
-5.970
-7.599
-10.279
-4.597
-4.744
-8.714
-4.712
-5.559
-4.826
-5.654
-5.487
-12.580
-7.569
-5.237
-11.544
-6.542
-5.139
-7.638
-5.238
-4.871
-6.981
-8.746
-6.217
-8.531
-5.058
-3.034
-9.849
