-6.778
-3.083
-4.517
-7.383
-2.941
-4.480
-5.676
-3.205
-3.787
-3.176
-2.657
-2.143
-3.922
-2.421
-2.546
-3.292
-4.416
-3.958
-2.625
-3.887
-0.648
-1.394
-1.566
-2.245
-2.178
1.405
-1.348
-0.520
-1.751
-1.258
0.709
0.929
0.009
-1.176
0.028
-1.332
-0.788
0.174
1.237
0.069
-0.829
0.298
-1.116
1.006
2.256
0.698
0.297
2.021
0.774
0.845
2.546
1.330
0.698
2.038
-0.833
0.176
1.883
-0.200
-0.746
1.771
0.828
1.436
2.785
0.883
0.867
2.431
1.966
0.089
2.079
1.188
1.199
0.434
-0.933
2.911
2.137
2.672
2.305
-0.654
1.370
3.554
0.815
2.406
1.550
2.405
3.415
1.689
1.651
3.003
-0.361
0.013
1.864
3.902
3.007
2.549
2.053
0.647
1.231
1.811
2.904
2.124
-2.262
0.903
-0.907
-0.082
2.612
-0.240
-0.112
2.122
-0.553
-0.495
2.837
0.309
-0.020
2.725
-0.826
-0.991
1.586
-1.329
0.253
2.627
-0.120
0.838
2.898
1.133
-1.866
1.010
-1.760
1.162
2.997
0.695
1.064
-0.517
2.361
0.914
0.490
2.132
0.867
-1.252
2.043
1.165
0.789
2.465
0.397
-0.328
1.122
0.942
0.014
2.447
0.426
-0.545
1.988
0.699
-0.783
1.557
0.561
0.171
2.852
1.897
0.961
3.747
4.987
2.105
4.589
4.001
0.533
4.199
4.770
1.364
3.692
3.103
-0.082
2.625
4.617
2.263
2.637
3.135
-0.890
4.141
4.787
1.190
5.813
3.919
0.794
4.208
3.766
0.728
3.427
4.631
-0.853
3.615
3.431
0.092
4.437
1.694
-1.597
3.455
2.292
-0.185
3.948
3.266
0.026
2.882
0.890
-2.276
0.145
2.617
-0.901
4.255
-0.759
-3.277
1.713
2.369
-0.657
3.661
2.398
-0.215
4.546
2.360
1.550
4.813
1.697
0.028
0.599
0.939
0.116
0.275
2.118
-0.096
2.239
1.902
0.154
0.322
2.769
0.736
1.248
-0.033
-0.258
0.298
1.852
1.384
2.470
2.806
2.399
3.078
0.361
0.534
0.879
0.985
0.311
-0.087
4.320
1.195
2.649
4.766
1.803
2.699
4.568
0.229
1.527
2.362
1.077
0.950
4.383
2.131
3.382
5.862
3.349
4.949
4.111
1.163
1.429
2.946
2.546
1.161
3.335
0.426
2.066
4.618
0.913
4.374
1.762
-1.312
3.037
-0.223
1.652
-0.547
3.186
0.033
0.557
-1.042
-0.298
-3.602
3.096
-0.610
-0.668
-4.594
1.614
-1.341
0.443
-2.389
2.330
-1.163
3.645
-0.800
2.733
-1.799
4.370
-1.280
3.588
-3.901
2.974
-2.483
4.795
-1.266
1.404
-4.685
1.947
-2.387
1.955
-4.889
-0.062
-2.066
-0.805
-3.079
-2.465
-1.903
1.147
-0.594
0.506
-0.672
-0.254
-2.010
-1.534
-4.238
-1.148
-1.867
-0.957
-2.510
-1.294
-2.499
1.785
0.528
0.748
0.925
0.314
0.702
-1.118
-0.325
0.008
-2.414
1.855
1.752
0.029
0.040
1.462
0.470
1.466
-0.551
-0.077
-1.817
1.687
0.353
1.404
0.240
0.712
0.927
1.681
2.397
1.946
1.135
1.057
1.106
0.711
0.885
-1.559
-0.054
0.338
0.335
-1.325
-1.485
1.084
0.281
-0.475
-1.154
-1.248
-0.831
1.960
-0.818
0.200
-1.722
-0.351
-0.099
1.885
1.308
-0.572
-1.197
0.362
0.189
1.628
-0.445
-3.752
-1.255
-5.585
-0.370
-4.845
-2.408
-7.865
-3.194
-5.356
-0.885
-7.377
-2.409
-5.754
-2.620
-7.312
-3.110
-6.109
-2.878
-9.315
-4.070
-5.107
-1.210
-7.937
-2.055
-6.101
-2.016
-8.469
-3.786
-5.932
-1.051
-7.379
-3.339
-4.782
-1.896
-7.697
-3.936
-2.392
0.289
-4.857
-1.685
-2.900
-5.716
-7.148
-2.821
-0.433
-4.111
-4.562
-3.025
-2.395
-3.689
-1.391
-1.521
0.580
-5.427
-3.247
-2.642
-3.320
-3.160
-5.301
-3.192
-1.574
-4.653
-4.161
-3.331
-2.650
-2.242
-6.080
-1.624
-2.010
-4.388
-3.766
-2.906
-0.467
-5.418
-4.007
-2.814
-3.128
-2.890
-6.516
-2.341
-1.267
-5.560
-1.143
-3.307
-2.633
-4.435
-2.579
-3.535
-2.565
-5.984
-2.489
-5.401
-4.828
-5.055
-2.984
-5.154
-4.629
-4.749
-2.642
-4.315
-3.906
-4.738
-2.373
-5.804
-3.930
-3.193
-1.721
-4.328
-4.261
-4.466
-2.403
-4.213
-5.775
-5.770
-2.721
-4.316
-4.054
-5.862
-2.334
-4.657
-6.233
-2.370
-1.659
-4.597
-7.852
-2.139
-1.992
-3.067
-8.356
-3.866
0.183
-4.413
-9.396
-3.583
-3.337
-4.732
-8.128
-3.286
-2.545
-4.078
-7.489
-3.408
-2.740
-4.406
-7.914
-2.532
-2.679
-5.428
-7.273
-2.460
-0.916
-3.366
-7.069
-2.715
-0.574
-3.598
-4.788
-1.237
-3.415
-3.098
-1.452
-5.604
-2.526
-0.208
-2.984
-4.395
-2.874
0.122
-3.681
-6.061
-4.510
-1.083
-2.784
-4.278
-2.668
-0.642
-0.609
-5.792
-2.821
-1.394
-2.941
-3.102
-2.374
-0.852
-3.018
-4.170
-2.938
-1.172
-1.985
-7.993
-4.474
-1.557
-4.573
-7.872
-3.913
-3.667
-0.694
-3.553
-3.093
-0.885
-1.108
-0.420
-3.544
-5.395
-2.558
-2.691
-7.127
-8.017
-3.443
-2.574
-7.492
-6.467
-0.831
-1.559
-6.299
-8.248
-2.223
-2.488
-8.231
-7.776
-2.662
-1.970
-7.425
-7.211
-3.341
-2.527
-8.841
-8.531
-0.061
-1.175
-7.967
-7.036
-1.522
-1.128
-6.153
-6.025
-2.636
-1.609
-7.168
-7.584
-1.058
-6.529
-1.829
-3.491
-1.204
-7.373
-1.109
-0.840
-2.901
-7.400
-1.696
-1.927
-2.003
-6.894
-2.373
-4.787
-1.892
-7.476
-1.634
-1.643
-1.032
-5.868
-1.559
-1.832
-2.180
-6.121
-4.192
-2.871
-1.252
-5.874
-1.114
-1.610
-0.164
-4.562
-1.772
-2.084
-1.805
-7.674
-1.064
-2.735
-5.609
-2.356
-9.783
-1.829
-6.540
-1.694
-8.457
-3.656
-6.375
-1.166
-9.930
-1.668
-6.401
-1.668
-10.075
-3.985
-6.527
-2.082
-8.356
-1.133
-4.942
-1.975
-9.708
-2.056
-4.462
-1.323
-8.646
-2.705
-3.019
-0.758
-8.963
-1.862
-4.936
-0.210
-9.548
-1.836
-7.109
-3.172
-11.461
-3.131
-0.400
-6.671
-2.178
-5.563
0.690
-2.077
-4.777
-6.239
1.269
-3.514
-3.212
-5.868
-0.099
-6.174
-4.648
-7.399
0.091
-4.575
-2.811
-4.335
0.842
-3.594
-3.381
-6.308
0.377
-2.230
-4.000
-5.867
1.429
-2.552
-2.828
-5.594
-0.287
-2.575
-3.266
-7.966
0.111
-5.708
-1.688
-4.471
-3.400
-2.657
-11.861
-6.953
-2.726
-0.860
-11.564
-5.331
-1.609
-0.193
-8.817
-2.825
-3.535
-1.626
-10.109
-3.932
-4.843
-1.636
-11.580
-4.078
-4.423
-1.786
-11.233
-4.400
-4.822
-2.151
-11.738
-3.867
-4.021
-2.318
-11.189
-3.711
-1.753
-1.769
-10.627
-3.915
-3.269
-1.161
-10.295
-3.825
-6.256
-2.412
-3.538
-1.178
-3.378
0.088
-6.588
-3.039
-7.425
-3.342
-6.467
-2.362
-6.365
-1.500
-4.606
-0.938
-7.544
-1.244
-5.302
-1.485
-5.117
-1.193
-5.297
-4.255
-4.771
-0.712
-6.078
-0.336
-2.418
-3.230
-5.290
-1.085
-4.415
-3.353
-7.880
-1.643
-5.499
-1.243
-4.619
-0.968
-7.722
-4.218
-5.888
-2.901
-6.027
-3.136
-5.018
-2.640
-2.874
-2.251
-5.298
-1.660
-5.635
-3.056
-6.347
-3.268
-3.654
-3.360
-6.861
-2.769
-4.080
-3.639
-4.018
-4.136
-2.452
-2.231
-4.288
-5.086
-2.656
-2.841
-4.167
-5.178
-2.690
-3.368
-3.102
-3.431
-2.206
-0.482
-4.798
-3.980
-2.948
-5.044
-1.834
-1.522
-1.972
-1.724
-2.608
-3.142
-3.883
-4.429
-0.957
-3.189
-1.351
-1.030
-2.438
-2.138
-0.080
-0.945
-4.118
-3.627
-1.587
-2.959
-3.140
-2.282
-2.095
-2.438
-0.478
-1.328
-2.775
-2.877
-2.174
-1.652
-2.876
-3.399
-1.788
-0.838
-0.248
-2.095
-0.904
-3.030
