-24.514
-21.092
-9.149
-25.028
-13.120
-20.643
-20.243
-19.514
-15.432
-10.178
-14.276
-17.434
-14.582
-10.262
-10.316
-15.005
-16.570
-13.877
-16.659
-13.879
-8.117
-8.518
-11.532
-10.199
-10.675
-9.079
-5.763
-8.738
-10.821
-7.182
-4.630
-1.543
-3.322
2.111
-2.151
-6.657
-10.423
-0.209
-2.738
-5.276
-17.870
-6.891
-18.912
-14.182
-2.714
-15.540
-15.799
-4.078
-11.836
-12.632
-3.504
-11.555
-18.138
-5.575
-17.996
-15.717
-3.809
-10.925
-18.442
-7.224
-12.447
-14.334
-5.821
-11.608
-13.914
-10.383
-14.440
-12.689
-11.026
-18.437
-10.054
-8.744
-14.579
-8.209
-6.866
-15.351
-13.293
-12.697
-13.165
-5.341
-12.321
-8.817
-16.260
-12.466
-8.312
-18.518
-5.736
-11.373
-19.212
-14.213
-10.563
-2.224
-7.120
-12.694
-5.896
-5.243
-9.534
-14.161
-10.404
-16.957
-19.992
-15.823
-15.729
-22.730
-15.102
-20.825
-23.237
-22.469
-18.536
-19.360
-12.261
-22.159
-17.824
-11.715
-17.529
-17.451
-13.727
-17.242
-25.670
-19.241
-18.845
-18.717
-15.345
-20.325
-22.131
-14.131
-20.722
-17.003
-13.448
-19.672
-30.263
-29.607
-21.888
-23.555
-18.092
-14.084
-28.101
-24.835
-19.066
-22.923
-24.895
-18.022
-16.736
-21.625
-17.189
-24.966
-24.834
-17.097
-18.370
-21.899
-13.850
-23.501
-20.784
-16.992
-25.442
-23.708
-17.314
-22.555
-23.904
-21.032
-8.625
-11.670
-2.004
-3.786
-13.971
1.839
-3.557
-12.046
-7.623
-7.294
-16.659
-6.904
-0.562
-7.505
0.465
-6.110
-12.568
-3.192
-0.995
-8.810
3.059
-11.979
-17.793
-0.745
-6.438
-18.832
-0.552
-7.237
-17.503
-3.888
-10.621
-10.341
0.854
-11.136
-13.724
-1.724
-15.284
-17.239
0.104
-10.718
-12.133
-1.976
-11.994
-14.650
4.001
-9.065
-8.628
-1.101
-7.854
-11.838
3.867
-8.106
-11.484
0.067
-11.559
-5.456
-2.020
-14.260
-12.739
0.722
-8.441
-16.860
-8.874
-3.921
-12.043
-9.953
-4.831
-11.702
-5.337
-7.309
-7.400
-6.674
-6.956
-13.593
-9.072
-5.390
-16.003
-12.600
-5.522
-17.536
-15.217
-4.309
-8.863
-1.159
-8.351
-17.909
-10.375
-6.491
-19.888
-11.973
6.105
-12.170
-5.231
2.345
-8.025
-2.958
-1.506
-10.637
-8.110
-6.778
-11.920
-10.796
-0.578
-7.954
-9.061
-1.989
-8.266
-9.428
2.957
-5.921
-7.753
-4.099
-5.861
-5.725
-3.878
-14.649
-9.610
-0.846
-2.940
-0.465
-9.153
-24.310
-10.089
-29.413
-10.919
-20.419
-9.961
-20.142
-11.689
-14.093
-9.304
-21.947
-6.335
-21.293
-8.872
-22.707
-12.146
-23.654
-7.947
-25.605
-9.967
-20.386
0.031
-25.868
-7.586
-31.950
-5.251
-24.474
-8.617
-24.524
-9.381
-27.118
-5.817
-25.606
-7.694
-23.943
-14.704
-27.571
-14.090
-28.963
-23.349
-20.647
-21.048
-22.478
-23.246
-18.495
-19.883
-18.170
-18.534
-22.039
-21.331
-14.050
-19.230
-24.273
-21.433
-16.576
-22.523
-23.730
-16.762
-24.385
-8.811
-8.719
-16.890
-11.532
-15.781
-14.307
-12.323
-17.200
-14.812
-17.070
-9.383
-11.565
-17.502
-15.672
-13.910
-7.673
-10.782
-13.025
-20.475
-17.443
-10.954
-13.470
-5.252
-6.314
-9.695
-9.043
-7.724
-5.287
-5.511
-14.366
-6.827
-5.568
-11.257
-6.220
-13.181
-12.449
-11.658
-13.348
-10.881
-9.899
-8.447
-14.930
-8.690
-7.707
-10.533
-3.594
-6.850
-15.327
-8.899
-11.288
-11.641
-15.873
-4.576
-7.600
-10.477
-10.582
-15.587
-4.190
-6.862
-11.486
-21.948
-11.726
-21.140
-18.656
-20.681
-22.143
-28.534
-21.527
-20.492
-15.686
-22.148
-14.424
-23.119
-19.907
-27.225
-24.790
-20.559
-18.881
-30.063
-17.693
-22.349
-16.674
-22.914
-22.095
-21.873
-23.427
-30.140
-22.754
-16.295
-11.802
-20.880
-17.952
-17.926
-16.715
-23.337
-16.823
-17.182
-12.618
-24.702
-16.838
-26.889
-26.205
-26.418
-29.843
-21.328
-17.764
-25.458
-31.745
-21.921
-17.468
-13.729
-25.489
-22.800
-17.079
-20.150
-27.828
-16.919
-11.766
-10.514
-21.481
-18.527
-19.457
-21.319
-28.747
-17.251
-8.687
-20.296
-22.952
-18.134
-17.063
-10.205
-28.502
-20.515
-24.044
-24.309
-32.904
-20.428
-11.443
-21.858
-22.547
-11.311
-17.835
-13.197
-18.926
-13.223
-24.802
-17.890
-11.764
-17.643
-26.622
-20.865
-23.710
-14.048
-16.897
-14.172
-19.194
-18.222
-19.725
-20.993
-18.630
-8.735
-19.454
-18.982
-22.078
-16.270
-17.001
-18.371
-16.623
-14.612
-21.767
-23.572
-19.093
-9.987
-20.321
-19.882
-12.233
-19.179
-19.608
-18.795
-21.026
-18.661
-11.541
-11.013
-15.869
-20.605
-7.359
-9.792
-8.601
-29.351
-13.700
-10.429
-18.260
-27.463
-14.497
-9.518
-20.051
-21.102
-10.282
-3.048
-10.709
-26.887
-16.999
-13.913
-18.139
-27.370
-12.373
-9.791
-18.199
-24.281
-11.649
-5.330
-15.539
-21.339
-10.961
-8.094
-16.777
-23.131
-14.977
-15.976
-17.908
-11.967
-14.993
-15.910
-12.543
-12.170
-11.130
-8.488
-10.248
-11.652
-21.438
-16.981
-13.060
-11.346
-17.769
-14.637
-13.219
-9.259
-16.896
-9.021
-14.553
-15.469
-15.247
-14.811
-16.254
-10.844
-15.479
-10.375
-17.839
-19.140
-25.735
-15.453
-15.152
-17.323
-17.045
-9.032
-24.150
-9.193
-21.153
-12.396
-15.967
-17.389
-15.583
-15.739
-19.510
-22.895
-20.315
-24.779
-26.454
-26.347
-15.653
-22.313
-22.318
-11.372
-12.141
-15.736
-25.022
-24.530
-11.309
-15.824
-16.815
-21.795
-10.960
-16.090
-16.641
-24.308
-15.273
-22.089
-25.592
-18.495
-16.154
-19.506
-22.011
-24.905
-16.137
-16.692
-20.769
-24.416
-18.186
-15.321
-14.059
-18.888
-23.066
-5.203
-17.250
-20.326
-21.358
-2.558
-9.682
-25.139
-28.797
-7.665
-20.170
-15.200
-23.366
-6.750
-16.082
-24.046
-19.575
-2.340
-13.809
-14.845
-22.762
-4.980
-20.273
-16.941
-17.468
-6.435
-17.914
-22.242
-20.996
-7.495
-19.430
-14.680
-23.002
-5.716
-20.306
-22.001
-23.918
-3.643
-15.200
-19.423
-11.935
-18.701
-10.497
-19.582
-13.626
-21.266
-12.675
-26.140
-7.695
-16.469
-7.722
-18.774
-8.815
-21.494
-9.378
-22.323
-11.805
-21.222
-13.517
-21.042
-12.459
-19.342
-11.479
-14.128
-7.924
-20.706
-3.373
-21.681
-11.841
-18.318
-11.911
-25.101
-8.657
-15.242
-7.155
-24.966
-18.492
-20.247
-14.286
-7.750
-25.643
-2.880
-28.333
-6.002
-14.978
-12.638
-23.559
-2.760
-25.853
-6.009
-29.537
-5.682
-20.590
-8.368
-28.014
-5.325
-20.112
-6.384
-23.365
-5.931
-17.628
-6.251
-26.722
-8.797
-21.360
-6.271
-26.533
-2.929
-16.705
-5.222
-30.935
-4.944
-23.749
-7.005
-27.972
-6.284
-18.983
-11.381
-19.959
-10.332
-11.753
-24.373
-22.504
-8.978
-8.608
-24.815
-20.519
-11.980
-12.930
-21.199
-22.023
-22.419
-19.573
-24.501
-23.056
-11.206
-10.443
-27.082
-20.929
-10.629
-11.848
-28.293
-12.123
-12.375
-7.175
-20.634
-14.970
-16.216
-11.361
-22.869
-22.037
-9.457
-11.474
-24.565
-20.741
-15.533
-13.588
-24.843
-23.540
-23.027
-13.206
-16.645
-8.601
-13.287
-3.242
-19.676
-11.264
-20.189
-9.531
-22.738
-13.771
-24.954
-9.608
-25.564
-10.813
-26.399
-16.293
-25.394
-10.546
-14.350
-7.128
-19.393
-13.359
-14.638
-15.773
-18.504
-4.360
-10.022
-12.008
-19.156
-14.395
-14.963
-17.487
-24.552
-17.205
-21.138
-10.057
-17.260
-14.562
-25.991
-16.410
-23.577
-13.545
-25.026
-17.157
-28.504
-20.151
-16.560
-13.251
-24.164
-16.499
-23.944
-17.180
-28.023
-13.892
-28.106
-16.351
-20.598
-19.401
-13.313
-16.154
-13.264
-18.154
-9.802
-7.490
-11.497
-15.307
-15.597
-11.887
-11.406
-15.045
-8.645
-12.105
-13.492
-9.756
-10.797
-12.782
-15.347
-11.400
-9.030
-13.639
-16.391
-14.439
-19.252
-11.602
-20.732
-17.734
-16.063
-13.527
-13.682
-15.670
-14.915
-9.436
-16.178
-15.467
-13.914
-9.686
-21.384
-20.727
-15.441
-14.715
-20.491
-16.826
-19.315
-7.876
-9.270
-14.519
-14.481
-15.931
-18.563
-15.543
-14.357
-15.965
-18.239
-11.044
-13.969
-16.244
-8.901
-7.054
