-23.920
-18.440
-19.002
-21.128
-21.187
-21.899
-22.408
-23.451
-23.893
-22.734
-29.967
-22.995
-24.326
-25.880
-26.201
-22.581
-26.132
-17.661
-16.603
-16.213
-22.753
-22.778
-27.491
-18.107
-28.671
-22.441
-25.210
-21.340
-19.752
-18.546
-34.430
-22.701
-21.162
-12.068
-33.850
-22.945
-20.344
-19.172
-22.349
-20.317
-10.792
-7.922
-4.285
-20.736
-9.976
-18.412
-7.979
-18.512
-12.593
-17.494
-12.962
-15.956
-12.490
-15.711
-9.826
-23.280
-7.644
-17.763
-10.670
-25.646
8.752
-19.030
6.068
-19.007
9.787
-18.634
7.387
-18.441
8.030
-16.476
10.984
-13.122
10.950
-12.951
11.563
-17.713
7.716
-20.383
9.161
-6.354
-12.455
-21.569
-19.144
-9.917
-8.812
-15.351
-8.252
-9.619
-8.156
-17.894
-19.004
-11.442
-8.505
-22.350
-19.488
-19.522
-12.249
-16.389
-14.683
-14.627
-7.716
-22.682
-8.998
-16.411
-6.482
-19.711
-13.577
-12.485
-16.957
-27.848
-27.459
-12.628
-8.637
-21.702
-18.288
-15.592
-11.248
-17.715
-9.961
-10.627
-7.309
-19.895
-16.726
-14.163
-0.238
-19.638
-13.867
-19.210
-2.625
-21.441
-14.455
-17.829
-8.054
-21.448
-18.101
-14.945
-5.510
-17.530
-10.924
-18.240
-5.374
-16.971
-8.540
-16.119
-0.791
-24.955
-19.675
-20.657
-6.992
-28.900
-25.274
-18.458
-16.752
-22.952
-20.736
-19.428
-6.176
-19.630
-6.411
-14.771
2.825
-17.061
-15.111
-17.009
1.139
-13.389
-8.210
-12.058
2.926
-20.319
-10.880
-21.179
8.918
-15.857
-14.863
-14.921
4.088
-17.103
-20.796
-15.477
5.258
-14.839
-13.148
-15.891
7.317
-10.289
-9.938
-12.679
0.446
-16.893
-19.536
-13.328
4.063
-14.847
-16.527
-14.179
10.058
-12.070
-11.307
-18.631
-16.478
-1.204
-8.957
-0.706
-20.179
-11.709
-16.331
-0.329
-16.440
-6.562
-10.920
-5.045
-18.075
-7.965
-22.181
-0.845
-12.550
-7.813
-11.510
7.385
-15.109
-2.468
-11.192
0.248
-13.973
-12.926
-18.038
1.112
-20.730
-11.448
-15.891
0.121
-11.665
-8.202
-13.503
-2.776
-20.415
-9.250
-14.393
-1.402
-19.395
-16.742
-18.388
-20.575
-10.902
-11.477
-14.546
-10.630
-9.716
-9.853
-18.471
-11.497
-5.677
-0.526
-7.244
-4.892
-15.040
-18.182
-14.032
-11.387
-9.245
-9.303
-17.541
-11.235
-12.374
-9.853
-14.986
-10.607
-11.456
-11.970
-17.121
-12.336
-19.601
-16.521
-17.198
-20.309
-11.330
-11.314
-12.044
-11.762
-19.259
-18.268
-1.949
-7.724
-9.566
-9.575
0.595
-5.650
-12.502
-8.857
-2.729
-12.760
-11.960
-15.629
1.196
-3.730
-12.589
-12.720
-1.972
-6.304
-15.510
-16.254
-1.187
-7.266
-13.423
-13.596
-10.639
-7.763
-15.756
-15.701
-3.258
-9.762
-18.867
-20.258
-7.023
-15.480
-14.609
-10.761
-7.221
-6.806
-16.311
-19.644
-11.719
-5.321
-11.755
-13.150
-8.156
-2.678
-13.776
-12.283
-11.304
-6.021
-16.030
-19.170
-14.758
-7.792
-16.537
-18.883
-13.531
-6.445
-16.181
-20.278
-11.672
-7.893
-15.290
-13.406
-5.732
-4.081
-12.600
-19.956
-11.053
-5.507
-16.756
-17.350
-11.345
-8.070
-22.978
-21.897
-13.268
-10.387
6.003
-4.260
-4.856
-2.375
11.525
1.549
-9.887
-5.035
9.915
-4.924
-12.229
-6.402
2.007
-12.987
-14.304
-6.429
7.916
0.756
-5.946
3.068
7.359
-2.278
-6.755
-5.797
2.370
-7.193
-9.803
-4.167
2.875
-3.827
-12.165
-10.897
4.379
-1.827
-11.375
-2.985
-3.407
-9.887
-19.713
-16.180
-23.143
-20.629
-26.297
-19.817
-24.352
-25.319
-23.835
-24.227
-26.497
-24.408
-21.730
-27.356
-20.784
-27.751
-26.042
-22.653
-28.192
-27.980
-18.570
-19.631
-22.089
-20.512
-22.824
-21.903
-18.390
-24.978
-23.623
-16.022
-27.143
-32.249
4.956
-11.983
-23.349
8.758
-8.208
-28.868
2.516
-12.169
-23.829
6.137
-10.821
-26.304
0.372
-19.792
-26.509
2.428
-10.898
-21.163
7.052
-14.201
-21.458
6.320
-14.521
-25.109
0.210
-10.015
-31.892
8.699
-4.972
-28.283
-4.205
-9.799
-26.220
-13.352
-17.541
-23.843
-11.507
-15.835
-24.770
-8.758
-10.018
-21.558
-13.679
-16.171
-26.634
-3.682
-2.704
-20.063
-13.523
-20.231
-28.532
-20.962
-17.993
-11.976
-8.454
-8.658
-25.860
-5.715
-9.254
-19.853
4.771
-9.507
-15.824
3.951
-3.851
-11.309
7.183
-9.871
-5.956
6.425
-5.342
-12.810
4.428
-5.773
-4.539
1.108
-10.205
-20.080
5.877
-7.273
-17.166
4.951
-13.025
-15.847
4.692
-3.057
-9.102
6.083
-8.522
-9.602
-12.947
-18.068
-6.446
-9.648
-19.969
-10.714
-13.453
-18.591
-8.895
-7.067
-15.607
-7.857
-10.885
-18.681
-8.820
-7.480
-23.035
-11.185
-8.989
-22.635
-11.826
-6.200
-20.316
-8.244
-9.578
-15.403
-7.610
-12.453
-13.852
-11.394
9.634
-5.309
-8.758
8.798
-7.414
-13.202
8.527
-8.466
-7.127
6.536
-8.386
-12.554
2.264
-3.731
-7.099
0.415
-9.817
-15.344
5.394
-1.734
-6.153
7.339
-1.007
-1.357
2.963
-6.812
-5.732
5.677
-3.575
-8.647
-17.209
-19.940
-20.123
-24.468
-20.038
-23.339
-15.635
-17.222
-28.281
-27.178
-25.002
-21.948
-18.725
-22.462
-24.678
-21.336
-18.171
-18.832
-21.325
-18.257
-19.341
-14.611
-21.671
-25.126
-20.446
-26.265
-20.037
-20.788
-23.662
-24.394
-16.285
-12.710
-19.153
-25.835
-17.566
-14.184
-5.911
-11.869
-20.148
-15.484
-16.850
-17.950
-20.881
-28.588
-19.211
-22.985
-15.707
-20.054
-19.415
-21.725
-19.451
-16.405
-18.235
-12.625
-23.524
-24.684
-17.672
-22.704
-17.241
-25.273
-22.176
-16.945
-25.468
-15.222
-19.501
-22.921
-14.824
-19.351
-16.142
-19.950
-20.747
-20.864
-22.889
-17.486
-25.742
-23.639
-20.137
-22.455
-19.049
-29.841
-22.664
-15.411
-20.862
-16.452
-20.062
-19.929
-17.917
-23.179
-12.917
-24.863
-21.677
-22.144
-19.766
-14.813
-26.961
-31.171
-19.885
-20.358
-20.937
-30.971
-20.768
-10.215
-11.306
-22.034
-16.790
-20.861
-16.528
-22.910
-29.388
-6.813
-23.824
-25.598
-23.670
-27.370
-10.109
-24.482
-19.205
-22.869
-34.645
-14.348
-14.827
-20.273
-17.974
-26.874
-9.362
-21.468
-19.317
-19.544
-28.662
-5.067
-20.452
-14.136
-17.499
-19.763
-8.581
-25.431
-17.109
-20.039
-28.179
-11.447
-20.815
-13.248
-15.569
-22.974
-10.435
-28.083
-20.930
-17.190
-28.123
-20.031
-21.010
-14.655
-19.656
-15.097
-12.794
-20.760
-12.780
-14.199
-14.719
-15.196
-18.400
-10.102
-16.824
-11.581
-15.186
-23.290
-14.789
-17.303
-18.567
-8.312
-14.841
-17.151
-17.091
-19.921
-12.147
-14.967
-9.477
-15.409
-12.895
-12.213
-20.081
-16.905
-18.406
-29.143
-23.588
-19.978
-14.368
-19.026
-16.899
-9.942
-18.854
-16.324
-16.876
-21.717
-14.342
-13.583
-13.081
-14.003
-13.688
-8.413
-22.011
-30.619
-20.456
-21.753
-29.630
-20.897
-25.767
-18.314
-21.631
-35.047
-14.778
-19.915
-15.990
-12.873
-23.246
-20.359
-26.139
-22.945
-27.478
-30.722
-13.119
-16.516
-7.800
-14.956
-23.304
-19.192
-17.652
-16.420
-19.550
-23.378
-17.788
-11.835
-11.846
-19.550
-22.871
-17.234
-22.006
-20.725
-20.208
-26.667
-24.464
-26.966
-20.748
-23.996
-31.279
-19.453
-24.774
-19.044
-20.264
-31.868
-5.508
-0.595
-19.735
16.604
-19.308
-1.639
-5.682
-24.683
10.630
-22.411
-3.684
-1.827
-18.309
12.411
-19.630
-10.253
-6.790
-24.440
8.939
-22.469
-11.449
-4.811
-25.759
9.051
-15.116
-2.905
1.285
-22.667
11.643
-22.884
-0.678
-1.560
-22.661
11.120
-20.054
-12.858
-2.131
-13.309
9.013
-16.518
-0.498
-4.227
-23.029
11.222
-19.719
-5.200
0.095
-20.605
13.869
-9.306
-24.667
-13.807
-32.445
-18.350
-13.248
-23.527
-15.299
-27.131
-20.942
-13.794
-26.172
-12.911
-30.314
-20.180
-10.304
-25.960
-19.504
-34.140
-28.343
-13.999
-24.545
-12.456
-30.755
-14.991
-16.275
-21.060
-16.631
-29.758
-25.193
-14.473
-23.497
-11.032
-27.513
-22.665
-11.533
-18.809
-14.074
-24.278
-12.207
-17.930
-22.063
-15.033
-28.964
-22.519
-14.410
-25.560
-20.180
-35.284
-26.979
-28.648
-7.932
-5.703
-21.831
-15.699
-28.324
-3.390
-9.242
-23.533
-10.024
-29.378
-5.998
-8.884
-26.113
-14.681
-26.448
-7.968
-4.816
-28.215
-14.683
-26.530
-4.007
-4.838
-32.418
-9.763
-28.732
-5.333
-12.183
-24.495
-15.965
-31.680
-5.797
-4.813
-14.967
-7.943
-19.157
-9.342
-4.697
-24.558
-12.078
-27.039
-10.939
-8.951
-27.867
-20.518
-28.660
-8.588
-3.921
-21.694
-9.973
-23.241
-19.108
-0.008
-19.162
-8.966
-10.864
-9.457
6.527
-25.215
-7.193
-21.653
-15.462
7.870
-24.702
-6.654
-14.572
-12.252
10.716
-22.005
-6.711
-22.964
-8.624
1.492
-19.505
-3.008
-12.407
-7.601
4.501
-23.406
-6.702
-16.649
-13.052
8.707
-21.621
-7.584
-16.503
-5.737
6.041
-27.834
-8.901
-21.758
-15.330
4.789
-31.287
-13.102
-20.484
-13.150
7.360
-29.140
-6.530
-23.170
-12.953
0.910
-6.873
-9.887
-24.874
-8.789
-2.195
-5.768
-12.494
-18.721
-8.967
-0.266
-6.739
-12.203
-22.169
-9.855
-3.047
-2.280
-9.192
-18.020
-8.979
-2.648
-10.631
-15.089
-26.353
-4.514
-4.286
-13.037
-12.814
-25.153
-5.105
-1.857
-15.933
-10.697
-19.879
-8.356
1.735
-14.034
-6.393
-26.059
-13.329
-2.065
-12.878
-12.060
-25.704
-18.727
-2.979
-10.604
-14.457
-25.387
-17.155
-20.042
-17.339
-17.414
-27.279
-25.948
-10.609
-26.533
-21.893
-13.696
-28.734
-19.532
-26.618
-25.536
-20.165
-19.324
-23.077
-20.936
-25.346
-17.302
-16.096
-18.922
-17.093
-19.371
-23.905
-22.355
-20.775
-16.886
-22.603
-21.828
-35.358
-22.581
-16.656
-39.017
-25.576
-24.436
-34.422
-23.050
-17.351
-33.224
-21.102
-17.213
-35.991
-25.226
-17.294
-32.047
-23.297
-19.074
-35.913
-26.779
-15.086
-38.219
-30.213
-21.666
-38.521
-21.909
-21.133
-33.308
-17.584
-11.479
-21.952
-32.073
-16.609
-21.745
-34.548
-23.456
-18.684
-27.784
-17.146
-15.454
-26.630
-15.996
-21.550
-21.590
-18.540
-13.351
-28.697
-18.832
-18.401
-31.089
-20.760
-20.130
-27.061
-19.458
-21.867
-32.083
-24.099
-19.896
-30.399
-22.763
-8.911
-12.936
-26.839
-10.776
-13.544
-24.375
-14.147
-13.187
-25.102
-4.263
-16.260
-23.047
-9.835
-12.196
-27.053
-8.043
-8.560
-20.610
-10.086
-9.556
-23.802
-7.074
-11.582
-26.074
-9.373
-5.457
-22.607
-4.530
-10.319
-22.479
-19.957
-14.807
-19.082
-15.445
-10.053
-20.988
-8.727
-12.079
-22.423
-14.769
-19.639
-24.862
-18.211
-12.603
-16.297
-9.163
-17.089
-22.512
-16.899
-12.979
-12.681
-15.172
-12.146
-12.723
-15.850
-15.118
-19.472
-21.825
-9.645
-19.803
-18.400
-13.982
-18.242
-13.213
-12.987
-17.370
-17.457
-9.344
-19.561
-18.497
-10.235
-21.994
-12.606
-13.422
-23.970
-14.765
-12.373
-23.416
-17.547
-3.392
-22.364
-18.412
-3.117
-23.876
-19.192
-11.226
-22.864
-9.173
-7.532
-22.306
