6.030
13.665
4.373
10.236
10.500
10.704
4.772
12.590
5.932
9.409
13.135
12.340
12.141
-5.434
9.784
11.323
9.149
6.959
2.459
9.383
13.679
14.369
8.171
11.855
14.769
11.540
11.232
12.441
12.072
12.771
5.201
7.807
10.355
6.517
7.392
1.984
-0.476
9.719
5.843
6.644
11.319
11.044
10.513
13.882
9.356
12.207
10.783
9.108
10.895
3.138
14.117
10.192
4.527
6.987
0.255
5.269
-8.154
13.086
8.804
3.664
-5.080
-2.462
-15.657
-4.955
-6.452
-7.251
-6.290
-8.267
-3.504
-6.861
-0.343
-4.230
-2.202
0.085
-8.215
4.242
-9.258
0.656
-12.218
0.308
8.080
11.850
6.239
2.590
9.871
4.673
10.082
7.054
8.206
9.274
7.713
10.253
8.046
7.343
13.100
11.006
8.503
5.279
7.777
9.837
1.341
0.460
-0.266
-0.307
-5.558
-1.278
-7.841
-2.988
-4.278
-9.707
9.779
8.564
7.012
7.748
8.622
6.830
9.582
5.427
8.766
8.087
0.653
-4.119
2.119
9.886
7.395
3.397
5.369
5.308
6.587
3.397
-4.597
-3.328
-1.911
-4.641
-8.689
-8.524
-5.466
-3.860
-4.781
-8.453
9.113
-0.437
10.331
0.351
-13.957
7.792
-18.222
8.332
-27.148
6.123
-0.778
1.418
-4.275
-1.327
-3.420
0.060
-2.032
-1.520
-1.377
-8.406
10.131
8.070
6.175
0.468
7.358
13.431
3.767
11.329
10.032
5.942
7.769
8.160
2.743
6.619
5.815
6.747
9.361
8.440
0.790
10.337
6.639
9.698
12.907
10.860
11.211
14.439
9.335
13.100
11.312
4.912
-14.073
4.855
9.323
7.244
5.589
7.975
7.798
11.478
-0.079
2.554
10.759
16.446
7.978
8.832
10.167
9.940
13.642
13.254
16.161
10.951
5.868
10.638
7.459
12.588
10.888
8.671
9.239
9.025
9.070
9.276
11.909
16.763
10.175
10.701
10.609
7.007
13.117
3.350
2.726
16.033
12.638
13.488
12.426
9.410
14.612
12.183
12.018
13.679
17.750
18.270
0.190
-1.468
-6.468
-6.273
-3.943
-0.520
-0.724
-2.927
1.075
-0.989
16.580
13.066
18.624
8.554
17.542
19.933
12.161
13.873
13.297
4.071
9.332
6.439
12.449
8.218
13.418
11.855
12.924
11.269
7.200
5.979
0.480
3.604
-0.157
-4.889
3.169
4.336
5.171
0.955
-3.002
1.791
8.592
8.263
14.549
12.013
14.402
15.107
13.762
11.096
6.328
12.351
11.265
9.319
10.201
11.902
12.021
12.622
9.846
4.120
13.089
10.617
10.871
12.024
14.460
-0.926
10.653
11.367
11.513
8.567
4.472
6.750
8.861
5.413
8.273
9.399
1.228
8.508
12.998
13.359
10.286
9.351
11.174
11.156
11.101
11.582
10.833
9.681
7.188
4.115
12.466
6.348
8.263
14.041
7.687
5.897
6.559
10.757
10.361
9.697
7.527
13.852
