1.586
6.382
2.663
4.740
4.679
5.339
2.647
6.411
3.979
5.090
8.973
7.143
7.990
3.147
7.705
9.114
4.792
6.612
6.839
7.631
6.372
5.628
3.199
4.871
7.940
8.083
6.108
6.379
6.737
6.061
7.503
9.321
6.857
6.581
8.814
4.904
4.151
10.979
8.152
6.908
7.813
6.876
4.636
6.239
7.100
5.563
6.210
6.220
5.705
2.637
7.696
7.112
4.889
6.123
2.700
3.711
-2.107
7.550
6.751
5.176
0.961
-0.386
-2.068
2.021
3.384
3.596
2.176
0.146
2.664
0.765
5.257
1.301
5.451
3.780
-2.121
4.928
-1.743
2.757
-5.309
4.683
6.090
6.120
1.086
-0.301
5.110
3.246
4.102
2.065
5.416
4.942
4.236
7.586
5.605
3.485
8.564
6.966
3.849
3.051
6.289
6.635
4.137
3.225
4.193
4.890
2.929
2.196
1.457
4.258
2.157
1.482
5.605
6.725
5.284
5.027
5.677
4.319
6.751
3.732
6.489
6.402
3.724
0.508
1.905
4.567
3.473
1.417
3.883
1.399
4.799
4.162
1.915
4.891
5.791
4.013
6.355
1.923
5.560
7.454
4.420
2.798
5.236
1.731
5.632
2.145
-3.349
4.580
-7.316
4.169
-9.240
4.377
7.347
5.655
3.211
1.941
7.013
6.011
5.122
4.383
4.373
5.891
5.202
4.991
4.842
1.626
4.201
7.567
2.704
5.926
5.454
4.128
6.109
3.691
1.955
1.356
2.063
4.456
3.655
4.261
0.957
6.310
4.067
7.624
8.036
6.947
8.328
8.167
6.377
7.921
6.866
4.173
-4.690
1.918
4.587
4.542
5.545
4.375
5.016
4.861
0.711
1.373
7.102
11.081
7.484
6.637
7.475
8.028
10.172
9.831
10.751
8.621
5.372
7.478
6.210
7.969
6.199
7.193
5.783
6.722
7.878
7.027
8.610
10.864
7.807
7.930
8.475
6.585
9.404
4.847
5.143
10.069
9.407
9.192
8.858
7.572
10.317
9.277
8.342
8.929
11.621
11.915
5.992
5.820
3.439
4.995
6.655
6.862
7.750
7.089
6.118
7.954
10.673
9.267
11.536
6.861
11.042
12.212
8.235
8.895
8.609
4.293
7.377
5.481
8.777
6.007
9.776
9.001
9.364
7.897
5.725
5.185
7.446
9.682
8.858
6.537
8.133
8.391
7.641
6.558
7.142
7.870
6.354
4.501
8.397
6.170
9.488
8.921
7.295
8.290
5.859
6.728
7.506
6.561
6.275
5.639
7.676
7.693
7.567
3.659
7.828
7.392
8.858
8.109
9.785
4.758
6.965
8.872
5.026
7.001
7.926
5.676
5.707
5.168
7.227
7.116
5.109
6.236
7.492
8.425
5.863
8.074
8.270
7.913
7.256
6.759
7.599
6.750
5.545
4.935
7.310
6.307
5.943
9.288
5.733
5.262
6.274
7.688
8.423
7.189
5.912
9.182
