-7.917
-5.808
-2.665
-8.916
-2.520
-6.127
-7.008
-4.528
-4.990
-2.615
-7.976
-5.761
-4.998
-5.378
-3.557
-5.025
-6.103
-6.339
-6.312
-4.718
-1.194
-2.240
-3.416
-1.449
-2.681
-0.893
-0.025
-1.192
-1.674
-1.417
1.072
3.434
1.568
3.712
1.209
0.476
-1.865
3.024
0.137
2.048
-5.347
-0.687
-10.372
-5.559
1.301
-8.867
-6.272
0.669
-10.043
-7.961
1.092
-10.135
-7.764
0.731
-9.214
-7.187
0.250
-9.111
-5.791
-0.931
-7.859
-4.191
0.003
-7.459
-4.487
-2.426
-8.118
-5.744
-2.886
-10.732
-4.534
-3.821
-9.502
-2.596
-1.350
-7.917
-6.265
-4.429
-8.018
-1.823
-6.512
-4.994
-6.215
-4.267
-4.551
-6.184
-2.096
-7.447
-8.023
-4.827
-7.249
-1.719
-3.667
-8.564
-5.213
-1.082
-7.847
-4.662
-0.787
-8.957
-7.984
-5.811
-6.039
-10.514
-4.511
-10.132
-8.575
-8.435
-7.802
-9.675
-3.375
-11.783
-9.041
-3.963
-9.505
-7.503
-4.172
-7.585
-11.617
-7.235
-7.474
-8.726
-6.127
-9.254
-11.849
-4.371
-12.674
-7.069
-4.481
-9.769
-11.536
-12.568
-9.202
-7.076
-7.038
-4.555
-10.458
-10.728
-7.789
-7.797
-10.678
-6.948
-7.550
-9.150
-5.378
-8.810
-11.398
-8.072
-7.281
-7.155
-3.180
-8.034
-11.429
-9.361
-7.728
-9.840
-7.016
-7.653
-11.092
-6.931
-0.086
-4.336
2.196
1.496
-4.835
2.533
2.373
-4.469
-2.307
-0.064
-6.080
-3.454
0.518
-2.135
1.326
0.080
-4.502
-0.145
2.487
-2.943
2.414
-1.458
-5.633
0.566
-0.878
-7.241
0.906
1.314
-6.574
-0.695
-3.320
-3.807
1.340
-2.614
-6.062
0.714
-3.671
-7.170
2.419
-2.746
-4.700
2.433
-2.499
-6.686
3.681
-1.563
-3.332
2.921
-4.055
-5.108
4.373
-1.843
-2.607
0.838
-2.055
-0.814
2.683
-3.908
-4.671
4.637
-3.108
-5.800
-3.981
0.277
-4.176
-2.298
-0.265
-4.219
-1.491
-3.167
-3.638
-0.991
-0.044
-4.722
-2.420
-1.631
-7.296
-5.116
0.590
-8.280
-4.155
-0.109
-3.108
-0.871
-2.542
-8.786
-5.233
-2.531
-9.455
-6.385
2.013
-5.548
0.581
1.270
-2.873
1.772
1.804
-4.263
-3.055
-3.330
-4.108
-1.635
0.118
-3.411
-0.379
1.220
-3.124
-1.434
3.395
-1.908
-0.671
1.134
-1.897
0.830
0.336
-6.454
-1.273
1.417
-0.018
3.941
-0.382
-11.311
-3.429
-11.366
-5.655
-6.157
0.238
-6.856
-1.512
-3.693
-1.618
-7.583
-1.586
-8.186
-0.025
-8.720
0.560
-10.109
-1.963
-10.647
-1.958
-7.722
2.670
-10.918
-1.830
-12.000
-0.157
-10.578
-2.339
-9.708
-1.796
-11.293
-0.604
-9.771
-1.585
-9.300
-3.289
-10.677
-2.441
-12.287
-12.525
-9.714
-8.657
-8.677
-11.429
-8.181
-9.041
-7.198
-8.124
-7.173
-8.923
-6.291
-9.119
-9.001
-9.693
-8.211
-11.297
-7.593
-8.091
-11.076
-6.077
-3.443
-7.255
-2.911
-8.205
-5.021
-5.142
-5.225
-7.055
-6.603
-3.967
-3.015
-8.704
-4.824
-7.581
-1.358
-4.346
-4.073
-9.438
-7.982
-2.003
-4.735
-3.005
-2.316
-2.815
-4.409
-0.504
-2.523
0.898
-7.634
0.028
-2.684
0.293
-2.808
-1.231
-5.628
-3.664
-4.958
-2.914
-3.735
-3.377
-6.367
-1.322
-2.994
-6.001
-0.794
-4.259
-5.131
-2.330
-5.356
-5.639
-3.988
-1.510
-2.240
-2.761
-5.037
-4.967
-1.903
-0.841
-5.265
-7.308
-2.155
-5.886
-7.577
-6.661
-8.320
-9.233
-8.687
-6.223
-5.689
-6.507
-5.553
-7.867
-8.807
-8.489
-9.123
-6.724
-8.057
-9.658
-6.850
-6.541
-6.356
-6.793
-8.565
-6.089
-10.546
-10.549
-8.731
-5.272
-4.831
-5.800
-7.005
-4.834
-5.887
-6.390
-6.424
-4.930
-3.679
-7.218
-6.826
-9.884
-8.075
-8.318
-10.240
-8.090
-6.829
-7.320
-11.796
-8.152
-6.521
-2.471
-9.274
-8.417
-5.085
-5.409
-10.511
-4.520
-5.419
-1.018
-8.155
-5.869
-7.762
-5.937
-10.946
-5.723
-3.173
-5.150
-9.021
-6.690
-6.312
-0.701
-10.656
-6.424
-9.002
-7.124
-12.091
-6.804
-3.674
-6.325
-7.887
-2.146
-6.115
-0.703
-4.846
-4.153
-8.589
-4.469
-1.665
-5.461
-9.348
-4.530
-7.040
-4.723
-6.138
-3.343
-5.148
-5.627
-5.805
-5.044
-4.864
-1.721
-6.041
-3.734
-6.511
-4.647
-5.223
-4.006
-3.642
-4.456
-7.702
-6.767
-5.086
-1.918
-6.176
-4.572
-1.860
-6.908
-5.540
-4.963
-5.720
-4.669
-2.130
-2.041
-4.565
-6.657
-2.155
-0.565
-1.558
-10.226
-5.672
-1.572
-4.944
-9.299
-5.374
-0.783
-6.117
-6.446
-3.282
2.160
-2.492
-9.332
-4.842
-2.638
-5.338
-11.188
-3.677
-1.463
-5.392
-8.034
-3.711
0.761
-3.979
-6.549
-3.218
-0.561
-4.592
-7.904
-5.859
-3.472
-5.253
-4.403
-3.960
-7.510
-2.920
-3.872
-2.381
-3.348
-2.144
-3.372
-6.616
-5.714
-2.511
-3.299
-4.771
-5.409
-3.097
-2.330
-5.354
-2.955
-3.648
-5.633
-4.634
-6.086
-3.908
-3.436
-4.275
-3.319
-5.502
-5.798
-8.489
-2.801
-4.463
-6.010
-6.359
-2.459
-8.895
-1.936
-6.948
-4.756
-4.049
-5.295
-3.068
-8.246
-6.629
-8.266
-10.429
-8.376
-9.635
-10.018
-6.320
-8.666
-7.580
-2.959
-5.981
-7.086
-9.442
-8.570
-3.169
-7.349
-4.991
-8.058
-2.929
-6.223
-5.211
-8.864
-7.465
-8.953
-9.637
-6.721
-7.697
-7.712
-7.551
-9.494
-3.521
-8.296
-6.729
-9.806
-5.036
-6.513
-3.715
-5.713
-7.482
-3.468
-4.928
-6.189
-6.586
-1.460
-1.569
-7.772
-10.032
-2.109
-6.903
-4.381
-7.740
-3.972
-4.316
-8.124
-5.738
-1.279
-3.768
-3.388
-7.433
-3.376
-6.361
-3.709
-5.032
-3.599
-6.154
-7.439
-6.546
-3.364
-5.878
-4.012
-7.571
-3.742
-7.124
-7.152
-7.809
-4.056
-4.378
-7.063
-4.625
-4.926
-3.778
-7.073
-4.173
-5.865
-4.195
-10.401
-3.953
-4.132
-1.644
-6.851
-3.851
-6.634
-2.262
-8.765
-5.452
-6.349
-1.579
-7.703
-4.555
-5.275
-2.031
-4.447
-2.015
-6.148
-2.381
-8.322
-1.594
-4.958
-4.368
-9.503
-2.277
-3.769
-3.145
-9.806
-4.983
-6.010
-4.869
-4.919
-9.365
-2.111
-10.792
-2.599
-3.989
-4.820
-8.740
-3.115
-9.793
-4.202
-11.453
-6.533
-7.159
-2.338
-11.059
-3.348
-6.461
-4.826
-8.024
-6.039
-5.437
-2.102
-9.896
-4.230
-6.993
-3.865
-9.754
-2.867
-5.351
-1.838
-11.784
-8.483
-7.963
-3.053
-10.346
-6.511
-5.903
-4.230
-6.711
-1.966
-6.658
-8.473
-7.917
-1.435
-5.290
-8.448
-7.449
-2.796
-5.402
-6.765
-7.827
-7.444
-7.995
-8.330
-8.232
-2.266
-6.160
-9.745
-7.378
-2.242
-5.447
-10.124
-3.188
-3.049
-2.709
-6.730
-4.328
-5.027
-5.338
-8.130
-7.923
-1.491
-7.249
-8.359
-7.100
-4.668
-8.130
-8.860
-8.559
-9.950
-4.652
-7.116
-3.785
-6.808
-0.111
-8.974
-3.477
-9.022
-2.635
-8.724
-4.937
-11.506
-3.156
-10.566
-2.910
-9.668
-5.320
-11.550
-3.705
-4.612
-0.183
-5.456
-3.581
-5.952
-5.279
-6.973
0.711
-2.434
-2.201
-6.443
-3.684
-5.083
-4.897
-9.953
-3.575
-8.930
-1.143
-6.326
-3.519
-9.795
-2.607
-8.926
-1.222
-10.076
-2.860
-9.794
-4.046
-5.965
-3.192
-8.338
-2.367
-8.725
-4.144
-10.935
-1.272
-12.178
-3.064
-8.040
-4.097
-4.848
-5.926
-5.300
-6.925
-2.990
-2.723
-3.134
-6.038
-5.752
-4.294
-2.931
-4.869
-1.546
-3.268
-4.482
-3.087
-3.509
-3.753
-5.916
-3.883
-3.614
-4.944
-6.539
-5.153
-6.829
-4.258
-7.396
-7.139
-4.939
-5.600
-4.805
-5.707
-5.821
-2.792
-5.475
-6.272
-4.811
-4.066
-8.599
-7.562
-4.719
-4.589
-7.074
-5.597
-6.536
-3.274
-0.791
-5.468
-4.247
-5.918
-6.469
-4.464
-5.086
-5.983
-5.095
-4.309
-4.943
-5.909
-1.355
-1.540
