-7.930
-4.373
-5.735
-5.127
-6.830
-5.898
-7.666
-6.744
-6.368
-6.148
-8.950
-7.523
-8.612
-6.925
-7.891
-6.637
-7.484
-4.923
-5.137
-4.712
-5.959
-8.987
-9.557
-6.197
-9.726
-5.361
-8.240
-6.976
-2.080
-5.614
-12.549
-6.484
-4.227
-1.813
-9.619
-7.354
-4.995
-6.182
-7.641
-6.249
-3.632
-1.264
-0.998
-7.249
-4.040
-5.051
-2.282
-5.803
-4.199
-6.074
-5.102
-3.917
-8.021
-4.001
-7.369
-7.744
-4.279
-5.632
-5.264
-8.307
-3.324
-5.598
-2.876
-5.605
-2.816
-5.256
-4.667
-6.253
-2.020
-5.086
-0.296
-3.418
-1.655
-2.977
-2.450
-5.914
-3.137
-6.654
-0.099
0.408
-9.890
-10.040
-6.364
-5.267
-4.134
-8.757
-1.951
-5.550
-5.280
-9.848
-6.965
-8.463
-5.682
-8.526
-6.327
-11.284
-9.432
-9.071
-5.148
-8.813
-5.720
-8.883
-0.557
-7.504
-4.713
-10.428
-4.072
-7.527
-9.047
-14.236
-9.898
-4.323
-5.700
-11.624
-6.327
-8.985
-5.677
-11.966
-3.253
-7.528
-4.634
-6.677
-5.952
-7.774
-3.463
-8.674
-4.738
-13.239
-2.871
-8.364
-4.547
-13.279
-3.535
-7.663
-5.054
-10.266
-2.269
-5.127
-3.176
-9.590
-1.885
-4.192
-0.708
-8.638
-2.876
-8.469
-6.385
-12.265
-3.565
-10.832
-9.617
-11.567
-5.281
-5.574
-7.046
-7.627
-2.827
-5.702
-0.399
-8.606
-0.261
-9.594
-4.632
-11.089
-2.551
-7.594
-1.655
-8.073
1.209
-8.175
-2.199
-10.652
-2.091
-9.608
-5.108
-10.451
-1.464
-9.327
-6.413
-7.858
-2.702
-5.390
-2.576
-8.484
-2.207
-6.868
-2.000
-8.339
-6.036
-7.611
-8.058
-7.271
-0.738
-7.931
-5.491
-7.504
-1.045
-6.757
-3.567
-12.741
-4.369
-1.648
-2.703
-4.220
-9.701
-7.219
-6.976
-6.339
-6.770
-3.103
-4.037
-7.748
-5.777
-5.269
-9.507
-4.752
-5.487
-5.287
-4.125
-0.930
-7.246
-4.644
-5.124
-4.386
-4.565
-6.872
-7.094
-1.928
-6.561
-5.521
-6.872
-3.895
-4.340
-4.364
-4.894
-5.123
-8.012
-4.852
-5.168
-5.418
-5.763
-5.656
-8.426
-9.461
-3.552
-4.096
-6.924
-4.104
-1.015
-3.035
-7.485
-4.489
0.284
1.715
-2.508
-1.927
-4.311
-7.162
-6.202
-6.083
-2.737
-2.217
-8.465
-4.984
-2.901
-1.002
-6.510
-4.782
-2.712
-4.148
-8.211
-6.854
-5.311
-5.803
-7.677
-10.071
-2.332
-2.204
-5.182
-3.315
-6.888
-6.836
-1.549
-0.668
-0.532
-1.482
0.868
-0.889
-4.186
-3.070
-1.053
-3.133
-3.235
-6.502
-0.260
0.481
-4.112
-4.063
-1.376
0.647
-4.958
-4.714
-1.116
0.103
-3.542
-4.572
-5.114
-1.462
-8.908
-6.430
-2.784
-1.749
-8.732
-8.140
-4.311
-2.564
-3.502
-3.313
-4.035
-0.715
-3.669
-6.140
-5.432
-2.880
-3.626
-3.724
-4.153
0.150
-2.576
-3.512
-4.808
-3.267
-2.915
-6.181
-5.579
-2.651
-4.849
-6.965
-6.633
-3.752
-5.286
-7.209
-5.254
-3.643
-3.937
-3.323
-1.689
-0.288
-3.723
-7.922
-5.554
-3.080
-4.299
-6.286
-3.950
-3.146
-9.275
-7.778
-6.140
-3.386
2.556
-0.788
-2.362
-0.804
2.279
1.699
-4.888
-0.768
0.897
-3.180
-6.811
-6.377
0.107
-5.314
-6.086
-5.309
1.417
2.377
-1.751
1.517
1.044
-0.140
-3.207
-2.741
0.109
-3.837
-4.823
-3.266
-2.102
-2.191
-5.863
-4.107
1.994
0.881
-4.005
-2.607
-4.343
-4.393
-10.154
-8.631
-7.206
-7.578
-9.575
-6.316
-8.438
-9.672
-7.321
-7.719
-10.966
-6.536
-6.581
-11.592
-6.498
-8.940
-9.621
-9.138
-10.049
-11.047
-5.464
-6.600
-8.537
-7.881
-6.600
-6.636
-6.858
-9.200
-8.345
-4.733
-9.467
-13.088
-2.922
-2.483
-8.094
1.431
-1.251
-11.185
-2.541
-2.909
-8.899
1.056
-1.391
-9.527
-5.088
-4.961
-9.316
-0.498
-1.480
-7.369
-3.521
-2.492
-7.009
-0.861
-2.635
-9.218
-2.550
-0.791
-12.027
1.028
-0.471
-9.857
2.151
-2.532
-9.195
-3.085
-6.372
-7.827
-2.483
-5.171
-9.726
0.580
-2.538
-7.852
-1.705
-6.010
-8.599
0.197
-1.706
-6.600
-4.441
-6.180
-9.708
-7.008
-7.497
-1.435
0.520
-1.529
-9.304
3.202
-1.294
-6.392
-0.706
-3.901
-3.932
1.519
-0.725
-2.949
2.354
-5.261
-0.281
0.472
-3.028
-4.204
0.825
-2.500
-0.274
-3.302
-3.855
-6.864
0.885
-4.175
-6.275
-0.258
-5.005
-4.159
2.848
-0.466
-3.013
3.761
-3.566
-2.519
-3.989
-7.050
-0.490
-6.136
-7.256
-1.493
-6.078
-7.218
-0.821
-2.112
-5.336
-1.075
-6.117
-6.601
-0.673
-3.476
-9.544
-2.443
-3.958
-7.898
-2.880
-3.023
-8.210
0.264
-3.909
-4.345
0.424
-5.711
-6.075
-1.485
1.258
-1.711
-1.622
3.727
-3.509
-3.499
3.469
-5.050
-0.892
0.010
-5.185
-3.644
1.684
-0.821
-2.709
0.325
-2.659
-5.255
2.226
-0.129
-1.612
-1.220
-0.799
1.901
2.042
-2.914
-0.778
-3.988
-0.954
-0.357
-5.764
-5.772
-6.824
-6.935
-7.157
-6.395
-5.536
-4.747
-8.643
-10.076
-8.966
-8.189
-3.886
-6.449
-8.979
-7.485
-5.955
-5.348
-5.775
-6.312
-5.697
-5.135
-7.587
-7.492
-6.725
-9.178
-7.081
-5.514
-6.940
-9.148
-3.758
-3.469
-5.013
-7.805
-5.420
-3.178
-1.951
-2.190
-5.154
-4.877
-5.033
-5.847
-5.754
-9.106
-6.822
-8.155
-5.434
-4.849
-4.964
-7.068
-6.064
-5.143
-4.211
-2.534
-7.960
-8.801
-4.674
-7.563
-4.299
-9.082
-7.376
-4.806
-8.788
-3.190
-5.566
-7.467
-4.836
-5.288
-3.791
-6.360
-6.173
-6.222
-6.619
-4.217
-8.835
-8.061
-6.164
-8.015
-4.915
-11.146
-8.039
-4.161
-6.300
-3.777
-6.217
-6.727
-5.063
-7.291
-2.036
-8.500
-6.928
-6.596
-6.828
-3.267
-9.536
-11.128
-6.879
-5.993
-5.848
-12.154
-6.179
-3.067
-2.724
-6.211
-6.059
-5.926
-5.453
-4.818
-9.725
-0.858
-7.662
-9.791
-7.217
-8.810
-2.729
-9.040
-6.557
-7.628
-11.440
-3.953
-4.085
-6.449
-5.016
-8.547
-1.364
-7.020
-6.590
-2.920
-9.165
-0.265
-6.492
-4.255
-4.414
-5.726
-1.970
-8.280
-6.450
-4.903
-9.574
-3.433
-5.176
-5.153
-3.866
-6.809
-2.657
-8.309
-9.752
-2.650
-9.367
-6.310
-7.568
-3.094
-4.811
-2.980
-3.927
-7.384
-2.193
-2.756
-2.735
-4.940
-6.037
-1.274
-3.435
-1.332
-5.276
-8.458
-3.466
-2.370
-4.703
-2.030
-3.709
-4.662
-3.638
-4.833
-3.395
-3.752
-1.708
-4.004
-2.412
-3.481
-5.164
-5.023
-5.810
-9.174
-8.771
-7.218
-1.543
-4.339
-3.648
-1.335
-6.094
-4.091
-1.688
-6.222
-4.585
-3.953
-2.167
-2.170
-2.148
-1.622
-7.181
-9.211
-7.809
-6.209
-10.119
-6.800
-8.435
-8.389
-6.488
-13.574
-5.695
-4.724
-5.356
-1.835
-7.379
-6.385
-7.860
-8.830
-8.786
-11.377
-4.198
-4.374
-2.285
-2.789
-7.786
-5.904
-4.264
-6.313
-5.092
-7.735
-5.704
-2.477
-2.218
-4.983
-8.120
-6.485
-5.824
-8.495
-5.213
-8.952
-8.988
-7.523
-8.749
-7.142
-11.220
-6.125
-6.968
-8.044
-5.717
-11.584
-0.240
0.964
-5.956
1.636
-6.559
1.375
0.596
-8.225
-2.951
-8.018
0.513
1.397
-4.859
-1.390
-6.283
-2.724
0.128
-8.279
-0.854
-7.928
-3.387
-0.526
-8.529
1.383
-4.293
1.173
0.233
-7.309
-0.111
-8.193
2.109
0.987
-7.507
-0.536
-7.130
-4.070
0.928
-2.907
-1.469
-4.516
1.741
-0.490
-7.411
-1.869
-6.431
-0.357
1.427
-5.938
0.523
-1.359
-8.558
-7.479
-12.380
-0.616
-4.115
-7.558
-6.345
-9.441
-1.910
-4.607
-8.754
-5.813
-10.810
-3.888
-2.712
-9.005
-10.072
-12.321
-3.683
-4.203
-9.265
-3.558
-11.420
-0.728
-5.123
-6.819
-8.487
-10.613
-3.660
-4.596
-7.973
-4.469
-9.515
-4.222
-2.946
-5.437
-5.632
-8.783
1.926
-6.024
-7.634
-8.474
-10.136
-3.201
-3.994
-8.806
-10.108
-13.426
-5.265
-11.504
-0.706
-6.108
-6.872
-7.262
-10.992
1.489
-5.490
-8.211
-5.500
-11.212
-0.166
-6.862
-9.252
-6.436
-10.342
-1.138
-6.079
-9.674
-7.788
-9.956
1.747
-3.318
-12.187
-5.795
-11.169
-0.376
-7.959
-8.294
-5.753
-12.261
-0.137
-2.328
-4.199
-5.068
-6.182
-1.486
-3.366
-8.040
-5.531
-10.012
-3.056
-4.554
-10.043
-7.242
-11.061
-1.519
-1.824
-6.833
-5.730
-8.837
-6.081
-1.142
-5.834
-5.726
-2.633
-1.152
0.640
-8.860
-6.449
-8.294
-4.648
1.080
-8.650
-6.301
-4.211
-2.306
-0.934
-7.156
-6.007
-7.893
-1.450
-2.008
-5.714
-3.086
-3.080
-1.074
3.864
-7.766
-4.728
-4.865
-3.369
0.809
-6.755
-4.832
-4.886
-0.173
-1.239
-10.391
-5.806
-7.943
-3.437
-2.946
-11.068
-6.678
-6.959
-4.089
-3.405
-11.024
-5.583
-8.257
-3.329
2.050
-0.087
-6.377
-9.023
-2.234
1.875
0.142
-6.270
-6.112
-1.968
2.106
-0.130
-7.149
-7.850
-2.360
3.724
2.267
-5.695
-6.067
-1.846
0.601
-2.271
-5.812
-9.808
-0.414
0.377
-2.897
-7.355
-9.135
-0.770
-2.036
-4.092
-4.972
-7.177
-1.641
1.590
-3.772
-5.664
-9.306
-4.025
-0.402
-3.636
-6.037
-9.388
-6.662
0.795
-2.038
-7.721
-9.248
-6.002
-9.535
-4.831
-4.293
-11.346
-7.590
-2.715
-11.002
-5.720
-4.073
-11.848
-4.366
-10.515
-9.650
-7.315
-7.476
-9.242
-5.850
-8.485
-8.056
-5.718
-7.782
-8.048
-6.037
-7.901
-8.891
-6.090
-6.779
-7.847
-5.973
-13.543
-6.344
-6.077
-15.934
-6.995
-9.744
-13.481
-5.869
-4.716
-13.513
-5.767
-4.749
-14.249
-7.544
-6.868
-12.882
-5.530
-5.612
-13.608
-8.591
-4.328
-15.308
-8.817
-8.529
-15.570
-4.874
-7.135
-12.538
-4.289
-3.434
-9.860
-11.285
-3.519
-8.625
-11.724
-6.194
-9.496
-10.409
-3.434
-6.015
-9.139
-2.240
-9.502
-6.505
-4.887
-5.650
-11.091
-3.958
-6.058
-11.533
-4.681
-8.538
-9.186
-4.255
-7.595
-10.808
-8.003
-8.821
-10.974
-5.930
-3.037
-5.429
-10.618
-3.333
-4.189
-9.643
-5.580
-4.926
-10.022
-1.787
-4.535
-9.411
-3.287
-4.666
-11.029
-2.907
-2.610
-6.768
-2.378
-3.008
-8.822
-1.920
-3.951
-10.429
-3.286
-0.884
-8.986
-0.422
-3.191
-8.407
-7.258
-5.975
-7.417
-4.691
-4.171
-7.323
-2.197
-4.854
-7.377
-4.443
-8.810
-8.749
-6.023
-5.832
-6.259
-1.257
-7.813
-7.699
-5.187
-4.465
-3.605
-4.811
-5.345
-4.297
-4.860
-5.968
-5.839
-8.140
-3.673
-7.679
-4.896
-4.852
-7.506
-2.940
-4.956
-7.036
-5.290
-2.418
-8.237
-5.818
-3.338
-9.927
-3.441
-4.169
-8.914
-3.778
-4.226
-9.832
-5.562
0.331
-9.042
-5.965
0.150
-10.679
-5.842
-4.029
-9.362
-1.409
-2.173
-8.748
