4.871
7.027
4.590
7.400
3.008
4.677
-0.477
9.289
5.849
5.252
7.622
7.359
9.478
-2.316
7.637
6.259
8.899
3.603
5.920
3.683
7.469
6.721
8.316
7.184
8.528
3.661
6.869
8.878
8.054
5.185
3.713
2.122
1.955
1.772
2.860
1.344
0.727
3.355
4.479
3.148
6.176
7.872
6.503
9.301
8.041
9.841
7.354
9.965
8.884
5.720
7.721
8.810
2.262
0.714
0.401
3.813
-5.564
4.394
6.504
2.103
0.504
3.214
0.397
1.513
2.319
2.689
0.136
1.592
0.671
2.542
2.945
3.033
2.151
-2.932
0.311
2.820
-0.269
-0.070
2.855
1.952
-2.945
-2.562
-1.556
-2.270
-1.521
-1.595
-2.982
-0.741
-1.893
-3.201
1.110
3.873
4.558
-0.200
1.779
1.870
4.350
2.953
3.755
1.808
1.673
0.388
3.911
2.493
0.889
0.052
1.507
0.950
1.012
1.971
4.781
1.751
1.469
1.085
1.106
0.618
2.924
4.374
-0.055
1.219
3.947
2.179
1.579
4.423
3.014
0.763
3.002
0.893
2.621
2.388
3.512
2.516
7.337
3.322
4.415
4.095
2.601
6.074
1.967
3.012
3.440
5.273
6.787
-3.004
3.451
2.268
1.933
5.682
4.471
3.586
2.218
3.190
1.056
2.786
1.969
1.759
2.346
2.518
0.283
1.762
6.076
4.144
5.101
1.825
4.731
9.160
5.094
2.916
4.341
5.692
1.192
1.497
-1.477
-0.243
0.496
-0.117
-0.071
0.840
-2.593
-1.267
1.471
6.975
8.352
7.095
8.773
9.614
7.573
8.372
4.979
-3.750
-4.874
5.136
9.169
8.487
6.361
7.023
5.524
8.290
3.822
3.163
3.511
8.229
6.233
1.865
7.403
4.948
9.001
7.322
9.773
7.518
5.487
7.195
3.665
8.571
8.618
7.554
5.354
6.933
6.593
6.230
7.283
9.497
10.051
5.822
11.256
7.282
10.957
4.810
7.770
9.053
7.520
7.398
7.827
4.426
11.338
8.453
5.571
9.447
10.094
12.097
5.497
6.243
1.893
2.648
5.222
6.057
5.391
5.676
4.082
5.972
11.575
8.508
9.846
9.123
9.613
11.804
6.939
8.443
8.432
1.773
3.599
3.709
5.539
3.976
5.415
3.162
5.349
5.479
3.966
3.712
3.039
4.070
4.078
2.371
3.317
3.523
2.890
0.686
1.460
1.828
5.825
3.935
8.653
9.054
8.829
10.019
8.441
6.010
4.144
5.874
4.547
4.188
6.797
3.893
3.647
7.395
5.894
-0.499
6.587
6.951
6.431
7.648
10.161
-0.898
8.775
8.703
10.710
6.354
6.213
-0.647
3.156
0.158
0.690
2.673
1.256
0.977
0.829
1.537
0.722
3.491
6.688
6.063
4.940
8.789
7.482
2.994
6.122
2.119
5.722
6.451
2.600
7.927
4.455
-0.351
4.432
7.882
7.256
7.633
3.088
9.100
