3.305
7.449
2.825
5.994
5.605
5.954
2.961
7.302
4.445
5.604
8.217
6.884
7.425
-0.193
6.698
7.634
5.681
5.313
3.466
6.710
8.165
7.794
5.019
6.953
9.186
7.300
7.364
8.174
7.327
7.678
7.248
8.848
6.131
5.910
8.605
3.899
2.765
11.099
7.757
6.100
8.740
7.320
5.986
7.827
7.024
6.951
7.012
6.080
6.755
2.630
8.160
6.174
3.533
4.315
1.181
2.639
-3.686
6.749
6.045
4.079
0.727
-1.664
-3.925
2.097
2.927
2.517
2.107
-0.987
1.388
-0.345
5.735
0.849
4.862
3.407
-4.692
4.684
-3.339
2.434
-7.256
2.409
5.196
6.059
0.169
-1.699
4.418
1.657
2.825
1.552
4.807
4.470
3.222
7.503
4.883
3.482
8.721
6.353
3.563
2.523
4.827
5.985
4.129
4.181
4.940
4.781
2.747
1.570
0.988
3.840
1.840
0.883
4.882
4.865
3.765
4.127
4.411
3.900
5.648
3.102
4.746
4.951
1.570
-1.238
0.367
4.073
3.242
0.023
3.486
1.337
3.330
2.332
2.218
5.524
6.922
5.257
6.021
3.563
6.605
8.180
5.213
4.879
5.170
0.839
5.086
1.168
-5.165
4.951
-8.719
4.582
-12.736
3.290
6.477
6.786
2.391
2.058
7.144
4.728
6.164
4.862
4.899
6.828
4.766
4.672
3.211
0.113
3.815
7.473
1.549
5.544
5.545
3.876
4.895
2.194
0.255
-0.414
0.376
3.049
2.154
2.830
-0.859
5.119
3.613
6.356
7.183
6.262
7.133
7.281
5.249
7.102
6.165
3.327
-6.432
2.578
4.800
4.467
4.310
4.508
4.695
5.786
0.432
2.113
6.273
10.740
6.923
6.056
6.917
7.438
9.701
9.239
10.255
8.008
5.104
6.637
4.715
6.681
6.325
5.404
5.256
5.691
6.647
5.702
8.482
11.080
7.557
7.698
8.326
6.148
9.397
4.145
4.486
10.164
9.123
9.220
8.818
7.319
10.153
9.170
8.323
9.137
11.819
12.191
7.185
7.005
4.131
6.228
8.455
6.412
8.585
9.182
6.472
9.146
10.877
9.232
11.932
6.489
11.438
12.647
8.222
9.116
8.698
3.858
6.529
5.081
8.136
5.438
9.061
8.055
8.705
7.164
4.924
4.687
7.115
9.623
8.552
5.911
7.948
8.195
7.243
5.860
6.597
7.596
6.647
5.589
9.007
7.554
9.163
9.193
8.188
7.826
5.304
7.427
6.692
6.085
6.385
6.523
7.194
7.979
6.487
3.349
8.324
6.679
7.262
7.608
8.955
1.916
6.797
7.571
6.736
6.298
4.673
4.693
5.820
4.374
5.876
6.090
2.858
5.784
7.674
8.096
6.538
6.641
7.544
7.445
7.168
6.994
7.345
6.540
4.815
3.210
7.288
4.959
5.671
9.033
5.605
4.519
5.237
7.181
7.266
6.852
5.457
9.091
