-11.345
-9.454
-3.803
-11.705
-5.125
-9.237
-9.502
-8.071
-7.286
-4.281
-7.094
-8.249
-6.972
-4.750
-4.654
-7.169
-7.839
-6.976
-8.025
-6.060
-2.897
-4.367
-5.158
-2.985
-4.622
-2.069
-1.636
-2.826
-3.114
-3.452
-0.670
1.603
-0.288
2.622
0.592
-2.508
-4.471
1.545
-0.140
-0.638
-7.972
-1.964
-13.026
-7.824
-1.063
-10.917
-8.816
-1.370
-11.509
-10.129
-0.895
-12.387
-9.959
-1.455
-11.963
-9.964
-1.319
-11.720
-8.563
-2.805
-10.180
-6.686
-2.807
-9.997
-6.561
-4.853
-9.993
-7.673
-5.273
-13.556
-6.613
-5.034
-11.601
-4.561
-3.117
-10.913
-9.467
-6.362
-10.539
-3.663
-6.942
-6.943
-9.103
-6.572
-5.967
-8.458
-2.931
-7.610
-10.198
-6.933
-8.360
-3.427
-4.332
-9.764
-7.433
-2.717
-9.692
-7.302
-4.518
-10.808
-9.426
-8.274
-8.675
-12.151
-7.600
-14.237
-11.174
-11.199
-11.187
-10.974
-6.112
-13.782
-9.809
-6.936
-11.944
-8.902
-7.517
-10.712
-13.260
-10.409
-10.522
-10.195
-7.980
-13.114
-12.739
-7.355
-14.872
-8.298
-6.996
-13.145
-14.661
-15.470
-11.482
-10.149
-8.678
-7.449
-13.538
-12.726
-10.106
-10.390
-12.672
-9.471
-10.173
-11.300
-8.212
-11.452
-14.293
-9.836
-9.707
-10.597
-5.896
-10.378
-11.825
-10.738
-11.050
-12.161
-9.339
-10.141
-13.308
-10.452
-1.675
-6.951
-0.271
-0.891
-7.689
1.740
0.486
-7.149
-3.375
-3.032
-9.183
-3.511
-1.779
-4.498
0.990
-2.316
-6.578
-0.702
0.798
-5.456
2.161
-3.960
-9.607
0.366
-3.319
-9.953
-0.191
-1.340
-9.733
-1.834
-5.352
-5.815
-0.322
-7.144
-7.660
-1.599
-7.376
-9.650
1.757
-5.698
-6.720
1.143
-6.604
-8.401
2.229
-4.800
-4.614
1.754
-6.632
-7.044
3.258
-3.969
-5.656
-0.962
-4.567
-2.778
1.171
-7.757
-6.928
3.625
-5.135
-9.223
-6.246
-2.129
-7.134
-5.275
-2.862
-7.201
-4.032
-4.822
-4.713
-3.734
-3.432
-7.652
-5.012
-3.432
-9.613
-8.316
-2.422
-10.878
-7.619
-2.430
-5.175
-2.067
-5.162
-11.451
-8.005
-3.970
-12.008
-7.928
0.211
-7.779
-2.874
0.406
-5.408
-1.249
0.606
-6.397
-5.650
-4.670
-7.433
-3.944
-1.249
-5.699
-2.932
-0.853
-5.811
-4.612
1.625
-3.243
-3.736
-0.652
-3.935
-1.603
-1.343
-8.726
-4.353
-0.038
-2.225
1.812
0.545
-12.407
-5.870
-14.025
-7.243
-9.162
-1.738
-8.930
-3.818
-6.293
-2.477
-9.932
-2.937
-9.785
-2.151
-10.460
-0.602
-12.018
-1.957
-12.892
-4.764
-9.732
0.224
-12.919
-4.002
-15.170
-2.447
-12.325
-4.033
-11.836
-4.687
-12.883
-3.029
-12.302
-4.108
-11.263
-6.059
-12.821
-5.522
-14.087
-15.263
-11.641
-12.813
-11.002
-14.612
-10.210
-12.016
-9.315
-10.660
-9.888
-10.951
-7.570
-12.714
-11.601
-12.319
-9.776
-14.586
-10.760
-11.411
-13.194
-8.716
-5.267
-10.032
-5.821
-11.093
-7.528
-7.672
-8.221
-9.808
-8.973
-6.359
-5.805
-11.650
-7.931
-10.396
-3.895
-6.783
-6.605
-12.470
-10.130
-4.866
-7.216
-6.563
-4.515
-6.657
-6.853
-2.794
-4.746
-1.189
-10.454
-2.349
-4.926
-2.457
-5.065
-4.399
-8.214
-6.709
-7.466
-6.935
-6.099
-8.188
-8.151
-4.252
-4.666
-10.181
-2.266
-7.651
-8.178
-4.935
-6.816
-10.395
-6.924
-5.439
-4.256
-6.846
-6.069
-7.740
-2.747
-4.702
-7.133
-9.966
-4.199
-8.225
-9.617
-9.292
-10.833
-12.083
-11.069
-9.161
-7.460
-8.941
-7.325
-10.702
-9.530
-11.225
-11.662
-8.880
-9.215
-12.572
-8.868
-10.274
-7.751
-9.271
-10.816
-9.692
-11.343
-13.599
-11.126
-7.232
-5.463
-8.126
-9.097
-7.648
-8.011
-8.805
-8.452
-7.165
-5.892
-9.761
-8.765
-11.670
-11.073
-11.028
-12.816
-9.904
-8.633
-9.878
-14.762
-10.439
-8.714
-4.289
-12.003
-10.109
-7.283
-7.675
-13.167
-6.747
-7.210
-2.614
-10.374
-8.132
-9.809
-8.284
-13.687
-7.131
-4.912
-7.377
-11.373
-8.071
-8.826
-2.249
-13.516
-8.401
-11.128
-9.652
-14.889
-8.993
-5.303
-8.731
-10.311
-3.964
-8.997
-4.984
-7.027
-5.207
-12.129
-7.840
-3.360
-7.219
-12.754
-8.896
-9.555
-6.219
-8.721
-6.265
-7.375
-7.497
-8.538
-9.240
-7.047
-3.013
-8.921
-7.530
-8.945
-6.384
-7.880
-7.622
-5.639
-5.595
-10.499
-10.452
-7.303
-3.718
-9.387
-8.459
-3.585
-7.837
-8.498
-8.389
-8.033
-7.587
-4.695
-3.793
-6.712
-9.438
-3.845
-2.092
-3.409
-13.350
-7.297
-3.253
-7.457
-12.688
-7.958
-2.343
-8.806
-9.512
-5.269
1.048
-4.425
-12.643
-8.335
-4.481
-7.725
-14.141
-5.987
-3.128
-7.877
-11.382
-6.448
-0.564
-6.380
-9.383
-5.117
-2.088
-7.081
-10.556
-8.247
-5.443
-7.800
-5.093
-6.737
-7.606
-5.046
-5.031
-5.151
-3.970
-4.067
-4.559
-9.593
-8.286
-4.555
-4.147
-7.615
-6.648
-5.186
-3.082
-8.072
-3.792
-5.775
-6.596
-6.987
-6.909
-6.203
-4.320
-6.949
-4.859
-7.716
-7.954
-12.029
-6.369
-6.562
-8.273
-8.706
-4.585
-11.396
-2.888
-9.988
-5.704
-6.438
-7.490
-5.045
-11.117
-8.751
-10.542
-13.839
-11.381
-12.325
-12.496
-9.309
-11.532
-9.998
-4.780
-9.515
-9.646
-11.885
-11.192
-4.654
-10.055
-7.169
-10.281
-4.239
-8.799
-7.143
-11.288
-11.307
-11.828
-12.169
-8.389
-10.733
-10.314
-10.042
-11.671
-5.157
-11.030
-9.072
-11.824
-7.404
-9.143
-5.551
-8.197
-10.152
-5.112
-7.252
-8.918
-9.119
-2.902
-3.108
-11.245
-13.089
-3.573
-9.162
-6.573
-10.332
-5.376
-6.423
-10.833
-8.162
-2.737
-5.574
-5.804
-10.021
-4.723
-8.864
-6.570
-7.323
-5.226
-8.130
-9.964
-8.991
-5.078
-8.288
-6.178
-10.105
-5.274
-9.446
-9.709
-10.466
-5.768
-6.428
-8.854
-8.672
-7.315
-5.739
-8.956
-8.175
-8.455
-6.403
-12.341
-7.637
-6.329
-3.306
-8.774
-6.922
-9.079
-3.745
-10.538
-9.603
-8.786
-3.304
-9.617
-8.223
-7.689
-3.843
-6.036
-6.218
-8.650
-3.970
-10.171
-5.765
-7.247
-6.386
-11.577
-6.590
-5.848
-5.099
-12.078
-8.505
-8.400
-7.141
-7.907
-11.958
-3.218
-13.591
-6.160
-5.820
-6.710
-11.168
-5.619
-12.225
-5.667
-14.231
-10.054
-9.167
-3.906
-13.576
-7.037
-8.698
-6.520
-10.599
-8.110
-7.488
-3.402
-12.715
-7.036
-9.364
-5.356
-12.421
-4.051
-7.172
-3.217
-14.702
-12.706
-10.407
-4.429
-13.208
-9.734
-8.007
-5.903
-8.941
-4.145
-8.243
-10.937
-10.179
-3.476
-6.740
-10.987
-9.457
-4.950
-6.800
-9.055
-9.956
-10.503
-9.037
-10.838
-10.516
-4.638
-6.987
-12.485
-9.481
-4.152
-7.653
-12.964
-4.702
-5.154
-3.682
-8.995
-6.065
-7.485
-7.882
-10.419
-10.054
-3.369
-9.314
-10.867
-9.247
-7.003
-9.656
-11.288
-10.958
-11.207
-6.215
-7.860
-4.431
-6.515
-1.281
-9.692
-5.292
-9.827
-4.578
-10.447
-6.398
-12.718
-4.522
-12.429
-4.954
-12.292
-7.361
-12.934
-5.294
-6.263
-2.069
-8.081
-5.143
-6.548
-7.060
-8.195
-1.405
-3.564
-4.836
-8.484
-5.842
-6.084
-7.457
-11.196
-6.760
-10.035
-3.632
-7.589
-6.124
-11.750
-6.139
-10.560
-4.956
-11.491
-6.887
-12.461
-8.403
-7.327
-5.262
-10.756
-6.313
-10.869
-7.123
-12.757
-5.086
-13.269
-6.559
-9.220
-7.945
-6.335
-7.309
-6.337
-8.447
-4.435
-3.113
-4.953
-6.978
-7.589
-5.414
-5.005
-6.565
-3.552
-4.982
-6.281
-4.041
-4.835
-5.162
-7.537
-4.980
-4.026
-6.081
-7.748
-6.303
-8.938
-4.946
-9.594
-8.273
-7.219
-6.250
-6.370
-6.821
-7.329
-3.717
-7.594
-7.241
-6.500
-4.255
-10.274
-9.873
-6.948
-6.965
-9.370
-8.096
-8.752
-3.979
-3.463
-7.099
-6.354
-7.585
-8.649
-7.265
-6.064
-7.855
-7.862
-5.226
-6.351
-7.982
-3.245
-2.988
