-10.943
-7.804
-7.882
-9.229
-9.273
-9.583
-10.037
-10.241
-10.123
-10.274
-12.984
-10.842
-11.032
-11.415
-11.466
-10.244
-11.205
-7.714
-7.253
-7.243
-9.070
-10.361
-12.497
-7.845
-13.501
-9.379
-11.662
-9.597
-7.221
-8.642
-16.472
-9.827
-8.348
-4.690
-14.929
-10.650
-8.466
-8.173
-10.005
-9.084
-5.270
-3.817
-2.346
-9.891
-6.167
-9.028
-4.365
-8.471
-6.396
-8.279
-7.130
-7.362
-10.201
-8.103
-9.502
-11.778
-6.474
-8.888
-7.692
-12.296
-4.987
-9.402
-4.542
-8.897
-4.584
-8.631
-6.842
-9.126
-4.036
-7.359
-2.293
-5.577
-3.346
-5.558
-4.192
-8.069
-5.195
-9.805
-1.250
-1.692
-11.513
-12.748
-10.175
-8.309
-5.610
-10.286
-5.100
-7.793
-6.444
-11.482
-10.700
-11.355
-6.425
-11.362
-9.557
-14.593
-11.265
-10.741
-7.958
-12.642
-6.730
-12.380
-3.716
-10.438
-6.235
-11.955
-6.768
-10.013
-10.616
-16.311
-13.966
-7.597
-7.781
-13.159
-9.192
-11.601
-7.211
-11.823
-5.284
-8.303
-6.640
-10.319
-7.675
-10.570
-6.381
-11.618
-7.340
-16.206
-5.013
-11.799
-6.653
-15.716
-6.540
-11.491
-7.522
-12.885
-5.144
-9.228
-5.587
-12.457
-4.330
-8.913
-3.110
-11.971
-5.520
-13.119
-9.448
-15.274
-5.979
-14.910
-12.977
-13.268
-8.554
-10.678
-10.271
-13.027
-5.257
-10.745
-2.323
-10.833
-0.817
-9.915
-7.400
-12.140
-3.176
-7.864
-2.966
-9.031
0.230
-10.754
-4.270
-13.729
-2.350
-10.333
-7.479
-12.277
-2.009
-10.282
-9.303
-9.580
-3.885
-7.573
-5.348
-11.750
-2.699
-6.445
-4.228
-10.256
-7.691
-9.388
-10.586
-9.245
-1.405
-8.617
-8.675
-9.602
-2.312
-7.787
-5.139
-15.308
-7.504
-2.680
-5.039
-5.872
-12.840
-8.447
-10.278
-7.347
-9.808
-4.742
-7.193
-9.145
-9.101
-6.642
-12.522
-5.912
-8.447
-6.810
-6.840
-1.439
-9.810
-4.173
-7.361
-4.961
-7.367
-8.581
-9.983
-3.264
-10.636
-8.065
-9.300
-4.750
-6.375
-6.148
-7.937
-5.850
-11.616
-7.382
-8.836
-7.356
-8.697
-8.727
-11.076
-12.633
-5.621
-6.572
-9.402
-6.860
-2.826
-5.700
-10.375
-7.554
-2.342
-0.353
-3.996
-4.558
-7.428
-9.866
-8.039
-8.437
-4.200
-5.020
-10.684
-7.535
-5.021
-4.735
-8.804
-7.162
-5.078
-6.355
-10.713
-9.921
-9.317
-8.609
-9.382
-13.081
-4.732
-5.428
-7.304
-5.671
-9.646
-9.562
-3.584
-1.338
-2.392
-4.422
-1.180
-2.219
-7.164
-4.586
-3.644
-4.922
-5.227
-9.120
-2.377
-0.668
-5.019
-6.530
-4.286
-0.240
-7.058
-7.699
-3.590
-0.337
-5.005
-7.698
-7.826
-3.807
-11.316
-8.303
-5.414
-3.478
-11.332
-10.492
-7.285
-4.538
-5.204
-5.900
-6.414
-1.797
-6.142
-9.917
-7.521
-4.491
-5.539
-6.968
-6.191
-1.299
-4.174
-6.917
-7.185
-4.778
-5.139
-9.624
-8.225
-4.819
-7.913
-9.858
-7.932
-5.311
-7.581
-10.848
-7.688
-6.014
-7.288
-6.422
-3.043
-1.030
-6.431
-10.811
-7.571
-4.822
-7.536
-9.500
-5.769
-5.209
-12.668
-11.189
-7.953
-5.233
0.935
-2.177
-3.836
-3.222
0.826
0.833
-5.973
-4.411
-0.927
-3.443
-7.874
-9.128
-2.356
-7.074
-7.603
-7.421
-0.285
0.883
-2.965
-0.938
-1.959
-1.522
-4.233
-5.549
-2.808
-4.615
-5.588
-5.928
-3.730
-2.371
-8.065
-7.871
0.116
-0.686
-6.602
-4.958
-7.222
-5.028
-12.679
-12.003
-9.761
-10.647
-12.617
-8.603
-11.905
-11.950
-9.172
-11.342
-13.073
-6.623
-10.685
-14.277
-9.064
-12.687
-12.298
-11.124
-13.920
-13.845
-7.092
-10.174
-11.125
-9.854
-10.210
-10.330
-10.694
-12.332
-11.104
-7.276
-12.981
-15.572
-4.764
-5.101
-10.796
0.968
-3.923
-14.398
-3.386
-4.899
-10.984
0.046
-4.356
-13.168
-6.361
-8.055
-12.856
-2.153
-4.290
-10.200
-4.249
-5.323
-10.159
-2.550
-5.633
-12.214
-3.374
-3.781
-15.906
0.130
-2.447
-13.844
1.813
-5.534
-12.784
-6.083
-9.621
-11.261
-4.407
-7.674
-12.694
-1.366
-4.723
-10.788
-5.534
-8.786
-12.693
-2.482
-2.670
-9.450
-7.022
-9.743
-13.831
-11.798
-10.329
-4.838
-2.130
-3.776
-12.691
0.035
-3.708
-9.430
-2.831
-6.285
-7.480
-1.653
-2.738
-5.571
-1.621
-7.805
-2.542
-2.166
-5.310
-6.650
-2.062
-4.721
-1.890
-6.524
-6.234
-9.535
-2.831
-6.592
-8.810
-2.036
-7.519
-7.415
0.722
-2.449
-4.674
0.849
-5.911
-5.363
-6.422
-9.802
-2.614
-7.217
-10.033
-4.332
-9.124
-9.991
-3.839
-3.560
-7.888
-3.753
-7.440
-9.301
-3.192
-4.612
-12.588
-4.695
-3.502
-10.750
-5.567
-3.466
-11.099
-2.398
-6.082
-6.781
-2.143
-8.863
-8.713
-4.570
-1.565
-3.839
-3.374
1.545
-5.848
-6.041
0.731
-7.568
-2.697
-1.401
-7.720
-5.591
1.114
-2.846
-3.099
-2.497
-4.898
-7.077
0.348
-2.073
-2.989
-4.082
-2.821
0.082
-0.159
-5.184
-2.387
-5.752
-2.993
-2.715
-8.251
-8.712
-9.469
-9.435
-9.432
-9.571
-7.513
-7.504
-11.403
-12.902
-11.386
-10.341
-7.352
-8.874
-11.600
-9.281
-7.948
-8.258
-8.097
-8.748
-8.014
-7.029
-9.857
-10.076
-9.132
-12.373
-9.659
-8.917
-9.440
-11.715
-6.649
-5.967
-8.059
-10.436
-7.501
-5.633
-3.450
-4.852
-7.381
-7.156
-6.932
-8.203
-9.226
-11.936
-9.110
-9.531
-7.382
-8.200
-7.162
-9.300
-8.162
-7.829
-7.485
-4.361
-10.372
-11.164
-7.678
-10.327
-6.396
-11.334
-9.555
-7.209
-11.513
-5.118
-7.615
-10.369
-7.366
-8.347
-5.810
-8.476
-8.970
-9.435
-10.379
-6.301
-11.254
-10.972
-9.136
-10.865
-7.106
-13.822
-10.271
-7.295
-9.127
-5.794
-8.247
-8.972
-7.955
-10.324
-3.788
-10.858
-9.761
-9.805
-8.848
-5.207
-12.141
-14.111
-9.378
-8.641
-8.181
-14.803
-9.297
-5.487
-5.475
-8.599
-7.710
-8.237
-7.594
-10.013
-12.649
-2.274
-9.352
-12.601
-11.463
-11.595
-4.518
-11.287
-9.329
-10.522
-14.626
-5.627
-5.840
-9.248
-8.195
-11.292
-3.093
-9.412
-9.328
-8.249
-12.004
-1.484
-8.956
-6.791
-7.742
-8.041
-3.378
-11.093
-8.499
-8.898
-12.475
-5.157
-8.484
-7.617
-7.182
-9.289
-4.516
-12.375
-12.035
-6.543
-12.237
-8.763
-9.284
-6.364
-8.602
-4.876
-5.754
-9.445
-4.886
-5.550
-4.594
-6.921
-8.085
-3.992
-7.255
-2.977
-7.239
-10.925
-6.722
-7.004
-6.862
-3.848
-5.955
-7.577
-7.350
-7.012
-5.384
-6.147
-4.517
-6.619
-4.221
-5.580
-8.216
-7.328
-8.399
-12.015
-11.291
-9.028
-5.001
-7.732
-5.645
-3.248
-8.433
-7.091
-6.057
-8.612
-6.731
-5.763
-5.405
-5.593
-3.917
-3.331
-8.432
-13.025
-10.405
-8.597
-13.070
-9.060
-11.470
-9.999
-8.919
-16.952
-6.668
-8.308
-7.558
-3.556
-9.996
-8.649
-11.299
-11.313
-11.568
-14.372
-5.299
-6.958
-4.090
-4.655
-10.373
-8.716
-7.425
-8.538
-7.310
-10.435
-7.906
-5.110
-4.777
-7.184
-10.334
-7.684
-9.118
-10.655
-7.450
-11.918
-10.842
-10.470
-10.497
-9.673
-14.228
-8.284
-10.110
-10.216
-8.030
-14.441
-1.554
-1.479
-8.252
0.644
-8.577
0.433
-2.283
-11.001
-4.499
-10.336
-0.650
-1.500
-7.199
-2.714
-8.469
-4.224
-4.244
-10.912
-2.135
-10.247
-4.933
-2.392
-11.177
0.447
-6.133
-0.071
-2.615
-9.710
-1.419
-10.485
1.235
-1.869
-9.986
-1.803
-9.178
-5.685
-1.518
-4.794
-2.845
-6.654
1.108
-3.870
-9.923
-3.263
-8.649
-1.431
-0.974
-8.500
-0.703
-2.919
-11.614
-9.997
-15.388
-1.883
-5.698
-10.419
-9.119
-12.208
-3.691
-6.007
-11.812
-7.799
-13.774
-5.943
-3.992
-11.903
-11.652
-15.611
-5.934
-5.808
-11.583
-6.687
-14.393
-2.011
-6.984
-9.360
-10.063
-13.560
-5.608
-6.235
-10.499
-7.699
-12.205
-6.192
-4.438
-8.053
-7.335
-11.226
0.753
-7.980
-9.972
-10.121
-13.007
-5.180
-5.809
-11.826
-12.744
-16.591
-7.466
-13.974
-2.972
-8.382
-9.300
-9.610
-13.760
-0.326
-6.627
-10.659
-7.396
-14.073
-2.019
-10.033
-11.911
-8.614
-12.799
-2.768
-8.007
-12.618
-9.859
-12.577
-0.265
-5.226
-15.294
-7.681
-13.911
-2.106
-12.686
-10.899
-7.742
-15.162
-1.767
-4.576
-6.111
-7.144
-8.318
-3.774
-5.734
-10.725
-7.721
-12.735
-4.791
-6.473
-12.769
-9.517
-13.779
-3.351
-4.932
-9.309
-7.983
-11.127
-8.656
-4.498
-8.041
-7.861
-4.211
-3.228
-2.873
-11.347
-8.329
-10.426
-6.665
-3.082
-11.120
-8.327
-6.065
-4.556
-5.080
-9.465
-7.828
-10.427
-2.957
-4.458
-8.057
-4.768
-4.723
-2.686
0.750
-10.246
-6.502
-6.879
-5.295
-2.634
-9.070
-6.937
-6.860
-1.692
-5.576
-12.976
-7.475
-10.105
-6.016
-7.523
-14.264
-8.833
-9.204
-5.875
-8.059
-13.694
-7.458
-10.590
-5.349
0.489
-1.478
-8.393
-11.650
-3.658
0.942
-1.209
-8.264
-8.303
-3.657
1.279
-1.470
-9.299
-10.180
-4.149
2.050
1.113
-7.794
-8.073
-3.571
-0.640
-3.778
-7.685
-12.420
-1.212
-2.076
-4.730
-9.408
-11.646
-1.927
-5.622
-6.100
-6.934
-9.203
-3.189
-0.424
-5.575
-7.505
-12.067
-5.906
-1.318
-5.231
-7.985
-11.921
-8.739
-1.636
-3.594
-10.061
-11.792
-8.008
-10.272
-7.911
-7.653
-12.886
-11.946
-4.750
-12.696
-9.792
-6.015
-13.420
-8.384
-12.584
-11.882
-9.440
-9.474
-10.750
-9.505
-11.351
-8.581
-7.676
-9.198
-8.150
-9.249
-11.093
-10.204
-8.848
-7.806
-9.596
-9.500
-16.413
-10.065
-7.664
-18.582
-10.997
-11.695
-16.265
-10.078
-7.532
-15.983
-9.267
-7.569
-16.659
-11.379
-8.232
-15.431
-10.052
-8.213
-17.045
-12.168
-6.480
-18.218
-12.971
-9.980
-18.402
-8.957
-9.529
-15.251
-7.436
-4.963
-10.731
-14.872
-6.490
-9.940
-16.149
-9.539
-9.693
-12.799
-6.930
-7.262
-11.833
-6.131
-10.559
-8.981
-7.691
-6.247
-13.571
-7.772
-8.520
-14.514
-8.125
-9.711
-12.144
-7.922
-9.627
-14.725
-10.777
-9.980
-14.099
-9.375
-3.817
-5.997
-12.885
-4.380
-5.812
-11.755
-6.762
-6.087
-12.169
-1.338
-7.102
-11.393
-4.111
-5.763
-13.125
-3.274
-3.634
-9.278
-4.154
-3.896
-11.150
-2.576
-5.147
-12.707
-4.037
-1.510
-10.834
-1.457
-4.306
-10.471
-9.239
-7.461
-9.070
-6.510
-5.026
-9.640
-3.475
-5.829
-10.137
-6.100
-9.798
-11.622
-8.044
-6.547
-7.469
-2.937
-8.719
-10.342
-7.228
-6.058
-5.371
-6.589
-6.355
-5.474
-6.630
-7.510
-8.692
-10.339
-4.429
-9.311
-8.410
-6.823
-8.804
-5.727
-6.723
-8.380
-7.910
-4.184
-9.410
-8.550
-5.103
-10.681
-5.492
-6.036
-11.452
-6.373
-6.019
-11.563
-8.105
-0.807
-10.709
-8.693
-0.732
-11.968
-8.871
-5.572
-10.936
-3.721
-3.476
-10.505
