-8.910
-6.095
-7.027
-8.210
-6.739
-5.792
-9.786
-5.268
-4.754
-4.758
-4.775
-9.675
-9.107
-11.018
-4.461
-8.093
-9.895
-11.757
-6.567
-6.011
-1.451
-2.020
-3.843
-5.085
-3.478
-5.090
-4.844
-0.431
-3.483
-5.797
0.014
-3.876
-3.843
-3.452
-0.575
-2.992
-3.271
0.109
-2.093
-0.365
-5.126
-1.227
-6.394
-6.816
-0.678
-5.712
-5.342
0.764
-4.446
-5.579
1.180
-7.343
-7.643
-0.317
-5.211
-4.072
1.475
-7.553
-4.281
0.269
-4.196
-4.275
0.826
-5.764
-4.230
-2.521
-7.135
-5.688
-1.671
-7.764
-1.977
-4.124
-9.797
-1.978
-3.564
-7.441
-5.083
-4.810
-7.673
-1.868
-5.943
-4.713
-5.920
-3.648
-4.448
-5.440
-2.260
-6.472
-6.057
-8.077
-5.374
-2.412
-2.267
-5.859
-2.761
-2.302
-6.009
-4.228
-1.232
-5.602
-6.249
-5.293
-4.918
-6.196
-5.213
-5.578
-7.602
-3.697
-6.805
-8.670
-5.223
-6.589
-5.630
-4.547
-7.746
-7.404
-5.936
-7.935
-6.600
-2.743
-5.376
-6.442
-2.936
-5.048
-7.523
-4.140
-6.226
-8.323
-3.699
-7.633
-5.020
-8.972
-6.463
-3.200
-5.211
-2.245
-6.609
-7.878
-6.399
-5.681
-6.542
-3.670
-6.688
-6.442
-4.716
-7.870
-9.729
-6.914
-5.258
-7.415
-3.586
-4.795
-7.007
-6.214
-7.160
-8.106
-5.639
-6.237
-8.363
-6.608
-2.691
-6.603
-0.828
-3.805
-6.960
-0.139
-2.280
-3.578
-3.097
-2.142
-8.412
-3.919
-4.975
-4.384
-1.307
-4.610
-3.858
-1.956
-2.974
-6.206
-0.836
-6.633
-6.090
-2.289
-7.161
-6.668
-3.142
-5.462
-6.913
-3.628
-6.323
-7.559
-3.562
-5.765
-6.523
0.459
-6.045
-7.491
-1.010
-4.567
-3.921
0.255
-8.615
-7.285
-1.583
-7.734
-6.540
-2.850
-7.760
-7.369
-0.945
-6.890
-6.649
-4.245
-7.629
-6.696
-3.882
-6.061
-4.855
1.508
-4.801
-7.911
-5.866
-3.058
-5.068
-3.594
-2.480
-7.421
-2.934
-3.159
-5.409
-4.076
-2.715
-5.374
-5.329
-2.404
-6.629
-4.482
-3.220
-6.591
-5.432
-2.481
-5.441
-2.544
-3.699
-6.324
-3.494
-6.373
-6.391
-5.032
-2.193
-4.627
-5.297
-0.409
-1.807
-1.451
-3.116
-5.269
-5.332
-2.585
-5.745
-6.309
-2.555
-3.393
-4.624
-1.278
-5.557
-4.470
-1.887
-2.573
-5.668
-1.341
-4.209
-4.906
-1.229
-5.929
-6.227
-3.350
-4.243
-2.739
-4.300
-5.770
-3.431
-4.787
-3.934
-5.473
-5.582
-5.043
-5.728
-2.264
-3.553
-5.624
-6.471
-3.579
-4.227
-5.370
-1.742
-6.206
-4.260
-4.846
-2.425
-4.707
-1.302
-3.863
-2.140
-6.918
-1.541
-3.996
-0.467
-6.090
-1.877
-4.139
-4.172
-6.345
-2.934
-5.176
-5.833
-5.425
-5.400
-6.417
-7.488
-5.057
-5.436
-8.015
-7.284
-4.167
-4.782
-3.795
-6.828
-6.777
-7.405
-4.081
-5.421
-8.573
-5.606
-5.326
-5.179
-7.959
-8.416
-6.214
-4.643
-6.302
-3.566
-2.940
-3.771
-3.653
-4.119
-4.981
-2.555
-6.309
-2.878
-4.659
-6.200
-5.577
-3.853
-5.674
-2.489
-6.753
-5.096
-7.295
-3.037
-5.028
-2.481
-3.096
-4.587
-4.640
-4.108
-1.066
-0.192
-3.005
-4.111
-5.001
-5.345
-3.041
-4.880
-3.255
-4.204
-3.713
-2.903
-2.137
-2.416
-10.450
-5.131
-6.470
-8.786
-4.993
-5.044
-6.885
-2.989
-7.850
-4.030
-9.369
-5.149
-7.816
-2.944
-6.408
-5.009
-6.716
-2.957
-10.419
-2.938
-3.921
-10.725
-7.063
-2.979
-4.811
-11.075
-4.786
-5.387
-3.707
-11.395
-5.758
-2.742
-4.518
-8.977
-7.813
-4.437
-3.635
-12.875
-6.909
-2.709
-4.338
-11.981
-7.814
-4.290
-5.989
-16.050
-6.129
-3.946
-3.736
-9.926
-9.157
-5.737
-4.482
-12.304
-10.059
-4.717
-3.955
-13.048
-6.003
-7.544
-8.493
-13.663
-4.842
-2.020
-5.446
-11.083
-5.335
-3.853
-4.996
-10.527
-8.120
-2.091
-6.076
-12.269
-8.680
-1.568
-6.014
-12.305
-7.270
-2.493
-4.810
-7.557
-6.960
-4.400
-5.105
-12.671
-8.652
-4.847
-6.487
-5.596
-8.756
-1.109
-6.878
-11.496
-7.560
-4.161
-3.897
-12.771
-6.165
-4.589
-3.267
-5.819
-9.370
-2.586
-8.230
-5.018
-2.171
-5.092
-8.261
-4.697
-9.739
-4.863
-5.815
-4.430
-7.575
-5.745
-6.398
-5.469
-8.527
-3.224
-7.191
-6.417
-10.270
-5.046
-6.795
-7.609
-5.231
-2.052
-5.779
-6.559
-7.086
-5.093
-8.922
-6.264
-5.871
-7.237
-5.891
-6.601
-10.528
-4.896
-0.085
-10.777
-5.133
-6.997
-2.116
-5.141
-5.073
-7.453
-2.908
-6.132
-5.481
-5.660
-2.676
-6.934
-5.674
-5.991
-2.399
-5.165
-4.379
-6.696
-1.525
-8.667
-3.837
-8.467
-1.226
-7.244
-3.580
-6.193
-1.722
-8.290
-5.887
-4.981
-1.662
-6.520
-3.755
-4.696
-3.603
-8.980
-5.830
-1.466
-4.102
-6.085
-3.493
-3.216
-4.473
-3.850
-3.119
-1.744
-4.500
-5.582
-2.191
-0.117
-4.647
-2.039
-2.824
-0.261
-5.308
-4.223
-3.368
-1.530
-4.739
-3.405
-3.468
-1.536
-4.494
-3.906
-2.761
-2.070
-9.323
-3.782
-4.559
-0.977
-5.054
-5.158
-6.139
-1.560
-5.724
-4.329
-4.281
-3.384
-8.143
-6.239
-10.525
-4.360
-10.335
-8.088
-14.601
-5.608
-7.403
-7.169
-11.107
0.313
-10.676
-6.586
-11.330
-3.222
-7.355
-5.224
-11.511
-5.150
-7.675
-6.725
-11.508
-6.533
-8.666
-8.300
-10.359
-4.185
-9.436
-5.318
-13.215
-3.586
-8.575
-6.562
-12.865
-5.305
-7.658
-4.495
-14.322
-4.548
-13.010
-3.478
-12.737
-3.659
-11.105
-3.607
-8.802
-4.743
-12.796
-3.131
-11.934
-3.051
-12.643
-3.808
-14.472
-6.558
-14.504
-5.522
-9.659
-4.020
-12.032
-1.651
-9.265
-5.127
-8.717
-2.795
-9.027
-4.385
-10.419
-3.982
-13.162
-8.242
-11.989
-6.824
-9.382
-5.872
-13.736
-1.400
-8.042
-7.106
-8.222
-10.540
-5.134
-7.464
-4.947
-9.679
-6.224
-6.400
-6.370
-9.477
-4.141
-7.081
-3.581
-13.420
-4.549
-6.307
-6.239
-9.558
-3.491
-6.328
-7.294
-9.239
-5.412
-6.030
-6.486
-10.477
-4.339
-7.891
-5.163
-12.465
-4.918
-6.792
-4.808
-9.756
-3.987
-5.446
-9.643
-10.372
-4.712
-5.597
-9.057
-1.982
-15.596
-7.029
-5.258
-5.263
-14.985
-8.687
-9.142
-1.440
-14.877
-10.170
-9.408
-4.722
-14.508
-9.109
-7.321
-4.351
-14.252
-8.114
-4.139
-2.092
-10.996
-9.628
-11.005
-2.642
-16.437
-10.079
-9.334
-1.684
-14.071
-8.569
-7.413
-1.994
-15.500
-9.573
-6.849
-4.656
-9.171
-1.158
-7.787
-8.880
-11.248
-1.837
-6.610
-13.000
-13.418
-2.889
-7.373
-11.040
-9.275
-3.275
-5.752
-13.757
-13.498
-2.423
-6.104
-12.573
-10.587
-2.990
-6.607
-12.861
-6.984
-1.702
-3.587
-12.365
-8.272
-4.585
-6.227
-12.988
-11.608
-1.366
-9.762
-10.916
-13.113
-2.068
-7.164
-10.757
-12.523
-9.761
-4.904
-10.645
-5.664
-8.649
-4.099
-11.263
-5.328
-9.870
-5.385
-10.698
-5.587
-9.744
-4.804
-11.005
-5.004
-12.021
-5.154
-14.134
-5.046
-10.920
-3.042
-9.036
-4.289
-9.882
-2.236
-13.293
-1.207
-8.200
-3.678
-11.757
-2.596
-12.809
-2.031
-8.553
-1.135
-12.665
-1.949
-11.357
-1.448
-4.583
-0.118
-3.477
-0.246
-4.399
-4.140
-5.242
-2.839
-2.906
-1.484
-2.210
-0.632
-5.247
-2.447
-6.242
-1.892
-4.241
-3.289
-5.912
-4.567
-8.120
-9.291
-9.327
-8.683
-9.236
-6.460
-6.626
-8.825
-8.078
-7.174
-7.082
-6.729
-5.535
-7.848
-6.006
-7.378
-6.767
-9.859
-5.813
-6.376
-7.743
-8.234
-8.825
-7.621
-7.589
-5.603
-6.740
-6.198
-4.722
-5.945
-6.139
-7.966
-6.274
-3.555
-6.351
-4.407
-8.394
-5.104
-7.016
-7.732
-5.500
-5.872
-5.372
-6.074
-3.026
-7.197
-2.319
-7.992
-5.734
-9.945
-5.672
-6.934
-2.710
-9.784
-6.323
-6.743
-2.395
-7.707
-3.529
-7.784
