-11.731
-15.120
-8.022
-13.819
-9.104
-12.045
-10.009
-14.281
-9.259
-15.952
-8.560
-11.707
-12.023
-14.002
-9.552
-17.228
-8.847
-10.751
-7.295
-12.127
-11.114
-11.035
-6.552
-8.866
-9.987
-12.012
-7.624
-12.238
-4.309
-10.685
-9.277
-11.975
-8.133
-9.434
-9.069
-11.833
-7.749
-11.315
-6.864
-13.348
-6.253
-2.816
-4.572
-8.355
-6.398
-5.734
-3.869
-4.962
-4.236
-7.711
-7.295
-4.139
-8.767
-5.872
-7.074
-8.964
-5.113
-7.644
-4.944
-6.407
-3.073
-7.381
-6.288
-6.572
-3.437
-7.323
-5.791
-8.252
-3.746
-7.570
-1.576
-5.192
-1.335
-5.444
-1.361
-6.426
-5.334
-6.590
-4.769
-3.554
-5.219
-8.302
-5.185
-6.150
-2.852
-8.678
-4.350
-3.826
-3.788
-9.240
-7.119
-4.891
-6.507
-6.741
-5.316
-7.220
-6.235
-8.785
-5.663
-3.902
-5.197
-7.423
-2.702
-3.439
-4.409
-5.051
-3.963
-6.135
-5.656
-7.286
-4.725
-1.879
-5.509
-8.522
-7.108
-4.483
-4.358
-8.771
-5.283
-4.115
-2.199
-6.679
-4.339
-6.552
-1.301
-5.887
-6.222
-7.133
-1.556
-7.706
-6.234
-7.085
-1.090
-3.658
-4.846
-7.285
-1.617
-5.070
-5.308
-8.201
-1.239
-5.098
-5.797
-6.307
-0.971
-4.970
-6.899
-8.049
-2.253
-6.269
-7.035
-7.626
-4.625
-4.740
-6.083
-5.058
-3.168
-2.171
-3.844
-5.611
-2.108
-4.626
-1.942
-5.860
-2.106
-6.709
-4.556
-5.242
-0.147
-6.567
-4.321
-5.170
-0.053
-5.885
-5.526
-4.319
0.259
-8.658
-4.788
-5.123
-3.233
-6.029
-4.817
-3.570
-0.804
-5.676
-3.761
-3.913
-2.956
-6.166
-3.887
-4.453
-2.147
-5.134
-4.931
-4.922
-1.582
-6.691
-3.300
-5.808
-3.727
-1.630
-1.170
-5.017
-4.629
-6.374
-1.796
-3.246
-5.331
-6.492
-2.787
-5.142
-5.033
-5.830
-4.623
-3.552
-5.534
-7.793
-2.888
-0.667
-6.150
-5.110
-3.950
-3.136
-4.176
-8.665
-3.562
-1.746
-2.727
-6.304
-3.416
0.232
-3.684
-7.521
-4.216
-3.373
-5.671
-5.508
-3.507
-4.616
-5.214
-2.133
-3.849
-7.831
-5.355
-3.764
-4.858
-4.874
-4.051
0.108
-3.430
-2.921
-5.782
-2.721
-3.520
-4.648
-4.149
-5.624
-3.537
-3.775
-4.318
-1.026
-3.263
-5.953
-4.040
-4.280
-5.204
-3.323
-4.098
-4.325
-3.658
-3.593
-2.826
-1.434
-3.589
-5.754
-6.327
-4.380
-4.640
-6.482
-7.393
-5.322
-0.852
-3.084
-4.367
-3.947
-1.101
-5.119
-6.381
-4.951
-2.159
-4.940
-5.866
-4.613
-0.107
-3.053
-3.734
-5.906
-2.545
-0.129
-6.774
-4.578
-2.382
-3.048
-6.007
-4.601
-2.948
-4.603
-3.454
-4.556
-0.912
-5.174
-2.599
-5.287
-3.622
-3.212
-3.602
-4.172
-2.663
-1.444
-5.005
-4.368
-3.318
-3.838
-6.053
-3.130
-2.601
-2.861
-4.393
-3.727
-7.555
-2.987
-5.331
-7.043
-3.995
-3.856
-4.640
-7.657
-5.024
-4.595
-6.301
-7.212
-5.294
-5.669
-6.264
-7.875
-2.526
-3.904
-4.620
-5.254
-5.204
-1.431
-4.489
-5.717
-2.574
-2.902
-6.225
-5.676
-5.382
-1.744
-1.804
-0.723
-4.291
-5.024
-2.446
-0.768
-4.980
-3.700
-2.341
-0.997
-7.112
-6.859
-0.268
-1.912
-6.566
-5.781
-2.299
-0.222
-5.225
-1.548
-5.199
0.477
-4.877
-4.318
-4.182
-5.449
-5.584
-7.579
-1.485
-1.773
-6.749
-3.560
-1.298
-2.358
-5.123
-4.783
-2.888
-3.776
-7.093
-5.014
-7.051
-4.861
-7.226
-6.006
-6.162
-7.548
-4.667
-6.153
-5.334
-4.878
-7.015
-7.801
-5.396
-6.855
-8.231
-5.965
-6.916
-8.408
-5.292
-5.372
-6.843
-8.319
-5.836
-7.426
-5.929
-3.467
-8.526
-3.846
-4.593
-8.860
-5.669
-4.189
-4.492
0.210
-6.175
-6.941
-3.546
-4.223
-4.921
-0.638
-3.309
-5.041
-4.747
-8.892
-5.512
-2.062
-5.795
-7.467
-3.839
-3.362
-5.709
-3.814
-6.338
-6.509
-3.642
-4.891
-6.250
-3.068
-4.452
-7.270
-0.206
-7.068
-10.011
0.216
-3.443
-7.582
-0.481
-3.278
-3.942
-0.601
-0.577
-5.935
-4.318
-5.351
-6.169
-1.661
-2.073
-4.729
-3.985
-5.249
-4.147
-4.114
-4.674
-5.190
-1.696
-1.034
-5.899
-1.635
-3.485
-5.226
-2.685
-3.127
-5.578
-1.579
-3.746
-7.607
-1.429
-4.757
-8.193
0.302
-1.775
-7.482
-0.593
-5.556
-4.189
-4.091
-2.176
-8.712
-2.104
-3.344
-7.974
-0.307
-3.301
-4.821
-0.738
-2.490
-5.302
-0.334
-5.089
-8.437
-4.497
-5.081
-3.826
-7.367
-6.425
-7.466
-6.662
-8.303
-6.694
-3.290
-5.726
-5.808
-6.555
-7.743
-6.841
-2.044
-5.928
-7.436
-3.008
-7.468
-5.204
-3.644
-5.301
-5.509
-4.007
-7.022
-6.497
-4.911
-7.267
-5.705
-1.859
-6.071
-7.949
-0.955
-4.740
-5.884
0.662
-3.319
-4.767
-3.292
-4.971
-6.828
-3.077
-4.223
-0.949
-0.920
-1.244
-5.784
-1.788
-1.706
-5.653
-2.778
-2.559
-2.805
-1.079
-4.842
-4.816
-2.564
-3.018
-6.193
-7.518
-6.133
-5.803
-11.814
-2.328
-3.139
-4.436
-3.868
-12.096
-6.738
-5.507
-6.671
-6.069
-9.521
-4.629
-4.930
-5.112
-4.979
-10.256
-5.669
-5.513
-10.239
-4.922
-15.115
-4.402
-6.519
-6.965
-6.164
-12.939
-6.910
-3.333
-8.592
-5.020
-14.555
-3.604
-5.197
-2.074
-4.332
-8.263
-7.672
-4.129
-4.526
-5.110
-14.562
-4.524
-4.412
-5.214
-5.146
-8.056
-7.086
-6.047
-6.030
-5.567
-7.576
-3.405
-6.613
-6.170
-4.932
-9.606
-3.864
-5.310
-4.974
-7.795
-7.324
-1.453
-7.351
-6.845
-6.228
-11.093
-4.770
-6.878
-5.421
-6.954
-9.919
-1.642
-4.743
-3.655
-4.902
-9.274
-1.977
-7.097
-6.424
-6.383
-8.719
-2.502
-3.901
-4.517
-5.845
-5.033
-3.311
-5.175
-5.689
-5.274
-10.308
-2.228
-6.792
-5.532
-5.222
-9.477
-4.375
-5.319
-7.642
-7.734
-14.571
-4.894
-7.157
-6.793
-5.897
-12.854
-3.053
-7.116
-7.386
-7.273
-13.960
-1.470
-6.888
-7.270
-6.973
-16.648
-5.664
-2.394
-9.063
-2.962
-17.343
-1.037
-6.081
-6.174
-4.611
-15.366
-2.717
-4.019
-8.475
-5.625
-17.281
-5.100
-6.541
-6.664
-5.661
-14.697
-2.864
-5.210
-7.030
-4.473
-13.628
-6.142
-6.763
-5.980
-3.391
-17.924
-5.727
-7.529
-4.199
-8.517
-8.247
-5.662
-6.178
-3.229
-6.331
-9.939
-2.743
-5.162
-1.319
-5.733
-9.019
-4.556
-6.491
-8.216
-4.936
-10.664
-5.749
-4.017
-5.484
-6.510
-11.375
-6.022
-2.485
-6.797
-6.658
-9.064
-4.895
-5.244
-7.192
-4.412
-12.142
-5.210
-5.912
-4.744
-5.974
-11.423
-3.463
-7.394
-4.410
-4.373
-14.166
-3.864
-7.179
-3.710
-6.824
-13.546
-3.634
-3.153
-7.201
-7.079
-9.009
-5.780
-0.387
-5.931
-4.368
-6.854
-5.853
-3.325
-5.082
-3.109
-6.595
-5.662
-3.264
-4.687
-5.597
-12.427
-4.910
-3.789
-5.254
-1.436
-7.710
-7.718
-3.603
-4.820
-6.602
-9.120
-7.005
-3.815
-1.163
-1.369
-13.669
-9.517
-4.851
-6.858
-6.390
-5.735
-5.355
-4.894
-5.222
-7.416
-11.124
-7.045
-3.793
-5.106
-6.301
-9.495
-6.940
-3.619
3.199
-10.473
0.992
-8.474
-3.452
-0.688
-10.827
-2.902
-10.607
-3.178
1.490
-10.593
-1.292
-5.986
-2.983
-0.336
-13.303
-0.250
-9.336
-5.950
-1.294
-12.266
-2.678
-10.418
-2.118
-0.114
-8.979
-1.987
-8.733
-2.368
-2.093
-7.888
0.091
-11.529
-4.703
-1.641
-6.506
-3.265
-8.472
-0.721
-1.689
-9.564
-0.988
-9.719
-5.305
-3.674
-10.701
-1.534
-10.443
-5.268
-11.054
-10.428
-1.616
-9.875
-6.227
-9.776
-11.447
-1.756
-7.532
-4.945
-10.504
-9.741
-6.225
-12.848
-5.379
-10.635
-9.113
-4.231
-9.002
-7.492
-11.264
-11.169
-3.533
-10.431
-2.994
-13.560
-9.386
-4.029
-11.607
-5.084
-10.999
-12.153
-3.846
-9.005
-3.457
-10.082
-10.100
-3.116
-10.420
-3.306
-12.394
-9.947
-1.302
-8.095
-5.294
-12.392
-10.412
-3.502
-13.902
-3.324
-6.034
-9.333
-7.186
-14.902
-2.018
-7.272
-12.630
-6.739
-14.482
-1.205
-6.372
-12.496
-5.337
-12.042
-3.793
-7.104
-13.395
-5.176
-12.868
-1.434
-5.579
-12.190
-4.684
-15.282
0.873
-6.694
-9.652
-3.468
-13.207
-2.131
-6.851
-10.383
-3.802
-12.074
-3.014
-5.168
-11.535
-3.937
-14.251
-1.537
-9.145
-10.940
-8.112
-12.229
-1.171
-5.817
-10.340
-2.465
-14.038
-6.478
-3.917
-7.219
-5.566
-1.879
-6.819
-5.594
-9.472
-8.955
-8.391
-4.559
-3.412
-8.715
-7.249
-9.135
-4.063
-4.560
-11.373
-7.178
-10.762
-3.586
-4.583
-8.679
-3.663
-7.107
-2.810
-1.157
-12.278
-3.849
-8.545
-2.702
-3.464
-8.298
-2.941
-6.898
-4.898
-1.577
-13.709
-7.114
-8.498
-3.973
-4.671
-13.110
-5.883
-11.141
-5.245
-6.085
-10.682
-6.708
-8.272
-5.338
0.161
-8.024
-5.545
-11.822
-3.409
-5.376
-6.435
-4.560
-12.550
-3.866
-2.594
-3.194
-4.855
-6.866
-2.315
-2.063
-4.934
-5.131
-10.865
-3.100
-3.663
-6.698
-5.554
-13.619
-5.068
-1.017
-6.020
-7.132
-10.549
-3.311
-5.100
-5.927
-4.837
-10.312
-3.991
0.536
-6.682
-2.905
-11.645
-4.187
0.411
-5.877
-2.598
-12.703
-5.134
-3.021
-4.830
-5.745
-12.152
-13.970
-7.042
-5.507
-8.932
-7.609
-6.069
-9.067
-8.494
-4.754
-10.701
-7.176
-5.178
-17.404
-6.104
-5.478
-9.450
-6.792
-5.479
-16.715
-4.043
-6.700
-13.988
-5.080
-10.444
-15.693
-6.728
-8.246
-7.237
-6.860
-7.032
-13.456
-4.379
-6.342
-13.721
-4.753
-6.359
-14.324
-5.888
-4.149
-13.188
-2.439
-3.142
-14.155
-2.670
-2.806
-12.948
-3.825
-3.187
-14.864
-3.444
-4.221
-14.472
-5.338
-6.728
-14.891
-4.452
-6.038
-13.403
-4.125
-3.073
-7.424
-7.893
-4.409
-12.207
-8.733
-5.201
-10.084
-9.841
-3.740
-8.391
-7.387
-2.245
-13.057
-7.654
-5.771
-9.558
-10.219
-5.367
-11.444
-7.287
-3.843
-10.821
-7.225
-6.430
-11.715
-5.806
-6.109
-10.351
-7.622
-3.369
-5.326
-2.426
-11.891
-5.558
-6.595
-15.340
-4.906
-4.270
-9.726
-3.632
-7.456
-11.132
-4.307
-4.862
-15.710
-2.170
-5.701
-13.341
-3.828
-3.149
-11.169
-4.181
-4.068
-11.099
-3.596
-4.459
-14.151
-3.031
-6.141
-8.970
-8.320
-7.675
-8.043
-6.722
-5.988
-8.109
-4.655
-7.014
-11.043
-4.979
-7.297
-10.048
-7.926
-6.087
-6.636
-3.961
-10.231
-9.107
-6.446
-6.515
-6.128
-4.842
-3.883
-6.356
-6.053
-7.824
-8.815
-7.781
-5.247
-5.801
-5.343
-2.975
-7.735
-4.878
-5.237
-9.352
-2.665
-2.414
-8.384
-3.498
-3.438
-4.980
-4.981
-3.136
-11.972
-4.865
-3.232
-10.461
-4.335
-2.378
-7.483
-4.242
-3.662
-6.528
-6.323
-3.660
-7.655
-3.501
-1.139
-9.049
