5.425
9.284
4.977
7.929
7.567
7.892
5.104
9.147
6.486
7.566
9.784
8.553
9.053
2.022
8.382
9.245
7.443
7.104
5.399
8.393
6.947
5.254
4.304
4.751
5.961
7.354
6.405
6.878
5.754
6.323
-5.659
-3.733
-9.175
-7.552
-6.077
-8.745
-7.108
-5.425
-6.362
-6.842
9.946
8.891
7.876
9.435
8.869
8.902
8.595
7.704
8.466
4.601
9.649
7.796
5.295
6.209
3.301
5.065
-1.066
8.962
7.507
5.586
3.036
3.716
-1.844
3.834
2.681
1.987
2.889
0.709
3.475
2.853
2.855
0.750
0.782
2.158
-2.391
4.949
-2.974
3.996
-3.895
2.575
7.440
9.304
5.760
3.996
8.229
5.423
7.512
7.025
7.644
8.274
5.305
5.273
6.019
6.102
6.165
6.797
6.798
4.448
5.507
5.674
6.297
6.086
6.273
6.031
4.169
3.974
2.555
5.528
3.325
2.295
7.815
7.133
5.738
4.842
6.294
5.535
7.385
4.623
6.158
6.100
3.075
2.393
3.393
6.729
3.932
2.948
5.404
4.601
4.415
3.094
4.791
6.467
7.235
6.194
4.894
3.984
7.015
7.373
5.714
4.733
7.329
2.869
7.505
3.365
-2.510
6.837
-5.383
6.695
-9.703
5.803
6.305
7.837
4.004
5.443
6.517
5.695
5.848
5.964
5.714
4.738
6.968
4.556
4.421
2.604
5.724
6.185
3.345
5.238
5.551
4.216
6.464
6.591
3.991
5.559
5.194
6.019
7.226
6.810
3.206
7.689
3.408
4.947
6.088
3.774
5.365
6.128
3.397
6.340
4.768
2.234
0.172
3.665
4.206
5.713
3.055
4.974
4.419
5.444
4.017
3.546
6.202
7.407
5.056
5.176
4.493
5.391
7.079
6.029
8.244
6.700
6.677
8.210
6.503
8.541
7.980
7.174
6.917
7.398
8.137
7.449
6.815
9.091
4.976
5.639
6.040
5.109
7.848
4.790
1.870
9.341
9.163
9.247
8.899
7.597
10.056
9.204
8.469
9.175
11.502
11.824
7.769
6.721
3.926
5.623
6.744
6.713
7.793
7.167
6.955
7.614
10.744
9.314
11.661
6.928
11.232
12.284
8.435
9.213
8.849
4.640
7.400
5.006
8.271
6.008
8.874
7.882
8.302
7.433
5.967
4.821
7.561
9.751
8.816
6.510
8.289
8.504
7.672
6.465
7.109
7.981
7.913
7.000
10.136
8.944
10.210
10.373
9.494
9.213
6.660
8.766
8.437
7.875
8.153
8.281
8.901
9.628
8.247
5.343
9.947
8.425
8.842
9.161
10.400
3.922
8.414
9.127
8.358
7.955
6.459
6.478
-6.366
-7.103
-2.316
-3.982
-6.026
-3.069
-1.098
-2.857
-5.574
-4.174
8.474
8.500
8.247
8.192
8.290
7.464
6.144
4.825
8.429
6.065
6.690
9.683
6.632
5.665
6.304
8.034
8.110
7.741
6.499
9.735
