-7.899
-4.922
-5.074
-6.249
-6.358
-6.579
-7.063
-7.192
-7.142
-7.223
-9.783
-7.752
-7.981
-8.285
-8.381
-7.195
-8.141
-4.839
-4.493
-4.400
-6.170
-7.304
-9.333
-4.961
-10.259
-6.390
-8.563
-6.592
-4.464
-5.703
-13.001
-6.807
-5.505
-2.022
-11.577
-7.573
-5.613
-5.265
-7.033
-6.115
-5.625
4.079
-7.352
2.679
-7.003
1.630
-8.091
2.637
-8.125
1.275
-6.858
1.283
-8.766
-0.630
-8.053
-3.035
-7.176
1.241
-8.597
-1.772
-9.119
-2.682
-8.179
-2.659
-10.601
-2.743
-9.816
-4.182
-11.463
-2.130
-9.933
0.357
-8.218
-0.727
-11.644
-2.029
-10.178
-3.625
-6.869
2.285
0.561
-9.391
-6.834
-4.100
3.657
-7.205
-1.954
-3.027
2.740
-8.159
-7.066
-4.809
1.561
-8.214
-6.510
-7.845
0.923
-7.624
-4.812
-6.015
3.424
-9.136
-1.437
-6.697
3.746
-8.792
-3.855
-4.929
-1.404
-12.624
-10.440
-4.740
1.851
-9.983
-6.116
-6.381
1.556
-8.579
-2.489
-3.918
1.716
-7.511
-4.936
-4.339
3.978
-8.600
-4.131
-9.366
3.790
-8.860
-3.991
-7.779
2.991
-8.645
-5.054
-6.246
4.115
-6.205
-2.458
-7.291
5.000
-6.160
-0.736
-5.754
5.068
-10.093
-6.640
-9.859
2.145
-11.776
-9.486
-7.427
-0.650
-7.983
-7.156
-8.233
3.695
-7.749
0.149
-6.501
3.258
-6.804
-4.271
-6.845
5.433
-4.825
-0.451
-4.333
4.830
-7.770
-1.768
-8.424
6.043
-7.099
-4.512
-6.979
2.768
-7.316
-6.462
-5.547
4.421
-4.668
-2.604
-5.608
5.027
-3.631
-1.675
-5.565
-0.205
-6.389
-7.064
-4.773
3.905
-5.871
-5.463
-5.371
3.072
-4.922
-2.511
-8.329
-2.472
-0.154
-2.104
3.095
-5.997
-5.318
-6.181
1.682
-5.221
-1.900
-3.600
0.196
-5.484
-3.892
-8.504
2.794
-1.986
-4.097
-3.450
6.471
-3.522
-1.480
-3.673
4.080
-3.992
-6.057
-6.301
3.642
-5.843
-5.265
-5.629
3.821
-0.651
-3.335
-4.273
1.943
-5.043
-4.476
-4.981
2.439
-5.879
-4.325
-7.795
-8.160
-2.308
-2.931
-4.870
-3.737
-0.543
-1.174
-7.811
-3.914
0.504
2.922
-1.856
-0.533
-4.507
-5.092
-5.781
-3.389
-1.297
-1.208
-6.859
-3.757
-2.304
-1.304
-5.412
-3.230
-2.091
-2.627
-6.279
-4.926
-6.619
-4.261
-8.065
-7.597
-2.185
-1.078
-3.668
-3.024
-6.090
-6.260
5.269
-0.260
0.206
-1.444
5.373
-0.250
-3.730
-1.438
4.009
-3.890
-1.658
-4.486
4.249
1.410
-1.973
-2.853
4.719
0.468
-3.756
-5.110
6.029
-0.300
-2.070
-3.939
-1.226
-1.690
-6.460
-5.031
5.022
-2.115
-6.860
-6.880
3.151
-4.303
-2.494
-2.706
2.130
0.040
-3.115
-5.992
-2.417
0.163
-2.094
-2.906
-0.502
1.808
-1.130
-2.890
-2.206
-0.062
-2.449
-5.835
-3.782
-1.265
-4.508
-6.099
-3.679
-0.667
-4.063
-6.246
-2.685
-1.463
-4.249
-3.141
0.818
1.730
-3.018
-5.911
-2.001
-0.787
-4.381
-4.965
-3.138
-0.907
-8.701
-7.654
-3.291
-1.838
4.592
2.433
0.743
0.426
5.059
5.314
-1.663
-1.284
3.783
2.727
-4.391
-2.229
2.000
-1.908
-5.357
-2.351
3.948
4.740
-0.539
3.002
2.549
3.780
-1.422
-1.533
1.063
0.666
-3.637
-0.736
1.169
2.034
-2.879
-4.772
3.450
3.266
-3.502
-0.447
-2.912
-0.984
-8.284
-7.673
-6.434
-5.282
-9.362
-5.147
-5.127
-8.834
-6.395
-6.525
-9.840
-5.088
-4.510
-10.802
-5.894
-7.774
-9.087
-7.353
-8.203
-10.440
-3.556
-3.546
-7.966
-5.807
-5.742
-7.387
-6.064
-6.442
-8.244
-3.730
-7.486
-11.978
3.085
-2.623
-7.756
6.542
0.340
-10.600
3.033
-1.437
-7.808
5.500
0.208
-9.664
0.543
-5.473
-9.323
3.188
-0.582
-7.089
3.573
-3.025
-7.020
3.905
-2.771
-8.884
3.282
0.208
-12.133
5.997
1.241
-10.274
4.454
2.832
-9.295
-1.516
1.871
-8.295
-0.592
2.515
-9.490
1.728
4.639
-7.655
-1.417
1.751
-9.631
2.190
6.174
-6.603
-2.273
0.047
-10.529
-7.197
-0.605
-2.537
1.720
4.534
-9.497
3.133
4.681
-6.698
5.494
-2.881
-2.701
5.353
0.395
-1.021
6.368
-3.118
1.108
6.031
-0.818
-1.417
4.672
-1.076
1.521
2.668
-3.226
-3.835
5.865
-2.211
-4.545
5.815
-4.829
-0.391
6.145
0.416
-0.497
7.088
-2.020
-0.506
-3.985
-7.185
5.585
-2.706
-8.127
4.852
-4.357
-7.388
5.705
0.656
-6.019
5.686
-2.660
-7.708
4.863
-1.272
-9.663
3.359
-0.808
-9.599
3.410
-0.189
-8.432
3.921
-2.120
-5.320
5.243
-4.175
-4.773
4.130
4.933
-1.033
-0.658
6.878
-2.030
-0.922
7.034
-2.640
1.493
5.238
-2.803
-1.535
5.331
0.012
-0.877
2.954
-2.985
-3.112
4.940
0.984
1.176
3.554
1.091
2.203
4.266
-1.887
0.271
2.280
-0.011
0.458
-5.360
-2.393
-3.501
-5.461
-3.170
-6.812
-2.356
-1.362
-6.921
-6.296
-8.352
-4.163
-2.468
-5.958
-5.116
-6.515
-2.867
-4.256
-5.323
-3.480
-5.485
-3.678
-4.261
-7.033
-2.806
-9.220
-3.854
-4.476
-6.073
-4.311
-4.166
-0.904
-2.493
-5.446
-1.092
-3.118
1.232
-0.305
-4.397
-1.191
-4.402
-3.222
-4.030
-6.868
-2.776
-6.883
-2.621
-0.858
-4.729
-3.568
-5.523
-1.184
-1.510
7.158
-5.673
-8.207
-1.778
-3.806
5.754
-7.493
-6.824
-1.014
-5.173
6.376
-5.415
-7.447
-0.204
-3.612
6.412
-5.566
-6.163
-1.783
-2.858
5.833
-7.486
-7.980
-2.493
-3.803
6.753
-9.558
-7.399
0.349
-2.432
6.065
-5.053
-6.156
-0.429
-3.770
7.211
-6.938
-6.838
-3.434
-2.764
6.363
-7.787
-10.899
-3.922
-3.843
2.386
-10.196
-6.377
-1.576
-1.499
-5.349
2.341
-5.526
-3.594
-5.180
-7.639
4.047
-6.748
-8.319
-6.816
-8.495
1.687
-8.258
-6.643
-7.769
-10.239
3.371
-3.283
-5.528
-3.511
-7.659
4.992
-6.603
-5.231
-5.593
-8.618
5.170
-6.123
-2.231
-4.241
-4.745
5.689
-8.121
-4.354
-5.565
-7.204
3.039
-5.755
-4.057
-5.674
-6.259
4.666
-9.365
-7.207
-5.061
-7.956
2.048
-6.535
5.664
-0.865
0.307
-3.325
-6.599
6.755
1.151
1.753
-3.656
-5.387
6.150
0.283
1.242
-3.750
-7.880
4.212
-2.486
-1.893
-0.968
-3.423
3.548
-2.178
-2.445
-2.466
-3.632
5.783
-1.540
1.067
-2.399
-5.481
0.770
-2.907
-4.803
-5.630
-6.221
6.764
-0.875
-0.789
-2.367
-5.679
4.604
-1.424
-1.220
-5.203
-3.204
7.009
1.231
1.339
-1.236
-5.846
-7.824
1.183
-4.450
-8.434
-6.140
-7.196
3.309
-5.633
-10.718
-4.021
-0.799
5.018
0.071
-6.367
-5.952
-5.412
2.054
-6.294
-9.562
-2.836
-1.575
5.776
-1.018
-7.040
-5.879
-1.609
4.071
-3.390
-6.070
-5.232
0.143
5.528
-2.089
-4.870
-5.039
-3.499
2.984
-2.257
-7.947
-7.819
-6.598
1.550
-5.579
-10.250
-5.554
-4.561
3.101
-3.034
-9.903
4.872
4.428
-5.911
1.910
-6.174
5.968
2.364
-8.295
-2.582
-7.704
4.857
4.685
-4.997
-1.022
-6.080
1.708
0.562
-8.218
-0.517
-7.626
1.360
2.251
-8.448
1.738
-4.049
5.225
3.975
-7.175
0.108
-7.833
6.208
3.778
-7.415
-0.227
-6.697
0.450
3.893
-2.911
-1.137
-4.502
6.070
2.230
-7.360
-1.502
-6.237
4.601
4.064
-6.126
0.733
-1.254
-7.679
-6.890
-12.101
-0.297
-3.671
-7.008
-6.995
-9.342
-1.875
-3.939
-7.829
-5.464
-10.701
-3.843
-2.186
-9.027
-9.500
-12.294
-3.835
-3.766
-7.156
-4.487
-11.238
-0.409
-4.789
-6.861
-7.911
-10.516
-3.550
-4.137
-7.313
-5.154
-9.340
-4.060
-2.575
-4.401
-4.590
-8.491
2.005
-5.655
-6.889
-7.019
-10.035
-3.176
-3.767
-8.945
-9.718
-13.145
-5.173
-10.868
-0.557
-1.631
-6.819
-7.045
-10.682
1.824
-0.464
-7.998
-5.112
-10.954
0.029
-2.630
-9.085
-6.175
-9.845
-0.507
-0.822
-9.698
-7.262
-9.653
2.029
-0.228
-12.019
-5.360
-10.813
-0.564
-4.218
-8.207
-5.413
-11.901
1.045
2.221
-4.053
-4.892
-5.949
-0.814
0.525
-8.056
-5.396
-9.790
-2.919
-2.161
-9.829
-6.964
-10.698
-0.164
0.955
-6.827
-5.624
-8.392
-3.883
0.426
-5.727
-5.517
-2.377
0.501
3.040
-8.595
-5.926
-7.782
-1.919
2.326
-8.398
-5.924
-3.989
-0.318
2.348
-6.963
-5.488
-7.783
1.351
0.816
-5.741
-2.817
-2.823
0.760
4.060
-7.640
-4.331
-4.698
-0.970
3.221
-6.620
-4.710
-4.681
1.311
0.670
-10.009
-5.181
-7.503
-2.003
-2.005
-11.126
-6.366
-6.720
-1.042
-0.201
-10.631
-5.165
-7.925
-2.171
6.972
-0.034
-5.982
-8.846
-1.455
6.720
0.199
-5.869
-5.936
-1.054
6.846
-0.027
-6.773
-7.568
-1.093
6.074
2.214
-5.459
-5.736
-1.652
5.453
-2.030
-5.364
-9.516
0.354
4.314
-2.855
-6.869
-8.843
0.511
2.461
-4.044
-4.708
-6.718
-0.021
7.309
-3.588
-5.207
-9.209
-2.664
5.168
-3.290
-5.626
-9.082
-4.746
3.862
-1.869
-7.439
-8.970
-5.212
-7.287
-5.077
-4.886
-9.659
-8.811
-2.214
-9.533
-6.818
-3.378
-10.132
-5.515
-9.425
-8.719
-6.492
-6.562
-7.676
-6.552
-8.290
-5.674
-4.860
-6.308
-5.263
-6.316
-8.052
-7.095
-5.944
-5.027
-6.652
-6.548
-12.949
-6.926
-4.849
-14.946
-7.926
-8.579
-12.813
-7.042
-4.726
-12.553
-6.264
-4.761
-13.176
-8.198
-5.374
-12.045
-7.061
-5.357
-13.531
-8.969
-3.753
-14.610
-9.658
-6.992
-14.780
-5.962
-6.575
-11.880
-4.562
-2.349
-7.720
-11.454
-3.762
-6.991
-12.647
-6.584
-6.763
-9.550
-4.169
-4.526
-8.606
-3.430
-7.561
-6.126
-4.874
-3.592
-10.254
-4.949
-5.684
-11.182
-5.275
-6.780
-8.954
-5.087
-6.703
-11.292
-7.729
-7.028
-10.791
-6.432
-6.557
-3.561
-9.832
-7.294
-3.452
-8.826
-11.388
-3.601
-9.194
-9.143
-4.605
-8.503
-8.594
-3.228
-10.045
-8.980
-1.374
-6.620
-7.035
-1.754
-8.287
-6.199
-2.704
-9.673
-5.949
0.471
-8.006
-6.584
-1.890
-7.682
-3.271
-4.782
-6.435
-4.209
-2.798
-6.942
-2.515
-3.655
-7.384
-4.374
-7.167
-8.707
-4.543
-4.209
-5.009
-3.634
-6.135
-7.567
-5.496
-3.934
-3.142
-1.806
-3.765
-3.233
-5.491
-5.124
-6.098
-5.166
-2.242
-6.649
-6.054
-4.071
-6.198
-8.591
-4.080
-5.821
-9.358
-1.766
-6.737
-4.941
-2.361
-7.869
-6.991
-3.574
-8.556
-8.615
-3.473
-8.654
-4.452
1.192
-7.894
-7.664
1.018
-9.015
-9.592
-3.202
-8.096
-6.450
-1.209
-7.712
