-4.594
-5.251
-1.957
-4.695
-3.289
-3.800
-2.868
-4.949
-3.029
-5.522
-3.036
-3.710
-4.700
-4.761
-3.205
-6.303
-2.911
-3.037
-1.932
-3.721
-4.995
-2.763
-2.043
-2.171
-5.209
-3.449
-3.174
-3.330
-1.294
-2.864
-3.779
-3.648
-3.891
-2.232
-4.524
-3.346
-2.993
-3.127
-2.770
-4.575
-2.265
-0.625
-0.759
-4.314
-2.483
-2.552
-0.809
-2.086
-1.293
-3.624
-3.153
-1.711
-4.455
-3.265
-3.395
-4.393
-2.421
-3.965
-1.653
-3.085
-0.008
-3.051
-2.194
-2.381
-0.801
-3.039
-1.954
-3.521
-0.819
-3.154
1.314
-1.503
0.390
-1.644
0.356
-2.108
-1.346
-2.375
-1.016
-1.161
-3.311
-4.541
-3.426
-3.276
-1.499
-5.005
-2.774
-1.647
-2.215
-5.142
-4.933
-2.394
-4.297
-3.558
-3.527
-4.027
-4.089
-4.882
-3.798
-1.700
-3.294
-3.522
-1.490
-1.376
-2.691
-1.761
-2.473
-3.266
-3.646
-3.427
-3.067
-0.281
-3.533
-4.261
-4.925
-2.108
-2.651
-4.217
-3.502
-1.849
-0.999
-3.919
-2.766
-3.558
-0.312
-3.949
-4.233
-3.966
-0.506
-4.102
-4.243
-3.932
-0.150
-2.090
-3.161
-4.072
-0.553
-3.155
-3.521
-4.714
-0.264
-3.742
-3.902
-3.387
-0.059
-2.702
-4.762
-4.608
-1.040
-3.964
-4.867
-4.312
-2.856
-2.770
-4.126
-2.511
-1.741
-2.304
-2.380
-2.898
-0.929
-1.874
-0.898
-3.073
-0.928
-2.948
-2.935
-2.640
0.572
-3.143
-2.752
-2.589
0.644
-3.195
-3.691
-1.992
0.883
-3.787
-3.116
-2.556
-1.790
-2.627
-3.139
-1.467
0.069
-1.654
-2.316
-1.708
-1.578
-2.966
-2.414
-2.087
-0.959
-1.597
-3.227
-2.415
-0.526
-2.500
-1.956
-3.036
-2.169
-0.280
-0.296
-2.482
-2.859
-2.244
-0.784
-1.240
-3.397
-3.099
-1.557
-2.569
-3.169
-2.671
-2.987
-1.455
-3.552
-3.315
-1.635
0.568
-4.024
-1.130
-2.463
-1.163
-2.513
-3.932
-2.160
-0.189
-1.403
-3.005
-2.047
1.198
-2.136
-2.586
-2.670
-1.329
-3.657
-2.633
-2.117
-2.201
-2.786
-0.656
-2.500
-4.972
-2.887
-1.840
-3.300
-2.785
-1.953
0.971
-2.167
-1.341
-3.193
-1.083
-2.239
-2.618
-2.023
-3.191
-2.253
-1.972
-2.145
0.148
-2.035
-3.583
-1.945
-2.215
-3.574
-1.638
-1.987
-2.247
-2.349
-1.838
-1.076
-0.148
-2.294
-3.436
-3.583
-2.287
-3.127
-3.974
-4.347
-2.971
-0.124
-1.461
-2.179
-1.972
-0.321
-2.966
-3.621
-2.701
-1.160
-2.834
-3.253
-2.456
0.468
-1.439
-1.726
-3.395
-1.466
0.724
-3.903
-2.431
-1.337
-1.434
-3.354
-2.448
-1.786
-2.584
-1.526
-2.415
-0.171
-3.007
-0.913
-2.946
-2.320
-1.556
-1.631
-2.136
-1.559
-0.248
-2.636
-2.279
-2.079
-2.019
-3.387
-1.379
-1.510
-1.296
-2.198
-1.813
-5.439
-1.390
-2.870
-4.221
-2.616
-2.032
-2.375
-4.666
-3.432
-2.579
-3.565
-4.343
-3.646
-3.373
-3.538
-4.825
-1.451
-2.068
-2.361
-2.922
-3.575
-0.239
-2.267
-3.258
-1.489
-1.326
-3.510
-3.228
-3.715
-0.471
-0.344
0.368
-2.850
-2.896
-0.803
0.336
-3.397
-1.917
-0.728
0.169
-5.087
-4.253
0.757
-0.495
-4.654
-3.455
-0.698
0.732
-3.591
-0.325
-2.775
1.240
-3.315
-2.374
-2.047
-3.063
-3.876
-4.786
-0.116
-0.394
-4.799
-1.814
0.019
-0.819
-3.510
-2.718
-1.120
-1.849
-5.072
-2.889
-3.996
-2.938
-3.566
-3.216
-3.876
-4.351
-2.908
-3.583
-2.998
-1.702
-3.244
-5.187
-2.618
-4.213
-4.736
-3.180
-3.867
-4.914
-3.066
-2.945
-3.523
-4.989
-3.928
-4.714
-3.954
-2.162
-4.804
-1.889
-2.632
-5.734
-2.417
-1.282
-2.423
1.813
-2.822
-4.508
-1.213
-1.685
-3.020
0.340
-1.216
-3.206
-2.088
-5.322
-3.594
-0.212
-3.294
-4.496
-1.709
-2.209
-3.539
-2.433
-4.369
-3.459
-1.624
-2.121
-3.037
-0.524
-1.333
-3.915
0.590
-4.652
-6.112
-0.185
-1.672
-3.698
0.467
-0.847
-2.247
0.115
0.212
-2.967
-2.649
-2.968
-2.830
-1.042
-1.067
-1.572
-1.791
-2.556
-2.047
-2.602
-2.989
-2.216
-0.724
-0.171
-3.445
-1.265
-2.480
-3.388
-0.960
-1.552
-1.898
-0.170
-2.015
-2.607
-0.062
-2.770
-2.919
1.175
-0.543
-2.686
0.535
-3.367
-0.070
-1.964
-0.843
-3.452
-0.544
-1.715
-2.903
0.739
-1.683
-1.530
0.432
-1.077
-1.539
0.720
-3.018
-3.180
-2.254
-3.012
-0.456
-4.304
-4.015
-3.052
-3.801
-5.417
-1.895
-1.392
-3.493
-1.584
-3.724
-4.999
-2.612
-0.502
-3.644
-2.763
-1.190
-4.794
-1.443
-1.644
-3.176
-2.074
-1.904
-4.461
-2.661
-2.550
-4.644
-1.689
-0.369
-3.751
-2.718
0.276
-2.757
-1.845
1.431
-1.696
-0.837
-1.394
-2.929
-2.259
-1.240
-2.371
1.543
0.302
-0.147
-2.198
-0.319
-0.492
-1.363
-1.026
-1.129
0.566
0.188
-2.833
-1.563
-0.873
-1.471
-1.726
-3.162
-3.313
-4.535
-2.674
-1.200
-2.039
-1.612
-2.457
-2.638
-5.144
-3.388
-3.523
-3.881
-1.420
-2.044
-2.649
-2.083
-3.285
-1.833
-2.855
-2.010
-4.485
-3.707
-3.995
-2.385
-3.884
-3.349
-4.487
-3.107
-3.401
-1.396
-3.850
-3.787
-3.656
-1.576
-2.758
0.151
-2.531
-0.824
-3.603
-1.255
-1.526
-3.491
-3.609
-3.273
-2.864
-2.455
-4.134
-0.985
-3.827
-3.635
-3.274
-3.309
-0.353
-1.289
-3.796
-3.530
-3.227
-1.744
-2.072
-3.068
-2.684
-5.299
-0.608
0.016
-4.540
-3.920
-3.985
-1.890
-2.252
-4.488
-3.205
-4.935
-1.837
-0.780
-2.597
-1.802
-3.022
-1.303
-1.271
-3.539
-3.216
-4.215
-0.936
-0.617
-1.337
-1.743
-3.864
0.670
-1.713
-2.508
-3.214
-2.803
-1.826
-1.449
-4.239
-3.273
-3.607
-1.542
-2.277
-3.100
-2.767
-5.130
-3.799
-2.893
-3.879
-2.937
-3.871
-3.174
-1.395
-4.428
-4.454
-4.935
-3.606
-0.313
-2.960
-2.259
-4.465
-4.721
-3.181
-0.210
-4.713
-1.533
-4.946
-0.441
-3.620
-3.513
-3.083
-4.151
-1.085
-2.029
-4.276
-4.040
-4.938
-3.054
-2.669
-3.437
-3.605
-3.682
-2.211
-2.810
-3.060
-2.747
-3.297
-2.986
-3.470
-3.174
-2.343
-5.335
-2.820
-3.723
-2.271
-6.149
-1.146
-2.074
-3.271
-1.624
-4.339
-1.743
-0.391
-3.101
-0.136
-4.001
-1.124
-2.194
-4.183
-4.622
-3.503
-2.051
-2.023
-2.316
-2.555
-4.094
-2.334
-2.702
-0.829
-2.284
-4.140
-0.969
-2.479
-2.867
-3.350
-2.677
-2.566
-3.079
-3.084
-1.855
-4.172
-2.382
-1.107
-3.785
-2.179
-2.968
-3.571
-1.517
-3.945
-2.487
-4.712
-3.253
-0.711
-1.604
-4.095
-5.240
-1.405
-3.961
0.303
-3.360
-2.849
-0.319
-3.334
-0.690
-1.969
-1.702
-0.242
-2.962
-0.608
-2.152
-3.995
-2.889
-2.479
-1.242
-2.278
0.198
-0.393
-4.159
-1.036
-2.742
-4.312
-1.465
-2.923
-1.189
0.214
-0.208
-3.509
-4.565
-1.969
-3.479
-4.861
0.120
-2.689
-2.566
-3.061
-4.890
-2.444
-4.072
-1.592
-3.700
-3.956
-1.544
-4.400
-0.247
3.269
-2.541
2.024
-1.394
-0.685
1.474
-2.713
-0.476
-2.412
-0.491
1.831
-2.599
0.348
-0.206
-0.581
1.049
-3.919
1.248
-1.806
-3.176
0.557
-3.414
0.109
-2.322
0.143
1.166
-1.814
-0.181
-1.518
0.137
0.754
-1.283
1.307
-2.853
-2.148
-0.626
-0.610
-1.095
-1.393
0.790
0.494
-2.098
-0.135
-1.988
-2.125
-0.806
-2.652
0.433
-2.334
-2.613
-4.434
-2.519
0.576
-2.063
-3.420
-3.849
-3.015
-0.075
-0.944
-1.946
-3.731
-2.185
-2.819
-3.482
-2.106
-3.988
-1.879
-1.101
-1.646
-3.639
-4.835
-2.880
-0.651
-2.328
-0.931
-5.583
-2.012
-1.575
-2.890
-2.447
-4.408
-3.359
-1.350
-1.648
-0.925
-3.797
-2.359
-0.717
-2.323
-0.730
-5.284
-2.285
-0.112
-1.213
-2.035
-4.967
-2.511
-0.868
-3.985
-2.204
-1.401
-1.986
-3.652
-4.463
-0.173
-1.303
-3.591
-3.142
-4.262
0.752
-1.250
-3.526
-2.352
-3.098
-0.775
-1.599
-3.963
-2.508
-3.492
-0.086
-0.872
-3.377
-1.904
-4.644
1.156
-2.182
-2.141
-1.345
-3.653
0.095
-1.770
-2.497
-1.909
-3.112
-1.474
-0.992
-3.058
-1.264
-4.152
0.371
-2.847
-2.768
-4.233
-3.187
0.447
-1.508
-2.476
-0.663
-4.050
-2.680
0.378
-0.957
-2.217
1.755
-3.216
-1.361
-2.054
-3.884
-1.354
-1.867
-0.353
-1.685
-3.788
-1.709
-1.739
-1.320
-2.979
-3.797
-2.486
-1.318
-0.238
-1.668
-1.144
-0.742
-0.035
0.682
-3.420
-1.180
-1.428
-0.733
-0.417
-1.482
-0.416
-0.642
-1.058
0.797
-4.116
-2.700
-1.405
-2.119
-1.169
-3.825
-2.994
-2.667
-1.880
-2.355
-2.643
-2.893
-1.298
-2.359
1.920
-1.349
-3.108
-2.993
-0.334
-1.136
-0.575
-2.036
-3.340
-0.179
0.670
1.003
-2.178
-0.626
0.212
0.426
0.155
-2.772
-2.536
-1.138
0.252
-0.703
-2.868
-3.850
-1.541
0.998
-0.373
-4.055
-2.384
-0.978
-0.996
-0.328
-2.018
-2.271
-0.595
2.210
-0.696
-1.532
-2.908
-1.199
2.552
-0.304
-1.198
-3.413
-2.526
-0.013
0.206
-2.891
-3.150
-4.393
-3.061
-2.614
-2.003
-4.970
-4.161
-1.915
-4.946
-2.312
-2.440
-5.182
-2.649
-5.758
-3.768
-2.458
-2.016
-3.969
-2.904
-5.909
-2.193
-2.992
-4.324
-2.580
-6.697
-5.295
-3.321
-4.384
-1.323
-3.990
-4.113
-4.040
-2.556
-3.295
-4.127
-3.238
-2.908
-4.541
-3.470
-1.717
-3.842
-0.850
-0.698
-4.526
-1.470
-0.447
-3.822
-1.910
-0.956
-4.695
-2.108
-2.366
-4.395
-3.735
-2.869
-4.574
-2.114
-2.985
-4.154
-2.312
-0.773
-1.220
-4.539
-2.590
-3.349
-4.542
-2.428
-2.192
-5.029
-1.846
-1.536
-3.840
-0.900
-3.814
-4.103
-3.478
-2.315
-5.415
-2.316
-2.940
-3.892
-1.664
-2.703
-3.609
-3.236
-3.156
-2.893
-3.266
-2.338
-4.075
-1.150
-1.738
0.598
-4.191
-2.479
-2.130
-6.180
-1.701
-0.274
-3.338
-0.611
-2.644
-4.231
-0.624
-0.715
-6.566
0.547
-1.521
-4.726
-0.848
0.226
-3.736
-1.712
-0.350
-4.152
-0.964
-0.930
-5.788
-0.488
-1.636
-2.795
-3.513
-3.323
-2.083
-2.270
-2.207
-2.333
-1.606
-3.072
-3.842
-1.862
-2.990
-3.195
-3.889
-2.142
-1.361
-0.983
-4.623
-2.800
-2.997
-2.634
-1.398
-1.600
-1.296
-1.104
-2.480
-3.522
-2.521
-3.737
-1.639
-1.049
-2.170
-0.851
-1.945
-1.534
-1.888
-3.058
-0.487
-0.353
-2.481
-0.277
-0.939
-0.423
-1.363
-0.670
-4.545
-2.063
-0.690
-3.964
-1.575
-0.388
-2.124
-0.811
-0.934
-1.948
-2.623
-1.293
-2.084
-0.556
0.237
-2.980
