-13.193
-14.770
-8.450
-13.918
-10.532
-12.297
-10.709
-14.201
-10.281
-15.658
-10.069
-12.126
-13.531
-13.673
-10.698
-16.956
-10.067
-10.699
-8.089
-12.297
-13.612
-10.543
-8.404
-8.760
-13.502
-11.309
-10.144
-11.091
-6.178
-10.563
-11.572
-11.656
-11.210
-9.099
-12.551
-11.033
-9.967
-10.837
-9.225
-13.422
-1.909
-2.128
2.182
-7.803
0.962
-4.626
2.167
-4.232
1.903
-7.217
-3.535
-3.793
-0.452
-6.012
-1.189
-8.446
0.902
-7.264
2.843
-6.103
2.596
-8.133
1.085
-6.967
1.987
-7.861
1.663
-8.487
3.898
-7.812
4.784
-5.060
4.631
-5.578
3.867
-6.447
2.570
-6.339
0.380
-4.550
-2.971
-12.700
-9.324
-8.934
-1.073
-13.344
-7.768
-6.067
-3.329
-13.491
-12.824
-7.564
-6.251
-10.771
-9.039
-10.488
-5.040
-13.153
-10.393
-6.226
-4.255
-11.216
-5.851
-5.565
-4.126
-7.553
-7.545
-8.647
-4.011
-11.087
-8.833
-3.445
-3.722
-12.667
-10.885
-5.973
-3.789
-12.858
-10.438
-6.112
-3.270
-11.178
-7.260
-10.050
-2.905
-10.464
-9.817
-11.054
-1.871
-11.744
-9.586
-11.477
-2.696
-7.659
-8.698
-11.527
-4.753
-9.551
-9.230
-13.159
-1.322
-10.184
-9.438
-10.987
-2.275
-8.718
-11.479
-11.994
-3.294
-11.214
-12.941
-11.354
-6.035
-8.847
-10.656
-8.786
-6.253
-6.868
-6.939
-8.721
-1.159
-7.903
-5.131
-8.030
3.230
-10.292
-6.381
-7.755
4.306
-10.474
-7.783
-8.329
4.379
-9.966
-8.487
-7.582
6.417
-12.398
-8.162
-7.923
2.655
-9.281
-8.292
-7.005
3.773
-7.972
-7.123
-6.854
1.722
-9.745
-5.730
-6.217
1.197
-7.650
-8.365
-8.164
2.054
-9.572
-6.037
-8.296
-7.282
-3.893
-3.789
-7.091
-7.291
-8.929
-5.347
-4.044
-8.413
-9.579
-6.008
-5.345
-8.582
-8.192
-7.837
-5.015
-7.727
-10.478
-6.210
-0.743
-7.134
-6.600
-7.654
-4.215
-8.593
-11.321
-6.584
-2.755
-5.890
-9.554
-6.832
-0.254
-6.914
-9.493
-9.185
-5.649
-9.298
-8.656
-6.964
-6.160
-7.181
-2.966
-4.758
-1.458
-7.071
-6.034
-5.613
2.122
-5.229
-1.014
-3.858
2.845
-7.140
-4.560
-3.438
0.450
-5.646
-6.340
-4.704
-0.270
-5.025
-2.049
-5.419
1.708
-5.655
-6.558
-6.129
1.671
-4.950
-4.658
-3.183
-4.844
-4.515
-2.586
-6.277
1.856
-8.312
-5.188
-5.834
-0.180
-9.648
-7.305
2.065
-3.593
-5.292
-5.328
0.848
-3.152
-8.124
-5.737
-0.628
-4.579
-7.895
-6.491
0.373
-3.033
-4.685
-7.624
2.359
-0.213
-8.472
-7.190
2.751
-3.336
-7.478
-6.298
-0.831
-3.199
-5.255
-5.823
1.871
-4.395
-3.869
-6.912
1.332
-2.113
-3.907
-4.538
-0.881
-0.939
-6.934
-7.235
-6.179
1.005
-7.485
-5.141
-2.078
0.539
-5.732
-6.484
-6.994
2.450
-6.385
-9.745
-4.269
2.114
-5.875
-9.695
-4.657
0.694
-7.213
-9.570
-5.252
0.560
-8.643
-10.498
-2.429
-1.042
-5.933
-7.658
-4.667
0.937
-6.111
-8.178
-5.471
0.550
-8.399
-8.214
-4.424
0.748
-1.404
0.882
-4.558
-4.684
-1.894
1.204
-4.169
-2.905
-1.655
1.903
-4.978
-4.666
0.449
-1.097
-4.205
-2.630
-1.665
1.227
-3.570
-2.626
-5.201
1.960
-4.380
-4.381
-5.092
-4.748
-4.397
-5.584
-1.935
-0.381
-4.773
-3.491
-0.406
-0.482
-3.796
-3.838
-3.389
-1.543
-5.544
-4.750
-9.411
-8.471
-11.014
-8.525
-9.985
-12.073
-7.785
-9.985
-9.273
-7.821
-9.897
-13.041
-9.741
-10.797
-12.811
-7.334
-10.734
-12.911
-9.384
-8.527
-10.552
-10.110
-9.838
-12.289
-7.764
-6.565
-13.009
-5.838
-8.107
-14.406
0.375
-6.875
-8.004
4.821
-8.985
-11.999
2.658
-6.811
-9.367
3.329
-6.219
-9.665
0.868
-13.298
-10.332
2.504
-9.586
-12.212
1.428
-7.348
-10.191
2.508
-10.910
-10.451
1.646
-8.365
-9.921
3.186
-6.482
-11.555
-0.412
-11.620
-15.169
-1.119
-6.566
-10.871
-2.391
-5.591
-7.811
-1.402
-2.924
-9.492
-2.980
-9.040
-9.345
-1.980
-4.900
-7.246
-5.245
-8.336
-7.398
-7.034
-8.628
-8.061
-1.186
-3.594
-10.002
-5.062
-8.106
-9.823
-2.453
1.976
-6.383
-2.517
0.194
-6.783
-2.566
0.891
-8.049
-0.141
3.026
-7.709
-0.982
-1.830
-3.041
-3.833
1.714
-8.546
-2.982
1.664
-6.844
0.069
1.336
-6.236
-0.250
1.410
-4.283
0.224
-0.010
-7.891
0.306
-5.076
-3.549
-1.275
-5.615
-6.574
-0.629
-6.214
-6.471
2.379
-5.079
-6.009
-1.060
-7.221
-6.661
2.287
-4.641
-7.463
1.567
-5.868
-5.215
-0.728
-6.543
-4.679
2.116
-5.482
-6.646
0.425
-6.884
-6.247
-1.678
-0.930
-7.325
-0.903
0.940
-6.430
-1.131
1.639
-4.808
-2.915
1.057
-6.944
-2.251
-0.449
-0.723
-0.785
0.838
-5.803
-2.277
0.400
-4.643
-3.761
1.192
-2.491
-0.935
-0.647
-5.348
-3.250
1.245
-4.971
-10.489
-10.847
-10.828
-11.099
-2.671
-7.093
-7.806
-6.548
-10.904
-8.966
-9.896
-11.442
-8.859
-8.718
-6.589
-8.953
-8.826
-8.426
-9.214
-6.231
-8.223
-14.272
-9.168
-13.717
-8.996
-10.708
-11.241
-10.737
-12.093
-5.625
-6.385
-12.515
-9.492
-13.133
-5.949
-9.124
-4.069
-6.719
-7.077
-9.733
-6.890
-7.581
-8.878
-12.713
-7.536
-8.475
-9.332
-10.192
-8.001
-8.283
-10.476
-10.631
-8.375
-6.753
-1.847
-10.482
-11.240
-8.811
-9.206
-4.656
-8.899
-9.545
-11.755
-6.704
0.228
-12.243
-11.819
-9.639
-9.808
-2.040
-11.179
-10.521
-10.931
-9.192
-2.345
-8.131
-7.572
-7.706
-8.231
-4.484
-10.240
-10.967
-9.725
-7.596
-0.940
-6.195
-8.006
-9.317
-4.205
-2.850
-8.390
-10.419
-7.572
-9.534
-4.079
-10.966
-10.397
-8.371
-8.521
-6.228
-9.601
-10.700
-11.211
-13.420
-10.388
-11.315
-10.606
-9.123
-11.834
-8.889
-11.568
-12.893
-10.485
-13.215
-6.253
-9.782
-9.932
-9.742
-15.014
-11.301
-4.854
-14.015
-5.673
-15.244
-7.996
-9.860
-11.047
-7.566
-13.372
-7.547
-7.754
-13.141
-9.220
-15.333
-11.324
-9.455
-11.068
-8.306
-12.764
-7.664
-9.216
-10.643
-7.057
-12.083
-10.808
-11.027
-10.427
-6.585
-16.958
-9.908
-11.486
-8.469
-13.692
-8.255
4.282
-10.106
-7.206
-9.716
-8.598
7.796
-9.440
-4.487
-8.907
-8.018
3.212
-11.738
-13.399
-8.209
-9.750
1.248
-7.872
-9.616
-8.960
-10.440
2.361
-5.751
-9.596
-9.583
-7.744
0.375
-9.250
-11.340
-7.305
-10.987
-0.112
-9.932
-8.280
-9.284
-10.396
7.736
-11.438
-8.500
-7.593
-12.932
3.958
-11.197
-8.619
-10.578
-12.249
6.772
-6.446
-12.380
-12.033
-9.013
-7.953
-2.868
-10.813
-8.534
-5.999
-8.839
-5.389
-8.502
-6.136
-6.522
-3.908
-5.499
-8.764
-9.933
-11.489
-5.191
-6.564
-8.978
-3.801
-6.807
-8.349
-6.052
-9.515
-9.761
-8.698
-5.473
-6.499
-3.670
-4.491
-12.754
-11.336
-7.760
-11.457
-11.532
-5.456
-4.473
-7.902
-10.056
-11.533
-10.656
-11.163
-6.917
-10.883
-10.494
-9.136
-10.074
-4.314
2.544
-6.186
0.231
-6.055
-4.708
-1.183
-4.489
-3.672
-8.114
-4.359
0.829
-5.138
-1.851
-4.371
-4.413
-1.092
-6.319
-0.138
-7.258
-8.276
-1.052
-8.129
-3.076
-7.671
-3.086
0.754
-4.466
-3.512
-6.246
-3.344
0.261
-4.178
-0.598
-9.017
-6.785
-2.694
-2.475
-4.638
-6.064
-1.849
-0.646
-4.834
-1.984
-7.584
-7.026
-2.374
-6.008
-2.258
-7.143
-7.514
-7.061
-4.935
0.877
-8.097
-8.823
-8.375
-5.975
1.266
-6.045
-6.864
-8.167
-4.143
-4.569
-10.150
-7.167
-6.865
-2.994
-0.306
-7.565
-9.829
-7.937
-3.610
-0.286
-8.491
-4.684
-8.948
-5.401
-1.032
-9.477
-7.126
-7.340
-4.111
-1.290
-7.219
-4.960
-5.945
-4.050
0.307
-8.819
-4.682
-9.186
-3.687
1.690
-6.706
-7.173
-8.302
-2.812
-0.414
-11.122
-5.373
3.820
-5.462
-8.310
-12.182
-3.082
3.202
-7.548
-7.455
-11.749
-1.787
2.700
-7.087
-7.091
-10.089
-4.733
2.157
-7.871
-6.737
-10.360
-2.725
3.612
-7.176
-5.386
-12.096
-0.194
3.600
-4.980
-5.232
-10.494
-2.873
4.489
-6.605
-5.836
-9.528
-4.598
4.151
-7.013
-4.683
-11.707
-2.485
-0.025
-6.380
-9.131
-9.550
-2.072
2.675
-5.979
-4.358
-11.090
-8.283
-2.919
-2.296
-6.459
0.026
-8.688
-1.448
-4.114
-8.649
-5.800
-6.190
0.660
-3.931
-8.981
-6.641
-5.881
0.585
-6.032
-8.405
-7.536
-5.110
-0.807
-3.496
-4.116
-5.169
-3.581
0.110
-4.608
-4.996
-7.071
-3.980
0.074
-3.500
-3.998
-4.565
-5.688
0.246
-6.859
-6.542
-5.705
-6.101
-2.470
-6.439
-7.245
-8.807
-6.751
-1.811
-5.411
-6.889
-5.338
-6.645
2.569
-4.322
-7.004
-9.168
-3.861
-1.364
-3.587
-6.778
-9.791
-3.910
1.769
-2.611
-5.984
-5.454
-2.796
1.339
-3.045
-6.666
-8.829
-4.350
1.247
-3.367
-7.281
-10.925
-5.887
0.310
-2.783
-8.589
-8.305
-4.336
1.961
-3.775
-6.212
-7.650
-4.343
2.252
-3.134
-5.630
-9.293
-5.053
0.790
-2.162
-4.495
-9.805
-6.997
-0.351
-2.067
-7.514
-9.474
-13.705
-10.484
-9.146
-8.085
-13.358
-11.469
-8.239
-13.638
-8.513
-9.544
-13.297
-8.953
-16.255
-10.962
-8.862
-8.559
-11.711
-9.497
-16.207
-7.952
-10.264
-13.629
-8.777
-16.702
-15.035
-10.533
-12.779
-7.199
-11.609
-12.107
-13.496
-8.590
-10.378
-13.259
-9.454
-9.993
-14.142
-10.350
-7.486
-13.016
-5.416
-5.734
-13.799
-6.285
-5.282
-12.900
-7.395
-6.152
-14.543
-7.549
-8.431
-14.257
-10.395
-10.106
-14.504
-8.100
-9.861
-13.282
-7.972
-5.807
-7.528
-12.705
-8.563
-11.463
-13.058
-8.853
-9.524
-14.096
-7.378
-8.451
-11.498
-5.482
-12.643
-11.851
-10.464
-9.347
-14.882
-8.755
-10.928
-11.461
-7.265
-10.365
-11.174
-10.425
-11.508
-9.531
-10.307
-9.978
-11.932
-6.205
-0.314
-2.371
-9.769
-0.608
-3.904
-13.971
-3.339
-4.482
-8.711
-0.967
-5.016
-10.176
-0.159
-4.557
-13.626
-0.488
-5.054
-11.093
-1.630
-2.372
-9.891
-1.597
-2.596
-9.791
-0.382
-3.156
-12.840
0.338
-3.361
-7.651
-0.348
-6.831
-6.566
2.606
-4.791
-6.608
0.182
-5.765
-10.083
2.526
-4.251
-8.022
0.745
-3.126
-5.277
1.581
-7.391
-7.542
1.503
-4.172
-5.099
2.888
-2.721
-4.516
0.593
-5.670
-7.008
1.345
-2.789
-5.516
1.778
-3.875
-6.357
1.580
-5.066
-7.771
1.383
-2.746
-7.189
2.119
-3.714
-4.125
3.035
-3.117
-10.406
1.153
-3.600
-9.298
0.039
-3.324
-6.786
0.555
-3.898
-6.207
1.076
-4.280
-6.683
2.430
-2.047
-7.665
