4.597
6.806
4.345
6.934
3.113
4.508
-0.191
8.353
5.335
5.288
7.593
7.190
9.294
-2.098
7.220
6.193
8.503
3.639
6.509
3.491
7.542
5.791
7.351
6.028
8.483
4.820
6.259
7.956
8.105
4.413
4.226
2.829
1.789
1.860
3.116
0.693
1.013
3.055
4.760
3.231
6.209
7.959
6.839
8.542
8.415
9.058
7.053
9.435
8.747
5.077
7.422
8.511
1.983
0.490
0.371
4.138
-4.899
4.071
6.669
2.635
-0.600
2.454
-0.311
0.876
0.853
1.977
0.242
0.400
-0.589
2.195
5.440
4.222
5.205
-1.807
3.996
5.791
2.371
1.844
5.718
2.772
-3.291
-0.788
-0.898
-1.707
-1.958
-1.005
-1.305
-1.548
0.085
-2.541
1.823
1.813
3.204
0.305
1.081
1.036
3.442
2.095
1.992
0.480
3.506
3.086
6.185
4.556
2.901
3.756
4.195
3.029
5.624
3.219
4.904
2.970
2.133
2.193
2.768
2.066
3.242
4.280
1.390
2.855
3.486
2.035
1.301
3.986
3.150
0.004
2.783
0.572
2.271
1.733
1.985
1.119
5.211
2.195
1.867
2.151
0.762
3.542
-0.104
1.884
2.939
4.370
6.717
-3.078
3.544
2.133
1.805
5.595
4.239
3.473
3.369
4.106
1.615
2.632
2.938
1.898
3.843
2.806
1.432
4.184
4.015
3.209
3.019
0.295
2.789
6.245
3.380
2.677
2.745
2.551
3.401
1.673
-0.473
2.371
2.108
1.669
1.933
3.123
-2.370
-0.097
1.576
7.771
7.746
6.494
8.130
8.312
6.836
7.794
4.545
-3.678
-3.985
5.272
8.577
7.860
5.556
6.934
5.626
7.438
3.999
3.343
2.102
3.910
1.223
-2.551
0.539
1.992
3.762
2.282
2.938
2.515
4.666
7.230
3.896
7.997
7.642
7.648
4.776
6.976
6.756
6.171
7.094
9.830
9.621
6.216
10.666
7.555
10.731
5.215
7.257
8.990
4.926
6.091
5.589
3.157
6.314
5.014
3.571
5.231
6.070
7.833
2.547
2.302
1.381
-0.368
1.040
0.951
1.378
2.444
1.200
1.424
10.931
9.101
9.147
9.819
8.807
10.969
7.099
8.249
7.972
2.716
6.030
4.303
8.616
6.904
10.163
6.481
8.062
8.827
5.296
5.313
6.658
7.257
8.016
5.903
5.828
6.986
5.729
2.306
4.480
6.169
4.748
3.876
8.777
8.072
8.773
8.744
8.509
5.488
4.051
6.321
4.591
3.853
6.399
3.365
3.586
7.272
5.726
-0.855
5.881
6.853
6.694
7.502
10.126
-0.623
8.487
8.531
10.353
5.979
6.686
-0.157
0.970
-1.846
-1.699
0.400
-0.971
-0.695
-0.825
-0.646
-2.376
1.085
2.626
2.272
3.021
4.861
3.746
1.810
3.689
1.286
2.908
2.539
2.687
7.591
3.767
0.365
3.933
7.194
5.607
6.397
2.911
8.541
