-10.634
-7.420
-8.497
-9.618
-8.190
-7.480
-12.633
-6.555
-6.441
-6.064
-5.298
-9.415
-8.821
-11.472
-4.705
-7.373
-9.829
-12.404
-6.722
-5.856
0.186
-2.310
-2.524
-3.998
-2.084
-3.027
-2.586
-0.859
-2.922
-4.031
-0.089
-4.445
-4.192
-3.440
0.511
-4.040
-3.335
0.432
-1.365
-1.137
-6.982
-1.770
-9.977
-7.912
-2.310
-8.478
-7.029
-1.053
-7.355
-7.771
-0.130
-11.223
-8.127
-1.232
-8.944
-7.142
-0.032
-10.961
-7.765
-1.384
-6.987
-6.808
-1.064
-9.295
-5.901
-5.065
-10.744
-6.513
-4.406
-11.495
-4.351
-6.888
-13.175
-2.691
-6.321
-11.005
-7.276
-8.125
-10.095
-0.897
-9.507
-6.686
-7.449
-7.736
-5.593
-8.934
-3.933
-8.192
-6.810
-11.923
-6.643
-3.632
-6.085
-8.914
-3.775
-4.633
-8.343
-7.873
-4.507
-7.348
-10.459
-8.972
-8.097
-10.440
-8.481
-9.215
-11.110
-8.294
-8.734
-12.742
-8.606
-9.755
-9.677
-7.169
-11.083
-11.213
-9.921
-11.171
-10.716
-6.468
-8.398
-10.417
-5.377
-8.311
-12.700
-6.275
-9.080
-11.976
-6.497
-11.753
-9.043
-14.547
-10.006
-6.006
-8.918
-4.769
-9.637
-13.034
-9.674
-8.015
-10.387
-5.387
-8.393
-10.430
-7.807
-9.560
-14.308
-11.215
-8.553
-12.728
-7.139
-7.234
-10.665
-9.718
-8.628
-12.439
-8.560
-9.433
-12.052
-10.500
-3.810
-8.062
0.628
-4.311
-8.486
2.791
-1.783
-4.237
-0.199
-2.456
-8.620
0.090
-5.129
-5.555
-0.360
-5.471
-5.269
-0.225
-4.344
-6.145
0.737
-7.417
-7.816
1.738
-7.598
-8.498
-0.990
-5.998
-7.608
-0.909
-8.115
-8.732
-1.974
-7.970
-8.791
-2.735
-8.415
-9.109
-3.264
-5.379
-5.759
-2.623
-10.837
-8.457
-3.149
-9.135
-9.144
-3.586
-10.177
-8.869
-2.202
-9.013
-9.658
-3.181
-10.132
-8.979
-3.279
-9.017
-6.985
-2.688
-5.508
-5.947
-1.855
-2.422
-3.339
-1.917
-3.801
-5.996
-1.693
-3.158
-5.639
-1.363
-2.739
-4.195
-1.803
-2.562
-3.145
-2.465
-3.974
-4.259
-2.704
-3.945
-4.985
-1.652
-3.332
-3.225
-3.396
-7.391
-3.440
-1.599
-2.785
-7.112
-5.319
-1.500
-5.012
-3.326
-3.765
-5.156
-3.548
-3.032
-5.205
-4.286
-3.279
-5.571
-4.034
-1.869
-5.379
-4.536
-2.955
-3.869
-3.799
-1.098
-5.065
-3.968
-2.886
-6.765
-4.256
-4.030
-4.624
-2.706
-5.210
-9.065
-2.721
-8.307
-5.861
-9.550
-8.007
-8.344
-7.936
-5.002
-4.269
-9.632
-5.699
-6.954
-4.853
-8.622
-3.672
-10.742
-3.660
-8.461
-4.889
-8.613
-3.437
-7.842
-3.917
-10.931
-2.927
-7.735
-1.770
-9.251
-3.215
-7.963
-5.670
-9.780
-4.479
-9.202
-9.875
-9.345
-8.987
-10.817
-9.315
-8.426
-7.156
-11.807
-8.492
-6.710
-7.873
-7.317
-8.762
-9.704
-9.932
-7.062
-9.515
-12.541
-8.128
-7.839
-8.922
-11.228
-9.966
-9.329
-2.263
-5.532
-1.833
-2.063
-2.275
-3.689
-1.615
-4.289
-1.316
-4.890
-0.751
-4.405
-4.224
-5.053
-1.769
-4.814
-2.336
-5.815
-4.421
-6.712
-3.226
-5.348
-3.447
-1.481
-4.111
-3.671
-4.445
-0.929
-0.767
-1.715
-4.862
-5.398
-5.347
-3.109
-4.295
-3.455
-3.734
-4.579
-2.785
-2.188
-4.630
-8.103
-5.392
-4.341
-7.008
-3.744
-5.040
-5.651
-3.349
-6.310
-6.277
-7.347
-6.149
-7.605
-4.693
-4.807
-5.998
-6.704
-4.638
-7.894
-6.922
-6.592
-10.200
-6.514
-6.274
-8.891
-10.598
-6.799
-9.311
-5.949
-10.412
-6.343
-6.957
-8.149
-8.360
-9.566
-8.900
-6.725
-11.635
-8.538
-6.413
-7.260
-10.962
-9.333
-8.986
-10.275
-14.573
-8.287
-7.339
-6.843
-9.203
-9.606
-10.440
-8.794
-11.154
-11.180
-8.761
-8.274
-11.556
-8.200
-11.716
-14.064
-11.987
-7.763
-3.832
-8.723
-9.213
-8.559
-7.902
-9.167
-8.897
-13.863
-3.695
-10.452
-10.525
-12.392
-4.561
-10.632
-10.022
-10.018
-4.918
-9.187
-6.615
-11.856
-7.081
-9.235
-11.347
-11.704
-7.809
-10.354
-4.233
-12.330
-3.587
-11.487
-10.233
-12.116
-8.062
-6.983
-11.058
-10.756
-7.644
-6.625
-8.433
-8.229
-5.487
-13.412
-7.317
-1.290
-8.031
-14.390
-7.746
-8.615
-8.566
-10.049
-6.909
-6.721
-8.823
-11.314
-8.787
-7.328
-5.155
-12.383
-10.688
-8.936
-8.220
-11.010
-10.128
-4.586
-5.133
-9.855
-10.216
-5.875
-8.644
-14.419
-9.787
-5.058
-11.145
-10.301
-9.352
-9.006
-9.408
-1.199
-9.457
-10.924
-10.938
-3.852
-3.925
-6.719
-12.300
-5.647
-4.822
-7.982
-9.640
-4.244
-5.603
-9.348
-10.214
-3.652
-3.764
-6.996
-11.074
-3.678
-7.037
-7.698
-12.996
-3.653
-5.843
-7.855
-10.781
-4.166
-7.557
-9.843
-9.794
-2.830
-4.983
-6.473
-8.971
-5.429
-7.639
-9.369
-5.108
-7.432
-8.649
-1.985
-6.993
-7.141
-6.268
-1.983
-4.055
-8.550
-8.195
-1.632
-3.222
-8.722
-4.279
-3.284
-2.600
-8.956
-5.235
-2.538
-4.172
-7.816
-5.559
-1.982
-4.342
-7.669
-5.217
-2.698
-5.244
-15.908
-5.255
-2.105
-3.165
-9.517
-6.797
-6.503
-4.404
-9.862
-6.546
-3.571
-4.999
-5.608
-6.851
-7.869
-6.289
-6.376
-8.196
-11.506
-7.605
-5.019
-7.446
-8.467
-1.154
-6.667
-6.852
-8.439
-4.792
-4.091
-6.641
-9.059
-6.789
-2.934
-7.545
-8.733
-8.267
-3.897
-9.260
-7.524
-5.731
-5.036
-6.901
-10.690
-4.929
-5.627
-7.329
-10.033
-7.290
-5.479
-5.623
-11.476
-6.179
-7.035
-3.593
-10.217
-5.449
-5.377
-3.504
-7.143
-7.325
-8.010
-4.618
-8.976
-5.286
-7.980
-3.938
-11.090
-8.261
-9.007
-5.378
-7.164
-5.687
-7.269
-2.065
-6.970
-6.683
-5.009
-4.684
-7.046
-6.374
-5.981
-5.631
-10.425
-10.655
-5.747
-7.312
-7.359
-7.850
-7.573
-1.463
-6.632
-9.177
-5.555
-6.254
-4.831
-9.363
-5.135
-5.355
-6.785
-8.529
-5.248
-5.732
-4.625
-9.099
-4.912
-8.723
-4.735
-7.937
-4.078
-5.851
-3.803
-8.480
-5.267
-5.171
-5.598
-8.022
-2.337
-6.077
-4.158
-10.066
-3.717
-7.159
-6.381
-9.087
-4.654
-5.662
-5.156
-7.656
-6.554
-5.670
-4.852
-1.097
-5.645
-3.403
-12.632
-2.044
-3.332
-6.311
-12.098
-0.380
-4.679
-2.682
-11.826
-2.496
-5.221
-4.878
-11.599
-2.631
-4.293
-5.192
-11.993
-2.233
-2.583
-2.696
-9.189
-1.886
-6.096
-4.450
-13.655
-2.717
-5.122
-2.476
-11.461
-1.544
-4.563
-2.984
-12.325
-2.222
-3.814
-4.481
-7.454
-2.783
-3.356
-5.521
-8.964
-3.070
-2.480
-7.075
-10.440
-4.415
-3.608
-5.987
-7.862
-5.907
-4.730
-8.171
-10.821
-3.775
-1.490
-6.218
-8.129
-4.736
-3.799
-7.177
-5.571
-3.121
-1.034
-7.377
-6.267
-6.873
-4.442
-7.738
-8.801
-3.243
-5.347
-6.524
-10.047
-3.551
-3.704
-6.182
-9.988
-10.033
-8.619
-10.686
-9.792
-8.689
-6.805
-11.420
-8.633
-9.853
-8.894
-10.900
-9.643
-9.588
-8.531
-11.598
-8.214
-12.079
-8.519
-13.980
-8.716
-10.477
-6.198
-8.660
-6.799
-9.863
-4.608
-12.853
-2.414
-7.253
-7.311
-11.568
-5.043
-12.457
-4.836
-8.708
-4.052
-12.155
-4.873
-10.703
-4.079
-7.507
-3.727
-6.707
-3.410
-7.531
-8.465
-7.615
-6.611
-4.991
-4.851
-5.215
-4.098
-8.148
-5.971
-10.714
-4.557
-7.725
-6.583
-8.225
-8.824
-5.470
-7.975
-8.008
-7.461
-7.386
-5.660
-5.740
-7.195
-6.531
-5.643
-7.415
-5.551
-4.925
-6.966
-5.501
-6.637
-5.748
-8.518
-5.292
-5.081
-5.325
-7.634
-7.299
-7.258
-3.311
-4.957
-2.485
-5.548
-3.427
-5.983
-4.477
-7.608
-3.677
-3.535
-5.906
-3.503
-5.116
-4.705
-4.835
-7.128
-8.059
-4.369
-5.795
-3.862
-4.480
-5.079
-4.071
-6.218
-6.046
-5.564
-5.185
-4.972
-4.374
-6.707
-6.497
-4.603
-4.899
-7.116
-6.623
-4.744
