-8.270
-6.525
-1.309
-8.602
-2.530
-6.325
-6.569
-5.248
-4.524
-1.751
-4.261
-5.337
-4.147
-2.078
-1.988
-4.330
-4.955
-4.151
-5.128
-3.298
-1.058
-2.354
-3.052
-1.135
-2.579
-0.327
0.054
-0.995
-1.249
-1.548
0.998
2.820
1.376
3.979
2.164
-0.381
-2.338
3.054
1.565
0.954
-5.973
0.220
-8.872
-4.026
1.731
-6.582
-5.026
0.996
-7.717
-5.096
1.502
-8.538
-5.509
0.880
-7.529
-5.369
1.109
-7.395
-5.535
-0.413
-6.595
-3.198
0.130
-6.550
-2.392
-2.151
-6.427
-2.892
-2.504
-9.393
-0.040
-2.466
-7.371
1.010
-0.654
-6.645
-1.961
-3.775
-5.930
2.036
-4.389
-3.416
-2.525
-3.867
-1.741
-3.529
-0.366
-3.451
-5.273
-4.334
-3.347
3.344
-1.699
-5.548
-0.388
-0.393
-5.378
-0.533
-1.820
-6.272
-6.393
-5.062
-5.098
-9.003
-4.404
-9.816
-8.026
-7.762
-7.513
-7.775
-3.233
-10.528
-6.807
-3.833
-8.619
-6.162
-4.297
-7.744
-9.921
-7.098
-7.016
-7.084
-5.135
-9.773
-9.523
-4.311
-11.459
-5.444
-3.628
-8.889
-10.299
-12.075
-8.074
-6.353
-5.864
-4.502
-9.586
-9.545
-6.862
-6.349
-9.489
-6.182
-4.461
-8.151
-5.443
-7.388
-11.038
-6.360
-4.558
-7.548
-3.574
-7.148
-8.420
-6.664
-6.947
-8.887
-6.207
-5.409
-10.174
-7.359
0.197
-3.199
2.193
1.742
-4.339
3.446
2.513
-3.335
-1.801
-0.331
-5.666
-1.112
2.645
-1.186
2.921
0.460
-3.594
1.078
3.378
-1.712
4.178
-1.959
-5.827
1.846
0.038
-6.840
2.018
0.810
-5.828
0.280
-1.965
-2.899
2.268
-3.109
-4.453
1.740
-3.996
-6.293
3.382
-2.294
-3.700
2.686
-3.089
-5.255
4.824
-1.699
-1.955
2.770
-1.656
-3.681
5.183
-0.806
-2.863
2.422
-1.950
-0.551
1.564
-4.316
-4.091
3.830
-1.339
-6.164
-3.143
0.836
-3.390
-3.425
0.726
-3.941
-1.023
-0.955
-1.580
-1.122
-0.465
-4.225
-2.930
0.180
-6.021
-5.081
0.311
-6.783
-5.839
0.563
-1.926
0.947
-1.445
-6.880
-4.408
-0.866
-8.060
-4.722
4.715
-3.388
-0.998
4.405
-1.118
0.136
2.684
-2.948
-2.722
-0.647
-3.170
-3.520
2.561
-1.197
-2.177
2.419
-1.411
-3.403
4.948
-0.101
-1.925
1.730
-0.292
-1.245
1.341
-4.908
-2.515
2.685
1.433
2.204
1.728
-9.170
0.052
-10.741
-1.241
-6.236
1.649
-6.104
-0.841
-3.471
0.444
-6.785
1.544
-6.844
1.576
-7.364
0.688
-8.856
0.220
-9.319
-1.496
-6.508
3.251
-9.528
-0.276
-11.828
0.758
-8.898
-1.424
-8.592
-1.239
-9.517
0.438
-9.148
-0.346
-8.092
-3.650
-9.654
-3.767
-10.541
-8.640
-7.663
-6.741
-7.992
-7.885
-6.543
-5.567
-6.228
-5.928
-7.702
-6.101
-4.587
-5.812
-9.203
-7.342
-5.630
-7.796
-8.434
-6.265
-9.776
-2.533
-1.761
-6.777
-2.730
-6.113
-4.201
-4.480
-6.035
-5.768
-5.795
-2.829
-2.659
-7.087
-4.541
-4.965
-1.167
-3.776
-3.630
-8.469
-5.987
-2.276
-4.496
-1.431
-1.031
-3.477
-2.227
0.101
-0.203
1.271
-5.362
0.067
-0.436
-1.676
-0.330
-2.948
-4.050
-3.899
-4.415
-3.158
-2.548
-2.051
-5.038
-0.768
-1.266
-3.884
0.773
-1.343
-5.148
-0.650
-3.141
-4.922
-4.612
0.149
-1.167
-2.568
-2.878
-4.216
0.069
-0.017
-3.252
-7.027
-2.228
-5.886
-5.661
-6.436
-8.137
-9.233
-7.486
-6.316
-4.966
-6.507
-3.583
-7.695
-6.916
-8.489
-6.648
-6.145
-6.579
-9.658
-5.051
-7.308
-5.654
-6.793
-5.725
-6.880
-9.073
-10.549
-5.576
-4.487
-3.521
-5.800
-4.366
-4.883
-5.491
-6.390
-4.131
-4.494
-3.841
-7.218
-2.660
-8.718
-8.746
-8.318
-8.042
-6.887
-6.733
-7.320
-9.550
-7.318
-4.656
-2.471
-8.109
-7.201
-3.682
-5.409
-8.420
-4.133
-3.825
-1.018
-5.279
-5.296
-7.340
-5.937
-6.384
-4.593
-2.374
-5.150
-6.586
-5.338
-6.476
-0.701
-8.123
-5.681
-8.272
-7.124
-10.749
-6.211
-2.935
-6.325
-6.362
-1.634
-0.368
-3.025
-4.846
-2.863
-4.713
-5.345
-1.665
-4.700
-6.951
-6.131
-7.040
-3.615
-4.223
-4.038
-5.148
-4.892
-3.615
-6.859
-4.864
-0.826
-2.027
-5.577
-6.511
-3.917
-2.448
-5.303
-3.642
-3.317
-4.852
-7.954
-5.086
-1.359
-2.795
-6.228
-1.860
-5.238
-2.980
-5.696
-5.720
-4.445
-1.274
-2.041
-4.588
-4.451
-0.825
-0.565
-0.152
-9.112
-3.609
-1.572
-4.367
-7.719
-4.218
-0.783
-5.280
-4.917
-1.608
2.160
-2.963
-7.691
-4.637
-2.638
-4.747
-9.644
-2.464
-1.463
-4.887
-6.346
-2.700
0.761
-4.111
-4.402
-1.769
-0.561
-3.717
-7.108
-4.502
-3.472
-4.010
-2.615
-1.188
-4.181
-2.325
-2.569
0.874
-1.161
-2.726
-2.105
-4.017
-5.037
-3.969
-1.836
-2.521
-3.839
-5.146
-0.817
-2.218
-1.048
-3.325
-4.087
-1.913
-3.861
-4.378
-1.773
-1.735
-1.725
-5.639
-5.240
-5.560
-3.786
-5.456
-5.397
-5.018
-1.174
-7.693
-0.680
-3.016
-2.502
-3.871
-5.037
-1.915
-8.361
-6.325
-7.751
-7.276
-8.592
-9.434
-9.489
-4.358
-8.723
-7.410
-2.626
-2.383
-7.077
-9.051
-8.330
-0.874
-7.433
-4.950
-7.519
-0.219
-6.336
-4.927
-8.415
-4.571
-8.982
-9.298
-5.837
-4.794
-7.660
-7.448
-8.756
-1.619
-8.285
-6.605
-8.891
-3.326
-6.637
-3.542
-5.666
-7.559
-3.117
-5.022
-6.307
-6.663
-1.187
-1.418
-8.377
-10.107
-1.773
-6.683
-4.221
-7.715
-3.347
-4.300
-8.010
-5.833
-1.043
-3.563
-3.538
-7.445
-2.777
-6.424
-4.219
-5.104
-3.216
-5.785
-7.237
-6.552
-3.088
-5.923
-3.870
-7.518
-3.258
-6.930
-7.010
-7.831
-3.689
-4.305
-6.250
-3.378
-5.098
-3.664
-6.340
-4.021
-6.087
-4.244
-9.352
-1.731
-4.242
-1.539
-6.179
-1.660
-6.628
-1.923
-7.748
-4.127
-6.374
-1.537
-6.928
-3.368
-5.422
-2.009
-3.744
-0.385
-6.256
-2.120
-7.422
-1.937
-5.038
-4.230
-8.672
-1.706
-3.825
-3.105
-9.117
-5.631
-6.039
-4.889
-0.009
-9.125
-1.462
-10.535
0.475
-3.801
-4.512
-8.427
2.496
-9.357
-3.602
-11.091
-0.383
-6.704
-2.064
-10.522
1.042
-6.297
-4.346
-7.932
0.433
-5.248
-1.623
-9.773
0.920
-6.876
-3.330
-9.517
3.511
-4.973
-1.461
-11.501
-1.374
-7.780
-2.520
-10.202
-0.896
-5.698
-3.808
-6.491
-2.062
-2.022
-8.240
-7.568
-1.466
-0.216
-8.283
-6.940
-2.778
-2.122
-6.607
-7.373
-7.717
-5.371
-8.154
-7.860
-2.501
-0.770
-9.583
-6.960
-2.068
-1.654
-9.999
-2.804
-2.959
1.679
-6.555
-3.990
-5.033
-1.479
-7.790
-7.459
-1.372
-2.647
-8.179
-6.756
-4.603
-2.717
-8.545
-8.245
-8.157
-3.508
-5.077
-1.857
-3.839
1.059
-6.762
-2.653
-6.887
-1.993
-7.458
-3.677
-9.548
-1.941
-9.282
-2.341
-9.156
-4.568
-9.747
-2.655
-3.607
0.171
-5.280
-2.599
-3.869
-4.354
-5.385
0.778
-1.122
-2.308
-5.651
-3.140
-3.442
-4.713
-8.147
-4.046
-7.079
-1.139
-4.828
-3.467
-8.540
-3.437
-7.524
-2.343
-8.354
-4.130
-9.192
-5.532
-4.593
-2.626
-7.870
-3.599
-7.802
-4.348
-9.491
-2.463
-9.957
-3.826
-6.400
-5.108
-3.831
-4.867
-3.758
-5.880
-2.084
-1.131
-2.643
-4.572
-4.919
-3.180
-2.755
-4.204
-1.326
-2.795
-3.753
-1.957
-2.389
-2.956
-4.889
-2.793
-1.840
-3.774
-5.183
-3.972
-6.252
-2.762
-6.841
-5.725
-4.708
-3.924
-3.945
-4.433
-4.807
-1.668
-5.045
-4.806
-4.062
-2.148
-7.452
-7.150
-4.465
-4.474
-6.640
-5.482
-6.085
-1.778
-1.335
-4.493
-3.931
-5.263
-5.992
-5.000
-3.671
-5.612
-5.285
-3.057
-3.928
-5.373
-1.138
-0.966
