0.547
8.534
2.341
5.800
5.699
6.798
2.314
8.583
4.533
6.383
12.900
9.764
11.216
2.918
10.727
13.141
5.736
8.854
9.243
10.600
8.524
7.288
3.254
6.030
11.128
11.365
8.085
8.536
9.131
8.008
7.236
10.149
6.339
5.996
9.440
2.626
2.650
13.857
10.165
7.263
10.890
9.380
5.771
8.354
9.741
7.264
8.307
8.323
7.494
2.550
9.627
8.681
5.473
7.063
2.051
3.955
-5.092
9.883
8.611
6.225
-0.542
-2.796
-5.609
1.231
3.511
3.866
1.489
-1.906
2.305
-0.871
6.735
0.283
7.052
4.326
-5.300
6.198
-4.683
2.657
-10.501
5.799
8.112
8.161
0.046
-2.192
6.533
3.527
4.907
1.623
7.026
6.263
5.025
10.538
7.279
3.790
12.148
9.519
4.389
3.076
8.404
8.974
4.979
3.515
5.069
6.188
3.038
1.860
0.672
5.174
1.798
0.713
7.323
9.135
6.804
6.388
7.440
5.242
9.178
4.293
8.753
8.612
4.341
-0.799
1.434
5.689
3.941
0.654
4.596
0.624
6.060
5.042
1.136
6.071
7.564
4.615
8.499
1.148
7.181
10.322
5.290
2.599
6.714
1.022
7.357
1.695
-7.229
5.648
-13.671
4.981
-16.796
5.320
10.146
7.372
3.366
1.285
9.598
7.956
6.498
5.287
5.271
7.759
6.699
6.362
6.123
0.971
5.095
10.487
2.698
7.859
7.102
4.978
8.156
4.301
1.533
0.577
1.705
5.521
4.243
5.209
-0.059
8.477
2.025
8.529
8.911
6.416
9.020
7.338
3.776
6.702
5.419
1.820
-9.034
1.485
5.734
5.663
7.260
5.398
6.418
6.171
-0.437
0.619
6.422
12.188
10.393
7.063
8.814
8.838
11.083
9.513
11.828
10.657
6.974
9.679
7.006
10.126
7.050
8.417
5.830
8.012
10.307
9.395
10.468
14.706
10.006
8.811
9.554
6.878
13.184
6.098
4.779
12.791
9.812
12.139
11.625
8.391
12.164
11.351
8.627
8.726
13.717
15.713
6.251
6.518
2.561
5.150
7.498
9.158
8.730
9.254
6.636
10.292
13.355
13.580
14.389
6.324
13.558
14.818
10.388
10.993
8.634
3.450
9.666
4.663
10.033
5.432
11.579
10.502
11.737
8.706
5.209
3.687
11.111
12.692
12.476
8.657
11.489
11.054
10.628
9.220
9.787
9.717
7.121
4.927
10.245
6.497
13.263
10.596
9.135
11.991
8.852
7.955
10.404
8.819
8.338
7.271
10.690
10.719
10.507
3.949
10.944
10.212
12.703
11.419
14.292
5.675
9.458
12.728
6.135
9.519
11.105
7.249
6.444
6.853
10.151
10.251
7.874
9.054
10.215
12.709
8.373
11.813
10.113
8.904
7.757
7.250
9.040
7.948
5.614
5.921
8.879
8.779
6.618
12.468
5.405
7.249
7.440
8.853
10.614
8.329
6.937
11.514
