4.335
5.443
3.944
5.408
3.473
4.027
1.852
6.125
4.754
4.519
5.574
5.712
6.256
0.505
4.890
4.712
5.843
3.163
4.722
3.237
5.598
5.183
6.023
5.455
6.179
3.965
5.469
6.416
6.075
4.552
4.709
3.357
2.931
3.793
4.094
2.999
1.627
5.684
5.608
4.210
4.108
5.392
5.535
5.802
5.588
6.273
5.207
6.510
6.088
4.232
3.887
4.623
1.180
0.790
0.654
2.763
-1.760
2.313
4.047
2.177
1.530
1.914
1.072
2.385
1.816
1.854
1.354
1.458
1.725
1.058
3.848
3.453
4.179
0.267
3.839
4.273
2.719
2.183
4.213
2.638
0.346
2.114
1.490
-0.422
1.271
2.874
1.009
1.760
2.685
2.463
-0.090
2.402
2.597
0.950
2.259
1.941
0.694
0.666
2.180
2.038
2.299
2.241
3.995
3.002
2.666
2.760
2.995
3.287
4.220
2.535
3.069
3.112
2.044
2.109
3.292
2.544
2.346
3.159
2.011
2.803
2.708
1.767
1.944
2.778
2.858
0.740
2.836
0.863
2.261
1.843
3.482
2.547
6.349
3.484
4.985
3.330
3.505
5.710
2.904
3.386
2.777
3.595
4.738
-0.420
3.197
2.346
2.496
4.568
3.193
3.361
4.438
3.407
2.547
2.241
3.405
2.857
2.889
3.018
2.502
3.337
4.467
3.545
3.759
1.917
4.305
6.112
3.757
2.729
3.759
4.166
4.865
2.770
1.196
1.843
2.570
2.781
2.461
4.197
-0.319
2.243
2.690
5.405
5.692
5.037
5.816
6.080
5.458
5.702
4.254
0.559
-0.959
3.681
4.871
4.068
3.019
4.367
3.229
3.929
2.906
1.934
3.024
5.071
4.617
3.180
5.255
4.406
5.740
4.846
6.078
5.195
3.672
4.847
3.569
5.495
5.302
5.218
3.856
5.032
4.992
4.582
5.785
6.756
6.999
5.144
7.528
5.785
7.397
4.701
5.999
6.561
5.879
5.821
6.024
4.416
7.684
6.320
4.957
6.790
7.096
8.043
5.556
6.033
3.274
3.722
5.191
5.442
5.182
5.758
5.107
5.326
7.994
6.544
7.177
6.835
7.066
8.102
5.802
6.513
6.508
3.360
4.421
3.402
6.083
5.056
6.964
4.764
5.743
6.099
4.278
4.705
5.797
6.343
6.561
5.638
5.226
5.867
5.487
3.130
4.741
5.391
3.269
3.795
5.902
5.473
6.338
5.484
5.854
3.790
3.413
5.379
3.860
3.623
4.675
2.765
3.511
4.949
4.407
1.384
4.144
4.914
5.434
5.648
6.799
1.800
5.886
6.284
7.035
5.140
4.977
2.035
4.178
5.588
4.918
4.920
3.420
3.806
5.143
4.858
4.266
6.521
4.637
4.757
4.167
5.434
4.964
3.208
4.814
3.100
4.252
5.468
3.369
6.006
4.208
2.097
4.065
5.665
5.136
5.374
3.292
6.698
