-3.014
-1.632
-2.160
-2.771
-1.717
-1.496
-3.882
-1.225
-0.917
-0.623
-0.121
-2.379
-2.108
-3.427
0.072
-1.628
-2.574
-3.629
-1.015
-0.351
0.967
0.380
-1.028
-1.762
-0.028
-1.558
-1.089
0.863
-1.054
-1.713
1.081
-1.116
-1.268
-0.872
1.867
-1.639
-0.833
1.488
0.763
0.580
-3.283
-0.713
-3.515
-4.448
-0.335
-3.045
-3.432
0.660
-2.172
-3.595
0.946
-4.169
-5.018
-0.086
-2.700
-2.556
1.149
-4.314
-2.700
0.318
-2.000
-2.696
0.702
-3.081
-2.665
-1.605
-4.026
-3.670
-1.019
-4.459
-1.112
-1.541
-5.861
-1.113
-1.461
-4.237
-3.253
-2.236
-4.397
-1.037
-3.138
-2.356
-3.830
-2.028
-2.173
-3.499
-0.658
-3.569
-3.925
-4.301
-2.812
-1.412
-1.417
-3.146
-1.653
-0.862
-3.249
-2.664
0.056
-2.969
-3.210
-3.516
-2.497
-3.138
-3.461
-2.952
-3.792
-2.416
-3.798
-4.314
-3.468
-3.650
-2.960
-3.002
-4.447
-3.823
-3.959
-4.577
-4.078
-1.758
-2.813
-3.446
-1.891
-2.587
-4.215
-2.721
-3.399
-4.142
-2.418
-4.369
-3.210
-5.834
-4.323
-1.955
-2.564
-1.415
-4.305
-4.733
-4.278
-3.665
-3.751
-2.397
-4.360
-3.501
-3.119
-5.174
-5.189
-4.634
-3.374
-4.148
-2.339
-3.055
-3.619
-4.151
-4.685
-4.781
-3.755
-4.049
-4.332
-4.422
-1.128
-3.928
-0.546
-1.896
-4.173
-0.071
-0.845
-1.842
-2.110
-0.749
-5.174
-2.678
-2.702
-2.398
-0.877
-2.450
-2.035
-1.324
-1.323
-3.654
-0.552
-3.845
-3.574
-1.554
-4.209
-3.972
-2.142
-3.038
-4.141
-2.477
-3.631
-4.587
-1.965
-3.247
-3.872
0.807
-3.440
-4.539
-0.206
-2.421
-2.078
0.666
-5.211
-4.398
-0.601
-4.604
-3.884
-1.474
-4.622
-4.456
-0.161
-4.023
-3.959
-2.436
-4.532
-3.992
-2.186
-3.451
-2.722
1.530
-2.685
-5.430
-3.554
-1.484
-3.469
-1.987
-1.085
-5.092
-1.532
-1.553
-3.705
-2.320
-1.247
-3.681
-3.184
-1.032
-4.546
-2.600
-1.595
-4.519
-3.255
-1.085
-3.726
-1.263
-1.925
-4.336
-1.919
-3.769
-4.382
-2.979
-0.784
-3.165
-3.161
0.445
-1.221
-0.510
-1.421
-3.608
-3.185
-1.054
-3.936
-3.859
-1.034
-2.315
-2.697
-0.154
-3.806
-2.591
-0.573
-1.750
-3.417
-0.197
-2.877
-2.892
-0.120
-4.063
-3.802
-1.582
-2.901
-1.398
-2.197
-2.774
-1.598
-2.407
-1.945
-3.428
-3.081
-2.584
-3.181
-0.590
-1.682
-3.342
-3.694
-1.949
-2.146
-2.291
-0.433
-3.564
-2.169
-2.640
-0.817
-2.458
-0.064
-2.026
-0.640
-3.833
-0.223
-2.398
0.496
-3.362
-0.170
-2.105
-1.864
-3.232
-1.020
-2.765
-3.274
-2.886
-2.539
-3.837
-4.394
-2.218
-2.980
-4.603
-4.254
-1.779
-2.529
-1.685
-3.939
-3.502
-4.337
-2.145
-2.970
-5.211
-3.097
-2.829
-2.803
-4.713
-5.034
-3.299
-2.778
-2.158
-2.036
-0.308
-2.177
-0.643
-2.417
-1.570
-1.339
-2.370
-1.562
-1.537
-3.851
-1.927
-2.233
-1.912
-1.293
-2.501
-3.090
-2.893
-1.347
-3.044
-0.963
-1.711
-2.416
-2.776
-2.085
-0.313
0.614
-1.649
-2.088
-3.025
-2.938
-1.674
-2.617
-1.821
-2.151
-2.137
-1.255
-1.050
-0.919
-4.408
-2.791
-2.427
-5.310
-1.457
-2.731
-2.655
-1.314
-2.929
-2.032
-3.836
-2.803
-3.121
-1.283
-2.196
-2.706
-2.139
-1.292
-4.547
-1.688
-2.440
-2.315
-4.080
-1.652
-3.054
-2.710
-2.805
-3.170
-2.292
-2.556
-2.945
-1.983
-2.851
-1.657
-4.678
-2.426
-2.243
-3.059
-4.092
-1.625
-2.727
-2.844
-4.636
-2.897
-3.866
-4.532
-3.599
-2.151
-2.313
-2.009
-5.247
-3.549
-2.826
-2.968
-6.052
-2.628
-2.464
-3.227
-3.122
-4.321
-4.943
-3.276
-2.090
-0.357
-2.123
-2.296
-3.602
-2.290
-2.873
-1.938
-4.764
-0.127
-3.389
-2.782
-5.178
-0.574
-3.494
-2.541
-4.124
-0.810
-2.969
-0.733
-4.236
-1.632
-2.795
-2.978
-4.854
-2.461
-3.149
0.209
-5.480
0.023
-3.765
-2.527
-4.455
-2.397
-1.622
-3.048
-4.053
-1.798
-1.340
-3.748
-1.553
-1.429
-4.543
-3.196
1.600
-2.839
-5.203
-2.975
-1.616
-2.894
-3.072
-2.790
-0.894
-3.041
-3.660
-3.507
-1.204
-0.687
-4.096
-4.160
-1.999
-2.914
-3.374
-4.982
0.173
-1.185
-2.879
-4.258
-0.523
-3.061
-5.021
-4.055
-0.049
-4.081
-3.007
-4.288
-1.978
-2.840
0.204
-2.110
-3.168
-3.438
-1.195
0.273
-2.165
-4.050
-1.741
-0.031
-2.717
-2.751
-1.582
-0.558
-2.881
-3.115
-1.391
0.364
-1.953
-3.456
-0.788
-1.184
-1.579
-4.264
-0.582
-0.572
-0.917
-3.511
-0.924
-1.125
-3.002
-3.161
-0.882
-0.082
-1.468
-2.640
-2.220
-1.496
-2.418
-0.810
-1.776
-3.932
-1.092
-1.809
-1.426
-2.391
-0.600
-0.773
-2.261
-3.585
0.062
-0.095
-2.613
-1.143
-0.686
0.018
-2.527
-2.648
-1.473
-0.882
-1.855
-2.085
-1.277
-1.082
-1.848
-2.430
-0.956
-1.152
-6.070
-2.344
-1.167
-0.610
-3.006
-3.293
-3.389
-0.808
-2.990
-2.721
-1.768
-1.126
-3.173
-2.674
-2.455
-2.024
-4.219
-3.659
-4.382
-2.772
-2.861
-3.282
-2.730
0.533
-4.220
-2.930
-2.835
-1.444
-2.093
-2.671
-2.921
-2.230
-2.686
-2.748
-2.920
-2.953
-3.360
-4.327
-2.376
-1.707
-3.764
-2.701
-3.727
-1.221
-3.237
-2.757
-3.561
-2.592
-2.905
-1.673
-4.250
-2.180
-3.828
-1.751
-3.501
-1.858
-2.927
-1.465
-1.640
-3.144
-3.726
-1.269
-3.121
-1.813
-3.654
-1.445
-4.321
-2.991
-4.534
-2.524
-2.046
-1.877
-3.365
-0.310
-1.859
-2.295
-1.798
-1.423
-1.747
-2.456
-2.603
-2.029
-3.702
-4.417
-3.345
-3.400
-1.914
-2.883
-4.171
0.124
-1.281
-2.968
-3.819
-2.660
-1.057
-3.193
-2.283
-2.253
-2.302
-2.941
-3.072
-2.157
-0.820
-3.234
-1.501
-4.022
-1.216
-2.487
-3.057
-2.196
-0.339
-2.936
-3.544
-2.045
-1.830
-2.782
-3.140
-2.630
-1.083
-3.703
-2.851
-3.570
-1.874
-3.388
-1.837
-2.289
-1.567
-2.561
-4.588
-2.581
-1.783
-1.463
-1.959
0.384
-4.852
-2.041
-0.162
-2.682
-4.563
-2.362
-1.999
-0.136
-4.513
-3.988
-2.124
-2.195
-4.338
-3.167
-1.138
-1.861
-4.217
-2.633
0.367
-0.501
-2.677
-3.665
-2.880
-1.308
-5.250
-3.522
-2.090
-0.172
-4.131
-3.209
-1.181
-0.925
-4.807
-3.414
-0.915
-1.914
-1.815
-0.256
-3.043
-1.875
-2.797
-0.224
-2.154
-3.823
-3.822
-0.949
-2.654
-2.896
-1.864
-2.252
-1.703
-4.181
-3.861
-0.635
-2.145
-3.621
-2.484
-1.075
-2.549
-3.757
-0.781
-0.353
-0.299
-3.523
-1.390
-2.601
-2.623
-3.817
-2.967
-0.633
-4.244
-2.837
-3.678
-0.716
-2.844
-2.762
-3.399
-2.467
-1.795
-2.922
-2.874
-1.948
-1.251
-3.334
-2.058
-2.276
-2.259
-2.864
-2.152
-2.397
-2.085
-3.158
-2.019
-3.238
-2.291
-4.371
-2.544
-3.029
-1.370
-2.183
-1.818
-2.542
-0.536
-4.097
0.552
-1.546
-2.126
-3.499
-1.299
-3.712
-0.661
-1.930
-0.157
-3.828
-0.669
-3.081
-0.129
-2.373
-0.045
-1.635
0.395
-1.864
-2.406
-2.530
-1.179
-1.121
-0.642
-0.778
-0.288
-2.605
-1.261
-3.392
-0.906
-2.081
-1.508
-2.820
-2.655
-3.598
-3.092
-4.290
-2.739
-4.046
-1.386
-2.548
-2.579
-3.303
-1.753
-3.079
-1.280
-1.727
-2.417
-2.227
-1.936
-2.597
-3.275
-2.190
-1.472
-3.581
-2.788
-4.622
-2.341
-3.774
-1.212
-3.057
-1.556
-1.756
-1.666
-2.809
-2.307
-2.827
-0.114
-2.723
-0.589
-4.286
-1.119
-2.965
-2.567
-3.222
-1.897
-2.901
-1.432
-1.229
-2.348
-0.950
-2.898
-3.381
-3.672
-2.848
-2.624
-0.093
-4.361
-3.443
-2.222
-0.565
-2.993
-1.563
-3.000
