-5.208
-5.153
-2.825
-4.652
-3.472
-3.867
-3.979
-4.841
-3.583
-5.542
-3.053
-3.668
-5.171
-4.613
-3.550
-6.210
-3.393
-3.190
-2.555
-3.778
-4.595
-3.088
-2.071
-2.252
-4.389
-3.636
-2.917
-3.556
-0.958
-2.655
-3.725
-3.650
-2.868
-2.210
-3.940
-3.339
-2.814
-3.167
-2.782
-4.298
-2.681
-0.627
-0.671
-4.332
-2.534
-2.648
-0.764
-2.163
-1.691
-3.710
-3.365
-1.814
-4.433
-3.190
-3.317
-4.378
-2.233
-3.782
-1.704
-3.032
0.007
-3.125
-1.884
-2.481
-0.648
-3.123
-1.551
-3.532
-0.631
-3.211
1.453
-1.666
0.440
-1.695
0.389
-2.128
-1.278
-2.512
-1.389
-1.257
-3.347
-4.514
-3.442
-3.347
-1.715
-5.297
-2.866
-1.745
-2.360
-5.161
-4.775
-2.479
-4.235
-3.853
-3.532
-4.084
-4.048
-4.955
-3.771
-1.797
-3.332
-3.917
-1.730
-1.478
-2.789
-1.477
-2.599
-3.337
-3.648
-3.680
-3.124
-0.402
-3.547
-4.404
-4.768
-2.198
-2.753
-4.225
-3.509
-1.944
-1.265
-3.532
-2.858
-3.624
-0.646
-3.528
-4.156
-4.024
-0.822
-4.123
-4.165
-3.991
-0.501
-1.741
-3.208
-4.129
-0.864
-2.764
-3.526
-4.760
-0.603
-3.450
-3.863
-3.455
-0.419
-2.420
-4.623
-4.656
-1.302
-3.531
-4.717
-4.364
-2.938
-2.521
-4.061
-2.594
-1.933
-1.706
-2.517
-2.975
-1.202
-1.855
-1.206
-3.147
-1.201
-3.050
-3.008
-2.721
0.149
-3.042
-2.846
-2.671
0.214
-3.576
-3.677
-2.084
0.429
-4.086
-3.168
-2.639
-1.978
-2.791
-3.188
-1.568
-0.303
-2.092
-2.460
-1.805
-1.787
-3.361
-2.547
-2.177
-1.229
-1.696
-3.266
-2.500
-0.840
-3.119
-2.142
-3.111
-2.318
-0.325
-0.674
-2.566
-2.940
-2.504
-1.105
-1.345
-3.424
-3.542
-1.789
-2.652
-3.219
-2.713
-3.054
-1.556
-3.564
-3.640
-1.858
0.433
-3.989
-1.869
-2.590
-1.269
-2.628
-4.572
-2.322
-0.311
-1.629
-2.893
-2.222
1.052
-2.289
-3.235
-2.774
-1.432
-3.658
-2.645
-2.285
-2.289
-2.867
-0.846
-2.629
-4.908
-2.964
-1.970
-3.325
-2.870
-2.065
0.699
-2.340
-1.523
-3.258
-1.251
-2.402
-2.714
-2.133
-3.253
-2.414
-2.112
-2.250
-0.083
-2.225
-3.613
-2.057
-2.326
-3.563
-1.801
-2.098
-2.357
-2.498
-1.986
-1.221
-0.364
-2.450
-3.476
-3.634
-2.395
-3.174
-3.978
-4.369
-3.044
-0.563
-1.635
-2.283
-2.096
-0.735
-3.038
-3.671
-2.788
-1.464
-2.915
-3.316
-2.555
-0.049
-1.615
-1.847
-3.447
-1.730
0.401
-3.942
-2.531
-1.618
-1.611
-3.414
-2.547
-2.008
-2.683
-1.654
-2.516
-0.605
-3.076
-1.064
-3.020
-2.472
-1.724
-1.756
-2.252
-1.811
-0.505
-2.723
-2.387
-2.263
-2.156
-3.445
-1.533
-1.769
-1.482
-2.301
-1.945
-5.184
-1.569
-2.948
-4.231
-2.730
-2.168
-2.471
-4.654
-3.439
-2.677
-3.616
-4.347
-3.626
-3.417
-3.591
-4.804
-1.717
-2.201
-2.458
-2.998
-3.564
-0.497
-2.367
-3.316
-1.750
-1.510
-3.564
-3.288
-3.686
-0.712
-0.517
0.126
-2.934
-2.973
-0.959
0.095
-3.409
-2.060
-0.886
-0.063
-4.879
-4.238
0.543
-0.693
-4.502
-3.495
-0.857
0.471
-3.578
-0.577
-2.856
0.954
-3.338
-2.487
-2.156
-3.131
-3.825
-4.734
-0.297
-0.598
-4.628
-1.964
-0.168
-1.001
-3.508
-2.807
-1.264
-1.979
-4.865
-2.966
-4.093
-2.694
-3.711
-3.373
-3.671
-3.969
-2.450
-3.385
-2.736
-2.596
-3.981
-4.723
-2.952
-4.261
-4.415
-3.345
-3.907
-4.622
-2.880
-2.877
-3.285
-4.967
-3.480
-4.530
-3.320
-1.728
-4.396
-1.884
-2.370
-5.238
-3.140
-1.760
-2.385
0.912
-3.401
-4.220
-1.677
-2.170
-2.731
0.328
-1.408
-3.265
-2.505
-5.251
-3.672
-0.654
-3.089
-4.389
-1.879
-1.731
-3.355
-1.862
-4.024
-3.640
-1.744
-2.272
-3.426
-1.348
-1.958
-4.178
0.626
-4.581
-5.572
0.916
-1.594
-4.018
0.435
-1.517
-2.762
0.353
0.221
-2.957
-2.210
-2.811
-3.417
-0.378
-0.827
-1.824
-1.980
-2.556
-1.918
-2.069
-2.751
-2.815
-0.402
-0.265
-3.151
-0.359
-1.461
-2.812
-1.105
-1.733
-2.036
-0.342
-2.160
-2.830
-0.238
-2.857
-3.093
0.955
-0.801
-3.136
0.337
-3.408
-0.863
-2.074
-1.078
-3.806
-0.704
-1.882
-3.286
0.535
-1.853
-1.608
0.238
-1.294
-2.005
0.516
-3.085
-3.437
-2.353
-3.080
-0.814
-4.332
-4.007
-2.944
-3.846
-5.301
-2.334
-1.522
-3.525
-1.913
-3.772
-4.915
-2.670
-0.663
-3.664
-2.808
-1.327
-4.725
-1.332
-1.765
-3.232
-1.855
-2.016
-4.418
-2.456
-2.639
-4.587
-2.027
-0.535
-3.762
-2.862
0.088
-2.845
-2.025
1.203
-1.865
-1.352
-1.523
-3.004
-2.715
-1.375
-2.489
0.879
0.113
-0.435
-2.067
-0.486
-0.754
-1.666
-1.169
-1.341
-0.121
0.003
-2.915
-1.440
-1.021
-1.658
-2.035
-3.395
-3.170
-3.737
-2.758
-1.386
-1.906
-1.972
-2.403
-2.723
-5.152
-3.419
-3.769
-3.921
-1.546
-2.507
-2.279
-2.414
-3.169
-1.945
-3.148
-2.311
-4.690
-3.130
-4.036
-2.621
-3.578
-3.523
-3.986
-3.176
-3.688
-1.194
-3.827
-3.197
-3.708
-1.893
-2.781
0.020
-2.723
-0.969
-3.822
-1.391
-1.753
-3.259
-3.662
-3.341
-2.885
-2.508
-3.285
-1.125
-3.933
-3.427
-3.364
-3.574
-0.514
-1.749
-3.419
-3.482
-3.137
-1.859
-2.230
-2.687
-2.677
-5.110
-0.761
-0.323
-3.984
-3.794
-4.030
-2.000
-2.634
-3.895
-3.168
-4.531
-1.949
-1.094
-2.407
-1.891
-3.116
-1.432
-1.459
-3.471
-3.173
-4.137
-1.077
-1.217
-1.357
-1.892
-3.766
0.476
-2.013
-2.298
-3.336
-3.372
-1.938
-1.559
-3.704
-3.251
-3.337
-1.664
-2.558
-3.358
-3.105
-5.068
-3.846
-3.219
-4.108
-3.048
-3.802
-3.241
-1.701
-4.165
-4.454
-4.750
-3.660
-0.756
-3.496
-2.591
-4.544
-4.737
-3.515
-0.684
-4.865
-1.779
-4.955
-0.817
-3.605
-3.528
-2.915
-4.187
-1.493
-2.293
-4.320
-3.614
-4.947
-3.119
-3.178
-3.505
-3.639
-3.733
-2.432
-2.850
-3.284
-2.820
-3.360
-3.537
-4.044
-3.173
-2.074
-5.331
-2.900
-3.581
-2.255
-5.608
-1.281
-2.347
-3.078
-1.527
-4.102
-1.857
-0.605
-2.672
-0.164
-3.689
-1.259
-2.372
-3.927
-4.324
-3.139
-2.156
-2.268
-2.242
-2.652
-4.224
-2.429
-2.898
-0.713
-2.453
-4.326
-1.109
-2.723
-3.008
-3.305
-2.778
-2.654
-3.377
-2.822
-1.765
-3.855
-2.475
-1.223
-3.584
-2.036
-2.751
-3.626
-1.869
-3.546
-2.388
-4.441
-3.318
-1.103
-1.219
-4.037
-4.617
-1.531
-3.825
0.523
-3.397
-2.748
-0.481
-3.176
-0.990
-2.153
-1.880
-0.407
-3.016
-0.811
-2.120
-3.595
-2.966
-2.288
-1.139
-2.426
-0.727
-0.552
-4.068
-1.115
-2.707
-4.288
-1.589
-3.094
-1.228
-0.061
-0.681
-3.565
-4.259
-1.946
-3.446
-4.142
-0.056
-2.700
-2.522
-3.288
-4.849
-2.535
-3.934
-1.932
-3.660
-4.080
-1.665
-4.181
-0.499
3.016
-2.628
1.613
-1.485
-0.908
1.273
-2.795
-0.729
-2.494
-0.726
1.619
-2.685
0.028
-0.309
-0.811
0.860
-3.966
0.757
-1.893
-3.234
0.381
-3.476
-0.161
-2.404
-0.135
0.973
-1.922
-0.624
-1.608
-0.141
0.573
-1.406
0.967
-2.930
-2.274
-0.768
-0.752
-1.522
-1.484
0.470
0.320
-2.198
-0.445
-2.074
-2.253
-0.942
-2.736
0.126
-2.416
-2.709
-4.467
-2.607
0.670
-2.148
-3.462
-3.899
-3.089
-0.218
-1.040
-2.086
-3.784
-2.282
-3.006
-3.553
-2.235
-4.034
-1.985
-1.399
-1.735
-3.667
-4.857
-2.957
-0.734
-2.410
-1.137
-5.583
-2.114
-1.885
-2.966
-2.553
-4.442
-3.423
-1.268
-1.736
-1.132
-3.848
-2.452
-0.959
-2.405
-0.950
-5.292
-2.379
-0.271
-1.306
-2.169
-4.985
-2.599
-0.880
-4.051
-2.327
-1.520
-2.089
-3.647
-4.524
-0.430
-1.425
-3.648
-3.288
-4.326
0.434
-1.374
-3.585
-2.321
-3.172
-0.992
-1.713
-4.010
-2.975
-3.563
-0.348
-1.006
-3.440
-2.188
-4.704
0.811
-2.280
-2.240
-1.613
-3.723
-0.180
-1.879
-2.585
-2.082
-3.187
-1.645
-1.123
-3.130
-1.429
-4.216
0.078
-2.925
-2.849
-4.438
-3.261
0.149
-1.624
-2.565
-0.757
-4.116
-2.771
0.208
-1.090
-2.102
1.633
-3.272
-1.482
-2.155
-3.754
-1.446
-2.012
-0.503
-1.797
-3.751
-1.797
-1.893
-1.441
-3.054
-3.939
-2.567
-1.499
-0.391
-1.780
-1.350
-0.839
-0.301
0.503
-3.481
-1.598
-1.519
-0.952
-0.564
-1.600
-0.676
-0.740
-1.256
0.615
-4.158
-3.031
-1.496
-2.247
-1.296
-3.875
-3.045
-2.746
-2.024
-2.447
-2.727
-3.043
-1.390
-2.471
1.705
-1.470
-3.284
-3.068
-0.580
-1.263
-0.719
-2.118
-3.412
-0.436
0.491
0.814
-2.333
-0.725
-0.070
0.255
-0.009
-2.928
-2.616
-1.331
0.085
-0.843
-3.127
-3.918
-1.707
0.810
-0.523
-3.996
-2.466
-1.181
-1.127
-0.479
-2.109
-2.354
-0.824
1.988
-0.836
-1.753
-2.984
-1.388
2.320
-0.455
-1.495
-3.484
-2.628
-0.172
0.040
-3.015
-3.224
-4.343
-3.633
-3.075
-2.031
-4.577
-4.273
-2.004
-5.269
-2.770
-2.797
-4.528
-3.174
-5.769
-3.851
-3.194
-2.060
-3.776
-3.176
-5.728
-1.933
-3.685
-4.361
-2.267
-6.352
-5.079
-3.533
-4.556
-1.228
-4.158
-4.430
-4.198
-2.482
-3.634
-4.306
-2.605
-3.688
-4.593
-3.411
-1.994
-4.108
-0.532
-1.169
-4.685
-0.985
-1.037
-3.976
-2.186
-1.389
-4.840
-1.619
-2.258
-4.613
-3.312
-3.395
-4.789
-2.641
-3.488
-4.293
-2.172
-1.538
-1.420
-4.508
-2.034
-3.484
-4.804
-2.200
-2.676
-5.281
-1.564
-1.885
-4.232
-0.784
-4.069
-4.135
-3.341
-2.452
-5.394
-2.576
-3.178
-3.854
-1.889
-2.800
-3.879
-2.965
-3.369
-2.909
-3.022
-2.676
-3.853
-1.203
-2.115
0.164
-4.176
-2.778
-2.336
-5.990
-1.722
-0.625
-3.277
-0.854
-3.045
-4.278
-1.011
-1.307
-6.239
-0.055
-1.747
-4.792
-1.131
0.027
-3.710
-1.712
-0.525
-4.083
-1.204
-1.048
-5.675
-0.674
-1.863
-2.766
-3.743
-3.253
-2.097
-2.429
-2.464
-2.290
-1.918
-3.438
-3.834
-1.922
-3.336
-3.275
-3.939
-2.288
-1.408
-1.055
-5.165
-2.964
-2.985
-2.970
-1.323
-1.696
-1.387
-1.330
-2.553
-3.984
-2.630
-3.721
-2.135
-1.035
-2.552
-0.573
-2.155
-1.939
-1.751
-3.029
-0.874
0.012
-2.504
-0.917
-0.787
-0.667
-1.735
-0.709
-4.565
-2.222
-0.611
-3.909
-1.814
-0.235
-2.192
-1.139
-1.343
-1.954
-2.908
-0.989
-2.143
-0.952
0.350
-3.085
