-4.577
-5.040
-1.964
-4.506
-3.391
-3.548
-2.864
-4.641
-2.961
-5.385
-3.188
-3.662
-4.737
-4.616
-3.201
-6.113
-3.021
-3.062
-2.095
-3.557
-5.089
-2.923
-2.096
-2.503
-5.115
-3.245
-3.275
-3.276
-1.392
-2.827
-3.573
-3.498
-3.630
-2.354
-4.483
-3.262
-2.806
-3.259
-2.573
-4.544
-3.670
0.501
-0.768
0.106
-1.872
0.627
-1.710
1.328
-1.312
0.328
-3.548
-1.342
-2.250
-0.379
-2.598
-1.158
-1.201
-0.292
-0.651
1.085
-1.725
1.418
-1.390
0.781
-1.577
1.091
-2.279
0.955
-0.786
1.744
-1.591
3.743
-1.902
3.149
-2.345
2.809
-1.827
1.914
-2.232
1.332
-1.773
-4.581
-3.590
-2.643
-0.323
-4.955
-2.668
-0.610
-1.988
-4.937
-5.862
-1.763
-2.374
-3.616
-3.370
-3.193
-3.334
-4.655
-4.188
0.353
-2.412
-3.808
-1.465
-0.703
-2.273
-1.685
-2.652
-1.337
-1.450
-3.777
-3.431
0.708
-2.367
-4.518
-4.046
-0.819
-1.964
-4.552
-4.542
0.101
-1.523
-3.893
-1.907
-4.539
-0.676
-3.684
-3.657
-4.752
-0.548
-3.969
-3.204
-4.658
-0.894
-2.200
-2.843
-4.388
-2.228
-3.302
-3.240
-6.420
-0.240
-3.874
-3.090
-4.242
-0.892
-2.689
-4.751
-4.498
-0.935
-4.142
-5.820
-4.529
-3.206
-2.756
-4.415
-3.903
-2.938
-2.202
-1.844
-3.797
0.500
-2.008
-1.475
-1.891
3.023
-3.202
-1.156
-2.991
3.798
-3.463
-2.393
-3.225
3.621
-3.291
-2.534
-3.053
4.867
-4.147
-2.618
-2.423
2.568
-2.833
-2.839
-3.088
2.943
-1.781
-2.204
-2.456
2.040
-2.963
-0.833
-0.898
2.127
-1.646
-2.902
-2.158
2.241
-2.616
-1.488
-2.602
-3.238
0.004
-0.536
-0.183
-3.620
-2.174
-1.628
1.819
-3.957
-2.582
-1.877
1.205
-4.119
-1.740
-2.774
1.189
-4.139
-2.854
-2.025
3.847
-3.095
-0.894
-2.780
1.400
-4.303
-3.107
-2.154
1.959
-2.696
-2.500
-2.370
3.133
-2.985
-2.143
-4.134
0.997
-5.048
-2.168
-2.392
0.158
-0.746
-0.758
-1.974
-3.837
1.272
-3.033
-0.575
-4.075
2.020
0.215
-1.428
-2.345
0.096
-2.028
-2.082
-2.039
1.022
-2.426
-2.975
-3.054
2.347
-0.320
-2.293
-4.242
1.463
-3.389
-1.403
-4.339
-2.770
-1.253
-1.826
-1.935
2.599
-0.722
-0.731
-4.517
-0.018
-2.057
-1.416
-4.501
-4.836
-3.393
-2.270
1.311
-2.183
-2.043
-1.122
-0.169
-4.003
-2.100
-3.347
-0.899
-3.303
-3.088
-2.493
0.265
-0.299
-3.403
-3.248
2.523
-4.043
-3.865
-2.751
1.767
-2.623
-2.820
-3.538
-0.869
-2.941
-2.188
-1.824
1.009
-1.465
-2.934
-2.513
0.858
-0.131
-1.174
-3.054
-0.058
0.629
-3.894
-2.864
-3.765
-0.386
-2.430
-2.630
-1.297
1.522
-3.428
-1.868
-4.338
0.845
-4.928
-2.461
-2.626
0.661
-4.803
-1.793
-3.165
0.898
-4.889
-1.711
-3.607
-1.940
-5.361
-2.998
-1.476
0.009
-3.751
-2.701
-2.057
0.179
-4.014
-2.481
-3.598
-1.265
-4.096
-2.185
-2.269
-1.836
2.804
-3.604
-2.809
-2.279
3.311
-2.286
-2.208
-1.848
3.904
-2.687
-3.094
0.101
1.415
-1.485
-2.840
-1.604
2.918
-1.172
-1.581
-3.018
3.074
-2.265
-2.645
-4.034
-0.563
-1.955
-2.714
-1.782
1.926
-3.248
-2.436
-0.466
2.163
-1.600
-2.419
-2.968
1.768
-4.218
-3.399
-4.364
-2.843
-3.670
-3.539
-3.555
-4.406
-2.892
-3.474
-3.047
-3.176
-3.349
-5.118
-4.261
-3.938
-4.737
-3.414
-3.906
-4.749
-3.873
-2.735
-3.400
-5.130
-3.578
-4.688
-3.120
-1.744
-4.739
-2.041
-2.597
-5.800
0.642
-1.737
-2.290
3.088
-2.786
-4.649
1.717
-1.714
-3.257
2.384
-1.404
-3.503
-0.214
-5.254
-3.834
1.569
-3.295
-4.621
0.809
-2.277
-3.674
1.459
-4.174
-3.588
1.179
-2.721
-3.188
1.601
-1.274
-4.086
1.791
-4.491
-5.897
2.411
-1.475
-3.452
1.528
-0.728
-2.488
2.097
0.501
-3.044
0.437
-2.923
-2.878
1.424
-0.657
-1.621
-0.048
-2.320
-2.026
-1.467
-2.902
-2.131
2.495
-0.154
-3.313
0.115
-2.888
-3.526
-1.523
3.151
-4.263
-1.577
1.713
-3.664
-1.283
2.355
-4.970
-0.452
3.889
-4.744
0.798
0.357
-2.330
-2.979
2.770
-4.552
-2.162
2.882
-3.130
0.484
2.353
-4.724
0.704
2.769
-2.096
-0.094
1.404
-4.190
1.261
-3.129
-2.574
-1.051
-3.436
-3.063
0.230
-3.593
-4.255
2.175
-3.081
-4.020
-0.132
-4.597
-3.649
1.846
-2.457
-4.358
2.012
-3.509
-3.612
-0.118
-4.436
-2.022
1.426
-3.251
-3.542
0.565
-4.104
-4.269
-0.823
0.533
-4.222
0.115
1.792
-4.421
0.226
2.340
-3.835
-1.606
1.926
-4.279
1.419
1.066
-1.784
-1.073
1.079
-3.083
-0.051
0.933
-2.792
-0.320
1.785
-2.662
0.549
0.801
-3.550
-0.984
1.842
-2.486
-3.142
-3.379
-5.103
-2.134
4.235
-2.039
-1.768
-2.266
-2.873
0.379
-3.357
-3.614
-3.274
-2.226
2.371
-2.934
-2.169
-3.208
-2.301
0.905
-1.915
-4.171
-3.987
-4.061
1.135
-3.708
-3.237
-4.881
-2.311
2.746
-1.475
-3.676
-4.296
-3.055
2.633
-2.717
0.044
-2.078
-1.895
-2.038
-1.537
-1.368
-3.532
-2.657
0.712
-2.752
-2.602
-4.854
-1.948
-1.015
-3.890
-3.298
-3.026
4.330
0.234
-3.778
-3.498
-3.550
3.881
-2.275
-3.077
-2.368
-4.901
4.898
0.541
-4.870
-3.508
-3.802
4.201
-0.568
-4.393
-3.351
-4.591
3.400
-0.176
-2.542
-1.704
-2.622
4.542
-1.771
-3.321
-3.079
-3.896
5.036
-0.366
-1.244
-1.586
-3.593
5.923
-1.693
-2.591
-3.026
-2.304
3.669
-2.259
-4.083
-3.221
-3.070
2.838
-2.088
-3.442
-2.685
-4.703
-4.995
-2.945
-4.049
-2.721
-3.641
-3.750
-3.510
-4.217
-4.513
-4.476
-3.051
-2.039
-2.750
-1.985
-3.837
-4.726
-4.933
-0.613
-4.709
-1.929
-4.343
-2.565
-3.398
-3.428
-3.042
-3.884
-2.326
-2.369
-4.215
-3.885
-3.988
-4.481
-2.866
-3.251
-2.950
-2.845
-3.144
-2.955
-2.740
-2.377
-3.604
-3.882
-3.795
-3.356
-2.684
-5.985
-2.077
-3.966
-1.865
-6.371
0.325
3.211
-3.524
-0.983
-3.889
-0.046
3.827
-3.429
0.205
-3.475
0.016
2.649
-4.647
-3.955
-3.187
-0.950
2.028
-2.445
-1.836
-3.154
-0.590
0.782
-1.295
-1.669
-3.616
0.620
0.817
-3.186
-2.773
-2.464
-1.863
0.161
-3.316
-0.971
-3.694
-0.900
4.574
-4.112
-1.538
-2.855
-0.382
2.392
-4.010
-1.955
-4.412
-0.815
3.890
-1.472
-4.218
-5.509
-2.652
-2.635
0.373
-3.802
-3.507
-2.263
-3.235
-0.399
-2.098
-2.136
-0.046
-0.603
-0.579
-2.454
-4.452
-2.829
-0.242
-1.063
-1.889
-0.535
-0.254
-3.671
-0.855
-2.862
-3.929
-1.395
-0.364
-1.176
-0.095
-1.379
-4.343
-3.658
-1.788
-3.676
-5.407
0.115
0.039
-1.898
-3.692
-5.017
-2.903
-4.246
-1.559
-4.132
-4.511
-1.665
-4.532
1.642
1.819
-2.625
3.583
-1.010
-0.495
0.300
-2.709
1.102
-2.303
0.407
0.959
-2.508
2.544
0.187
-0.354
-1.157
-4.003
3.392
-1.474
-1.558
0.236
-3.329
1.071
-1.851
1.443
-1.003
-2.321
0.881
-1.231
0.748
-0.128
-1.463
2.866
-2.697
-1.730
-1.492
-1.174
0.733
-1.265
0.299
-0.463
-2.187
1.829
-1.900
-1.710
-0.603
-2.777
1.866
-2.162
-3.496
-4.025
-2.215
1.332
-2.009
-4.902
-2.891
-2.369
1.521
-1.202
-3.708
-3.395
-1.692
-2.172
-3.707
-3.128
-3.642
-1.055
0.630
-1.699
-4.737
-3.502
-2.312
1.004
-2.466
-3.233
-4.821
-1.545
-0.450
-3.024
-3.056
-4.247
-2.592
-0.393
-1.733
-2.017
-2.632
-1.721
1.032
-2.372
-3.364
-4.868
-1.714
1.723
-1.601
-3.908
-3.565
-1.888
0.638
-4.140
2.535
-2.446
-2.204
-3.747
-4.111
3.232
-3.060
-3.742
-3.309
-4.005
3.717
-2.183
-3.619
-3.451
-2.990
2.073
-2.173
-3.883
-2.392
-3.232
3.304
-1.638
-3.319
-1.994
-4.295
4.129
-1.823
-2.434
-2.213
-3.600
4.403
-3.018
-2.789
-2.457
-3.126
3.174
-1.514
-3.200
-1.562
-4.031
1.892
-3.429
-3.289
-4.488
-3.233
3.252
-1.979
-2.476
-1.845
-3.859
-1.915
-1.526
-1.024
-1.797
1.943
-1.055
-2.516
-1.833
-3.005
-0.536
0.812
-1.586
-1.642
-3.680
-0.716
0.941
-3.411
-3.016
-3.119
-1.271
0.383
-1.366
-1.569
-0.892
0.124
1.650
-2.485
-3.558
-0.864
-0.592
1.221
-1.610
-1.449
-0.627
0.303
1.304
-1.852
-3.530
-1.766
-0.492
-1.035
-1.851
-3.897
-3.022
-1.567
-0.510
-2.943
-2.133
-1.979
-0.191
2.017
-0.562
-1.655
-2.615
-2.615
1.671
-1.903
-1.032
-3.097
-3.277
3.028
-0.469
0.916
-2.032
-0.240
2.751
-0.400
-0.320
-2.296
-2.360
2.191
-1.798
-0.874
-3.191
-3.540
1.510
-0.645
-0.580
-3.906
-2.128
2.535
-1.846
-0.373
-1.996
-1.936
2.789
0.385
-0.951
-1.442
-2.546
1.806
-0.670
-0.649
-1.133
-3.089
0.317
-1.421
-0.084
-2.953
-2.945
-4.393
-3.279
-2.173
-2.003
-5.156
-4.706
-1.915
-5.237
-4.230
-2.440
-5.344
-4.087
-5.758
-3.963
-2.168
-2.016
-4.249
-3.183
-5.909
-2.442
-2.226
-4.324
-2.502
-5.646
-5.295
-3.429
-4.637
-1.323
-4.001
-3.292
-4.040
-2.589
3.408
-4.127
-3.189
2.522
-4.541
-3.484
4.410
-3.842
-0.894
5.325
-4.526
-1.479
4.896
-3.822
-1.909
4.562
-4.695
-2.168
2.673
-4.395
-3.642
2.222
-4.574
-2.166
3.093
-4.154
-2.298
5.058
-1.220
-4.616
-2.513
-3.349
-4.629
-2.590
-2.192
-5.037
-2.105
-1.536
-3.888
-1.026
-3.814
-4.168
-3.237
-2.315
-5.591
-2.545
-2.940
-4.047
-2.163
-2.703
-3.744
-3.606
-3.156
-3.031
-3.470
-2.338
-4.217
-1.704
-1.786
1.935
-3.868
-2.884
1.175
-5.975
-3.528
0.084
-2.895
-2.535
-0.847
-3.780
-2.075
-0.144
-6.360
-2.208
0.256
-4.299
-2.231
1.767
-3.525
-3.040
1.479
-3.973
-1.704
1.878
-5.469
-0.863
1.287
-2.419
0.339
-3.647
-1.944
2.475
-3.651
-2.301
1.215
-3.007
-4.008
1.896
-2.151
-3.216
0.849
-1.738
-1.348
1.860
-5.087
-2.862
0.591
-2.028
-1.477
2.471
-1.530
-1.164
0.323
-3.041
-2.605
1.526
-0.674
-1.046
1.590
-1.902
-1.957
0.606
-2.580
-3.154
0.855
-1.301
-2.401
2.501
-1.799
-0.351
1.894
-1.839
-4.508
0.853
-2.773
-3.960
0.952
-2.293
-1.946
0.738
-2.883
-1.724
0.623
-2.507
-2.122
1.218
-0.937
-2.901
