4.692
5.797
4.821
5.857
3.841
4.764
2.507
6.961
5.262
4.940
6.072
6.011
7.036
1.305
6.052
5.427
6.792
3.995
5.243
4.199
5.138
3.285
3.735
2.422
4.428
2.317
3.569
4.480
3.331
2.309
-0.875
-1.339
-2.344
-0.436
-0.705
-2.500
-1.247
-1.235
-0.433
-1.878
5.327
6.319
5.661
6.916
6.320
7.171
6.037
7.298
6.732
5.244
6.252
6.831
3.326
2.395
2.199
4.047
-1.117
4.583
5.661
3.311
1.807
3.443
1.669
2.498
2.955
3.279
1.639
2.430
1.846
3.166
3.367
3.019
3.108
-0.699
1.794
3.537
1.620
1.087
3.318
2.689
2.020
4.460
1.820
1.922
1.644
1.948
2.417
3.463
1.784
1.901
-2.581
-3.530
-2.667
-2.500
-3.382
-2.847
-1.858
-2.475
-3.303
-3.010
2.487
1.634
4.256
3.022
1.897
1.220
2.420
1.927
1.929
2.718
4.591
2.716
2.601
2.314
2.307
2.005
3.422
4.172
1.726
2.562
4.237
3.241
2.944
4.327
3.753
2.516
3.722
2.625
3.605
3.391
4.014
3.333
5.993
3.807
3.459
3.766
3.025
5.078
2.612
2.917
4.027
4.981
5.769
0.673
4.032
3.417
3.243
5.193
4.563
4.103
2.780
4.896
2.575
3.140
2.395
1.855
3.523
3.249
1.558
3.206
-1.432
-0.943
-1.828
-2.661
-2.184
-1.078
-1.447
-0.567
-1.759
-3.123
2.882
2.150
0.069
3.293
2.351
2.062
2.497
2.755
-0.534
0.784
3.222
5.762
6.583
5.900
6.768
7.246
6.212
6.654
4.930
0.793
-0.649
4.772
6.883
6.661
5.353
5.812
5.181
6.422
4.099
3.961
2.569
3.519
2.622
0.036
2.925
3.135
3.699
2.337
3.655
2.835
5.135
6.009
4.070
6.543
6.516
5.903
5.078
5.848
5.691
5.505
4.448
5.822
4.554
4.333
6.272
5.370
5.973
4.324
4.508
6.090
5.939
6.264
6.334
4.346
7.584
6.150
5.085
6.791
6.874
7.958
3.009
2.386
0.981
1.568
2.383
2.367
3.201
3.468
2.662
3.128
7.884
6.414
7.156
6.733
6.960
7.932
5.988
6.405
6.274
3.178
3.763
2.905
5.033
3.695
4.730
3.444
4.379
4.311
3.579
3.727
5.670
5.906
5.932
5.244
5.169
5.559
4.984
2.413
4.083
4.938
5.192
4.327
6.605
6.774
6.764
7.342
6.561
5.331
4.413
5.221
2.435
1.718
4.459
1.749
2.494
3.954
3.044
1.454
3.993
4.018
5.697
6.273
7.463
2.226
6.807
6.772
7.723
5.660
5.593
2.345
0.854
0.064
-0.421
0.663
-1.347
0.342
0.790
0.098
-1.844
1.475
1.784
0.516
1.879
2.217
1.477
0.589
1.167
-0.390
0.738
0.896
3.647
6.381
4.599
2.132
4.587
6.358
6.036
6.230
3.897
6.983
