-6.838
-3.131
-4.036
-4.730
-5.326
-5.332
-6.024
-5.427
-6.109
-5.102
-8.616
-5.654
-7.057
-6.759
-7.286
-5.587
-7.089
-3.573
-3.602
-3.335
-5.940
-3.993
-9.155
-1.049
-9.876
-2.194
-8.281
-2.340
-4.095
-2.264
-12.681
-2.325
-5.176
1.376
-11.189
-3.338
-5.484
-2.209
-6.610
-2.174
1.813
-1.455
4.927
-7.232
2.173
-6.262
3.628
-6.097
0.978
-5.816
0.381
-4.920
-0.897
-5.262
-0.605
-8.732
2.553
-6.134
0.302
-9.469
3.541
-6.594
2.909
-6.208
3.624
-6.029
1.822
-6.309
3.165
-4.988
5.553
-3.360
4.424
-3.284
4.478
-5.637
2.779
-7.088
5.085
0.108
1.286
-9.037
-6.588
-3.983
4.061
-6.557
-1.607
-3.201
3.413
-7.643
-6.837
-5.128
1.799
-7.987
-6.195
-8.107
1.535
-7.033
-4.604
-6.377
4.020
-9.071
-0.961
-6.448
4.405
-8.285
-3.559
-5.159
-1.018
-12.254
-10.103
-4.433
2.430
-9.456
-5.779
-6.577
2.200
-8.102
-2.235
-4.049
1.306
-7.125
-4.667
-4.327
3.757
-8.221
-4.092
-9.728
3.475
-8.405
-3.848
-8.222
2.801
-8.273
-4.693
-6.360
3.784
-5.970
-2.340
-7.336
4.680
-5.670
-0.545
-5.973
4.842
-9.992
-6.439
-9.757
1.774
-11.386
-9.137
-7.312
-0.722
-7.986
-6.997
-8.001
3.279
-7.281
0.299
-6.465
3.142
-6.467
-4.001
-6.906
5.284
-4.409
-0.342
-4.427
4.804
-7.662
-1.518
-8.393
6.011
-6.638
-4.370
-7.199
2.649
-6.831
-6.306
-5.611
4.381
-4.244
-2.261
-5.780
4.988
-3.345
-1.653
-5.568
-0.020
-6.043
-6.786
-4.701
3.735
-5.625
-5.196
-5.241
2.975
-4.563
-2.507
-8.717
-2.355
1.014
-1.926
2.160
-5.723
-4.125
-6.046
0.725
-4.915
-0.872
-3.301
-0.737
-5.446
-2.451
-8.353
1.830
-1.760
-2.693
-3.293
5.987
-3.323
-0.137
-3.516
3.030
-3.951
-4.909
-6.144
3.221
-5.904
-3.945
-5.483
2.995
-0.495
-2.229
-4.007
1.316
-4.875
-3.221
-4.882
1.637
0.390
-5.321
-7.618
-7.953
-2.079
-3.056
-6.288
-3.277
2.890
-2.008
-7.563
-5.405
3.432
2.313
-1.430
-0.955
0.939
-6.497
-5.062
-4.467
1.645
-1.864
-7.473
-4.500
3.150
-1.872
-5.571
-3.796
0.124
-3.211
-7.605
-4.631
0.591
-5.529
-6.262
-8.502
3.977
-2.549
-4.280
-2.729
-3.799
-6.850
-1.033
5.398
0.730
-2.165
0.828
4.606
-2.376
-1.962
-1.322
2.196
-1.854
-5.278
0.637
4.703
-0.331
-3.700
-1.003
5.336
-2.634
-5.758
-0.608
5.851
-2.021
-4.070
-4.999
0.615
-5.028
-5.797
-2.565
4.780
-4.437
-7.722
-4.101
2.509
-0.102
-2.730
-3.359
3.888
2.067
-6.840
-4.691
0.532
2.751
-3.932
-3.022
2.448
3.621
-3.221
-4.047
0.275
1.898
-6.558
-5.442
-1.201
0.522
-6.973
-4.946
-0.982
1.384
-7.428
-4.725
-0.683
0.990
-3.747
-1.072
2.647
0.604
-7.418
-4.679
0.319
1.390
-5.768
-3.216
-1.473
-2.627
-8.323
-5.017
-1.314
4.874
0.450
-1.482
1.981
3.407
3.148
-3.950
-0.031
1.916
-0.188
-5.147
-2.475
0.487
-4.210
-5.548
-3.222
3.313
2.913
-1.165
2.254
1.407
1.502
-1.712
-1.041
-0.504
-1.332
-3.695
-1.587
0.182
0.486
-5.556
-2.477
3.160
1.803
-3.999
-1.143
-2.664
-2.649
-9.538
-7.174
-3.454
-6.956
-9.362
-1.857
-8.150
-8.834
-3.517
-8.371
-9.840
-1.997
-6.600
-10.802
-3.435
-9.948
-9.087
-4.486
-10.219
-10.440
-0.552
-6.188
-7.966
-3.063
-7.684
-7.387
-3.398
-8.839
-8.244
-1.727
-9.950
-11.978
1.485
-2.386
-7.756
5.103
-0.072
-10.600
2.688
-2.432
-7.808
4.639
-1.077
-9.664
-0.875
-5.896
-9.323
2.749
-1.324
-7.089
2.110
-3.198
-7.020
2.757
-3.457
-8.884
2.837
-0.920
-12.133
4.700
1.132
-10.274
5.993
-1.017
-9.295
2.620
-4.640
-8.295
2.599
-3.295
-9.490
5.131
-0.608
-7.655
2.106
-4.247
-9.631
4.765
1.879
-6.603
1.309
-5.733
-10.529
-3.183
-5.653
-2.537
4.408
-0.333
-9.497
5.940
-0.120
-6.698
5.385
-2.274
-2.155
4.976
1.042
-0.363
5.892
-2.176
1.828
5.951
-0.336
-0.904
4.400
-0.795
2.181
2.363
-2.517
-3.291
5.850
-1.702
-3.972
5.833
-4.127
-0.058
6.195
0.723
-0.104
6.877
-1.291
0.107
-4.217
-6.768
5.437
-2.935
-7.470
4.719
-4.797
-6.931
5.762
0.544
-5.537
5.694
-2.724
-7.426
4.754
-1.379
-8.955
3.275
-0.567
-9.233
3.148
-0.078
-8.036
3.793
-2.497
-4.774
5.297
-4.433
-4.592
4.121
4.394
-0.045
-0.016
6.663
-1.220
-0.356
6.510
-1.489
2.163
4.835
-1.851
-0.916
5.313
0.488
-0.548
2.612
-2.120
-2.636
4.594
1.522
1.723
2.857
1.905
2.848
4.137
-1.113
0.480
1.588
0.863
1.059
-5.360
-6.007
-7.164
-0.150
-1.364
-6.812
-4.578
-5.691
-1.284
-4.553
-8.352
-7.171
-5.576
-1.191
-3.322
-6.515
-5.149
-6.322
-1.689
-1.967
-5.485
-4.049
-7.157
-3.024
-1.419
-9.220
-6.623
-6.969
-1.693
-2.582
-4.166
-3.301
-5.946
-0.668
0.243
-3.118
-0.713
-2.902
0.682
-0.137
-4.402
-5.241
-7.012
-2.352
-1.013
-6.883
-4.384
-6.135
-0.038
-2.421
-5.523
-5.118
-4.812
4.157
-5.182
-8.207
-5.247
-7.394
2.495
-6.897
-6.824
-4.801
-8.418
2.678
-4.924
-7.447
-4.658
-5.821
3.378
-5.038
-6.163
-6.693
-7.357
3.783
-6.813
-7.980
-6.552
-7.375
2.883
-8.990
-7.399
-4.656
-6.338
4.228
-4.422
-6.156
-5.309
-7.051
4.229
-6.288
-6.838
-7.265
-5.769
2.668
-7.425
-10.899
-6.521
-6.246
-0.100
-9.565
-6.377
-2.604
-2.824
-2.631
2.343
-5.526
-4.646
-7.172
-4.942
4.389
-6.748
-9.221
-8.272
-7.388
1.629
-8.258
-6.271
-7.261
-9.465
3.135
-3.283
-6.313
-5.375
-5.235
5.081
-6.603
-6.185
-5.926
-6.245
5.500
-6.123
-3.855
-5.071
-3.076
5.565
-8.121
-5.325
-6.063
-5.836
3.048
-5.755
-4.332
-4.621
-5.617
4.246
-9.365
-8.310
-4.928
-6.385
2.058
-6.535
-3.846
-6.322
6.451
-2.133
-6.599
-2.715
-3.268
7.057
-2.528
-5.387
-1.735
-4.848
6.526
-2.550
-7.880
-3.988
-4.584
2.843
-0.316
-3.423
-4.766
-4.264
2.334
-1.737
-3.632
-1.883
-4.323
4.704
-1.724
-5.481
-4.521
-5.494
-0.855
-4.681
-6.221
-2.846
-5.226
5.456
-1.271
-5.679
-4.426
-4.139
3.850
-4.022
-3.204
-2.951
-3.389
7.619
-0.067
-5.846
-10.162
-6.753
-0.915
-7.809
-6.140
-8.646
-6.421
-0.274
-10.101
-4.021
-5.896
-4.780
6.077
-5.276
-5.952
-8.684
-8.413
0.333
-8.174
-2.836
-4.218
-1.242
3.337
-6.259
-5.879
-5.041
-5.844
3.333
-5.162
-5.232
-2.581
-2.787
3.741
-3.957
-5.039
-6.593
-7.263
2.951
-6.938
-7.819
-8.013
-6.708
-1.323
-9.482
-5.554
-7.486
-6.730
1.650
-9.176
1.428
2.071
-5.911
7.012
-6.174
1.697
0.473
-8.295
3.178
-7.704
0.045
2.371
-4.997
4.317
-6.080
-3.302
-1.404
-8.218
3.790
-7.626
-2.342
0.337
-8.448
5.023
-4.049
2.558
2.089
-7.175
4.836
-7.833
4.597
1.924
-7.415
4.879
-6.697
-4.001
1.878
-2.911
2.981
-4.502
2.919
0.043
-7.360
3.786
-6.237
0.620
2.001
-6.126
5.732
-1.254
-7.873
-6.471
-12.101
0.924
-3.671
-7.016
-6.543
-9.342
0.405
-3.939
-8.097
-5.185
-10.701
-0.794
-2.186
-8.867
-8.736
-12.294
-2.508
-3.766
-7.917
-4.328
-11.238
2.033
-4.789
-7.187
-7.194
-10.516
-1.758
-4.137
-6.905
-4.414
-9.340
-1.699
-2.575
-5.440
-4.812
-8.491
3.703
-5.655
-7.874
-6.565
-10.035
-0.707
-3.767
-7.542
-9.175
-13.145
-3.100
-10.868
5.408
-1.086
-6.819
-4.599
-10.682
6.466
-0.600
-7.998
-2.666
-10.954
4.667
-2.343
-9.085
-4.154
-9.845
4.694
-0.472
-9.698
-4.527
-9.653
6.339
-0.088
-12.019
-2.421
-10.813
4.978
-4.063
-8.207
-4.862
-11.901
5.777
2.069
-4.053
-2.286
-5.949
4.347
0.733
-8.056
-3.300
-9.790
1.705
-1.313
-9.829
-4.798
-10.698
4.590
1.307
-6.827
-3.208
-8.392
-5.563
0.453
-5.727
-2.864
-2.377
1.690
3.572
-8.595
-2.189
-7.782
-1.725
2.757
-8.398
-2.365
-3.989
-0.058
2.859
-6.963
-1.845
-7.783
-0.611
0.546
-5.741
0.470
-2.823
0.326
4.320
-7.640
-1.076
-4.698
-2.018
3.727
-6.620
-1.517
-4.681
0.746
1.280
-10.009
-1.953
-7.503
-2.658
-1.291
-11.126
-3.080
-6.720
-0.971
0.026
-10.631
-1.740
-7.925
-0.103
7.142
-0.034
-3.415
-8.846
-0.971
7.056
0.199
-4.447
-5.936
0.310
7.283
-0.027
-4.592
-7.568
-2.035
6.061
2.214
-2.992
-5.736
1.704
6.238
-2.030
-4.348
-9.516
1.359
4.586
-2.855
-4.815
-8.843
2.907
2.943
-4.044
-2.595
-6.718
-0.276
7.413
-3.588
-2.853
-9.209
-1.920
5.544
-3.290
-3.768
-9.082
-3.961
4.464
-1.869
-5.604
-8.970
-5.212
-7.287
-5.077
-4.886
-9.659
-8.811
-2.214
-9.533
-6.818
-3.378
-10.132
-5.515
-9.425
-8.719
-6.492
-6.562
-7.676
-6.552
-8.290
-5.674
-4.860
-6.308
-5.263
-6.316
-8.052
-7.095
-5.944
-5.027
-6.652
-6.548
-12.949
-6.926
-4.849
-14.946
-7.926
-8.579
-12.813
-7.042
-4.726
-12.553
-6.264
-4.761
-13.176
-8.198
-5.374
-12.045
-7.061
-5.357
-13.531
-8.969
-3.753
-14.610
-9.658
-6.992
-14.780
-5.962
-6.575
-11.880
-4.562
-2.349
-7.720
-11.454
-3.762
-6.991
-12.647
-6.584
-6.763
-9.550
-4.169
-4.526
-8.606
-3.430
-7.561
-6.126
-4.874
-3.592
-10.254
-4.949
-5.684
-11.182
-5.275
-6.780
-8.954
-5.087
-6.703
-11.292
-7.729
-7.028
-10.791
-6.432
4.801
-3.561
-9.832
4.892
-3.452
-8.826
2.203
-3.601
-9.194
5.893
-4.605
-8.503
5.455
-3.228
-10.045
4.642
-1.374
-6.620
5.247
-1.754
-8.287
6.779
-2.704
-9.673
5.074
0.471
-8.006
6.443
-1.890
-7.682
-1.718
-4.782
-6.435
0.359
-2.798
-6.942
2.355
-3.655
-7.384
-0.181
-7.167
-8.707
0.380
-4.209
-5.009
1.803
-6.135
-7.567
0.215
-3.934
-3.142
0.905
-3.765
-3.233
0.135
-5.124
-6.098
-3.042
-2.242
-6.649
-3.300
-4.071
-6.198
-2.892
-4.080
-5.821
-3.047
-1.766
-6.737
-2.066
-2.361
-7.869
-0.938
-3.574
-8.556
-1.553
-3.473
-8.654
-1.544
1.192
-7.894
-2.326
1.018
-9.015
-3.952
-3.202
-8.096
0.026
-1.209
-7.712
