-8.096
-6.399
-1.133
-8.500
-2.412
-6.267
-6.425
-5.051
-4.473
-1.711
-4.436
-5.461
-3.739
-2.156
-1.891
-4.199
-5.344
-3.020
-4.440
-2.940
0.043
-1.422
-1.780
-1.991
-1.631
0.905
0.838
0.154
-1.300
-0.052
0.998
2.820
1.376
3.979
2.164
-0.381
-2.338
3.054
1.565
0.954
-6.109
0.331
-7.597
-4.477
1.802
-5.592
-4.757
1.256
-4.841
-4.306
1.667
-5.405
-5.492
1.018
-7.016
-5.009
1.191
-4.369
-5.766
-0.315
-4.595
-2.677
0.359
-4.078
-2.584
-2.073
-5.357
-2.714
-2.216
-7.687
-0.035
-2.212
-5.752
1.052
-0.615
-5.458
-0.860
-3.497
-4.596
2.772
-4.098
-2.577
-1.847
-3.604
-1.419
-3.005
-0.102
-2.380
-4.327
-3.909
-2.051
3.654
-1.444
-4.453
0.749
-0.146
-3.413
0.110
-1.729
-5.856
-6.328
-5.026
-5.599
-8.845
-4.407
-9.257
-7.909
-7.328
-6.619
-7.652
-3.078
-9.516
-6.519
-3.580
-7.786
-6.005
-4.298
-6.735
-9.862
-6.889
-7.294
-6.891
-4.903
-8.646
-9.419
-4.216
-10.173
-5.314
-3.279
-7.458
-10.060
-11.649
-7.971
-6.539
-5.473
-4.292
-8.696
-9.406
-6.653
-5.795
-9.150
-6.103
-3.719
-7.825
-5.125
-6.340
-9.967
-6.139
-3.903
-7.466
-3.331
-6.957
-7.636
-6.478
-6.747
-8.468
-5.958
-4.911
-9.617
-7.050
0.080
-3.199
1.231
1.319
-4.339
2.799
3.219
-3.335
-1.771
1.373
-5.666
-1.156
3.564
-1.186
2.711
2.720
-3.594
0.483
2.756
-1.712
3.626
-0.537
-5.827
2.116
0.691
-6.840
1.572
1.112
-5.828
0.161
-1.665
-2.899
3.906
-2.734
-4.453
1.976
-5.067
-6.293
4.638
-1.935
-3.700
5.224
-2.837
-5.255
4.083
-1.386
-1.955
4.212
-2.311
-3.681
6.737
-1.021
-2.863
3.716
-1.160
-0.551
3.089
-2.942
-4.091
4.160
-1.339
-7.207
-2.507
0.836
-4.637
-2.111
0.726
-4.606
-1.144
-0.955
-2.617
-0.364
-0.465
-5.016
-2.685
0.180
-7.133
-3.598
0.311
-7.662
-4.802
0.563
-3.333
1.857
-1.445
-8.396
-3.901
-0.866
-8.644
-3.911
3.645
-4.759
-1.159
4.099
-2.481
0.678
3.456
-3.740
-2.141
-1.796
-4.443
-1.423
0.908
-2.811
-0.414
2.163
-2.971
-1.309
4.354
-1.147
-0.294
2.499
-1.403
0.620
0.570
-5.501
-2.869
3.103
0.417
2.490
1.643
-9.170
-0.594
-10.741
-1.695
-6.236
1.555
-6.104
-1.105
-3.471
0.023
-6.785
1.266
-6.844
1.358
-7.364
0.447
-8.856
0.159
-9.319
-1.388
-6.508
3.445
-9.528
-0.103
-11.828
1.070
-8.898
-1.495
-8.592
-1.206
-9.517
0.578
-9.148
-0.102
-8.092
-3.499
-9.654
-3.820
-10.541
-8.816
-7.502
-6.837
-7.709
-7.985
-6.380
-5.545
-5.918
-5.731
-7.568
-6.181
-4.310
-5.912
-8.873
-7.422
-5.518
-7.766
-8.218
-6.285
-9.573
-2.105
-0.719
-6.016
-1.106
-5.711
-4.065
-4.118
-3.312
-5.531
-4.428
-2.420
0.172
-6.467
-1.788
-4.557
-0.166
-3.388
-2.315
-8.179
-4.384
-2.608
-4.103
-1.845
-0.604
-3.772
-2.042
-0.113
-0.085
1.009
-5.007
-0.167
-0.207
-1.854
0.071
-3.209
-3.482
-4.162
-4.150
-3.492
-2.188
-2.393
-3.099
-1.078
-1.921
-4.325
0.868
-1.617
-4.153
-0.955
-4.335
-5.300
-3.407
-0.239
-0.161
-2.850
-3.831
-4.353
-1.140
-0.273
-2.584
-7.027
-2.228
-4.596
-5.391
-6.436
-8.137
-5.528
-6.892
-6.316
-4.966
-3.373
-3.235
-7.695
-6.916
-6.091
-6.382
-6.145
-6.579
-6.515
-4.516
-7.308
-5.654
-2.862
-5.347
-6.880
-9.073
-7.010
-5.223
-4.487
-3.521
-2.677
-3.876
-4.883
-5.491
-4.529
-3.728
-4.494
-3.841
-4.030
-2.094
-8.718
-8.047
-5.361
-7.948
-6.887
-5.515
-5.681
-9.499
-7.318
-5.356
-2.447
-8.113
-7.201
-4.638
-2.891
-8.188
-4.133
-3.748
-2.108
-5.348
-5.296
-6.681
-5.205
-6.557
-4.593
-1.981
-3.346
-6.410
-5.338
-5.608
-3.002
-8.365
-5.681
-7.939
-4.698
-10.494
-6.211
-2.435
-3.163
-6.411
-1.634
-5.903
-3.025
-1.066
-2.863
-8.883
-5.345
-2.854
-4.700
-9.611
-6.131
-7.331
-3.615
-5.608
-4.038
-5.635
-4.892
-6.035
-6.859
-3.755
-0.826
-6.082
-5.577
-2.341
-3.917
-5.029
-5.303
-3.418
-3.317
-7.380
-7.954
-4.649
-1.359
-6.655
-6.228
-1.966
-5.238
-5.873
-5.696
-3.619
-5.282
-1.274
-3.374
-4.436
-6.631
-0.825
-1.420
0.163
-10.520
-3.609
-3.853
-4.124
-9.796
-4.218
-2.688
-4.943
-6.799
-1.608
-0.907
-2.861
-9.630
-4.637
-4.574
-4.472
-10.610
-2.464
-5.285
-4.779
-8.595
-2.700
-1.119
-3.845
-6.798
-1.769
-1.476
-3.284
-7.728
-4.502
-3.351
-3.655
-2.615
-4.232
-4.181
-2.127
-2.569
-2.799
-1.161
-2.216
-2.105
-6.824
-5.037
-3.615
-1.836
-5.065
-3.839
-4.820
-0.817
-5.184
-1.048
-2.966
-4.087
-4.317
-3.861
-4.183
-1.773
-4.290
-1.725
-5.316
-5.240
-8.998
-3.786
-5.119
-5.397
-5.590
-1.174
-7.613
-0.680
-7.112
-2.502
-3.501
-5.359
-2.021
-6.060
-6.325
-6.789
-6.817
-8.101
-9.434
-8.428
-3.558
-7.622
-7.410
-1.672
-2.745
-5.149
-9.051
-7.286
-0.616
-5.317
-4.950
-5.781
0.496
-4.811
-4.927
-5.408
-4.047
-7.513
-9.298
-4.206
-4.864
-6.421
-7.448
-8.387
-1.230
-6.522
-6.605
-9.065
-3.557
-5.425
-3.542
-5.148
-7.559
-0.048
-5.022
-5.359
-6.663
1.820
-1.418
-6.907
-10.107
0.140
-6.683
-3.053
-7.715
-0.667
-4.300
-6.589
-5.833
1.932
-3.563
-3.064
-7.445
0.438
-6.424
-3.614
-5.104
-0.300
-5.785
-6.151
-6.552
0.139
-5.923
-1.783
-7.518
0.327
-6.930
-4.775
-7.831
-0.217
-4.305
-7.397
-4.750
-5.098
-1.630
-7.998
-5.262
-6.087
-2.928
-8.960
-3.086
-4.242
-0.114
-7.119
-2.692
-6.628
-1.187
-7.344
-4.989
-6.374
-1.217
-7.094
-4.435
-5.422
-0.916
-3.843
-2.302
-6.256
0.043
-6.315
-2.497
-5.038
-2.746
-8.414
-3.078
-3.825
-0.884
-10.232
-6.971
-6.039
-2.866
-2.072
-9.125
0.318
-10.535
0.421
-3.801
-2.750
-8.427
1.480
-9.357
-0.899
-11.091
-1.550
-6.704
-0.276
-10.522
-0.252
-6.297
-2.252
-7.932
-0.574
-5.248
-0.144
-9.773
-0.231
-6.876
-1.657
-9.517
3.092
-4.973
0.064
-11.501
-3.267
-7.780
-0.824
-10.202
-1.685
-5.698
-2.600
-6.491
-2.947
-4.393
-8.240
-7.568
-1.149
-2.536
-8.283
-6.940
-2.692
-4.228
-6.607
-7.373
-8.336
-7.226
-8.154
-7.860
-2.203
-3.205
-9.583
-6.960
-2.952
-4.487
-9.999
-2.804
-1.482
-0.673
-6.555
-3.990
-3.830
-3.961
-7.790
-7.459
-2.114
-4.620
-8.179
-6.756
-3.971
-5.386
-8.545
-8.245
-8.157
-3.508
-5.077
-1.857
-3.839
1.059
-6.762
-2.653
-6.887
-1.993
-7.458
-3.677
-9.548
-1.941
-9.282
-2.341
-9.156
-4.568
-9.747
-2.655
-3.607
0.171
-5.280
-2.599
-3.869
-4.354
-5.385
0.778
-1.122
-2.308
-5.651
-3.140
-3.442
-4.713
-8.147
-4.046
-7.079
-1.139
-4.828
-3.467
-8.540
-3.437
-7.524
-2.343
-8.354
-4.130
-9.192
-5.532
-4.593
-2.626
-7.870
-3.599
-7.802
-4.348
-9.491
-2.463
-9.957
-3.826
-6.400
-5.108
-3.831
-4.867
-3.758
-5.880
-2.084
-1.131
-2.643
-4.572
-4.919
-3.180
-2.755
-4.204
-1.326
-2.795
-3.753
-1.957
-2.389
-2.956
-4.889
-2.793
0.398
-3.774
-4.191
-3.972
-4.447
-2.762
-4.614
-5.725
-2.908
-3.924
-2.529
-4.433
-3.144
-1.668
-5.103
-4.806
-2.395
-2.148
-7.076
-7.150
-4.460
-4.474
-7.001
-5.482
-5.197
-1.778
-2.230
-4.493
-4.276
-5.263
-6.432
-5.000
-4.163
-5.612
-4.883
-3.057
-2.685
-5.373
-1.788
-0.966
