5.306
8.548
3.670
7.727
7.501
7.615
4.711
9.891
6.004
6.821
9.877
8.598
8.906
2.140
8.425
9.255
7.439
7.149
5.666
8.578
9.295
9.261
6.472
8.186
10.083
8.358
8.453
9.020
8.501
8.794
7.572
8.352
8.865
7.318
8.952
5.592
4.818
10.254
7.811
7.851
9.374
8.772
7.823
9.285
8.634
8.835
8.509
7.757
8.255
4.639
9.602
7.973
5.441
6.457
3.658
5.378
-0.481
9.110
7.787
5.809
2.987
3.750
-1.864
4.021
2.771
2.085
2.655
0.699
3.317
3.018
3.977
1.319
1.928
3.121
-2.056
5.379
-2.213
4.315
-3.810
3.364
5.698
7.571
2.623
2.073
5.800
3.720
5.461
4.300
5.634
5.225
5.723
8.618
6.386
5.180
9.899
8.105
5.746
4.326
6.730
7.746
3.899
4.377
5.984
5.476
2.412
1.976
0.663
3.877
1.740
1.528
7.305
7.128
6.243
6.014
6.757
5.785
7.437
5.027
7.366
6.695
3.972
2.068
3.668
7.153
5.811
4.010
5.836
4.875
5.653
5.150
4.537
6.435
6.475
6.178
4.018
3.601
6.808
7.390
5.054
4.114
7.329
2.869
7.505
3.365
-2.510
6.837
-5.383
6.695
-9.703
5.803
6.364
8.031
4.347
5.821
7.087
5.951
6.163
6.305
6.181
5.383
7.081
4.901
4.533
2.844
5.954
6.309
3.433
5.298
5.561
4.398
6.394
6.363
4.276
5.392
5.269
5.896
7.181
6.715
2.932
7.812
5.777
7.692
8.861
7.955
8.547
8.802
7.104
8.796
7.920
5.301
-2.975
5.492
7.097
7.030
6.491
7.283
6.544
8.946
3.243
4.325
6.530
7.357
4.930
4.957
4.625
5.540
6.966
5.807
8.302
6.559
6.677
8.210
6.503
8.541
7.980
7.174
6.917
7.398
8.137
7.449
4.431
7.161
2.693
3.207
4.335
3.337
5.294
1.170
0.531
6.779
9.163
9.247
8.899
7.597
10.056
9.204
8.469
9.175
11.502
11.824
7.457
6.219
3.462
5.210
5.989
6.529
7.819
6.966
6.902
7.187
10.744
9.314
11.661
6.928
11.232
12.284
8.435
9.213
8.849
4.640
6.408
5.500
8.444
6.643
7.361
8.461
7.557
7.503
4.802
5.357
6.495
8.861
7.287
5.012
7.976
8.021
7.700
6.082
5.844
6.781
7.913
7.000
10.136
8.944
10.210
10.373
9.494
9.213
6.660
8.766
8.437
7.875
8.153
8.281
8.901
9.628
8.247
5.343
9.947
8.425
8.842
9.161
10.400
3.922
8.414
9.127
8.358
7.955
6.459
6.478
6.825
5.034
5.966
7.281
3.687
5.926
6.900
7.448
6.290
7.045
8.474
8.500
8.247
8.192
8.290
7.464
6.144
4.825
8.429
6.065
6.690
9.683
6.632
5.665
6.304
8.034
8.110
7.741
6.499
9.735
