-23.238
-19.103
-9.268
-24.431
-11.006
-19.084
-20.061
-16.457
-15.531
-9.876
-16.952
-16.745
-14.444
-12.011
-10.422
-14.700
-16.510
-15.404
-16.852
-13.231
-6.018
-7.592
-9.760
-7.230
-8.322
-4.192
-3.555
-5.864
-6.930
-7.023
-1.388
2.666
-0.481
4.047
-0.264
-3.131
-7.295
2.484
-1.875
-0.410
-14.674
-4.980
-21.630
-12.049
-0.886
-18.030
-12.811
-3.058
-18.520
-11.934
-2.436
-18.913
-15.591
-2.491
-19.705
-14.548
-3.453
-16.990
-14.593
-5.832
-16.350
-10.207
-4.192
-15.219
-9.358
-7.675
-17.008
-9.648
-8.280
-22.146
-6.623
-10.200
-19.429
-4.758
-6.332
-17.558
-10.016
-12.694
-16.474
-0.248
-14.850
-11.115
-11.180
-12.671
-8.947
-12.509
-6.261
-13.094
-14.954
-13.806
-12.578
0.348
-8.988
-16.327
-5.382
-5.402
-14.594
-9.075
-7.698
-18.401
-19.364
-12.549
-15.257
-24.299
-10.727
-22.984
-21.973
-17.188
-18.805
-21.867
-9.114
-25.416
-20.104
-10.252
-21.027
-18.254
-11.188
-18.682
-26.572
-15.484
-18.684
-20.238
-13.362
-22.480
-25.702
-11.224
-27.018
-17.050
-9.401
-21.382
-25.133
-30.080
-21.023
-17.735
-17.682
-12.598
-22.282
-25.397
-18.609
-17.104
-25.286
-16.282
-12.709
-22.175
-14.324
-17.916
-27.164
-18.139
-13.562
-20.190
-10.234
-17.652
-23.919
-18.845
-18.602
-23.786
-16.644
-16.086
-25.975
-16.659
-3.669
-10.431
0.570
-0.741
-11.703
2.624
0.886
-10.368
-7.413
-3.333
-13.671
-7.408
0.355
-6.093
-0.016
-2.202
-10.231
-2.904
2.240
-7.718
1.696
-7.145
-13.651
-1.601
-4.135
-16.121
-0.660
-2.310
-14.746
-3.620
-8.022
-9.338
1.695
-8.505
-12.700
-0.175
-11.628
-15.714
2.978
-8.002
-10.822
3.271
-8.980
-14.210
5.345
-6.132
-7.880
2.865
-8.139
-11.310
6.493
-5.492
-7.942
0.866
-6.880
-3.781
1.994
-10.908
-11.094
5.386
-7.411
-12.969
-8.807
-2.048
-9.964
-6.879
-2.620
-10.614
-4.150
-6.751
-7.835
-3.823
-3.491
-11.662
-6.897
-4.883
-14.322
-11.543
-2.406
-16.500
-11.225
-2.721
-6.879
-1.487
-6.899
-17.227
-11.199
-6.332
-18.240
-12.102
5.097
-11.595
-2.834
4.011
-7.118
0.005
2.191
-9.638
-7.557
-6.170
-8.558
-7.092
0.252
-6.798
-4.512
1.111
-6.924
-6.385
5.682
-5.016
-4.053
0.216
-4.482
-2.024
-1.496
-13.647
-6.098
1.834
-1.701
3.366
-3.016
-25.591
-4.417
-27.901
-6.785
-17.930
-2.521
-18.351
-6.819
-12.280
-4.138
-19.861
-1.722
-20.346
-2.406
-21.474
-5.104
-24.203
-4.454
-25.324
-7.826
-19.461
1.984
-25.833
-6.168
-29.877
-3.558
-24.740
-7.908
-23.741
-7.332
-26.320
-4.272
-24.516
-6.048
-22.851
-11.724
-26.051
-11.032
-28.417
-20.540
-21.582
-17.167
-21.419
-19.377
-19.016
-15.514
-17.842
-15.681
-19.784
-17.010
-14.964
-15.339
-23.005
-18.647
-17.826
-18.465
-21.072
-15.436
-25.269
-10.417
-7.543
-14.713
-7.932
-15.527
-11.512
-11.089
-13.006
-14.220
-14.348
-8.513
-7.752
-16.597
-11.214
-13.973
-4.957
-9.658
-9.840
-18.826
-15.858
-7.177
-10.747
-5.604
-5.379
-8.719
-8.779
-3.215
-5.291
-0.734
-14.385
-2.742
-5.507
-5.203
-5.454
-7.690
-11.103
-9.746
-11.043
-8.314
-8.195
-7.168
-13.377
-4.792
-7.161
-10.891
-3.006
-6.668
-12.263
-5.137
-11.221
-12.075
-10.643
-3.055
-6.097
-7.660
-10.537
-11.616
-4.988
-3.094
-10.956
-20.860
-9.013
-20.584
-21.180
-19.332
-21.330
-26.880
-23.403
-19.150
-15.099
-21.699
-17.084
-21.833
-20.152
-25.305
-24.734
-18.911
-19.072
-28.291
-19.520
-20.464
-16.462
-21.525
-23.678
-19.724
-24.160
-30.338
-24.382
-15.963
-12.448
-20.254
-20.809
-15.944
-15.914
-20.882
-18.928
-15.656
-11.970
-23.852
-20.240
-25.285
-22.898
-24.725
-26.770
-21.292
-18.882
-22.953
-31.571
-21.803
-18.485
-12.708
-25.686
-21.942
-15.739
-18.572
-27.166
-15.027
-15.905
-9.634
-24.050
-17.229
-20.971
-20.505
-28.930
-16.262
-11.770
-19.158
-25.101
-17.827
-19.055
-8.520
-28.896
-18.753
-23.287
-22.523
-31.356
-19.436
-11.360
-21.213
-22.845
-9.761
-17.708
-8.882
-19.488
-13.003
-24.713
-14.871
-12.184
-16.868
-25.113
-16.176
-23.226
-14.464
-17.986
-12.161
-19.862
-16.801
-16.985
-17.353
-18.292
-8.391
-17.636
-14.743
-22.116
-15.237
-16.154
-14.563
-16.023
-14.181
-20.874
-20.150
-19.625
-9.473
-19.236
-16.126
-12.083
-18.347
-17.039
-15.793
-20.987
-15.635
-8.043
-10.980
-14.848
-19.768
-7.000
-8.800
-9.614
-27.253
-13.446
-10.410
-16.481
-25.978
-13.942
-8.489
-18.870
-20.232
-9.020
-2.019
-11.292
-26.074
-14.324
-12.739
-17.556
-29.307
-10.533
-10.799
-17.987
-23.035
-10.689
-6.290
-14.851
-19.566
-9.291
-8.217
-16.162
-22.008
-14.685
-13.918
-16.764
-12.719
-15.012
-15.768
-12.955
-12.284
-11.897
-8.410
-11.141
-11.245
-19.466
-15.401
-11.406
-11.035
-16.102
-13.659
-13.601
-8.881
-17.255
-8.105
-15.119
-15.940
-15.499
-14.204
-15.767
-10.795
-15.254
-9.238
-18.136
-18.001
-24.861
-11.663
-15.495
-17.479
-18.512
-7.783
-25.459
-8.294
-20.230
-11.404
-15.567
-13.430
-8.611
-21.425
-17.686
-18.375
-18.084
-22.166
-22.621
-21.183
-11.773
-22.040
-19.525
-8.261
-8.944
-18.602
-23.171
-17.544
-6.062
-19.959
-16.040
-15.786
-4.984
-17.715
-14.493
-16.891
-12.392
-22.929
-23.214
-13.512
-13.701
-20.360
-19.638
-20.129
-8.183
-22.306
-18.438
-20.927
-11.460
-19.152
-12.167
-12.816
-21.112
-11.699
-16.226
-11.841
-18.904
-7.491
-8.525
-15.832
-25.931
-8.483
-19.737
-8.851
-21.136
-12.052
-13.043
-14.924
-18.021
-7.824
-13.214
-7.960
-21.090
-10.427
-18.145
-9.429
-16.488
-11.554
-18.675
-14.489
-17.995
-11.112
-17.549
-7.041
-21.674
-11.313
-19.907
-12.428
-21.526
-12.955
-14.652
-17.057
-11.153
-14.440
-14.603
-17.787
-11.719
-15.065
-14.602
-20.555
-7.911
-12.844
-10.322
-16.991
-8.078
-18.079
-9.911
-18.659
-11.711
-16.426
-10.207
-17.011
-11.009
-14.889
-11.178
-9.658
-5.822
-17.366
-10.932
-16.375
-7.371
-15.112
-14.570
-19.120
-7.674
-13.136
-12.553
-21.649
-15.880
-16.792
-14.006
-6.488
-24.097
-7.675
-25.883
-3.230
-12.869
-14.211
-21.628
-1.206
-25.172
-12.501
-26.698
-6.743
-19.109
-8.651
-25.735
-3.733
-17.487
-14.097
-20.668
-5.551
-16.332
-8.494
-24.938
-4.640
-20.075
-11.020
-23.778
0.266
-15.412
-7.500
-27.169
-8.591
-20.259
-9.840
-25.138
-6.981
-16.878
-12.805
-18.095
-6.912
-11.168
-20.449
-20.474
-3.948
-7.918
-21.103
-20.039
-7.597
-11.038
-17.385
-19.766
-16.644
-17.379
-20.414
-20.923
-5.482
-9.523
-24.334
-19.626
-6.725
-10.838
-24.608
-11.205
-4.936
-3.957
-18.192
-13.426
-9.510
-9.409
-21.001
-20.418
-5.903
-11.923
-20.149
-18.358
-9.070
-13.321
-21.704
-22.594
-24.548
-13.844
-18.057
-10.775
-15.978
-3.933
-21.785
-11.702
-22.009
-10.099
-22.753
-14.330
-27.631
-10.481
-26.673
-10.834
-25.867
-15.939
-27.927
-11.823
-14.162
-5.466
-17.285
-11.487
-15.578
-15.540
-18.537
-3.866
-9.041
-10.419
-18.492
-12.459
-14.422
-15.381
-24.747
-13.318
-22.313
-8.313
-17.232
-12.993
-25.153
-12.650
-23.054
-9.906
-24.800
-13.629
-25.705
-16.539
-16.492
-11.765
-22.700
-12.576
-23.339
-14.870
-26.799
-10.091
-28.621
-13.379
-20.485
-15.980
-12.750
-14.303
-13.280
-16.660
-9.211
-8.221
-10.261
-15.009
-14.038
-11.312
-9.802
-13.200
-6.862
-10.051
-12.056
-9.419
-9.312
-10.881
-14.128
-10.682
-7.901
-14.384
-15.678
-13.631
-16.878
-11.473
-17.648
-17.607
-13.309
-14.784
-12.601
-14.394
-13.992
-8.811
-14.564
-15.523
-12.942
-10.772
-19.980
-18.438
-11.961
-13.313
-16.960
-15.401
-16.301
-9.854
-6.041
-14.609
-11.456
-15.543
-15.321
-13.504
-12.628
-15.149
-13.851
-12.427
-11.078
-15.521
-6.191
-7.627
