3.803
12.884
3.962
9.517
9.176
10.146
4.125
12.561
6.890
9.401
15.288
12.431
13.628
-0.450
12.274
14.611
8.818
9.639
7.401
12.157
11.451
10.662
5.649
8.918
13.780
12.519
10.388
11.170
11.191
10.704
10.801
12.932
12.177
9.919
13.360
6.400
5.681
17.318
12.235
10.942
14.290
12.689
9.924
13.163
12.412
11.888
11.832
10.742
11.386
3.831
13.306
11.253
6.135
8.825
2.824
4.874
-6.008
13.754
10.117
8.114
1.511
1.565
-8.156
4.874
3.473
1.702
1.256
-1.952
3.681
0.440
7.089
-0.316
5.045
4.713
-7.920
7.967
-7.253
4.251
-13.000
4.933
10.036
11.615
3.426
0.486
9.786
5.533
8.193
5.545
9.367
9.375
6.082
9.448
8.503
6.561
11.081
10.568
7.687
4.581
8.254
8.986
5.479
4.924
6.058
6.178
1.564
2.122
-1.629
4.238
1.115
-1.640
8.736
9.665
7.675
6.882
8.281
6.279
10.227
5.176
9.373
9.167
3.503
-1.972
1.829
8.723
5.973
2.289
5.827
3.102
6.884
5.678
1.612
4.653
5.283
4.018
-0.576
-1.313
4.257
5.311
1.624
-0.986
8.897
0.261
9.624
1.229
-11.108
7.673
-17.693
7.313
-24.846
6.323
8.916
9.696
3.504
4.879
8.534
7.803
6.725
6.900
6.387
5.032
8.706
7.463
6.605
1.324
6.564
12.315
3.612
10.057
8.960
6.161
8.776
6.252
2.854
3.140
3.810
6.650
6.923
7.143
0.602
10.205
4.867
10.447
12.317
9.861
11.790
11.681
7.415
11.179
9.414
3.922
-12.124
4.283
8.742
8.280
8.332
8.516
8.229
11.148
0.348
2.430
9.031
16.596
10.901
8.765
10.719
10.949
14.735
13.539
16.104
12.650
7.705
11.386
7.752
12.184
9.905
9.366
7.908
9.481
11.332
10.242
12.226
17.466
10.749
10.376
11.410
7.430
14.564
4.566
4.237
15.540
11.930
13.585
12.918
9.620
14.273
12.925
10.607
11.299
16.568
18.144
7.815
6.256
1.081
3.185
5.648
7.505
8.202
6.477
7.592
8.092
15.530
14.379
17.022
7.562
16.082
17.849
11.595
12.675
10.828
3.688
9.994
5.318
11.551
7.397
11.071
12.084
11.315
10.422
5.833
5.101
11.235
14.181
13.150
8.671
12.132
11.962
11.050
9.024
9.933
10.731
9.897
7.778
14.581
11.108
16.152
15.097
13.246
14.043
9.064
11.663
12.139
10.474
10.629
10.498
12.808
13.716
11.781
4.711
14.272
11.924
13.877
13.786
16.867
3.576
11.809
14.291
10.304
11.053
9.724
8.112
8.319
7.216
10.326
11.218
6.611
9.977
11.911
14.064
9.991
12.289
11.493
10.727
9.785
9.469
10.637
9.268
6.642
5.712
10.780
8.606
7.771
14.159
6.892
7.292
7.909
10.365
11.534
9.731
7.789
13.547
