-22.708
-15.343
-17.159
-17.701
-19.743
-18.783
-21.360
-20.333
-20.547
-19.767
-26.366
-21.456
-23.374
-21.961
-23.462
-20.148
-22.912
-15.583
-15.753
-14.750
-19.147
-22.190
-26.080
-16.788
-27.388
-18.272
-23.873
-19.607
-13.603
-17.129
-33.426
-19.603
-16.744
-9.311
-29.413
-21.139
-17.382
-17.286
-21.332
-18.346
-5.268
-5.841
-0.112
-17.285
-4.946
-14.046
-2.162
-14.761
-6.609
-14.790
-7.705
-11.710
-11.911
-12.016
-11.362
-19.047
-5.705
-14.541
-9.109
-20.346
-2.878
-14.923
-3.920
-14.674
-3.153
-14.145
-6.349
-15.408
-2.405
-13.084
0.844
-9.904
-0.701
-9.361
-1.493
-14.522
-4.283
-16.516
1.300
-2.851
-6.130
-24.012
-15.921
-12.313
0.248
-19.713
-5.830
-11.795
-1.251
-21.977
-16.524
-17.017
-4.929
-21.944
-14.569
-23.079
-6.584
-20.523
-11.711
-18.941
-0.583
-23.270
-4.520
-17.667
0.873
-23.391
-9.837
-15.832
-9.365
-31.496
-22.287
-12.047
-3.177
-25.839
-13.891
-18.972
-2.218
-23.942
-8.317
-14.653
-7.706
-19.303
-10.164
-16.646
-1.302
-21.852
-8.988
-26.710
-2.628
-22.236
-8.941
-25.673
-5.451
-21.520
-9.883
-20.264
-2.812
-16.378
-5.971
-20.772
-1.978
-15.584
-1.071
-18.987
0.469
-24.292
-12.897
-25.821
-5.277
-28.354
-18.603
-22.372
-11.738
-19.691
-15.190
-19.939
-3.041
-18.783
-1.389
-18.318
3.187
-20.264
-8.996
-21.349
3.249
-16.191
-2.722
-15.335
4.459
-20.854
-3.989
-23.170
7.575
-20.359
-10.083
-20.562
2.748
-20.523
-13.413
-16.885
2.636
-14.613
-5.839
-18.220
6.003
-13.842
-4.824
-17.207
-3.143
-18.379
-16.120
-14.792
3.888
-17.736
-11.333
-16.737
4.506
-15.310
-8.037
-25.272
-10.357
-4.604
-7.399
-6.465
-16.665
-15.852
-16.682
-8.523
-13.814
-8.493
-11.710
-12.407
-15.509
-12.259
-20.380
-6.865
-9.480
-12.409
-10.541
1.737
-12.157
-8.336
-11.110
-4.781
-12.076
-16.486
-16.293
-2.106
-17.325
-14.432
-15.768
-4.567
-6.973
-11.044
-11.148
-7.349
-16.678
-12.689
-13.844
-7.899
-11.268
-12.377
-18.442
-18.586
-8.495
-10.088
-14.059
-9.546
-3.019
-7.304
-17.509
-10.388
-0.457
1.174
-6.938
-4.655
-9.558
-15.104
-14.122
-11.593
-4.917
-6.631
-17.663
-10.580
-5.649
-5.066
-14.636
-9.602
-6.544
-9.653
-16.519
-13.439
-11.458
-12.417
-18.273
-18.798
-4.154
-6.414
-11.356
-7.908
-15.382
-15.498
1.581
-2.056
-3.887
-6.126
3.321
-2.124
-9.653
-7.708
0.657
-7.628
-8.453
-14.228
1.501
0.103
-8.398
-10.069
0.563
-0.095
-12.016
-12.659
2.344
-0.962
-9.165
-11.213
-8.690
-4.666
-16.365
-14.637
0.121
-4.400
-16.998
-17.844
-3.386
-7.180
-8.624
-8.628
-4.187
-1.966
-9.153
-14.678
-10.813
-4.134
-6.598
-9.976
-7.667
0.208
-5.739
-8.932
-9.837
-4.901
-8.426
-14.566
-12.144
-5.370
-11.480
-15.617
-12.615
-6.581
-10.823
-16.098
-10.538
-6.518
-9.574
-9.156
-3.384
-0.688
-8.307
-17.205
-10.281
-5.400
-10.125
-13.891
-9.927
-5.912
-18.936
-17.683
-12.034
-6.857
5.733
-3.524
-4.279
-2.368
7.147
1.064
-8.973
-4.031
4.126
-6.621
-13.517
-10.716
-0.408
-12.113
-13.702
-9.775
4.647
1.862
-5.276
1.721
3.291
-2.386
-7.244
-6.390
-0.680
-8.310
-10.661
-6.691
-1.346
-5.316
-11.062
-10.166
3.915
-0.706
-9.964
-5.497
-7.530
-10.058
-19.825
-17.946
-16.353
-19.208
-24.697
-12.974
-21.811
-24.122
-17.017
-21.243
-26.318
-15.400
-18.279
-27.882
-15.730
-24.273
-24.380
-17.632
-25.483
-27.161
-10.851
-17.556
-21.859
-14.690
-19.480
-19.721
-13.916
-23.116
-22.241
-11.418
-24.599
-30.989
2.391
-9.633
-21.476
8.486
-5.546
-27.518
2.260
-10.170
-22.249
6.879
-7.609
-24.906
-1.865
-16.148
-24.420
3.076
-7.701
-19.889
3.397
-10.886
-19.589
4.624
-11.077
-23.735
3.191
-6.508
-30.148
7.932
-3.542
-26.034
4.541
-8.172
-24.255
-1.791
-16.100
-21.842
-0.968
-13.816
-24.731
2.494
-8.257
-20.923
-2.283
-15.361
-24.207
4.884
-3.864
-18.640
-3.710
-17.339
-26.252
-11.412
-18.040
-9.281
2.597
-6.803
-24.527
4.754
-6.593
-18.568
4.966
-8.282
-10.920
5.630
-2.394
-8.134
8.101
-9.507
-2.967
6.427
-5.827
-9.790
4.701
-5.694
-2.612
-0.311
-8.407
-15.470
6.605
-8.038
-14.167
5.429
-10.885
-10.624
7.631
-2.394
-7.114
9.321
-7.168
-6.841
-10.773
-15.244
-2.380
-10.294
-15.981
-4.723
-12.265
-15.549
-3.131
-3.496
-12.455
-3.456
-10.183
-15.321
-3.559
-6.781
-19.516
-6.436
-6.802
-18.107
-7.109
-5.004
-17.451
-2.394
-8.190
-10.904
-1.794
-11.710
-12.564
-4.867
5.544
-4.097
-5.789
8.885
-6.947
-9.089
9.148
-8.658
-3.769
4.554
-9.088
-9.155
5.175
-2.901
-6.309
1.434
-6.848
-12.096
5.547
-1.331
-4.383
2.295
-1.597
1.007
4.181
-6.231
-3.833
-1.138
-2.636
-3.957
-17.468
-17.739
-18.916
-23.067
-20.599
-20.085
-16.070
-15.424
-26.308
-27.510
-24.408
-21.189
-14.846
-21.679
-24.416
-20.421
-16.702
-16.764
-20.086
-18.494
-17.708
-15.720
-19.705
-23.917
-20.471
-25.261
-19.743
-17.816
-23.177
-25.167
-14.419
-12.130
-16.143
-25.302
-16.926
-12.746
-8.647
-9.766
-19.471
-16.299
-15.939
-17.257
-18.043
-27.590
-19.605
-21.585
-15.784
-16.375
-17.964
-20.712
-17.925
-16.375
-14.200
-12.665
-23.290
-23.567
-15.965
-20.082
-16.030
-23.577
-20.699
-15.198
-22.483
-12.567
-16.703
-22.013
-16.109
-16.206
-15.780
-19.996
-18.909
-19.403
-19.354
-15.320
-24.125
-22.742
-19.289
-20.319
-17.399
-28.548
-22.216
-15.223
-17.739
-14.992
-18.289
-19.450
-16.469
-19.577
-10.647
-23.840
-20.080
-19.715
-17.423
-12.968
-25.171
-29.452
-19.265
-17.386
-19.108
-31.103
-19.243
-12.149
-10.020
-22.119
-17.597
-18.196
-16.097
-17.749
-28.661
-7.064
-20.887
-26.240
-20.858
-26.310
-11.061
-24.134
-20.193
-19.985
-31.795
-12.770
-13.767
-19.367
-15.360
-26.130
-8.505
-20.334
-18.793
-14.509
-28.112
-6.182
-18.868
-14.441
-14.487
-19.972
-8.994
-23.705
-17.803
-16.273
-28.408
-11.855
-17.692
-16.411
-13.279
-23.134
-11.669
-25.218
-24.338
-12.930
-28.829
-19.346
-20.697
-12.802
-16.442
-14.588
-13.179
-20.504
-10.139
-10.986
-13.235
-14.606
-18.028
-8.701
-13.449
-10.163
-16.085
-23.027
-13.890
-12.383
-18.172
-9.220
-13.625
-15.937
-13.047
-18.535
-12.906
-13.760
-9.975
-13.146
-13.481
-12.941
-17.768
-15.462
-16.177
-27.038
-23.603
-19.939
-9.974
-14.885
-15.046
-7.555
-18.584
-14.137
-11.391
-21.362
-14.540
-13.266
-10.507
-10.544
-12.538
-8.325
-19.068
-26.352
-19.284
-20.123
-26.850
-19.075
-23.870
-19.035
-21.231
-34.143
-15.630
-16.666
-14.737
-11.472
-21.636
-18.576
-22.930
-22.129
-26.800
-29.677
-12.858
-14.314
-7.549
-13.853
-22.285
-18.101
-15.085
-16.569
-18.499
-22.860
-17.526
-11.003
-9.684
-17.768
-22.774
-17.409
-18.701
-20.345
-19.085
-25.449
-23.419
-21.252
-19.986
-21.602
-28.895
-17.991
-20.212
-19.245
-19.888
-30.303
3.186
3.445
-17.154
-2.035
-17.336
3.536
-0.101
-23.384
-10.398
-19.470
1.504
3.482
-15.164
-7.457
-16.620
-5.730
-2.522
-21.903
-6.345
-20.704
-4.888
-1.294
-20.981
-2.784
-12.698
3.499
3.196
-18.980
-4.915
-20.459
6.344
2.556
-21.087
-6.468
-17.755
-7.707
2.317
-11.561
-8.596
-13.985
5.067
0.039
-19.395
-8.644
-17.024
0.756
3.150
-17.316
-4.391
-7.028
-19.245
-16.672
-30.231
-5.629
-13.732
-17.247
-16.530
-24.073
-8.342
-13.648
-19.474
-14.185
-25.491
-12.169
-9.783
-21.708
-21.752
-28.325
-11.825
-12.598
-19.359
-11.888
-28.095
-6.029
-15.038
-18.166
-18.706
-26.020
-11.073
-14.475
-18.075
-12.160
-22.465
-12.876
-9.134
-13.767
-13.813
-22.992
0.337
-16.992
-18.268
-17.371
-24.738
-9.875
-12.304
-19.236
-22.192
-30.919
-13.789
-26.514
2.444
-6.341
-19.594
-18.441
-25.519
5.176
-6.509
-22.818
-15.497
-26.399
0.993
-8.941
-24.185
-17.173
-23.058
1.082
-5.634
-24.619
-20.504
-23.987
4.906
-4.257
-30.199
-16.059
-26.141
1.290
-11.215
-22.235
-14.944
-27.388
3.200
-0.469
-14.704
-15.209
-16.110
0.524
-2.762
-21.560
-15.346
-23.665
-4.977
-7.931
-25.890
-19.634
-26.266
1.021
-0.974
-19.429
-16.607
-21.221
-13.598
-0.836
-16.040
-15.790
-8.821
-2.494
4.637
-22.304
-18.180
-20.638
-8.880
4.183
-21.725
-17.155
-11.341
-5.282
4.563
-17.912
-16.875
-19.676
-4.523
-0.697
-15.926
-12.116
-10.835
-4.258
6.545
-19.044
-13.068
-12.895
-8.274
5.309
-16.668
-14.269
-12.898
-4.350
0.966
-24.985
-16.546
-19.497
-9.883
-2.829
-27.306
-17.453
-17.712
-7.682
-0.060
-26.521
-15.923
-19.373
-5.973
7.361
-5.386
-16.917
-22.768
-7.146
6.175
-5.876
-17.866
-16.966
-5.397
7.230
-6.657
-18.803
-19.542
-7.065
5.845
-1.619
-15.826
-15.820
-3.725
4.348
-9.959
-15.731
-23.161
-2.305
2.768
-10.532
-18.963
-21.302
-0.627
1.234
-13.370
-14.363
-17.255
-4.882
7.973
-14.262
-15.644
-22.784
-8.826
3.641
-13.029
-16.625
-22.502
-12.859
3.334
-8.450
-19.937
-21.807
-17.329
-23.101
-16.293
-15.691
-27.608
-23.686
-10.584
-27.085
-19.507
-13.296
-28.364
-16.655
-26.934
-24.447
-20.130
-20.331
-23.164
-19.169
-23.894
-19.388
-16.578
-20.291
-19.296
-18.841
-22.934
-22.077
-18.649
-17.829
-20.263
-19.309
-34.357
-19.665
-16.988
-38.987
-21.552
-24.956
-33.999
-19.443
-15.830
-33.597
-18.620
-15.873
-35.285
-22.294
-18.215
-32.382
-19.224
-17.438
-35.104
-23.866
-14.136
-38.025
-25.017
-21.889
-38.464
-16.831
-20.262
-32.073
-14.554
-11.432
-23.913
-29.746
-13.643
-22.098
-31.661
-19.830
-22.122
-26.848
-14.167
-16.415
-24.317
-12.248
-23.400
-18.456
-16.249
-14.865
-28.231
-15.624
-18.103
-29.536
-16.851
-21.575
-24.806
-16.066
-20.950
-28.756
-22.573
-22.076
-28.735
-19.327
-4.846
-13.733
-25.428
-4.924
-11.753
-23.211
-10.118
-13.167
-24.210
-1.541
-13.183
-22.517
-5.071
-12.706
-25.634
-3.940
-7.572
-18.364
-3.831
-9.382
-22.676
-2.605
-10.434
-24.370
-5.266
-5.119
-22.100
-0.106
-9.981
-20.928
-16.640
-14.825
-18.395
-12.316
-10.367
-18.486
-6.532
-11.983
-18.924
-11.901
-19.471
-21.354
-13.951
-13.973
-16.059
-6.287
-17.228
-19.100
-12.514
-11.823
-10.269
-11.793
-13.654
-12.333
-12.187
-14.117
-16.081
-19.197
-10.191
-18.919
-13.537
-12.578
-17.191
-9.973
-12.882
-15.943
-13.562
-8.010
-18.675
-13.603
-10.206
-22.095
-9.013
-11.946
-20.943
-10.428
-11.164
-21.205
-13.140
-3.006
-20.849
-14.023
-2.428
-23.696
-15.644
-11.226
-21.001
-6.298
-7.383
-20.403
