-16.038
-12.423
-7.039
-17.748
-6.790
-12.971
-14.480
-10.230
-11.022
-6.953
-15.379
-11.690
-10.419
-11.052
-8.018
-10.465
-12.260
-12.653
-12.608
-9.953
-7.897
-9.146
-12.466
-7.014
-10.049
-5.897
-5.653
-7.520
-8.273
-8.250
-0.280
3.643
0.544
4.105
-0.052
-1.269
-5.158
2.963
-1.833
1.342
-11.094
-4.346
-18.758
-11.448
-0.777
-16.304
-12.642
-1.911
-18.222
-15.467
-1.152
-18.372
-15.137
-1.800
-16.869
-14.172
-2.664
-16.702
-11.837
-4.785
-14.659
-9.161
-3.107
-14.006
-9.655
-7.471
-15.082
-11.758
-8.295
-19.346
-9.734
-7.855
-17.340
-6.492
-3.874
-14.755
-12.629
-8.834
-14.918
-5.200
-12.190
-9.986
-12.545
-8.574
-9.264
-12.493
-5.075
-13.987
-15.569
-9.476
-13.664
-5.025
-7.606
-15.810
-10.870
-3.441
-14.641
-9.947
-2.966
-16.450
-14.562
-13.549
-11.691
-18.639
-11.214
-18.368
-15.514
-18.262
-14.567
-17.287
-9.173
-21.060
-16.265
-10.230
-17.345
-13.787
-10.606
-14.213
-20.415
-16.107
-14.031
-15.758
-14.116
-16.935
-20.790
-10.962
-22.513
-13.088
-11.160
-17.776
-21.446
-21.947
-19.639
-13.985
-13.038
-11.294
-19.644
-18.984
-17.101
-15.191
-18.903
-15.591
-14.778
-16.441
-12.771
-16.887
-20.062
-17.610
-14.329
-13.227
-8.824
-15.588
-20.113
-19.925
-15.076
-17.552
-15.713
-14.951
-19.569
-15.560
-1.807
-8.758
1.668
0.735
-9.565
2.223
2.145
-8.973
-5.741
-1.771
-11.579
-7.628
-0.835
-5.198
0.238
-1.540
-9.027
-2.182
2.327
-6.505
2.028
-4.011
-10.856
-1.012
-3.078
-13.458
-0.453
0.443
-12.379
-3.089
-7.002
-7.902
0.455
-5.868
-11.550
-0.554
-7.566
-13.342
2.194
-6.081
-9.347
2.217
-5.684
-12.560
4.229
-4.180
-7.134
3.003
-8.183
-10.007
5.344
-4.629
-5.961
-0.354
-4.969
-3.061
2.620
-7.947
-9.299
5.770
-6.771
-11.489
-8.124
-1.295
-8.816
-5.410
-2.172
-8.887
-4.109
-6.868
-7.931
-3.304
-1.815
-9.714
-5.607
-4.383
-13.950
-9.954
-0.789
-15.570
-8.405
-1.920
-7.059
-3.111
-5.856
-16.403
-10.143
-5.837
-17.503
-11.999
1.567
-11.073
-0.769
0.373
-6.672
1.151
1.231
-8.959
-6.630
-7.019
-8.704
-4.342
-1.479
-7.557
-2.316
0.292
-7.086
-4.018
3.787
-5.085
-2.787
0.154
-5.066
-0.368
-1.129
-12.565
-3.758
0.609
-1.975
4.647
-2.674
-20.160
-7.727
-20.249
-11.418
-11.789
-1.645
-12.925
-4.548
-7.786
-4.723
-14.105
-4.671
-15.084
-2.082
-15.952
-1.111
-18.208
-5.295
-19.081
-4.742
-14.331
2.656
-19.521
-4.537
-21.279
-1.863
-18.970
-5.352
-17.556
-4.482
-20.131
-2.578
-17.659
-4.145
-16.893
-6.869
-19.131
-5.514
-21.745
-22.812
-17.140
-16.396
-15.483
-20.993
-14.689
-17.034
-13.119
-15.513
-13.078
-16.838
-11.668
-17.163
-16.001
-18.114
-14.738
-20.775
-13.750
-15.458
-19.317
-11.276
-7.148
-13.154
-6.296
-14.669
-9.676
-9.785
-10.002
-12.836
-12.210
-7.911
-6.462
-15.464
-9.361
-13.674
-3.808
-8.516
-8.157
-16.636
-14.418
-5.178
-9.135
-6.821
-5.278
-6.509
-8.616
-2.722
-5.609
-0.424
-13.758
-1.849
-5.865
-1.415
-6.063
-3.914
-10.559
-7.901
-9.492
-6.672
-7.540
-7.431
-11.832
-4.062
-6.430
-11.730
-2.904
-8.875
-9.853
-5.714
-10.213
-11.137
-8.021
-4.370
-5.222
-6.420
-9.702
-10.036
-4.682
-3.274
-10.066
-20.353
-4.999
-22.022
-24.430
-17.803
-14.814
-29.886
-26.889
-17.680
-10.624
-23.482
-19.795
-21.206
-15.589
-28.139
-27.939
-18.388
-14.395
-30.884
-22.766
-19.340
-11.687
-24.154
-26.608
-18.113
-18.358
-32.978
-26.926
-15.549
-9.259
-21.821
-23.202
-15.564
-10.940
-23.205
-21.794
-15.580
-7.426
-25.152
-23.164
-24.051
-20.063
-27.737
-29.969
-20.932
-18.569
-25.392
-34.033
-20.821
-18.670
-13.998
-28.087
-21.191
-13.842
-20.901
-31.047
-14.407
-18.226
-10.583
-25.438
-16.902
-21.868
-22.142
-31.989
-15.473
-12.841
-20.293
-27.454
-17.331
-18.799
-9.840
-31.097
-17.702
-23.326
-24.930
-34.596
-18.342
-12.228
-23.052
-24.620
-9.738
-15.883
-2.688
-19.579
-12.910
-19.859
-8.683
-12.104
-16.088
-20.169
-8.779
-24.733
-13.246
-16.688
-6.889
-20.289
-16.388
-12.989
-9.599
-19.621
-7.961
-14.748
-7.513
-23.489
-15.239
-13.777
-7.946
-16.749
-13.490
-17.808
-12.341
-20.142
-9.433
-15.726
-8.847
-12.562
-18.425
-12.564
-9.469
-21.631
-11.967
-4.958
-12.987
-17.159
-18.781
-4.999
-9.519
-10.579
-23.556
-10.598
-11.885
-18.004
-23.164
-10.123
-10.031
-20.686
-17.299
-6.793
-3.116
-12.351
-23.280
-9.277
-14.390
-18.938
-27.462
-7.422
-11.630
-19.062
-20.139
-7.477
-6.405
-15.785
-17.266
-6.691
-9.510
-17.094
-20.972
-10.896
-16.351
-18.772
-13.192
-12.893
-13.524
-13.579
-12.174
-10.310
-6.898
-11.809
-10.995
-17.158
-10.664
-12.699
-10.316
-13.601
-10.179
-13.851
-9.093
-16.134
-6.273
-15.473
-15.035
-14.038
-11.258
-16.012
-11.465
-13.540
-6.853
-19.200
-16.447
-20.661
-6.027
-16.857
-16.684
-17.536
-5.482
-27.085
-8.133
-17.713
-9.139
-16.094
-15.565
-8.979
-23.991
-21.546
-22.363
-22.428
-24.092
-28.201
-25.561
-14.921
-25.040
-23.652
-10.837
-14.302
-21.636
-27.774
-22.152
-9.165
-22.329
-17.921
-21.214
-8.726
-19.197
-18.407
-23.580
-17.013
-25.241
-28.207
-18.945
-17.437
-23.454
-23.588
-24.530
-9.808
-24.233
-21.767
-24.575
-12.576
-20.465
-15.095
-17.379
-23.697
-13.940
-17.781
-16.420
-21.707
-9.882
-10.344
-19.513
-29.354
-10.944
-22.154
-13.462
-24.043
-14.752
-16.426
-21.181
-19.864
-9.124
-15.213
-11.232
-23.443
-13.845
-20.952
-12.533
-18.246
-14.381
-20.494
-19.545
-21.460
-13.725
-19.884
-12.259
-23.607
-14.313
-22.641
-19.545
-24.301
-14.960
-16.562
-19.638
-11.826
-18.232
-15.894
-18.804
-10.998
-20.427
-16.056
-26.224
-10.598
-16.333
-10.491
-19.062
-10.410
-21.630
-11.397
-22.829
-13.336
-21.065
-10.548
-20.154
-11.696
-18.952
-11.557
-12.922
-7.057
-20.803
-11.834
-21.226
-6.288
-18.100
-16.196
-23.764
-7.534
-15.406
-13.523
-22.956
-12.480
-20.321
-17.344
-12.362
-27.174
-10.854
-30.763
-8.122
-15.352
-17.308
-26.221
-9.065
-27.690
-15.282
-32.226
-15.310
-21.799
-11.525
-31.354
-9.491
-20.896
-17.200
-24.634
-14.408
-18.565
-10.646
-28.779
-11.102
-22.179
-13.677
-28.464
-8.614
-17.956
-10.002
-32.959
-18.873
-24.187
-12.858
-29.775
-15.271
-19.565
-15.405
-21.727
-7.566
-15.540
-25.209
-24.398
-6.710
-13.039
-25.304
-23.362
-9.450
-13.244
-21.583
-24.199
-17.194
-17.982
-25.017
-25.095
-8.441
-14.628
-28.190
-23.204
-9.125
-13.327
-29.114
-13.928
-10.161
-8.324
-21.468
-16.452
-13.549
-13.127
-24.210
-24.411
-7.003
-16.618
-25.073
-22.589
-12.877
-18.229
-25.885
-25.820
-19.537
-9.997
-14.679
-8.542
-14.151
-2.376
-17.864
-8.025
-17.947
-6.611
-17.435
-10.475
-22.205
-7.486
-20.593
-7.074
-19.055
-11.117
-22.280
-8.407
-10.387
-3.721
-11.835
-9.664
-12.684
-13.404
-14.434
-2.123
-6.654
-7.197
-13.525
-10.013
-11.195
-12.095
-19.542
-9.454
-17.790
-5.793
-13.325
-9.809
-21.268
-6.565
-19.810
-4.241
-21.621
-6.990
-20.708
-8.981
-14.365
-7.546
-18.379
-6.163
-19.386
-9.144
-22.806
-4.325
-25.358
-7.332
-17.864
-9.065
-14.190
-16.951
-15.080
-18.718
-10.527
-9.485
-10.811
-16.917
-15.971
-13.152
-10.410
-14.667
-7.680
-12.092
-13.467
-11.118
-11.550
-12.851
-16.295
-12.521
-9.227
-15.275
-15.239
-15.923
-16.552
-13.215
-17.506
-19.095
-12.515
-15.793
-12.107
-16.325
-13.381
-9.929
-13.534
-17.327
-12.168
-12.319
-19.397
-20.229
-12.561
-13.678
-17.095
-15.665
-15.838
-11.087
-4.997
-15.412
-11.524
-16.299
-15.592
-13.433
-12.994
-16.426
-13.726
-13.127
-12.781
-16.281
-5.986
-7.668
