0.547
8.534
2.341
5.800
5.699
6.798
2.314
8.583
4.533
6.383
12.900
9.764
11.216
2.918
10.727
13.141
5.736
8.854
9.243
10.600
8.524
7.288
3.254
6.030
11.128
11.365
8.085
8.536
9.131
8.008
8.818
12.887
8.332
8.316
11.878
3.670
2.731
15.958
11.072
8.803
10.890
9.380
5.771
8.354
9.741
7.264
8.307
8.323
7.494
2.550
10.709
9.660
5.667
7.885
1.736
3.552
-6.896
10.446
9.012
6.183
-0.542
-2.796
-5.609
1.231
3.511
3.866
1.489
-1.906
2.305
-0.871
6.735
0.283
7.052
4.326
-5.300
6.198
-4.683
2.657
-10.501
5.799
8.112
8.161
0.046
-2.192
6.533
3.527
4.907
1.623
7.026
6.263
5.025
10.538
7.279
3.790
12.148
9.519
4.389
3.076
8.404
8.974
4.979
3.515
5.069
6.188
3.038
1.860
0.672
5.174
1.798
0.713
7.323
9.135
6.804
6.388
7.440
5.242
9.178
4.293
8.753
8.612
4.341
-0.799
1.434
5.689
3.941
0.654
4.596
0.624
6.060
5.042
1.136
6.071
7.564
4.615
8.499
1.148
7.181
10.322
5.290
2.599
6.714
1.022
7.357
1.695
-7.229
5.648
-13.671
4.981
-16.796
5.320
10.146
7.372
3.366
1.285
9.598
7.956
6.498
5.287
5.271
7.759
6.699
6.362
6.123
0.971
5.095
10.487
2.698
7.859
7.102
4.978
8.156
4.301
1.533
0.577
1.705
5.521
4.243
5.209
-0.059
8.477
2.503
10.166
9.904
8.311
10.651
9.282
4.541
8.422
6.653
-0.285
-9.034
1.485
5.734
5.663
7.260
5.398
6.418
6.171
-0.437
0.619
8.550
17.785
9.886
7.199
9.232
10.857
15.352
14.654
16.766
12.020
6.465
10.156
8.460
11.806
9.954
9.903
8.924
9.236
11.292
9.506
12.038
17.334
10.152
10.440
11.721
7.280
13.904
3.196
3.892
15.467
13.432
13.620
12.846
9.957
15.415
13.523
11.892
13.460
18.626
19.342
7.573
7.259
2.909
5.751
8.784
9.162
10.784
9.577
7.803
11.157
16.759
13.646
18.670
8.320
17.575
20.166
11.361
12.823
12.190
2.635
10.533
4.540
11.204
6.553
13.065
11.875
12.881
9.986
6.433
3.974
9.814
14.257
12.103
7.608
11.368
11.003
11.297
8.589
8.817
10.946
7.638
4.456
11.246
7.050
13.667
11.738
9.654
12.231
8.304
8.511
10.404
8.819
8.338
7.271
10.690
10.719
10.507
3.949
10.944
10.212
12.703
11.419
14.292
5.675
9.458
12.728
6.135
9.519
11.105
7.249
7.500
5.799
9.629
9.896
4.469
7.930
11.697
12.530
7.229
10.660
11.670
10.966
9.671
8.690
10.347
8.674
6.298
5.096
9.777
7.800
7.619
14.419
6.912
5.951
7.453
10.595
11.942
9.403
7.194
13.583
