-16.058
-9.379
-12.299
-10.634
-14.175
-11.918
-15.606
-13.328
-13.383
-12.334
-17.807
-14.625
-17.228
-13.629
-15.992
-13.149
-15.294
-10.294
-11.274
-9.943
-12.682
-17.064
-18.847
-12.416
-19.135
-11.023
-16.591
-13.714
-6.037
-11.446
-23.972
-12.894
-9.716
-5.114
-18.952
-14.344
-11.031
-12.390
-15.564
-12.503
-12.314
-4.160
-8.999
-14.101
-13.851
-10.450
-10.621
-11.699
-14.062
-12.149
-16.195
-8.567
-22.179
-8.706
-21.335
-14.924
-15.571
-11.415
-17.181
-15.858
-12.205
-11.359
-12.390
-11.371
-12.940
-10.791
-15.819
-12.447
-11.009
-10.509
-7.242
-7.738
-9.314
-7.006
-11.454
-11.884
-12.444
-13.113
-5.297
-1.383
-18.694
-17.875
-14.542
-10.432
-9.065
-15.807
-6.617
-10.894
-10.981
-17.564
-15.622
-15.644
-11.654
-15.435
-14.477
-20.247
-17.926
-16.313
-12.358
-16.216
-11.717
-16.010
-4.113
-14.080
-10.033
-18.499
-10.426
-14.118
-17.283
-24.636
-20.889
-8.891
-11.684
-20.426
-14.476
-16.496
-11.645
-20.978
-8.955
-14.120
-9.901
-12.457
-13.802
-14.520
-7.943
-15.674
-11.622
-23.435
-6.953
-15.174
-11.279
-23.501
-8.063
-14.045
-12.191
-18.586
-5.945
-9.959
-8.816
-17.483
-5.302
-8.452
-4.384
-15.930
-6.960
-15.343
-14.579
-21.846
-8.113
-19.151
-20.385
-20.707
-10.984
-10.680
-15.767
-14.281
-6.878
-10.885
-3.830
-15.879
-2.586
-17.157
-11.432
-19.929
-6.416
-13.933
-6.085
-15.008
-0.128
-14.869
-7.062
-19.215
-5.647
-17.178
-12.286
-18.887
-4.598
-16.726
-14.631
-14.658
-6.670
-10.383
-7.740
-15.679
-5.842
-12.763
-6.705
-15.442
-12.246
-13.960
-17.584
-13.701
-3.384
-14.476
-12.974
-14.080
-3.897
-12.584
-9.519
-22.624
-9.459
-4.353
-7.968
-8.724
-18.377
-13.329
-15.642
-12.180
-13.473
-6.698
-10.363
-14.479
-11.813
-10.188
-20.187
-9.592
-11.328
-10.217
-10.522
-3.357
-14.271
-9.180
-12.315
-8.994
-9.786
-12.771
-15.854
-4.985
-13.125
-10.594
-15.454
-8.193
-9.410
-8.730
-11.902
-10.196
-15.552
-9.516
-12.395
-10.677
-10.927
-10.893
-15.810
-16.958
-7.375
-8.369
-13.338
-8.322
-3.299
-6.653
-14.261
-8.943
-1.211
1.031
-6.071
-4.813
-8.595
-13.329
-12.150
-11.513
-6.065
-5.331
-15.874
-9.741
-6.329
-3.365
-12.657
-9.416
-6.025
-8.454
-15.455
-12.756
-10.201
-11.131
-14.577
-17.942
-5.415
-5.309
-10.471
-7.050
-12.735
-12.803
-4.493
-2.782
-2.522
-4.141
-0.517
-3.139
-8.394
-6.710
-3.677
-6.757
-6.867
-12.262
-2.372
-0.930
-8.275
-8.316
-4.208
-0.662
-9.634
-9.370
-3.780
-1.540
-7.359
-9.139
-10.359
-4.063
-15.981
-12.145
-6.525
-4.525
-15.698
-14.912
-9.039
-5.840
-7.296
-7.103
-8.583
-2.859
-7.563
-11.677
-10.883
-6.348
-7.494
-7.769
-8.778
-1.464
-5.807
-7.425
-9.856
-6.972
-6.352
-11.743
-11.124
-5.979
-9.459
-13.011
-12.859
-7.754
-10.161
-13.406
-10.589
-7.578
-7.993
-7.119
-4.724
-2.170
-7.649
-14.559
-11.084
-6.672
-8.576
-11.912
-8.444
-6.777
-16.571
-14.326
-12.048
-7.164
2.439
-3.018
-5.830
-3.002
1.994
1.004
-9.988
-2.944
-0.227
-6.888
-13.152
-11.987
-1.497
-10.340
-11.958
-10.265
0.609
2.102
-4.825
0.740
0.010
-1.971
-7.222
-6.125
-1.493
-7.951
-9.881
-6.971
-5.045
-5.288
-11.592
-8.326
1.536
-0.318
-8.534
-5.909
-8.645
-8.851
-18.653
-15.620
-13.991
-13.726
-17.341
-12.514
-15.100
-17.497
-14.180
-13.951
-19.599
-12.879
-12.132
-20.617
-12.816
-15.904
-17.414
-17.194
-17.675
-19.731
-11.101
-12.162
-15.654
-15.110
-12.163
-12.567
-13.412
-16.318
-15.343
-9.889
-16.746
-23.046
-6.886
-5.581
-14.935
0.332
-3.611
-19.955
-6.255
-6.261
-16.242
-0.288
-3.835
-17.263
-10.478
-9.542
-16.919
-2.866
-3.977
-13.757
-7.880
-5.595
-13.173
-3.468
-5.823
-16.760
-6.269
-2.876
-21.323
-0.336
-2.365
-17.798
1.528
-5.660
-16.722
-7.156
-11.797
-14.501
-6.158
-9.878
-17.586
-1.078
-5.668
-14.542
-4.867
-11.219
-15.755
-1.713
-4.339
-12.509
-9.404
-11.491
-17.557
-13.661
-13.597
-4.120
-1.178
-4.055
-16.900
3.269
-3.681
-12.171
-3.053
-7.806
-7.931
0.594
-2.741
-6.357
1.963
-9.975
-2.083
-1.122
-6.414
-8.367
-0.543
-5.572
-2.072
-7.307
-7.732
-12.627
-0.445
-8.243
-11.684
-2.319
-9.567
-8.295
2.772
-2.329
-6.459
4.268
-7.271
-5.667
-8.433
-12.827
-2.418
-11.952
-13.156
-4.025
-11.858
-13.096
-2.949
-5.357
-10.094
-3.356
-11.920
-12.111
-2.711
-7.593
-16.804
-5.546
-8.383
-14.179
-6.247
-6.850
-14.678
-1.210
-8.303
-8.514
-0.954
-11.256
-11.272
-4.013
0.166
-4.314
-4.231
4.213
-7.181
-7.237
3.789
-9.638
-3.063
-1.880
-9.854
-7.470
0.863
-2.895
-5.973
-1.364
-5.826
-10.050
1.752
-1.792
-4.215
-3.895
-2.859
1.412
1.452
-6.233
-2.879
-8.432
-3.106
-2.205
-16.576
-15.838
-12.431
-24.488
-23.661
-19.715
-17.101
-9.126
-28.500
-30.257
-23.376
-20.306
-7.755
-23.346
-27.422
-19.462
-15.481
-10.082
-21.761
-21.767
-16.551
-16.972
-13.646
-25.796
-22.556
-24.181
-18.934
-10.346
-24.498
-28.259
-12.902
-11.967
-9.548
-26.530
-19.748
-12.580
-11.264
-5.054
-20.302
-18.612
-15.201
-16.904
-10.728
-29.587
-22.658
-22.034
-16.980
-9.287
-19.856
-23.330
-16.849
-14.734
-8.273
-14.145
-24.834
-21.447
-12.648
-13.608
-18.293
-27.168
-18.791
-12.193
-15.558
-15.687
-19.301
-19.814
-14.738
-9.987
-17.099
-21.290
-16.844
-16.197
-12.105
-18.099
-26.695
-19.943
-16.238
-14.329
-19.741
-31.930
-20.197
-13.330
-11.598
-17.066
-20.970
-17.770
-13.234
-13.175
-12.977
-26.091
-18.626
-16.233
-12.439
-15.869
-28.243
-26.450
-17.502
-11.108
-21.932
-34.268
-17.854
-13.429
-5.905
-22.785
-21.178
-18.492
-15.444
-9.238
-31.041
-9.338
-20.316
-24.690
-13.058
-28.891
-13.056
-22.551
-18.805
-13.711
-35.071
-15.994
-13.866
-18.004
-9.554
-28.274
-10.267
-19.229
-18.441
-6.217
-29.726
-8.067
-18.521
-15.047
-8.596
-21.647
-11.668
-21.954
-18.254
-9.373
-30.687
-14.566
-16.928
-17.738
-7.723
-24.191
-13.082
-23.070
-25.698
-5.787
-30.201
-21.852
-20.405
-10.490
-9.227
-15.195
-16.155
-19.512
-7.663
-5.955
-14.619
-18.408
-17.358
-7.437
-7.037
-11.322
-19.098
-21.770
-11.857
-5.341
-19.243
-11.914
-13.125
-13.736
-7.359
-19.549
-14.837
-13.224
-9.438
-7.943
-13.858
-15.122
-16.074
-14.829
-10.818
-29.747
-27.076
-19.230
-5.822
-8.476
-16.762
-10.059
-17.202
-11.197
-4.256
-22.811
-17.469
-13.152
-7.848
-5.023
-13.238
-10.858
-19.051
-22.666
-14.000
-22.781
-29.731
-19.311
-22.300
-14.924
-23.437
-37.705
-15.931
-13.724
-10.095
-12.504
-24.046
-17.922
-19.805
-15.626
-28.836
-32.754
-12.642
-13.645
-5.206
-14.744
-24.931
-17.697
-13.957
-11.618
-20.156
-24.978
-16.778
-11.524
-5.099
-19.900
-25.889
-17.134
-16.079
-15.092
-20.441
-27.782
-23.238
-18.152
-15.497
-24.973
-32.566
-17.310
-17.792
-14.375
-21.624
-33.077
-4.071
-1.613
-20.037
-2.824
-21.391
-0.564
-2.286
-25.332
-12.992
-24.622
-2.097
-0.823
-18.008
-8.966
-20.781
-8.586
-3.140
-25.159
-8.372
-24.422
-10.035
-4.336
-25.672
-3.381
-16.374
-1.877
-2.949
-22.845
-5.774
-25.008
-0.725
-1.571
-23.377
-7.000
-22.655
-11.823
-1.679
-13.376
-8.903
-16.869
-0.535
-4.271
-23.256
-10.096
-21.108
-5.121
-0.768
-20.514
-5.536
-9.879
-21.634
-17.040
-33.781
-8.342
-15.980
-19.660
-14.967
-27.656
-11.069
-17.070
-22.285
-13.994
-30.674
-15.495
-12.875
-23.840
-21.777
-34.211
-14.612
-16.176
-24.004
-9.876
-31.865
-8.769
-18.213
-19.365
-18.880
-30.262
-14.282
-17.046
-21.302
-11.540
-27.650
-15.246
-13.393
-16.639
-13.664
-25.765
-2.580
-20.208
-20.541
-18.858
-29.195
-13.070
-15.712
-22.211
-21.842
-36.099
-17.705
-32.340
-6.187
-14.534
-22.055
-20.982
-31.205
-2.780
-13.404
-24.672
-17.700
-31.692
-6.975
-15.912
-27.085
-19.727
-29.766
-8.603
-14.482
-28.446
-22.652
-28.911
-2.618
-9.436
-33.600
-17.992
-31.598
-5.397
-17.916
-25.135
-17.826
-34.015
-6.983
-7.629
-15.913
-16.864
-20.556
-8.557
-9.524
-24.800
-17.368
-29.035
-12.397
-11.695
-28.738
-22.313
-31.360
-8.901
-6.708
-22.072
-17.987
-26.435
-14.982
-5.461
-19.629
-18.070
-12.699
-7.741
-2.205
-25.998
-20.518
-25.233
-14.468
-1.403
-25.561
-19.485
-16.193
-10.537
-5.082
-22.373
-19.287
-24.345
-8.183
-7.043
-19.661
-13.385
-13.690
-6.847
3.685
-23.877
-15.955
-17.641
-11.113
-1.896
-21.613
-16.203
-17.688
-6.926
-5.639
-29.137
-19.144
-24.455
-12.414
-8.758
-31.616
-20.566
-22.278
-12.656
-9.596
-30.519
-18.288
-25.152
-13.408
0.370
-6.987
-19.208
-26.847
-10.459
0.050
-6.471
-19.598
-20.402
-10.186
0.473
-6.973
-21.261
-24.250
-9.468
3.430
-1.998
-18.057
-20.301
-9.933
-2.276
-11.419
-18.064
-28.585
-6.516
-2.686
-13.253
-22.088
-27.094
-6.953
-7.094
-15.891
-16.507
-22.759
-9.615
-0.469
-14.880
-17.548
-27.473
-13.149
-4.109
-14.217
-18.462
-27.654
-17.450
-1.923
-11.064
-22.208
-27.345
-12.769
-20.168
-10.298
-9.839
-23.290
-14.926
-7.135
-22.395
-11.789
-9.464
-24.043
-9.517
-20.506
-19.328
-14.465
-15.297
-19.464
-12.007
-17.027
-17.236
-11.785
-15.820
-17.856
-12.321
-16.026
-18.548
-12.410
-14.101
-16.781
-12.213
-25.696
-14.193
-12.387
-29.796
-15.357
-18.541
-25.590
-12.849
-10.105
-25.645
-13.513
-10.159
-26.907
-16.364
-13.715
-24.563
-12.476
-11.607
-25.808
-17.616
-9.453
-28.722
-17.947
-16.502
-29.172
-10.755
-14.163
-23.974
-10.051
-7.953
-19.383
-23.690
-8.096
-17.267
-24.074
-12.584
-18.760
-22.085
-7.953
-12.792
-19.809
-5.949
-18.770
-14.569
-10.391
-12.167
-23.183
-8.832
-12.866
-23.658
-10.045
-17.118
-19.959
-9.331
-15.500
-22.004
-15.619
-17.602
-22.832
-12.141
-9.063
-15.335
-27.244
-10.241
-12.890
-25.185
-13.351
-14.343
-25.695
-6.988
-13.573
-24.034
-9.632
-13.830
-27.625
-8.769
-9.777
-19.664
-7.738
-10.563
-23.247
-7.356
-12.421
-26.615
-9.613
-6.376
-23.585
-4.622
-10.922
-22.684
-17.065
-16.410
-19.911
-12.664
-12.855
-19.662
-7.187
-14.201
-20.573
-12.277
-21.999
-23.509
-14.965
-16.128
-17.390
-6.303
-20.034
-21.192
-13.569
-13.434
-12.157
-12.818
-15.169
-13.709
-13.140
-16.397
-17.438
-18.250
-11.874
-20.425
-13.949
-14.197
-20.002
-10.092
-14.402
-18.502
-14.108
-9.399
-21.729
-15.366
-11.213
-24.290
-10.563
-12.851
-23.721
-11.529
-12.963
-24.192
-14.251
-3.979
-23.299
-14.838
-4.338
-26.270
-15.134
-12.575
-23.305
-6.724
-8.916
-22.738
