-7.869
-3.602
-4.830
-8.721
-3.879
-4.698
-7.061
-3.854
-5.055
-4.007
-5.202
-1.337
-3.406
-3.228
-1.483
-3.146
-1.840
-2.402
-4.025
-3.287
-0.471
-1.721
-1.108
-2.168
-2.329
3.334
-1.367
0.962
-1.333
-1.092
-0.028
0.740
0.263
-1.162
0.838
-1.120
-1.133
0.553
0.863
0.871
1.552
1.001
-0.384
2.572
3.202
1.442
4.243
2.789
1.702
5.987
2.742
2.207
0.947
2.944
-0.362
4.958
2.575
-0.506
3.929
3.013
0.932
5.236
3.431
1.998
6.370
2.341
2.661
4.317
2.433
0.649
1.876
1.336
0.012
8.742
3.216
3.989
4.928
0.056
1.455
7.168
2.456
5.580
6.383
4.087
5.191
4.568
2.520
4.423
2.277
0.168
2.452
8.446
5.428
5.895
4.387
1.425
1.175
7.077
5.417
4.037
-0.997
0.701
1.378
1.270
2.662
3.818
0.770
2.071
2.106
1.072
1.494
3.765
1.118
2.600
1.001
-0.013
1.590
0.524
1.367
2.176
3.380
2.655
2.719
4.455
-0.614
1.483
1.070
2.465
2.694
3.549
5.729
0.296
2.767
4.760
1.815
3.047
4.402
-0.441
1.010
3.783
2.514
2.694
1.692
1.107
1.748
3.525
0.724
2.538
4.143
0.248
2.044
3.971
-0.860
1.836
5.883
1.543
2.696
8.836
2.654
3.554
12.273
5.231
5.550
9.599
3.065
4.873
11.827
3.609
4.591
7.751
2.154
3.046
9.896
4.747
4.454
8.563
1.341
4.808
12.898
4.134
6.570
11.859
3.784
5.581
9.814
3.097
4.998
11.001
1.551
3.599
9.904
2.333
3.810
7.822
0.763
3.184
7.688
1.917
3.427
7.664
1.804
2.593
5.818
-0.409
0.928
6.769
1.359
3.632
1.508
-1.548
1.876
7.687
1.172
3.147
6.347
1.776
3.768
6.358
3.762
4.013
3.994
0.961
1.144
3.376
0.711
0.877
4.248
0.459
2.232
4.547
1.188
1.087
5.231
1.731
1.662
1.962
-0.187
0.915
4.710
2.339
2.543
5.084
3.673
2.867
2.706
1.596
1.373
3.340
1.358
0.754
7.213
1.970
2.411
9.193
3.139
2.515
9.536
0.648
1.701
4.396
1.796
1.266
9.241
2.855
3.047
11.889
4.302
4.168
7.910
1.728
1.573
6.425
3.237
1.519
6.126
1.426
1.949
9.036
1.560
3.560
3.271
-0.123
6.998
2.497
4.098
0.262
7.936
2.800
1.028
-0.453
-1.376
-4.100
8.498
2.072
-1.081
-6.008
2.275
-0.214
2.504
-1.493
1.259
0.282
1.033
1.309
0.825
-1.011
1.826
0.564
1.888
-4.135
1.043
-1.063
2.473
0.044
0.538
-4.324
0.376
-1.440
0.808
-5.905
1.164
-2.314
1.409
-3.083
-1.521
-1.909
2.499
-0.361
2.820
-1.185
0.588
-2.349
-0.970
-3.275
-0.330
-2.380
0.653
-2.729
-1.611
-1.945
3.308
1.874
2.833
2.180
2.413
1.769
0.167
0.562
1.018
-1.514
3.109
2.854
1.919
0.638
3.493
2.275
2.990
0.743
1.031
-0.843
5.871
1.753
5.429
2.317
4.019
2.208
5.083
3.941
5.467
2.530
5.162
3.031
3.571
2.181
0.021
1.337
2.724
1.474
-1.244
-0.485
4.074
0.900
1.749
-0.335
0.140
-0.742
6.034
0.646
2.387
-1.294
1.065
0.029
6.396
1.903
0.309
-1.084
1.392
0.213
3.835
0.304
-4.698
-1.289
-1.239
-3.885
-6.074
-1.790
-3.164
-5.853
-7.851
-1.178
-3.505
-6.919
-8.245
-4.227
-3.499
-7.648
-7.844
-2.666
-5.293
-6.633
-7.982
-0.382
-3.546
-7.188
-9.069
-1.203
-4.306
-9.065
-8.897
-1.054
-4.689
-8.937
-7.362
-2.230
-5.954
-6.703
-3.445
0.867
-1.967
-4.767
-4.615
-7.350
-4.912
-8.158
-0.781
-5.739
-2.373
-8.535
-4.479
-6.287
0.145
-6.864
-0.232
-7.691
-1.371
-7.638
-5.725
-6.311
-5.086
-8.248
-3.759
-6.838
-2.262
-8.560
-3.927
-4.641
-0.762
-7.266
-3.549
-6.818
-2.387
-8.266
-0.929
-7.488
-1.898
-8.183
-5.668
-5.384
-3.184
-7.842
-3.122
-8.284
-2.956
-1.859
-5.545
-6.457
-2.932
-1.376
-5.015
-7.020
-4.692
-5.643
-8.368
-8.950
-6.772
-7.646
-7.396
-6.890
-4.532
-1.648
-6.123
-6.739
-3.542
-2.624
-6.268
-5.182
-1.977
-1.471
-7.242
-6.607
-3.030
-0.607
-9.011
-8.362
-4.011
-2.336
-6.503
-7.595
-2.219
-2.125
-7.709
-2.500
-5.561
-8.672
-10.268
-2.202
-3.726
-7.017
-10.398
-5.952
-4.256
-9.739
-11.414
-4.980
-5.122
-10.529
-10.786
-5.498
-5.083
-8.469
-9.467
-5.941
-5.025
-10.226
-10.853
-6.050
-8.309
-9.459
-9.198
-3.844
-2.756
-8.035
-8.806
-4.537
-3.800
-9.995
-6.062
-1.453
-2.819
-7.302
-4.702
-8.381
-4.922
-6.848
-6.260
-7.138
-5.230
-3.390
-6.696
-8.500
-6.808
-5.975
-6.216
-6.669
-5.360
-5.213
-2.702
-8.932
-5.156
-5.509
-5.983
-6.227
-3.556
-7.158
-5.976
-7.166
-5.669
-8.333
-4.210
-11.448
-5.856
-8.730
-7.173
-10.898
-5.486
-12.220
-3.007
-5.298
-5.490
-6.571
-2.391
-0.887
-3.855
-6.746
-5.024
-2.256
-6.253
-8.076
-5.268
-2.633
-5.797
-6.671
-3.006
-1.151
-5.427
-8.978
-4.721
-2.222
-6.400
-8.509
-5.314
-1.979
-6.329
-8.062
-6.419
-2.945
-6.655
-9.577
-2.339
0.420
-6.442
-7.525
-3.621
-0.182
-4.857
-6.343
-4.651
-0.953
-5.843
-8.200
-1.084
-6.402
-1.133
-3.471
-1.587
-7.236
-0.284
-1.331
-4.436
-6.974
-0.826
-2.525
-3.655
-7.423
-1.724
-5.327
-2.545
-7.312
-1.217
-2.242
-1.713
-5.269
0.430
-1.999
-3.448
-6.453
-3.499
-3.736
-1.140
-5.923
-0.424
-2.053
-0.822
-4.014
-0.179
-2.138
-3.648
-7.973
-0.881
-3.497
-6.233
-1.989
-8.633
-1.437
-6.006
-1.786
-7.770
-3.974
-7.078
-0.880
-8.603
-1.801
-6.789
-2.898
-9.912
-4.552
-7.850
-1.177
-7.478
-0.752
-5.128
-0.569
-8.443
-0.775
-5.731
0.103
-8.106
-2.814
-3.698
0.657
-8.106
-1.620
-5.778
0.515
-8.395
-1.842
-7.997
-4.171
-11.113
-3.312
-0.016
-6.963
-2.269
-5.318
1.124
-2.132
-4.818
-5.971
4.047
-3.628
-2.271
-6.076
0.566
-6.656
-3.960
-7.500
2.538
-4.407
-1.770
-4.091
2.902
-3.577
-2.333
-6.017
3.607
-1.930
-2.229
-5.777
3.791
-1.775
-1.628
-4.833
0.617
-2.754
-2.968
-7.976
1.211
-5.568
-0.733
-4.965
-2.704
-3.707
-11.340
-7.583
-2.894
-0.714
-11.336
-5.862
-2.057
0.084
-8.067
-3.669
-3.379
-1.887
-8.913
-4.810
-5.651
-3.830
-12.043
-4.650
-5.213
-3.602
-11.048
-5.655
-5.378
-2.788
-10.603
-4.524
-4.115
-1.899
-10.577
-3.910
-0.959
-2.144
-9.962
-4.224
-2.959
-0.239
-9.671
-3.678
-9.155
-3.444
-5.349
-1.646
-4.078
1.067
-8.623
-4.772
-9.367
-5.001
-8.204
-4.884
-8.244
-2.183
-5.363
-1.768
-9.804
-2.019
-6.994
-3.326
-7.216
-2.070
-6.988
-3.377
-6.328
-0.103
-8.102
-2.190
-4.437
-2.442
-7.566
-1.462
-6.480
-4.172
-9.642
-1.095
-7.492
-0.502
-7.098
-1.356
-7.411
-4.143
-5.462
-2.680
-6.789
-3.417
-6.056
-3.750
-3.014
-1.283
-8.444
-3.332
-6.347
-3.870
-6.670
1.353
-4.456
-3.606
-8.291
-3.571
-1.360
-4.600
-2.159
-5.341
0.691
-2.537
-2.520
-5.440
0.436
-3.388
-2.268
-6.530
-1.541
-4.176
-0.386
-3.864
0.950
-0.500
-1.432
-4.569
-3.479
-6.119
-1.332
-3.087
-2.703
-2.222
-2.469
-3.977
-3.725
-5.769
-0.528
-4.605
-1.543
-1.893
-2.704
-2.852
1.332
-2.143
-5.328
-3.958
-1.332
-2.733
-2.261
-2.071
-2.390
-2.507
1.804
-0.549
-2.505
-3.185
-0.377
-0.653
-1.949
-3.327
-0.364
-0.738
2.103
-1.192
0.522
-1.866
