-2.429
0.459
-0.263
-4.321
-0.129
-0.776
-2.752
0.948
-0.012
1.301
5.277
7.893
5.669
0.227
2.725
3.442
5.785
2.533
1.261
3.542
6.488
2.798
6.414
4.647
5.051
6.600
5.286
5.860
6.953
3.986
3.596
4.742
4.668
3.640
4.078
3.939
3.970
6.701
4.233
3.883
9.853
9.281
12.060
10.935
11.249
12.815
12.306
11.538
12.005
10.967
4.809
5.515
3.930
4.256
3.848
4.059
2.133
6.314
3.539
6.330
2.933
5.931
3.292
5.644
3.350
3.532
5.217
7.595
3.997
6.044
7.122
9.169
6.384
5.622
5.096
7.755
6.303
6.861
7.498
9.395
5.112
4.547
4.587
3.192
3.829
4.194
4.882
4.407
4.714
4.001
6.677
6.899
6.025
4.244
6.102
5.337
4.523
5.917
6.063
4.962
10.693
9.968
11.628
10.713
11.539
10.970
14.357
14.170
11.077
10.615
7.482
8.405
5.234
5.966
7.928
10.553
4.519
5.743
7.220
8.635
3.565
2.827
1.760
1.833
3.128
-1.553
3.596
0.169
2.742
2.060
4.137
5.346
6.513
5.862
3.100
3.834
7.196
1.062
2.870
1.987
5.792
6.930
4.969
3.434
5.378
6.761
4.756
4.530
7.413
3.590
9.664
10.121
8.983
4.932
4.570
10.138
7.854
9.499
8.490
7.053
7.256
5.653
5.690
5.390
4.987
7.297
6.319
6.386
5.403
5.014
5.687
4.798
3.138
6.466
3.616
3.080
6.484
4.595
2.858
4.465
0.394
7.603
6.156
6.622
6.191
4.967
2.583
4.810
3.579
0.728
-3.756
-2.155
0.626
-2.022
-1.970
0.851
1.821
-1.866
-2.179
-0.537
2.518
7.534
2.446
-0.804
4.324
1.904
7.760
9.092
6.017
8.622
3.630
4.674
4.313
5.684
5.213
4.948
3.207
6.988
5.664
7.201
0.548
0.360
0.856
-0.899
-1.069
0.384
-0.468
-1.343
-0.820
0.077
-0.669
2.382
2.627
2.878
4.456
5.264
3.438
5.261
4.523
7.318
5.219
4.748
4.143
3.302
3.591
6.510
3.183
4.450
6.778
3.423
6.070
6.040
7.127
5.590
6.896
8.301
3.540
3.656
5.097
0.932
5.623
4.490
4.771
6.377
6.536
7.868
5.543
6.003
4.788
2.140
3.765
5.433
6.484
5.821
1.915
1.860
4.848
4.223
5.226
6.130
3.911
1.965
3.313
4.324
0.998
3.693
3.141
4.577
0.736
2.193
1.453
2.818
1.273
0.240
0.947
0.952
1.765
-3.348
1.238
1.324
4.647
8.175
6.668
-1.860
4.077
1.880
4.461
2.355
2.348
3.790
6.266
3.341
4.262
3.632
4.174
3.326
3.519
4.579
4.017
5.375
3.761
3.159
4.116
1.469
3.215
1.524
3.935
4.610
2.786
2.295
2.596
5.512
1.460
1.872
4.194
6.624
1.053
3.688
2.462
4.850
