-6.862
6.901
-6.850
4.895
-3.026
6.523
-5.182
8.218
-7.802
4.453
-7.443
9.651
-7.638
6.897
-6.524
7.073
-9.136
7.276
-5.786
5.219
-5.708
-4.664
-6.606
-1.418
-7.378
-1.041
-7.508
-1.495
-5.271
-0.312
-6.193
-0.999
-2.487
0.565
-4.981
1.694
-5.917
-1.566
-2.696
-0.563
2.931
-2.758
2.867
-4.353
2.262
-4.887
2.242
-6.223
2.127
-7.768
-2.004
-5.034
1.673
-3.474
2.222
-5.802
3.208
-3.086
0.833
-6.946
0.620
-3.497
-0.243
-3.220
3.972
-2.621
2.203
-3.739
1.988
-4.693
5.045
-0.630
2.818
-3.496
1.665
-4.251
2.247
-4.060
-0.304
-2.661
8.715
-1.551
1.968
5.380
3.507
1.187
2.081
3.257
10.336
1.964
2.227
5.058
7.840
3.059
1.904
3.655
12.910
2.670
1.810
5.091
6.464
1.789
2.515
4.295
6.351
0.006
1.822
1.811
3.289
-2.428
1.250
2.853
11.140
4.107
2.870
5.120
11.892
2.494
2.864
6.312
7.545
2.618
3.372
5.915
4.980
1.325
2.127
2.094
5.583
2.331
2.013
0.507
8.671
3.659
2.881
3.683
3.496
1.622
1.745
0.708
5.798
0.955
2.247
1.702
3.077
0.899
0.992
-0.968
6.490
2.081
2.728
3.830
4.047
2.124
1.699
0.548
6.022
2.238
2.921
3.001
4.836
0.812
2.225
2.020
4.564
1.014
1.980
2.279
7.552
2.794
3.555
4.024
5.243
0.926
2.130
3.742
6.675
1.494
2.560
4.508
4.604
1.986
2.987
3.994
5.463
2.823
2.613
3.415
3.828
-0.310
1.611
1.944
4.918
0.778
2.187
3.545
-0.763
0.149
0.954
-2.785
8.032
3.319
2.590
1.270
11.917
1.834
2.331
4.747
9.644
1.028
2.538
5.518
10.434
1.154
0.880
4.455
11.521
1.709
2.002
3.331
7.697
0.860
1.280
2.946
6.064
-3.659
-0.159
2.002
8.267
-0.150
1.618
1.856
7.792
-1.264
0.427
2.183
8.264
0.958
1.467
0.457
10.556
5.765
2.252
1.508
9.345
4.610
2.185
3.033
11.066
4.968
1.009
1.402
10.447
3.893
1.830
1.945
9.414
2.861
0.930
1.103
10.952
4.995
0.615
1.290
10.492
5.300
2.493
2.356
7.533
1.766
0.747
0.553
9.702
5.166
2.495
2.195
10.715
4.916
1.797
2.147
7.231
0.423
3.614
2.093
8.942
1.643
4.098
2.347
7.324
2.644
3.028
1.735
10.724
1.372
4.178
2.626
10.907
3.009
3.587
3.231
7.245
1.586
3.423
1.889
11.572
3.515
4.237
3.473
10.692
1.479
4.636
1.643
7.415
1.548
2.228
1.969
11.835
3.328
4.172
3.111
10.754
3.572
1.646
1.737
9.599
5.004
2.836
1.314
10.815
1.529
2.186
1.198
10.254
1.130
-0.065
0.457
3.815
-0.452
0.406
-0.029
11.100
2.665
2.455
1.325
10.813
3.610
2.611
2.046
6.463
2.106
1.299
1.631
9.823
1.530
-0.115
0.683
8.327
3.724
1.768
1.563
10.592
5.088
4.168
2.173
8.024
3.103
2.059
1.876
10.048
4.321
2.597
2.162
8.965
2.781
2.501
2.254
8.365
4.351
3.683
3.060
6.299
3.301
3.081
1.014
9.427
2.412
0.962
0.996
6.687
2.012
1.350
1.617
7.259
2.826
0.988
1.836
7.855
2.456
1.424
1.921
5.795
-1.684
-1.565
4.245
-2.791
-2.065
3.667
-1.521
-3.394
6.196
-2.321
-1.817
3.567
-1.930
-2.050
4.033
-3.159
-5.502
6.053
-2.476
0.356
6.788
-1.249
0.625
6.335
-1.196
-1.501
4.523
-1.609
-3.761
6.895
0.233
-0.351
8.653
-0.622
-0.699
7.727
0.145
-0.299
9.746
0.788
2.421
7.486
-1.144
-1.636
8.006
0.824
-0.010
4.475
-0.164
-1.641
3.333
-1.786
-4.538
11.397
0.401
-0.217
6.342
0.128
-4.829
5.666
-0.190
0.538
5.922
-0.062
3.265
6.010
0.134
1.475
1.635
-0.028
-1.765
3.674
-2.968
-0.987
7.525
-0.948
-0.354
3.527
-2.331
-0.896
0.365
-0.939
-0.960
7.301
0.877
2.082
2.948
-0.866
-1.142
4.397
0.383
-0.987
7.281
1.912
0.618
3.895
0.130
0.228
0.326
0.247
-1.989
4.550
1.063
1.158
4.519
1.675
-0.511
3.613
1.628
-0.300
9.813
3.407
1.644
5.506
2.094
0.571
8.821
3.345
1.942
0.050
-1.519
0.527
5.074
0.143
1.048
4.632
0.746
1.697
1.917
-2.536
-0.726
3.770
0.929
0.795
2.910
-2.641
-0.377
2.631
-0.505
0.246
1.766
-1.014
-2.428
7.477
2.018
2.607
8.377
3.106
3.571
5.857
2.494
-0.211
10.838
4.656
2.466
6.600
1.248
0.862
6.063
0.615
-0.960
5.831
3.047
0.263
4.619
1.513
0.741
9.775
4.393
3.493
8.438
2.601
2.313
6.346
2.112
1.183
4.290
2.042
-0.825
-8.392
-6.092
8.244
-1.074
-8.101
-9.078
-6.406
2.569
-3.792
-10.288
-10.448
-9.367
2.025
-4.652
-10.455
-8.601
-7.030
2.714
-3.252
-9.760
-8.040
-8.684
5.977
-3.305
-8.081
-11.565
-8.963
6.110
-1.355
-11.179
-6.815
-6.535
7.107
-1.768
-6.393
-6.204
-4.405
5.011
0.054
-5.945
-6.905
-4.385
8.666
-2.101
-6.817
-7.564
-5.345
4.527
-0.020
-8.342
-9.708
-8.674
-4.251
-2.008
-9.565
-12.618
-7.937
-8.244
-2.851
-9.599
-10.089
-7.121
-5.534
-0.716
-8.130
-10.386
-7.274
-5.015
0.938
-7.792
-11.745
-8.528
-7.696
-2.385
-10.798
-12.066
-8.079
-6.729
-1.471
-8.797
-8.946
-9.220
-6.352
-1.251
-8.060
-6.943
-6.538
-5.691
0.450
-8.086
-7.328
-6.670
-4.368
-0.723
-6.335
-10.444
-7.445
-5.473
-2.447
-10.029
-4.913
-2.230
5.269
-1.335
-4.533
-6.845
-5.484
2.818
-3.137
-4.271
-7.514
-7.084
0.151
-4.934
-3.182
-5.204
-2.784
3.033
-3.519
-2.380
-3.873
-8.004
1.357
-4.986
-4.384
-7.923
-5.028
0.855
-4.987
-5.117
-4.280
-5.346
2.312
-2.767
-3.590
-6.250
-4.959
1.949
-3.272
-4.716
-4.074
-4.051
3.324
-2.291
-1.946
-10.447
-8.085
-1.459
-8.330
-8.319
-11.101
-7.648
-3.193
2.534
-5.273
-5.986
-6.125
-4.829
2.467
-4.857
-6.132
-6.659
-3.516
1.102
-6.351
-9.173
-6.157
-3.888
-2.182
-6.795
-5.927
-6.364
-2.273
0.976
-5.737
-5.105
-5.310
-1.810
0.376
-4.042
-6.347
-11.495
-3.353
-5.732
-9.759
-6.627
-5.493
-3.522
2.796
-3.039
-7.448
-6.008
-4.754
0.349
-4.387
-8.906
-5.544
-2.139
2.446
-3.653
-5.634
-8.783
-4.132
0.422
-8.056
-3.793
-5.138
-1.780
4.803
-5.708
-6.289
-7.133
0.421
5.377
-8.435
-6.584
-6.262
-2.660
3.842
-8.431
-5.199
-6.822
-0.862
2.228
-5.157
-5.689
-8.892
-1.100
4.425
-7.721
-6.505
-4.041
1.317
3.912
-6.995
-7.533
-7.996
-1.369
6.771
-7.464
-4.439
-3.665
-2.015
2.472
-6.335
-6.739
-6.329
-1.591
1.836
-9.239
0.405
5.710
-5.871
-0.524
-1.776
0.594
2.878
-5.353
-1.505
-6.916
0.505
6.207
-6.179
-0.030
-3.907
-2.069
2.144
-8.938
-0.815
-4.985
-2.324
2.256
-7.232
-0.034
-2.129
-0.736
3.923
-5.364
-0.187
-4.477
-0.495
2.863
-7.359
0.458
-5.740
-0.326
4.818
-5.120
-0.360
-3.120
0.694
3.139
-6.164
-0.698
-4.824
-0.552
2.499
-6.961
-1.716
-4.762
-7.497
-5.411
-9.102
-0.388
-6.189
-4.807
-3.689
-9.123
2.973
-3.619
-6.108
-4.581
-7.804
-1.470
-5.635
-5.785
-3.527
-8.206
0.481
-5.767
-5.985
-1.542
-8.409
1.824
-2.463
-4.031
-4.373
-8.403
-0.163
-6.237
-7.374
-5.934
-8.294
-0.030
-4.560
-4.232
-4.862
-9.034
0.068
-7.522
-6.172
-4.456
-9.043
0.516
-3.408
-5.908
-4.597
-10.535
-0.240
-6.415
-0.802
3.150
-1.555
-5.970
-5.919
-1.351
2.455
-3.400
-5.216
-9.987
-1.732
1.490
-1.561
-7.128
-9.342
-0.174
4.589
-4.287
-3.330
-5.910
-0.204
4.205
-4.715
-2.759
-7.085
-2.961
1.058
-3.427
-5.374
-8.550
-3.272
2.210
-2.811
-6.709
-6.731
-2.430
4.691
-0.946
-2.749
-6.426
0.644
2.608
-3.544
-2.278
-5.876
-1.215
2.608
-3.248
-1.744
-6.551
-4.207
0.216
-8.042
-4.464
-3.252
-0.640
2.084
-6.837
-3.407
-5.119
-2.998
2.736
-7.225
-4.543
-3.113
-1.336
3.079
-6.537
-3.271
-4.514
-6.907
-1.640
-10.251
-2.758
-4.070
-1.723
3.130
-6.018
-4.085
-2.280
-4.176
2.252
-6.942
-3.463
-2.721
-0.981
3.953
-6.417
-2.758
-3.399
-3.538
4.306
-4.627
-3.732
-2.137
-4.573
1.367
-6.591
-2.355
-3.190
-0.274
3.707
-0.513
-3.973
-4.046
-1.577
2.207
-1.406
-3.288
-3.722
0.370
4.035
-2.485
-4.156
-4.020
-0.290
2.009
-0.657
-4.523
-5.212
0.135
3.441
0.332
-3.073
-4.301
-0.640
0.244
-5.008
-1.962
-2.841
-1.983
1.099
-5.843
-2.388
-4.508
-0.245
6.154
-1.189
-3.285
-1.732
-1.506
3.382
-4.797
-3.475
-3.887
-1.603
2.182
-3.956
-5.164
-4.490
-5.595
-4.683
2.535
-6.407
-7.892
-0.612
-4.184
-9.687
-1.820
-5.759
-7.958
1.042
-6.684
-4.713
1.730
-5.068
-8.313
-0.433
-7.762
-6.087
1.712
-5.572
-3.703
0.793
-4.947
-4.862
3.253
-2.308
-5.802
-0.189
-14.023
2.723
-5.972
-9.067
1.848
-1.446
-11.195
3.837
-5.501
-14.385
6.270
-7.867
-12.081
4.333
-3.903
-13.260
4.539
-6.857
-12.865
7.372
-2.821
-10.919
0.665
-4.008
-12.351
3.648
-6.373
-12.991
5.916
-6.452
-6.775
-7.899
5.656
-9.695
-5.383
5.965
-6.349
-5.675
7.829
-7.083
-3.732
7.592
-5.643
-5.153
7.902
-6.850
-7.032
7.415
-5.997
-5.931
8.766
-7.108
-8.029
6.718
-6.554
-3.737
5.917
-6.602
-5.600
6.214
2.603
-0.009
-4.147
3.137
0.690
-4.005
2.518
-0.135
-4.652
3.020
-0.153
-5.873
2.828
-1.098
-5.516
5.930
1.496
-4.142
2.111
-1.189
-5.387
2.794
0.943
-4.439
3.727
2.221
-2.130
2.096
-0.756
-4.716
1.401
-5.097
-6.539
3.214
-1.631
-5.862
0.795
-2.732
-5.742
2.081
-2.391
-5.563
1.327
-0.740
-4.175
2.194
-4.828
-5.941
0.621
-3.404
-4.764
-0.047
-4.342
-6.602
1.919
-3.973
-5.911
0.337
-3.429
-4.471
-2.555
1.865
-7.320
0.923
2.482
-7.002
-4.224
3.463
-4.629
-1.804
1.720
-6.572
-1.280
2.083
-7.360
-2.335
3.040
-6.931
-2.639
4.233
-5.094
-3.950
2.800
-6.575
-4.005
1.704
-6.411
-1.194
3.164
-6.572
