4.891
5.943
4.753
6.125
3.981
4.796
2.280
7.047
5.368
5.077
6.233
6.105
7.139
1.381
6.240
5.568
6.856
4.271
5.402
4.310
6.166
5.791
6.589
6.023
6.695
4.260
5.865
6.871
6.458
5.023
5.211
3.531
3.419
4.540
4.789
3.508
1.959
6.238
5.964
5.013
5.353
6.456
5.628
7.074
6.499
7.255
5.910
7.527
6.629
4.852
4.862
5.693
1.800
1.360
1.205
3.591
-1.524
3.082
5.042
2.928
2.105
2.531
1.597
3.055
2.423
2.465
1.909
2.025
2.322
1.581
4.042
3.640
4.379
0.399
4.032
4.474
2.894
2.348
4.413
2.812
0.665
2.562
1.892
-0.159
1.657
3.377
1.377
2.181
3.174
2.936
0.421
3.287
3.512
1.617
3.123
2.757
1.323
1.291
3.032
2.869
2.582
2.521
4.344
3.312
2.962
3.060
3.305
3.608
4.577
2.826
3.467
3.513
2.389
2.456
3.702
2.915
2.706
3.562
2.354
3.188
3.790
3.005
2.875
3.798
3.598
2.132
3.538
2.079
3.268
2.948
4.494
3.304
7.677
4.025
6.326
5.095
4.102
6.975
3.994
4.264
3.737
4.829
6.081
0.592
4.105
3.174
3.227
5.233
4.521
4.034
4.784
3.716
2.825
2.507
3.713
3.145
3.179
3.313
2.778
3.643
5.407
4.398
4.879
3.059
4.635
6.821
4.706
3.530
4.366
5.083
5.593
3.325
1.620
2.320
3.107
3.336
2.989
4.869
-0.022
2.753
3.244
6.027
6.595
5.868
6.744
7.121
6.299
6.560
4.877
0.807
-1.079
4.561
6.451
6.063
4.551
5.873
4.557
5.572
4.416
2.837
3.528
6.079
5.158
3.784
5.887
4.819
6.577
5.780
7.131
6.242
5.036
6.133
4.262
6.308
6.202
5.870
4.999
5.963
5.720
5.334
6.160
7.165
7.416
5.498
7.963
6.160
7.827
5.039
6.382
6.963
6.218
6.159
6.367
4.712
8.077
6.672
5.269
7.156
7.471
8.446
5.883
6.374
3.535
3.995
5.508
5.766
5.499
6.092
5.421
5.647
8.178
6.713
7.352
7.007
7.241
8.287
5.964
6.682
6.677
3.498
5.020
3.930
6.800
5.700
7.743
5.388
6.436
6.817
4.867
5.325
6.461
6.969
7.170
6.160
5.736
6.377
6.014
3.341
5.296
6.013
5.166
4.299
6.771
6.875
6.907
7.434
6.617
5.389
4.627
5.313
4.607
4.465
5.863
4.198
4.166
6.067
5.339
2.056
5.578
5.804
5.697
6.273
7.463
2.226
6.807
6.772
7.723
5.660
5.593
2.345
4.561
6.071
5.448
5.686
4.000
4.554
5.560
5.380
4.626
7.293
5.555
5.591
4.712
6.491
6.026
3.480
5.133
3.380
4.958
5.820
3.613
6.330
4.452
2.072
4.519
6.162
5.750
5.851
3.586
7.145
