0.804
4.716
3.034
2.606
3.174
2.467
0.181
4.248
6.394
5.521
4.341
5.754
4.461
0.436
2.255
2.858
3.734
2.369
1.742
2.427
5.273
1.957
5.257
3.193
3.945
5.697
4.160
4.378
5.321
2.492
4.441
5.325
3.361
3.608
2.454
2.615
1.802
6.821
5.011
5.101
5.912
6.130
7.567
6.640
7.672
8.480
7.827
6.772
7.511
7.130
5.546
6.514
4.403
4.782
4.388
4.785
2.153
7.431
4.018
7.454
4.258
5.763
5.209
4.308
4.417
4.653
4.484
3.493
5.761
5.830
3.136
4.776
2.723
2.870
2.424
4.054
3.081
3.031
3.989
4.837
6.300
5.664
5.733
3.904
4.480
5.257
5.939
5.338
5.930
4.859
4.288
4.524
3.730
2.314
4.253
3.065
3.322
3.557
3.993
3.096
6.640
5.415
7.665
5.698
6.900
6.231
6.597
6.552
5.570
5.070
5.495
5.722
2.939
4.021
5.529
7.464
2.726
3.436
5.069
5.995
4.892
3.884
2.332
2.263
4.233
-2.298
4.777
0.048
3.671
2.874
6.051
4.037
6.036
4.334
6.604
4.600
4.363
5.197
3.378
2.562
2.890
2.923
2.180
1.383
2.071
4.068
2.234
2.528
4.072
2.154
5.199
5.376
5.429
4.087
3.456
5.324
4.297
4.669
4.232
4.072
5.518
3.791
4.533
3.649
3.284
5.439
4.558
5.126
4.206
4.245
4.270
2.489
2.263
3.668
2.292
2.057
3.834
3.670
1.426
3.057
0.812
5.585
4.638
5.629
4.156
3.345
1.683
3.529
2.619
0.601
-1.231
3.001
3.999
3.694
3.506
5.941
2.855
4.747
2.668
1.210
2.229
5.968
3.467
-0.131
3.321
2.597
5.858
6.926
5.169
6.997
3.349
4.597
4.168
5.188
4.959
4.928
3.926
6.489
5.632
6.493
4.340
4.887
5.359
2.634
5.139
4.288
4.177
3.983
3.581
4.572
-1.027
2.254
3.384
2.011
4.164
5.245
3.498
4.948
4.170
6.608
6.284
3.842
4.242
3.499
3.930
6.605
3.259
5.077
4.860
2.647
5.761
5.985
7.250
5.598
6.434
7.690
3.982
3.341
4.895
0.637
5.572
4.714
5.013
6.427
6.536
7.846
5.460
6.017
5.405
2.723
4.363
5.718
5.397
5.387
4.101
3.683
5.462
4.570
5.453
5.995
6.158
3.683
5.605
6.136
4.856
6.022
4.537
4.853
3.767
4.170
4.902
4.965
4.844
2.854
4.668
6.006
3.665
3.304
5.242
3.619
4.390
6.024
5.996
-0.880
2.863
2.927
4.116
2.088
2.164
2.848
5.085
4.798
2.984
1.626
2.826
4.343
4.080
4.579
2.052
6.099
4.467
2.947
3.673
0.532
2.558
0.835
3.541
3.680
1.493
2.612
2.161
4.460
1.328
1.832
3.897
5.548
0.748
3.140
1.919
4.317
