-6.914
-3.075
-4.709
-7.624
-2.860
-4.356
-5.743
-3.004
-3.725
-3.079
-4.845
-3.605
-4.986
-3.562
-3.363
-4.312
-5.444
-3.896
-2.732
-3.923
-0.820
-1.670
-1.231
-3.126
-3.094
0.882
-1.898
0.382
-2.075
-2.167
-0.208
0.598
0.470
-0.823
0.636
-1.105
-1.513
0.081
0.643
1.636
-0.906
0.630
-2.451
1.176
3.601
-0.044
0.146
2.898
-1.027
0.332
2.853
-0.643
0.580
3.328
-1.641
0.373
2.555
-2.689
-0.806
3.095
-1.413
1.386
3.766
-0.328
0.344
2.417
0.301
0.598
2.552
-0.826
0.487
0.453
-1.612
1.901
1.709
1.547
2.444
-1.300
-0.262
2.846
0.175
1.707
1.304
1.784
1.788
0.450
1.415
2.122
-1.471
-0.383
0.603
3.142
2.788
2.280
0.331
0.221
-0.260
1.616
2.936
0.991
-3.110
0.016
-0.601
-1.038
2.580
0.672
-0.789
1.929
-0.372
-1.102
1.044
0.309
-0.741
2.638
-1.185
-1.510
1.282
-1.653
-0.551
2.075
-0.081
0.199
2.587
0.534
-2.246
1.063
-1.812
0.298
2.730
0.496
0.740
-1.130
2.834
-0.262
0.079
3.171
0.178
-2.136
0.640
1.724
0.675
2.813
-1.136
-0.448
1.428
-0.244
-0.560
2.527
0.246
-0.907
1.929
0.263
-1.871
1.770
0.064
0.095
2.678
0.793
0.327
3.775
4.813
2.105
2.892
3.102
0.533
2.366
4.746
1.364
1.502
1.579
-0.082
0.871
3.493
2.263
1.643
1.623
-0.890
2.205
3.960
1.190
3.642
2.402
0.794
2.422
2.314
0.728
2.397
4.484
-0.853
0.900
2.805
0.092
4.437
0.418
-1.597
3.455
1.446
-0.185
3.948
2.877
0.026
2.882
0.789
-2.276
0.145
1.963
-0.901
4.255
-1.476
-3.277
1.713
0.840
-0.657
3.661
1.962
-0.215
4.546
1.480
1.550
4.813
1.697
-1.790
0.599
0.939
-1.896
0.275
2.118
-1.742
2.239
1.902
-1.885
0.322
2.769
-0.927
1.248
-0.033
-3.092
0.298
1.852
-0.991
2.470
2.806
1.047
3.078
0.361
-1.738
0.879
0.985
-1.843
-0.087
2.735
0.228
2.649
4.154
1.146
2.699
3.633
-1.610
1.527
1.041
0.406
0.950
3.883
1.183
3.382
4.947
2.070
4.949
3.266
0.086
1.429
1.609
1.597
1.161
1.930
-0.432
2.066
3.247
-0.548
4.374
2.527
-1.939
3.106
-0.076
1.113
-0.723
2.927
-0.163
0.873
-1.047
-0.583
-3.623
2.280
-0.167
-1.464
-6.159
2.930
-2.042
0.086
-2.805
1.635
-1.148
1.405
-0.616
0.818
-2.465
2.402
-1.655
2.337
-4.230
1.374
-2.094
3.318
-1.844
0.569
-4.724
0.398
-2.281
1.000
-5.616
-2.985
-3.723
-3.032
-4.920
-4.674
-3.115
-0.882
-0.705
-0.560
-1.897
-2.180
-3.667
-4.129
-4.985
-2.810
-3.598
-2.575
-4.254
-2.540
-3.310
0.792
0.808
0.149
0.589
-0.375
0.182
-1.525
-0.013
-0.948
-2.577
-0.111
1.304
-0.599
-1.303
0.460
0.288
0.529
-0.615
-1.756
-2.457
1.466
-0.027
1.177
0.676
0.027
0.580
0.182
2.082
1.458
0.642
0.325
1.154
0.642
0.742
-3.018
0.024
-0.357
0.333
-1.944
-0.942
0.754
0.249
-2.113
-2.030
-1.936
-1.637
-0.477
-0.833
-0.134
-2.367
-2.121
0.059
0.693
0.223
-0.984
-1.267
-1.792
-0.788
0.428
-0.557
-3.659
-4.037
-5.589
-2.994
-4.971
-4.423
-7.953
-4.467
-5.923
-2.759
-7.446
-5.050
-5.363
-5.214
-7.313
-5.686
-6.160
-6.415
-9.512
-5.656
-5.527
-5.095
-8.081
-5.985
-6.746
-4.968
-8.801
-7.928
-6.397
-3.931
-7.411
-6.645
-5.118
-4.944
-7.765
-5.232
-2.671
-2.129
-4.644
-4.189
-2.920
-6.238
-7.587
-6.588
-0.371
-4.343
-4.603
-7.125
-2.234
-4.698
-1.680
-5.482
0.479
-5.830
-3.316
-6.369
-3.408
-5.577
-5.368
-6.884
-2.212
-5.786
-4.390
-7.443
-2.928
-3.609
-6.224
-5.859
-2.324
-5.028
-4.137
-6.911
-0.357
-5.449
-4.201
-6.345
-3.745
-3.803
-6.654
-6.634
-1.575
-5.497
-2.564
-3.191
-3.566
-5.662
-3.434
-3.293
-2.932
-5.099
-2.620
-5.190
-5.370
-6.502
-4.804
-5.330
-4.883
-5.203
-4.760
-4.135
-3.641
-4.265
-4.429
-5.676
-4.634
-4.637
-3.835
-4.578
-5.042
-5.611
-3.916
-4.346
-5.928
-6.639
-4.648
-4.515
-4.546
-6.356
-5.180
-4.383
-6.771
-0.982
-1.817
-7.084
-8.837
-2.642
-2.323
-5.677
-8.109
-3.155
-0.272
-8.320
-9.377
-2.800
-3.326
-8.896
-8.956
-2.137
-2.951
-6.906
-7.623
-2.974
-3.060
-7.974
-9.383
-1.558
-3.005
-7.524
-7.567
-2.891
-1.188
-6.224
-6.610
-2.315
-0.854
-7.074
-4.829
-2.269
-3.239
-5.648
-1.542
-7.167
-2.804
-5.111
-3.094
-5.377
-3.248
-2.246
-3.603
-6.879
-4.457
-4.833
-2.875
-4.382
-2.649
-2.879
-0.454
-7.128
-2.716
-4.697
-3.531
-4.644
-2.890
-5.737
-2.715
-5.423
-2.318
-6.812
-1.641
-9.238
-4.946
-6.980
-4.318
-9.404
-4.119
-10.474
-1.225
-4.544
-2.251
-5.580
-1.370
-1.379
-3.898
-6.381
-4.049
-5.418
-7.347
-8.445
-4.370
-5.065
-7.227
-6.978
-1.647
-4.257
-6.282
-9.223
-3.665
-5.034
-8.515
-9.271
-3.936
-3.903
-7.939
-8.562
-5.515
-3.536
-8.603
-9.824
-1.311
-4.241
-7.783
-8.362
-2.837
-4.381
-6.507
-7.270
-3.880
-4.076
-7.370
-9.153
-0.877
-6.475
-1.781
-3.807
-1.463
-7.555
-1.390
-1.483
-4.208
-7.724
-1.967
-3.030
-3.354
-8.128
-2.839
-5.766
-2.538
-7.468
-2.097
-2.436
-1.568
-5.578
-1.950
-2.767
-3.188
-7.332
-4.568
-4.329
-1.145
-6.369
-1.313
-2.667
-0.913
-4.292
-2.165
-3.116
-2.913
-8.947
-1.710
-3.718
-6.147
-4.386
-9.917
-2.629
-6.351
-1.102
-8.036
-4.007
-7.127
-2.314
-8.974
-2.111
-6.655
-1.705
-9.822
-3.956
-7.634
-3.631
-8.290
-1.854
-5.500
-3.292
-9.409
-2.344
-5.391
-2.836
-8.625
-3.078
-3.397
-2.149
-8.901
-2.215
-5.585
-0.892
-8.829
-2.132
-7.444
-2.729
-11.369
-2.799
-2.279
-7.260
-1.968
-5.580
-0.665
-1.896
-5.195
-5.924
-1.674
-3.933
-3.820
-6.748
-3.815
-6.481
-4.533
-7.689
-3.111
-4.520
-2.666
-4.474
-3.413
-4.179
-3.620
-6.690
-2.610
-2.942
-3.688
-6.866
-1.609
-1.791
-2.921
-5.480
-5.217
-2.770
-3.128
-8.212
-2.916
-6.065
-1.733
-5.271
-1.933
-5.115
-11.535
-7.357
-2.482
-3.034
-11.753
-5.690
-1.395
-2.474
-8.344
-3.923
-2.889
-3.054
-9.083
-4.707
-4.688
-3.475
-12.084
-4.005
-4.384
-3.587
-11.536
-4.778
-4.702
-3.962
-11.195
-4.116
-3.726
-3.982
-11.490
-3.846
-0.569
-4.373
-10.012
-4.428
-3.136
-2.907
-10.653
-3.646
-8.679
-3.471
-4.828
-2.001
-4.262
0.123
-7.782
-3.782
-8.520
-3.519
-7.569
-2.784
-7.795
-1.456
-5.396
-0.924
-8.318
-0.841
-6.435
-1.674
-5.657
-1.114
-6.212
-3.578
-5.607
-0.211
-7.155
-0.242
-4.261
-2.280
-6.382
-0.539
-5.211
-2.662
-8.530
-1.514
-7.137
-0.699
-5.465
-1.026
-7.095
-4.105
-6.269
-2.595
-6.249
-2.730
-4.782
-2.683
-2.760
-1.832
-5.633
-1.678
-6.493
-3.016
-7.186
-3.041
-4.374
-3.350
-6.393
-3.281
-3.282
-4.671
-2.952
-5.096
-0.272
-2.602
-3.663
-5.703
-1.758
-3.388
-2.833
-6.550
-1.182
-4.326
-1.294
-3.712
-1.256
-0.949
-3.009
-4.427
-5.699
-6.259
-4.333
-2.940
-4.913
-2.100
-6.546
-4.194
-6.262
-6.560
-3.758
-5.212
-4.219
-1.929
-5.912
-2.602
-2.387
-2.329
-7.298
-3.782
-2.227
-2.641
-3.958
-1.761
-2.744
-1.830
0.717
-1.305
-3.383
-2.683
-2.341
-1.429
-3.121
-3.850
-3.085
-0.856
-0.360
-2.155
0.294
-2.502
