-6.204
-5.970
-6.419
-4.041
-2.628
-5.163
-4.718
-5.251
-6.222
-5.570
-6.750
-5.485
-7.315
-5.322
-5.505
-6.114
-8.126
-3.087
-4.621
-4.726
-5.402
-6.223
-6.337
-4.613
-5.432
-4.526
-5.755
-6.101
-3.693
-4.078
-5.975
-5.913
-2.474
-1.615
-4.264
-4.620
-4.616
-3.236
-2.206
-4.439
-1.285
-3.159
-1.950
-4.872
-2.447
-4.919
-1.538
-7.205
-3.513
-9.142
-4.105
-5.365
-2.368
-3.657
-2.362
-5.847
-1.210
-3.465
-3.652
-7.088
-1.810
-3.463
-2.069
-2.277
2.209
-2.344
-0.884
-3.199
-0.200
-4.044
2.077
-0.341
0.284
-3.466
-0.144
-3.276
0.763
-3.183
-0.157
-1.930
1.482
-3.202
1.650
2.497
0.682
-0.076
1.992
2.038
1.303
-0.168
1.939
1.839
2.846
0.403
1.675
0.918
0.240
-0.193
1.325
1.143
1.536
-0.039
2.433
2.031
-0.053
-1.266
1.483
0.100
0.274
-3.084
0.870
1.054
0.963
1.124
2.684
2.069
1.095
-0.127
2.635
2.434
1.859
0.443
3.485
2.361
2.495
-0.138
1.970
0.206
2.354
0.048
1.804
-1.465
1.111
0.829
2.904
1.109
0.542
0.392
1.607
-1.416
0.615
-0.076
2.250
-0.479
0.961
-1.159
0.415
-2.535
2.416
-0.233
2.853
0.667
0.201
-0.184
1.307
-1.062
1.679
0.667
3.037
0.419
3.031
-1.087
1.994
-0.724
3.202
-0.336
1.872
-0.073
3.881
0.633
3.732
0.407
1.345
-0.951
1.843
0.694
4.301
-0.753
2.458
1.257
2.723
-0.293
2.929
0.817
2.596
0.417
2.516
0.782
2.594
-1.795
1.202
-0.187
2.405
-0.907
1.924
0.979
1.020
-0.899
0.464
-3.559
-0.183
1.681
2.797
-0.116
-0.756
-0.003
2.168
1.721
-0.022
-0.525
2.551
3.105
-0.841
-0.851
0.282
1.349
-0.491
-0.195
1.741
0.476
-0.881
-0.904
0.883
0.847
-1.490
-3.971
-1.062
0.508
-0.194
-0.958
1.460
0.398
-1.215
-2.202
-0.242
0.202
-0.784
-0.608
1.163
-0.941
3.350
3.479
-0.450
1.008
2.607
2.883
0.134
3.476
2.775
2.812
-1.542
0.916
2.816
2.023
-0.215
1.819
2.033
1.209
-1.360
0.554
2.969
2.736
-2.067
0.681
2.286
3.092
0.547
2.364
1.192
0.494
-1.597
-0.143
2.449
3.082
0.232
2.032
2.440
2.865
-0.642
1.951
0.383
-2.006
1.755
1.858
1.952
-0.513
2.218
2.307
2.063
0.335
1.796
1.557
1.899
-0.744
2.347
2.842
2.506
0.414
1.065
3.622
0.903
-0.833
1.913
1.705
2.627
1.063
2.370
4.093
1.860
-1.602
2.542
1.116
0.397
-0.575
0.441
1.993
3.096
0.702
2.182
3.397
2.372
1.713
-0.519
1.608
2.809
3.081
0.850
0.894
3.420
-0.208
-0.554
0.657
1.682
-0.439
-2.626
-0.318
-0.560
-1.268
-1.259
-0.701
1.969
1.085
0.202
0.821
3.293
1.816
0.271
2.002
1.697
0.778
-0.172
1.610
1.837
-0.584
-2.766
-0.126
0.753
1.986
-0.283
1.363
4.242
3.085
2.071
2.195
3.534
0.694
-0.031
1.850
4.326
2.159
-0.116
2.076
3.947
0.854
0.083
2.289
3.871
2.170
1.821
3.511
2.137
1.540
0.877
0.510
3.613
0.428
-1.409
0.449
3.835
0.279
-0.726
1.407
2.831
0.979
-1.204
1.740
4.328
0.555
-0.600
1.865
-3.460
-3.030
-2.912
-1.329
-4.478
-2.887
-0.486
-2.696
-3.868
-3.018
-3.882
-3.165
-2.009
-3.216
-2.814
-4.366
-5.207
-5.881
-2.284
-4.186
-1.205
-1.542
-2.376
-0.479
-2.545
-2.414
-2.570
-0.540
-2.877
-2.928
0.829
0.132
-1.528
2.685
-0.958
-2.095
2.219
0.176
-1.839
2.890
0.849
-0.312
0.336
-1.912
-2.799
2.309
1.002
-2.309
-0.180
-0.341
-2.734
-2.623
-2.771
-3.991
3.196
0.102
-2.292
-0.414
-0.089
-5.036
1.476
-0.504
-0.698
0.317
-0.616
0.767
1.647
-0.215
0.005
0.576
-0.242
-1.813
-0.908
-4.551
-2.530
0.274
-1.663
-1.346
-1.904
-3.692
-1.307
-2.180
-1.573
-0.605
1.749
1.045
-0.141
0.335
-1.386
-1.361
0.708
-1.352
-1.412
1.972
-0.134
-0.505
0.733
-1.837
-0.238
-2.024
-0.951
-2.221
0.868
-0.558
0.807
1.647
0.426
-0.801
1.572
-0.659
-1.032
3.141
0.512
0.601
0.541
-0.828
-0.610
3.018
1.045
0.706
-3.234
-1.841
-0.061
-0.487
-0.881
0.703
-1.694
-0.819
1.238
0.052
-3.643
-1.109
-2.301
-0.681
0.106
-0.099
-3.396
-0.400
-1.289
-1.367
-0.111
-2.254
-2.694
-2.899
1.831
0.424
1.548
0.547
0.894
2.812
1.531
0.971
-1.009
3.679
2.358
1.353
2.350
-0.468
-0.048
2.299
-0.210
-1.533
2.252
1.503
-0.734
1.037
-0.166
-0.183
3.846
1.953
2.464
1.259
0.495
1.053
2.044
-0.048
0.483
0.459
0.756
-1.235
-6.982
-5.013
-4.501
-8.396
-6.160
-6.910
-5.140
-4.906
-7.761
-7.294
-7.751
-7.280
-5.281
-7.634
-6.864
-6.466
-4.933
-4.261
-8.260
-8.107
-6.702
-7.204
-4.150
-9.325
-5.998
-9.056
-7.783
-7.705
-8.909
-8.333
-5.329
-5.176
-4.309
-6.182
-3.932
-4.848
-2.912
-2.578
-5.203
-4.760
-5.694
-3.270
-4.141
-9.889
-4.905
-5.970
-4.397
-3.687
-6.935
-6.498
-7.619
-7.474
-6.994
-6.289
-8.413
-9.361
-6.138
-7.835
-4.874
-7.915
-6.891
-5.646
-5.048
-3.735
-5.986
-8.327
-6.419
-5.953
-5.073
-7.519
-8.494
-6.947
-7.148
-6.537
-8.661
-9.199
-7.182
-6.202
-6.144
-7.902
-6.927
-7.497
-6.574
-6.130
-7.496
-5.469
-5.980
-6.023
-4.112
-6.880
-5.374
-5.509
-4.758
-4.091
-5.817
-8.406
-7.077
-5.779
-5.054
-9.668
-4.049
-1.923
-2.332
-6.554
-3.127
-5.493
-3.942
-2.368
-7.363
-2.630
-5.983
-5.833
-3.171
-9.037
-2.439
-4.539
-3.087
-2.747
-8.423
-1.919
-2.847
-7.030
-0.428
-8.057
-3.324
-5.904
-4.262
-2.063
-7.048
-3.852
-3.679
-4.707
-1.276
-7.981
-2.628
-4.878
-3.993
-3.206
-6.739
-2.606
-3.553
-3.610
-1.465
-6.782
-1.473
-7.779
-6.593
-2.928
-12.102
-6.215
-8.519
-5.937
-7.057
-4.259
-3.568
-4.403
-4.021
-5.514
-4.107
-2.879
-4.245
-5.067
-5.163
-2.128
-4.167
-6.341
-5.116
-4.929
-5.189
-5.538
-3.720
-5.366
-5.248
-4.391
-4.301
-3.032
-4.629
-4.056
-1.755
-3.081
-4.623
-9.991
-6.621
-9.139
-8.221
-4.636
-4.278
-4.738
-2.774
-1.741
-5.074
-4.154
-4.409
-6.141
-3.096
-6.259
-3.398
-5.209
-4.839
-2.830
-3.589
-7.422
-5.472
-4.811
-6.354
-3.247
-4.087
-4.036
-1.995
-5.139
-4.890
-4.968
-2.322
-3.184
-6.920
-5.326
-4.693
-3.840
-5.361
-6.790
-4.005
-5.402
-0.655
-2.045
-4.443
-3.983
-6.807
-4.104
-2.118
-6.308
-4.689
-2.709
-1.594
-4.326
-5.392
-6.018
-6.305
-5.336
-3.387
-6.017
-4.023
-2.987
-3.253
-3.868
-5.339
-5.367
-5.245
-3.360
-7.425
-7.939
0.942
1.468
-5.932
-0.536
-2.083
1.455
-1.000
-5.484
-2.074
-6.613
1.012
2.354
-6.568
-0.777
-4.140
-0.992
-1.692
-8.862
-1.179
-4.767
-1.273
0.231
-7.246
0.258
-1.865
0.158
0.086
-5.374
-0.858
-4.289
0.646
-0.743
-8.045
-0.061
-5.972
0.736
-0.163
-5.244
-0.697
-3.447
1.697
-0.773
-5.773
-0.925
-4.385
0.369
-2.666
-7.340
-1.426
-4.722
-7.045
-5.866
-9.763
-3.910
-6.421
-4.584
-4.508
-10.350
-1.317
-4.190
-5.725
-5.788
-7.602
-5.634
-5.628
-5.244
-6.347
-8.821
-4.727
-6.487
-5.259
-3.162
-8.969
-0.902
-2.954
-3.526
-5.547
-8.607
-3.901
-6.462
-6.334
-5.669
-8.303
-3.388
-4.540
-4.099
-7.202
-9.142
-3.570
-8.171
-5.963
-3.861
-9.650
-3.329
-3.447
-5.213
-4.973
-10.912
-4.184
-6.861
-0.250
-1.911
-1.521
-7.342
-6.639
-0.209
-4.119
-3.946
-7.294
-10.887
-0.820
-4.609
-2.095
-7.991
-9.847
0.475
-3.606
-4.814
-4.474
-6.703
0.476
-2.934
-5.674
-3.792
-8.022
-1.786
-5.867
-3.911
-4.728
-8.490
-2.266
-4.742
-3.376
-7.040
-7.227
-1.887
-2.608
-1.638
-4.941
-7.702
1.154
-2.942
-3.621
-4.001
-6.696
-0.147
-3.736
-3.830
-2.384
-7.060
-3.854
-0.947
-8.213
-4.521
-3.312
-0.196
-1.173
-6.646
-4.609
-4.665
-2.917
-0.238
-7.218
-5.750
-2.780
-0.818
-1.346
-6.119
-4.014
-4.079
-5.998
-2.280
-10.052
-3.103
-3.269
-0.986
-0.299
-5.665
-4.311
-2.116
-3.132
-1.269
-6.792
-3.905
-2.367
-0.253
-0.780
-6.025
-4.856
-3.803
-3.088
-0.398
-4.417
-5.214
-2.237
-3.489
-1.372
-6.561
-3.876
-3.090
0.446
0.234
-0.019
-4.281
-4.283
-0.687
-0.683
-1.378
-2.826
-3.802
1.074
1.078
-2.210
-4.489
-4.181
0.432
-1.641
-0.468
-4.930
-5.668
1.016
0.276
0.887
-4.305
-5.048
0.340
-1.281
-4.764
-2.881
-2.670
-0.895
-1.434
-5.396
-2.726
-4.493
0.265
0.389
-1.419
-3.168
-2.216
-0.628
-0.103
-4.257
-3.346
-4.152
-0.507
1.147
-3.456
-4.270
-4.147
-5.685
-5.444
-4.183
-5.351
-6.371
-6.039
-3.390
-8.841
-4.992
-4.826
-7.721
-3.920
-6.998
-5.470
-4.848
-4.580
-7.832
-5.755
-6.877
-5.583
-2.742
-5.361
-4.215
-5.157
-5.199
-4.809
-5.023
-1.678
-5.509
-5.288
-12.973
-7.169
-5.318
-8.959
-3.005
-2.703
-11.193
-2.816
-2.452
-14.383
-5.428
-4.835
-11.108
-3.246
-1.573
-13.061
-4.670
-4.231
-13.218
-2.780
-1.631
-10.393
-4.137
-2.124
-12.358
-3.830
-3.941
-13.144
-4.401
-1.605
-5.599
-6.716
-4.451
-8.963
-4.323
-3.464
-5.413
-5.090
-1.808
-6.038
-4.540
-1.381
-5.045
-4.327
-2.753
-5.457
-5.158
-3.481
-4.808
-6.791
-1.337
-5.539
-4.756
-2.587
-5.931
-3.259
-3.430
-4.716
-5.566
-1.351
-3.349
-2.168
-4.729
-2.388
-2.035
-4.517
-3.497
-2.551
-5.282
-1.544
-2.518
-6.739
-2.996
-3.386
-6.086
-0.838
-1.787
-5.021
-2.473
-3.064
-6.009
-2.940
-1.698
-5.385
-2.845
0.118
-2.980
-2.291
-2.118
-4.828
-4.282
-6.341
-6.404
-3.926
-5.248
-6.120
-4.851
-3.611
-6.069
-3.563
-4.471
-5.732
-4.880
-2.580
-3.891
-2.127
-5.085
-5.805
-4.254
-3.982
-4.653
-5.747
-5.898
-6.755
-3.887
-4.730
-5.441
-5.897
-3.947
-4.761
-5.988
-3.301
-7.560
-3.756
-2.438
-7.244
-7.394
-1.586
-5.176
-5.085
-1.978
-6.944
-5.263
-2.017
-7.772
-6.998
-3.120
-6.914
-7.043
0.312
-5.027
-9.127
-3.129
-7.281
-8.687
-3.138
-7.208
-5.310
-1.622
-7.144
