-6.778
-3.083
-4.517
-7.383
-2.941
-4.480
-5.676
-3.205
-3.787
-3.176
-2.798
-0.846
-1.959
-1.916
-1.553
-2.319
-1.955
-2.011
-2.160
-2.166
-0.648
-1.394
-1.566
-2.245
-2.178
1.405
-1.348
-0.520
-1.751
-1.258
0.709
0.929
0.009
-1.176
0.028
-1.332
-0.788
0.174
1.237
0.069
-0.527
0.511
-1.116
1.281
2.732
0.698
0.781
2.148
0.774
1.256
2.962
1.330
0.998
2.516
-0.833
0.631
2.116
-0.200
-0.169
2.431
0.828
1.785
3.055
0.883
1.353
2.359
1.966
0.753
1.735
1.188
1.441
0.434
-0.933
3.755
2.137
2.672
2.825
-0.654
1.370
3.829
0.815
2.406
2.210
2.405
3.415
2.295
1.651
3.003
0.440
0.013
1.864
4.474
3.007
2.549
2.494
0.647
1.231
2.344
2.904
2.124
-2.262
-0.891
-0.907
-0.082
2.010
-0.240
-0.112
0.976
-0.553
-0.495
0.994
0.309
-0.020
1.856
-0.826
-0.991
0.919
-1.329
0.253
1.454
-0.120
0.838
2.214
1.133
-1.866
0.436
-1.760
1.162
1.658
0.695
1.859
-0.517
0.620
1.422
0.490
1.549
1.684
-1.252
0.063
1.607
0.789
2.273
0.753
-0.328
0.621
1.582
0.014
1.634
1.201
-0.545
0.648
1.245
-0.783
0.383
1.522
0.171
1.568
2.792
0.961
2.225
5.278
2.105
2.892
4.440
0.533
2.366
4.921
1.364
1.502
3.377
-0.082
0.871
4.499
2.263
1.643
3.772
-0.890
2.205
5.439
1.190
3.642
4.378
0.794
2.422
4.041
0.728
2.397
4.820
-0.853
0.900
4.323
0.092
4.437
3.137
-1.597
3.455
3.373
-0.185
3.948
3.667
0.026
2.882
2.215
-2.276
0.145
3.373
-0.901
4.255
0.831
-3.277
1.713
3.417
-0.657
3.661
3.289
-0.215
4.546
3.073
1.550
4.813
1.697
-1.790
0.599
0.939
-1.896
0.275
2.118
-1.742
2.239
1.902
-1.885
0.322
2.769
-0.927
1.248
-0.033
-3.092
0.298
1.852
-0.991
2.470
2.806
1.047
3.078
0.361
-1.738
0.879
0.985
-1.843
-0.087
3.927
0.228
2.649
4.398
1.146
2.699
3.924
-1.610
1.527
2.395
0.406
0.950
4.198
1.183
3.382
5.630
2.070
4.949
3.766
0.086
1.429
3.203
1.597
1.161
2.989
-0.432
2.066
4.109
-0.548
4.374
2.724
-1.312
3.850
-0.223
2.392
-0.547
3.863
0.033
1.382
-1.042
0.238
-3.602
3.887
-0.610
0.039
-4.594
2.476
-1.341
1.358
-2.389
1.677
-1.163
2.038
-0.800
1.501
-1.799
2.921
-1.280
3.597
-3.901
1.670
-2.483
3.684
-1.266
0.753
-4.685
1.167
-2.387
0.957
-4.889
-0.034
-3.229
-0.781
-4.769
-2.043
-2.749
1.186
-1.329
0.695
-2.178
-0.141
-3.764
-1.579
-5.937
-0.891
-3.295
-0.822
-4.125
-1.221
-2.537
1.785
1.288
0.748
1.672
0.314
0.781
-1.118
0.101
0.008
-1.772
1.855
2.284
0.029
0.996
1.462
1.369
1.466
0.688
-0.077
-0.708
0.863
0.353
1.367
0.240
0.182
0.927
1.344
2.397
1.821
1.135
0.668
1.106
-0.265
0.885
-2.453
-0.054
-0.427
0.335
-1.862
-1.485
0.664
1.097
-0.073
-1.559
-1.143
-1.275
2.147
-0.033
0.257
-1.113
-1.180
0.852
2.123
1.094
-0.305
-1.433
0.362
0.143
1.883
-0.054
-3.752
-1.139
-1.435
-3.109
-4.845
-2.429
-4.922
-4.532
-5.356
-1.041
-3.858
-4.942
-5.754
-2.316
-4.430
-5.972
-6.109
-3.103
-5.897
-5.341
-5.107
-1.267
-3.684
-4.793
-6.101
-1.923
-5.372
-6.746
-5.932
-1.268
-4.649
-5.744
-4.782
-2.271
-5.279
-5.202
-2.392
0.025
-2.801
-3.311
-2.900
-5.716
-3.728
-6.129
-0.433
-4.111
-3.127
-6.538
-2.395
-3.689
-1.551
-4.484
0.580
-5.427
-2.610
-5.798
-3.320
-3.160
-3.321
-5.932
-1.574
-4.653
-3.957
-6.000
-2.650
-2.242
-3.206
-4.898
-2.010
-4.388
-3.123
-5.782
-0.467
-5.418
-3.395
-5.848
-3.128
-2.890
-3.776
-5.092
-1.267
-5.560
-1.119
-1.972
-2.633
-4.435
-2.329
-3.011
-2.565
-5.984
-2.718
-5.289
-4.828
-5.055
-3.274
-4.552
-4.629
-4.749
-2.133
-3.046
-3.906
-4.738
-2.013
-2.596
-3.930
-3.193
-1.425
-2.780
-4.261
-4.466
-1.974
-2.581
-5.775
-5.770
-2.480
-2.773
-4.054
-5.862
-2.368
-3.283
-6.233
-2.844
-3.205
-6.318
-7.852
-2.069
-2.922
-4.128
-8.356
-3.704
-2.479
-6.758
-9.396
-3.442
-4.037
-7.388
-8.128
-3.537
-3.083
-5.716
-7.489
-3.506
-3.235
-7.095
-7.914
-3.113
-4.663
-5.843
-7.273
-1.998
-2.907
-5.258
-7.069
-2.454
-2.073
-7.052
-4.788
-0.974
-3.720
-4.955
-1.452
-5.604
-1.993
-4.100
-2.984
-4.395
-2.474
-2.038
-3.681
-6.061
-3.310
-4.123
-2.784
-4.278
-2.124
-2.347
-0.609
-5.792
-2.602
-3.849
-2.941
-3.102
-1.862
-4.105
-3.018
-4.170
-2.367
-5.640
-1.985
-7.993
-3.870
-5.548
-4.573
-7.872
-3.178
-9.968
-0.694
-3.553
-2.703
-4.465
-0.792
-0.435
-3.349
-5.395
-2.567
-2.654
-5.814
-8.017
-3.575
-2.079
-5.709
-6.467
-1.074
-1.487
-5.066
-8.248
-2.554
-2.174
-6.188
-7.776
-2.745
-1.583
-5.857
-7.211
-3.719
-1.806
-6.344
-8.531
-1.158
-0.378
-6.366
-7.036
-1.945
-0.501
-5.254
-6.025
-2.751
-1.080
-6.187
-7.584
0.275
-6.529
-1.677
-3.491
0.073
-7.373
-0.343
-0.840
-1.481
-7.400
-1.280
-1.927
-0.761
-6.894
-2.271
-4.787
-0.537
-7.476
-1.153
-1.643
0.253
-5.868
-0.567
-1.832
-1.065
-6.121
-3.298
-2.871
-0.075
-5.874
-1.748
-1.610
0.779
-4.562
-0.895
-2.084
-0.472
-7.674
-0.595
-2.735
-4.316
-2.493
-9.783
-1.242
-5.216
-1.331
-8.457
-4.024
-4.635
-1.098
-9.930
-1.997
-5.185
-1.235
-10.075
-3.934
-4.823
-2.232
-8.356
-0.688
-3.834
-2.022
-9.708
-1.342
-3.209
-1.457
-8.646
-2.221
-2.216
-0.735
-8.963
-1.254
-3.329
-0.168
-9.548
-2.098
-5.415
-3.481
-11.461
-2.571
-0.757
-6.671
-2.741
-5.563
1.079
-2.077
-4.241
-6.239
1.270
-3.514
-2.431
-5.868
-0.258
-6.174
-3.412
-7.399
0.043
-4.575
-2.731
-4.335
0.442
-3.594
-2.899
-6.308
0.125
-2.230
-3.332
-5.867
1.582
-2.552
-2.618
-5.594
-0.669
-2.575
-2.918
-7.966
-0.186
-5.708
-1.361
-4.471
-2.435
-3.302
-11.861
-6.953
-1.083
-1.809
-11.564
-5.331
-0.660
-0.598
-8.817
-2.825
-2.179
-2.274
-10.109
-3.932
-3.056
-2.282
-11.580
-4.078
-2.515
-2.744
-11.233
-4.400
-3.176
-2.833
-11.738
-3.867
-2.306
-3.393
-11.189
-3.711
-0.667
-2.788
-10.627
-3.915
-1.651
-2.003
-10.295
-3.825
-4.116
-2.910
-2.393
-2.070
-1.883
-1.461
-4.801
-2.886
-5.693
-3.953
-4.961
-2.693
-4.324
-2.140
-3.065
-1.278
-5.024
-2.657
-3.119
-1.790
-2.586
-0.090
-2.967
-1.850
-2.842
-0.469
-4.054
-0.114
-0.706
-2.189
-4.110
-0.669
-2.515
-1.198
-6.418
-1.718
-3.680
-0.761
-2.590
0.206
-4.757
-4.560
-3.504
-3.695
-4.169
-4.073
-2.882
-3.121
-1.420
-3.155
-3.150
-4.019
-3.635
-4.168
-2.333
-4.521
-2.487
-3.404
-5.126
-4.833
-2.057
-3.639
-2.703
-4.136
-1.933
-2.231
-2.868
-5.086
-0.845
-2.841
-3.165
-5.178
-2.894
-3.368
-2.353
-3.431
-1.060
-0.482
-2.535
-3.980
-3.087
-5.044
-1.946
-1.522
-2.477
-1.724
-3.004
-3.142
-4.466
-4.429
-1.104
-3.189
-1.716
-1.030
-3.594
-2.138
-0.036
-0.945
-4.989
-3.627
-1.154
-3.406
-2.924
-3.359
-1.593
-3.416
-0.192
-1.787
-2.598
-3.494
-2.207
-2.234
-2.612
-3.963
-1.644
-1.852
0.405
-2.656
-0.714
-2.814
