-16.038
-12.423
-7.039
-17.748
-6.790
-12.971
-14.480
-10.230
-11.022
-6.953
-15.379
-11.690
-10.419
-11.052
-8.018
-10.465
-12.260
-12.653
-12.608
-9.953
-8.475
-8.170
-11.746
-6.541
-9.632
-7.264
-5.733
-8.538
-7.564
-9.881
-0.280
3.643
0.544
4.105
-0.052
-1.269
-5.158
2.963
-1.833
1.342
-11.094
-2.102
-18.758
-11.448
0.890
-16.304
-12.642
-1.251
-18.222
-15.467
-0.967
-18.372
-15.137
-0.137
-16.869
-14.172
-2.534
-16.702
-11.837
-2.780
-14.659
-9.161
-1.979
-14.006
-9.655
-5.233
-15.082
-11.758
-6.787
-19.346
-9.734
-7.855
-17.340
-6.492
-3.874
-14.755
-12.629
-8.834
-14.918
-5.200
-12.190
-9.986
-12.545
-8.574
-9.264
-12.493
-5.075
-13.987
-15.569
-9.476
-13.664
-5.025
-7.606
-15.810
-10.870
-3.441
-14.641
-9.947
-2.966
-16.450
-14.562
-10.842
-11.691
-18.639
-8.633
-18.368
-15.514
-14.441
-14.567
-17.287
-7.301
-21.060
-16.265
-7.607
-17.345
-13.787
-7.791
-14.213
-20.415
-13.133
-14.031
-15.758
-11.847
-16.935
-20.790
-9.067
-22.513
-13.088
-8.261
-17.776
-21.446
-21.947
-15.692
-13.985
-13.038
-8.610
-19.644
-18.984
-13.843
-15.191
-18.903
-12.879
-14.778
-16.441
-10.697
-16.887
-20.062
-14.752
-14.329
-13.227
-6.931
-15.588
-20.113
-17.315
-15.076
-17.552
-13.565
-14.951
-19.569
-12.170
-1.807
-8.758
1.668
0.735
-9.565
2.223
2.145
-8.973
-5.741
-1.771
-11.579
-7.628
-0.835
-5.198
0.238
-1.540
-9.027
-2.182
2.327
-6.505
2.028
-4.011
-10.856
-1.012
-3.078
-13.458
-0.453
0.443
-12.379
-3.089
-7.002
-7.902
0.455
-5.868
-11.550
-0.554
-7.566
-13.342
2.194
-6.081
-9.347
2.217
-5.684
-12.560
4.229
-4.180
-7.134
3.003
-8.183
-10.007
5.344
-4.629
-5.961
-0.354
-4.969
-3.061
2.620
-7.947
-9.299
5.770
-6.771
-11.489
-8.124
-1.295
-8.816
-5.410
-2.172
-8.887
-4.109
-6.868
-7.931
-3.304
-1.815
-9.714
-5.607
-4.383
-13.950
-9.954
-0.789
-15.570
-8.405
-1.920
-7.059
-3.111
-5.856
-16.403
-10.143
-5.837
-17.503
-11.999
1.567
-11.073
-0.769
0.373
-6.672
1.151
1.231
-8.959
-6.630
-7.019
-8.704
-4.342
-1.479
-7.557
-2.316
0.292
-7.086
-4.018
3.787
-5.085
-2.787
0.154
-5.066
-0.368
-1.129
-12.565
-3.758
0.609
-1.975
4.647
-2.674
-20.160
-7.727
-20.249
-11.418
-11.789
-1.645
-12.925
-4.548
-7.786
-4.723
-14.105
-4.671
-15.084
-2.082
-15.952
-1.111
-18.208
-5.295
-19.081
-4.742
-14.331
2.656
-19.521
-4.537
-21.279
-1.863
-18.970
-5.352
-17.556
-4.482
-20.131
-2.578
-17.659
-4.145
-16.893
-6.869
-19.131
-5.514
-21.745
-22.812
-17.140
-16.396
-15.483
-20.993
-14.689
-17.034
-13.119
-15.513
-13.078
-16.838
-11.668
-17.163
-16.001
-18.114
-14.738
-20.775
-13.750
-15.458
-19.317
-11.276
-7.148
-13.154
-6.296
-14.669
-9.676
-9.785
-10.002
-12.836
-12.210
-7.911
-6.462
-15.464
-9.361
-13.674
-3.808
-8.516
-8.157
-16.636
-14.418
-5.178
-9.135
-6.821
-5.278
-6.509
-8.616
-2.722
-5.609
-0.424
-13.758
-1.849
-5.865
-1.415
-6.063
-3.914
-10.559
-7.901
-9.492
-6.672
-7.540
-7.431
-11.832
-4.062
-6.430
-11.730
-2.904
-8.875
-9.853
-5.714
-10.213
-11.137
-8.021
-4.370
-5.222
-6.420
-9.702
-10.036
-4.682
-3.274
-10.066
-13.944
-4.999
-13.842
-15.717
-12.307
-14.814
-16.810
-16.896
-12.342
-10.624
-14.316
-13.218
-14.153
-15.589
-15.717
-17.073
-12.185
-14.395
-18.261
-14.348
-12.405
-11.687
-13.129
-17.450
-11.924
-18.358
-20.389
-18.158
-11.029
-9.259
-13.433
-16.001
-9.676
-10.940
-12.592
-13.882
-10.240
-7.426
-16.433
-15.982
-17.650
-15.373
-15.093
-17.227
-15.249
-15.153
-14.028
-22.791
-15.146
-14.799
-7.659
-17.805
-15.320
-10.709
-11.047
-18.120
-9.800
-14.624
-5.697
-19.102
-11.247
-16.373
-13.449
-20.539
-11.140
-10.833
-12.810
-18.781
-12.519
-15.593
-4.139
-20.701
-12.805
-16.993
-13.889
-21.789
-13.236
-8.113
-13.821
-16.146
-5.953
-11.908
-2.688
-14.501
-9.431
-17.952
-8.683
-8.939
-11.879
-16.422
-8.779
-15.596
-10.582
-13.444
-6.889
-14.487
-11.282
-9.503
-9.599
-11.977
-5.647
-10.822
-7.513
-15.104
-10.861
-10.850
-7.946
-10.800
-10.457
-14.107
-12.341
-14.136
-6.357
-12.701
-8.847
-8.102
-13.376
-10.084
-9.469
-14.979
-8.692
-4.958
-5.754
-8.981
-13.697
-4.999
-5.071
-6.945
-18.084
-10.598
-5.792
-9.826
-17.555
-10.123
-3.944
-11.677
-14.238
-6.793
0.554
-7.454
-18.350
-9.277
-7.091
-11.542
-22.805
-7.422
-6.999
-12.233
-15.043
-7.477
-4.222
-9.288
-12.693
-6.691
-4.347
-10.474
-15.107
-10.896
-6.977
-10.216
-9.713
-10.900
-13.524
-9.430
-8.767
-8.645
-6.898
-8.283
-7.680
-12.367
-10.664
-6.718
-7.968
-10.440
-10.179
-10.055
-6.476
-12.823
-6.273
-11.480
-12.056
-11.517
-11.258
-11.273
-7.834
-11.021
-6.853
-13.017
-12.611
-17.521
-6.027
-10.764
-11.938
-14.488
-5.482
-18.759
-5.629
-13.530
-9.139
-10.963
-11.390
-7.686
-17.254
-14.392
-17.168
-18.863
-18.095
-17.715
-20.326
-12.469
-17.756
-15.689
-8.401
-11.930
-14.709
-19.133
-16.633
-7.436
-16.300
-13.715
-16.801
-7.401
-14.391
-11.389
-18.972
-14.787
-18.791
-18.870
-14.467
-15.190
-16.623
-15.860
-19.556
-8.908
-18.770
-15.087
-19.673
-11.012
-16.147
-9.659
-13.435
-18.050
-9.641
-13.868
-11.526
-15.863
-5.748
-6.937
-14.519
-21.924
-6.549
-17.056
-9.709
-17.877
-9.970
-9.934
-15.700
-15.624
-6.486
-11.259
-7.442
-18.174
-8.185
-14.905
-8.880
-14.347
-9.244
-16.676
-14.808
-14.635
-8.756
-14.640
-9.093
-18.941
-8.909
-17.037
-15.340
-18.264
-10.828
-12.490
-15.984
-10.306
-11.083
-13.188
-14.752
-8.663
-10.658
-12.374
-21.392
-9.250
-9.849
-9.565
-16.675
-9.401
-14.629
-8.499
-18.718
-11.460
-12.420
-9.325
-16.701
-9.997
-11.342
-10.205
-10.040
-5.748
-14.047
-9.739
-17.340
-5.394
-12.215
-12.442
-19.405
-7.397
-10.901
-10.865
-18.653
-11.049
-13.459
-10.555
-10.120
-20.579
-5.744
-21.254
-6.699
-10.541
-11.508
-17.640
-8.554
-21.937
-10.250
-21.747
-14.774
-16.213
-6.298
-21.071
-8.598
-14.261
-11.610
-16.739
-12.648
-13.934
-6.802
-20.853
-9.826
-17.425
-8.383
-19.368
-8.099
-12.943
-5.457
-21.853
-16.671
-16.417
-7.601
-20.532
-13.869
-14.109
-10.367
-14.780
-6.205
-13.911
-16.135
-16.917
-5.500
-11.856
-17.014
-17.176
-7.303
-12.325
-13.619
-16.107
-13.635
-15.756
-16.150
-17.217
-6.805
-13.356
-20.268
-16.473
-7.053
-12.290
-20.089
-9.212
-7.164
-7.527
-14.972
-10.971
-10.772
-11.496
-17.635
-17.005
-5.038
-15.265
-15.716
-14.787
-10.641
-16.612
-17.640
-19.301
-19.537
-9.997
-14.679
-8.542
-14.151
-2.376
-17.864
-8.025
-17.947
-6.611
-17.435
-10.475
-22.205
-7.486
-20.593
-7.074
-19.055
-11.117
-22.280
-8.407
-10.387
-2.686
-11.835
-7.113
-12.684
-10.907
-14.434
-1.472
-6.654
-5.845
-13.525
-7.727
-11.195
-9.237
-19.542
-6.693
-17.790
-4.894
-13.325
-7.928
-18.498
-6.565
-17.048
-4.241
-18.409
-6.990
-17.538
-8.981
-12.085
-7.546
-15.496
-6.163
-16.844
-9.144
-19.190
-4.325
-21.830
-7.332
-15.149
-9.065
-11.066
-11.840
-11.944
-14.139
-7.920
-7.600
-8.725
-13.335
-11.617
-9.589
-7.916
-10.990
-5.259
-8.047
-10.056
-8.265
-7.626
-9.061
-11.810
-9.098
-8.642
-13.417
-13.797
-11.959
-14.269
-10.289
-15.262
-15.771
-11.781
-13.883
-10.895
-12.494
-12.228
-7.676
-12.003
-13.852
-10.981
-10.134
-17.486
-15.167
-9.290
-11.080
-13.462
-12.954
-13.253
-9.432
-3.385
-13.044
-8.330
-13.487
-12.133
-10.708
-10.596
-12.526
-10.448
-11.633
-9.404
-13.318
-4.116
-6.985
