-4.594
-5.251
-1.957
-4.695
-3.289
-3.800
-2.868
-4.949
-3.029
-5.522
-3.036
-3.710
-4.700
-4.761
-3.205
-6.303
-2.911
-3.037
-1.932
-3.721
-4.995
-2.763
-2.043
-2.171
-5.209
-3.449
-3.174
-3.330
-1.294
-2.864
-3.779
-3.648
-3.891
-2.232
-4.524
-3.346
-2.993
-3.127
-2.770
-4.575
-3.758
-0.625
-0.902
-4.314
-2.056
-2.552
-1.776
-2.086
-1.502
-3.624
-3.426
-1.711
-2.379
-3.265
-2.765
-4.393
-1.212
-3.965
-0.919
-3.085
-1.769
-3.051
-1.520
-2.381
-1.809
-3.039
-2.381
-3.521
-0.869
-3.154
-1.770
-1.503
-1.942
-1.644
-2.411
-2.108
-1.917
-2.375
-2.210
-1.161
-1.662
-4.590
-3.545
-3.191
-0.334
-4.999
-2.610
-1.715
-1.985
-4.919
-5.869
-2.712
-2.461
-3.536
-3.419
-4.396
-3.164
-4.837
-4.251
-1.946
-2.432
-3.783
-1.570
-1.302
-2.270
-1.714
-2.633
-3.589
-1.490
-3.633
-3.430
-0.406
-2.332
-4.447
-4.019
-1.254
-2.073
-4.475
-4.556
-1.653
-1.574
-3.977
-2.236
-4.235
-0.789
-3.638
-3.719
-4.955
-0.733
-4.024
-3.442
-5.351
-1.051
-2.178
-3.208
-5.439
-2.400
-3.176
-3.525
-6.267
-0.309
-3.841
-3.441
-5.063
-0.998
-2.561
-4.841
-5.463
-1.079
-4.127
-6.066
-4.959
-3.269
-2.605
-4.542
-3.540
-3.202
-2.298
-2.203
-3.664
0.554
-2.114
-1.471
-2.718
3.158
-3.018
-1.275
-2.741
4.000
-3.389
-2.543
-3.222
3.740
-3.275
-2.649
-2.897
5.040
-4.103
-2.631
-2.708
2.744
-2.694
-2.878
-2.579
3.051
-1.695
-2.304
-2.452
2.094
-3.175
-1.022
-1.654
2.168
-1.699
-2.973
-3.351
2.402
-2.614
-1.603
-2.802
-3.177
-0.297
-0.670
-2.742
-3.602
-2.448
-1.672
-0.696
-3.970
-3.064
-1.896
-0.892
-4.118
-2.356
-2.747
-1.515
-4.137
-3.303
-2.088
1.287
-3.042
-1.207
-2.759
-0.688
-4.322
-3.706
-2.080
-0.153
-2.753
-3.035
-2.413
1.151
-3.047
-2.462
-4.101
-1.943
-4.980
-2.636
-2.361
-1.787
-3.643
-0.642
-2.675
-5.300
-3.016
-2.472
-3.643
-3.452
-2.200
0.463
-2.113
-2.822
-3.023
-1.802
-1.938
-2.974
-2.398
-3.316
-2.429
-2.719
-1.667
-0.443
-3.626
-4.236
-2.096
-3.271
-4.951
-2.829
-1.781
-1.721
-2.904
-1.279
-1.655
-0.323
-2.041
-4.265
-3.986
-2.276
-3.755
-4.463
-5.020
-3.018
-1.022
-2.466
-1.871
-1.987
-2.279
-2.254
-4.069
-2.155
-3.042
-3.422
-3.793
-2.770
-1.308
-1.599
-1.278
-3.676
-1.411
0.585
-3.771
-3.374
-1.929
-1.594
-3.152
-1.912
-2.791
-3.427
-2.291
-1.785
-0.735
-2.009
-1.441
-2.624
-3.033
-2.038
-0.962
-1.791
-3.120
-0.203
-3.041
-3.309
-2.252
-2.570
-3.225
-2.111
-2.445
-1.827
-2.061
-2.568
-5.209
-2.081
-2.769
-5.504
-3.385
-1.931
-2.162
-5.650
-4.525
-1.140
-2.503
-5.183
-4.087
-2.137
-4.616
-5.453
-2.319
-1.349
-2.303
-3.386
-3.115
-0.862
-2.857
-3.922
-3.033
-1.966
-3.955
-3.490
-3.117
-1.548
-0.181
0.744
-2.674
-2.712
-0.933
0.707
-2.615
-1.556
-0.139
1.083
-3.439
-3.238
1.421
0.255
-3.722
-2.772
-0.078
1.088
-2.773
-0.560
-1.976
1.362
-2.561
-2.572
-2.846
-2.480
-2.569
-2.125
-0.343
0.585
-3.308
-1.865
1.150
0.271
-3.603
-1.705
-1.562
-0.428
-4.496
-2.936
-3.925
-2.869
-3.670
-3.161
-3.580
-4.406
-2.567
-3.534
-3.047
-1.231
-3.175
-5.118
-2.389
-3.948
-4.737
-3.276
-3.904
-4.749
-2.529
-2.682
-3.400
-4.751
-3.553
-4.688
-3.509
-1.828
-4.739
-1.711
-2.598
-5.800
-2.209
-1.652
-2.290
1.582
-2.686
-4.649
-0.989
-1.648
-3.257
-0.054
-1.508
-3.503
-2.565
-5.240
-3.834
-0.815
-3.395
-4.621
-1.697
-2.386
-3.674
-2.916
-4.352
-3.588
-2.211
-2.721
-3.188
-1.284
-1.357
-4.086
0.473
-4.697
-5.897
-0.048
-1.780
-3.452
0.422
-0.990
-2.488
0.293
0.127
-3.044
-2.407
-3.083
-2.878
-1.353
-0.929
-1.621
-1.686
-2.553
-2.026
-2.333
-3.069
-2.131
-0.297
-0.389
-3.313
-1.488
-3.050
-3.526
-4.183
-1.571
-1.955
-3.211
-2.059
-2.579
-4.443
-2.488
-2.834
-4.049
-0.080
-2.762
-2.090
-2.257
-0.116
-4.322
-0.853
-3.517
-2.744
-1.496
-3.077
-4.438
-2.333
-1.577
-1.780
-0.401
-1.532
-3.470
-2.916
-3.211
-2.950
-4.925
-0.496
-3.431
-5.368
-2.916
-4.692
-6.371
-1.906
-3.976
-5.454
-1.603
-3.950
-5.968
-2.520
-4.003
-4.267
-2.737
-3.613
-5.746
-1.319
-2.046
-4.966
-2.003
-3.489
-5.923
-2.595
-4.521
-6.281
-1.758
-3.803
-3.233
-2.726
-4.072
-2.564
-1.839
-3.341
-1.355
-0.730
-4.146
-2.788
-2.369
-2.189
-1.715
1.440
-2.715
-1.767
-2.308
-2.452
-0.750
-1.261
-2.847
-0.902
0.503
-3.264
-2.197
-1.572
-2.273
-0.939
-1.866
-3.129
-3.401
-5.115
-2.674
-0.238
-2.180
-1.686
-2.331
-2.638
-4.093
-3.457
-3.566
-3.244
-1.420
-2.111
-2.902
-2.126
-3.062
-1.833
-2.044
-1.951
-4.371
-4.197
-3.995
-3.306
-3.768
-3.397
-4.791
-3.107
-1.750
-1.430
-3.773
-4.355
-3.656
-1.777
-2.909
0.248
-2.099
-0.824
-3.789
-1.486
-1.523
-3.460
-3.609
-3.048
-2.762
-2.482
-4.807
-0.985
-3.174
-3.827
-3.331
-3.003
-0.353
0.338
-3.681
-3.698
-3.476
-1.744
-1.189
-2.818
-2.768
-4.780
-0.608
1.605
-4.745
-3.930
-3.686
-1.890
0.165
-4.148
-3.429
-4.439
-1.837
0.009
-2.426
-1.876
-2.558
-1.303
-1.237
-3.190
-3.392
-3.862
-0.936
0.958
-1.190
-1.821
-3.549
0.670
-0.325
-2.408
-3.229
-2.240
-1.826
-1.030
-3.996
-3.351
-3.004
-1.542
-2.178
-3.397
-2.635
-4.983
-3.799
-4.043
-4.108
-2.910
-3.829
-3.174
-3.025
-4.209
-4.470
-4.757
-3.606
-1.618
-2.886
-2.127
-4.249
-4.721
-4.463
-0.569
-4.706
-2.217
-4.946
-2.537
-3.409
-3.556
-3.438
-4.151
-2.116
-2.341
-4.277
-4.126
-4.938
-4.501
-2.701
-3.414
-3.032
-3.682
-2.949
-3.108
-2.930
-2.540
-3.297
-4.036
-3.840
-3.146
-3.172
-5.335
-3.645
-3.997
-2.305
-6.210
-1.146
3.457
-3.357
-1.643
-3.746
-1.743
5.467
-3.284
-0.270
-3.302
-1.124
2.752
-4.636
-4.627
-3.206
-2.051
2.273
-2.533
-2.599
-3.159
-2.334
2.543
-1.282
-2.181
-3.568
-0.969
1.430
-3.047
-3.314
-2.343
-2.566
0.895
-3.345
-1.889
-3.629
-2.382
5.379
-3.924
-2.263
-2.778
-3.571
3.303
-3.872
-2.563
-4.288
-3.253
4.972
-1.582
-4.133
-5.415
-1.405
-3.449
0.288
-3.447
-3.205
-0.319
-3.535
-0.638
-2.061
-2.149
-0.242
-0.948
-0.734
-2.286
-4.518
-2.889
-1.366
-1.342
-2.192
-0.230
-0.393
-3.360
-1.070
-2.888
-3.870
-1.465
-1.427
-1.409
0.284
-1.385
-3.509
-4.687
-1.965
-3.572
-5.135
0.120
-1.190
-2.155
-3.139
-4.909
-2.444
-4.753
-1.699
-3.878
-4.296
-1.544
-4.405
-0.247
5.913
-2.541
2.024
-1.394
-0.685
4.137
-2.713
-0.476
-2.412
-0.491
5.454
-2.599
0.348
-0.206
-0.581
4.606
-3.919
1.248
-1.806
-3.176
2.530
-3.414
0.109
-2.322
0.143
3.337
-1.814
-0.181
-1.518
0.137
3.929
-1.283
1.307
-2.853
-2.148
2.786
-0.610
-1.095
-1.393
0.790
3.733
-2.098
-0.135
-1.988
-2.125
2.417
-2.652
0.433
-2.334
-2.613
-4.284
-2.519
0.576
-2.063
-3.420
-3.814
-3.015
-0.075
-0.944
-1.946
-4.625
-2.185
-2.819
-3.482
-2.106
-4.503
-1.879
-1.101
-1.646
-3.639
-4.455
-2.880
-0.651
-2.328
-0.931
-6.126
-2.012
-1.575
-2.890
-2.447
-5.809
-3.359
-1.350
-1.648
-0.925
-3.639
-2.359
-0.717
-2.323
-0.730
-5.016
-2.285
-0.112
-1.213
-2.035
-5.199
-2.511
-0.868
-3.985
-2.204
-1.684
-1.986
-3.652
-4.463
-0.173
-1.730
-3.591
-3.142
-4.262
0.752
-2.210
-3.526
-2.352
-3.098
-0.775
-0.915
-3.963
-2.508
-3.492
-0.086
-0.712
-3.377
-1.904
-4.644
1.156
-2.143
-2.141
-1.345
-3.653
0.095
-1.467
-2.497
-1.909
-3.112
-1.474
-1.038
-3.058
-1.264
-4.152
0.371
-3.487
-2.768
-4.233
-3.187
0.447
-1.887
-2.476
-0.663
-4.050
-2.680
0.346
-0.957
-2.217
1.755
-3.216
-1.454
-2.054
-3.884
-1.354
-1.867
-0.274
-1.685
-3.788
-1.709
-1.739
-0.185
-2.979
-3.797
-2.486
-1.318
0.234
-1.668
-1.144
-0.742
-0.035
1.356
-3.420
-1.180
-1.428
-0.733
0.365
-1.482
-0.416
-0.642
-1.058
0.927
-4.116
-2.700
-1.405
-2.119
-1.050
-3.825
-2.994
-2.667
-1.880
-1.021
-2.643
-2.893
-1.298
-2.359
0.959
-1.349
-3.108
-2.993
-0.334
-2.047
-0.575
-2.036
-3.340
-0.179
0.095
1.003
-2.178
-0.626
0.212
0.221
0.155
-2.772
-2.536
-1.138
-1.008
-0.703
-2.868
-3.850
-1.541
-0.265
-0.373
-4.055
-2.384
-0.978
-0.731
-0.328
-2.018
-2.271
-0.595
2.123
-0.696
-1.532
-2.908
-1.199
1.873
-0.304
-1.198
-3.413
-2.526
-0.433
0.206
-2.891
-3.150
-4.393
-2.501
-2.528
-2.003
-5.307
-4.239
-1.915
-5.988
-2.298
-2.440
-5.896
-2.569
-5.758
-3.098
-2.349
-2.016
-3.983
-2.868
-5.909
-1.693
-2.940
-4.324
-2.801
-6.703
-5.295
-3.795
-4.406
-1.323
-3.147
-4.277
-4.040
3.695
-3.176
-4.127
2.215
-2.891
-4.541
3.075
-1.701
-3.842
5.133
-0.709
-4.526
4.125
-0.469
-3.822
3.838
-0.959
-4.695
2.745
-2.421
-4.395
1.526
-2.828
-4.574
3.537
-2.889
-4.154
3.943
-0.813
-1.220
-3.865
-2.489
-3.349
-4.105
-2.393
-2.192
-4.211
-1.779
-1.536
-3.005
-0.882
-3.814
-3.501
-3.524
-2.315
-4.674
-2.286
-2.940
-3.508
-1.675
-2.703
-3.890
-3.155
-3.156
-3.121
-3.277
-2.338
-3.796
-1.081
-3.166
-1.687
-3.868
-4.195
-1.967
-5.975
-3.993
-3.180
-2.895
-4.107
-3.862
-3.780
-4.038
-3.831
-6.360
-3.963
-2.977
-4.299
-3.017
-1.898
-3.525
-4.014
-2.525
-3.973
-3.076
-1.138
-5.469
-2.031
-2.000
-2.419
-1.199
-2.953
-1.944
0.001
-3.883
-2.301
-0.159
-2.730
-4.008
-0.764
-1.648
-3.216
-1.159
-1.011
-1.348
-0.322
-4.481
-2.862
-2.322
-1.187
-1.477
-0.149
-1.563
-1.164
-1.980
-1.894
-2.605
-0.330
-0.090
-1.046
-2.016
-2.920
-1.957
-2.948
-3.590
-3.154
-2.911
-2.440
-2.401
-0.764
-2.455
-0.351
-2.331
-3.132
-4.508
-2.700
-3.838
-3.960
-1.797
-3.185
-1.946
-2.566
-4.009
-1.724
-2.922
-3.173
-2.122
-3.049
-2.558
-2.901
