-24.179
-17.312
-17.940
-20.217
-20.775
-20.939
-22.333
-22.281
-22.508
-22.348
-28.340
-23.505
-24.361
-24.673
-25.245
-22.287
-24.714
-17.129
-16.656
-16.169
-20.361
-22.525
-27.347
-17.396
-29.393
-20.524
-25.645
-20.968
-16.591
-19.021
-35.451
-21.437
-18.890
-10.964
-32.304
-23.114
-19.130
-18.063
-22.267
-19.922
-13.417
-9.331
-7.785
-20.879
-15.145
-19.238
-11.675
-18.179
-15.587
-17.814
-17.000
-16.070
-22.917
-17.479
-21.569
-24.466
-15.736
-18.972
-18.082
-25.451
-12.873
-19.950
-12.015
-18.989
-12.096
-18.483
-16.445
-19.423
-11.041
-16.065
-7.684
-12.677
-9.712
-12.640
-11.340
-17.415
-13.274
-20.715
-5.674
-5.290
-18.405
-26.836
-20.941
-16.371
-10.868
-22.081
-10.057
-15.148
-10.706
-24.156
-21.637
-23.051
-11.030
-24.275
-20.425
-27.748
-17.884
-22.991
-16.576
-24.659
-10.694
-26.280
-8.859
-20.380
-9.663
-25.532
-14.108
-20.608
-17.914
-33.866
-28.228
-15.003
-13.524
-28.121
-19.165
-23.216
-13.500
-25.067
-11.206
-17.194
-12.835
-22.746
-16.857
-19.609
-12.562
-25.114
-15.066
-31.777
-8.969
-25.679
-14.937
-30.397
-10.830
-25.211
-16.856
-24.865
-8.026
-19.904
-11.729
-23.507
-7.735
-19.807
-7.997
-21.823
-8.565
-28.361
-20.568
-30.154
-9.112
-32.022
-26.751
-24.974
-15.370
-23.772
-21.910
-23.816
-9.494
-23.263
-5.930
-20.955
-2.059
-21.208
-15.324
-22.514
-4.307
-16.904
-7.015
-16.713
-0.084
-23.308
-9.673
-25.802
-4.583
-21.849
-15.390
-23.636
-3.208
-22.322
-19.873
-18.177
-6.165
-16.563
-11.823
-21.358
-4.558
-14.306
-9.732
-19.837
-13.084
-20.305
-21.603
-16.893
-2.883
-19.178
-17.950
-18.495
-5.827
-17.114
-11.527
-29.329
-14.134
-6.743
-11.407
-11.604
-23.491
-17.977
-20.013
-15.004
-18.995
-10.541
-14.753
-17.835
-17.427
-14.875
-25.509
-12.147
-15.534
-15.321
-14.634
-3.666
-18.148
-9.629
-14.954
-9.715
-15.324
-19.584
-20.645
-6.841
-20.894
-17.860
-19.395
-9.611
-10.532
-13.662
-16.219
-11.737
-23.848
-16.144
-18.122
-13.832
-16.988
-15.673
-19.725
-22.443
-10.018
-11.113
-17.666
-13.885
-5.584
-9.005
-19.376
-15.414
-4.519
-0.305
-8.416
-7.523
-14.586
-18.042
-14.029
-13.853
-7.827
-8.715
-19.605
-15.562
-9.539
-8.730
-15.806
-13.806
-9.199
-11.425
-19.523
-17.034
-18.770
-16.093
-16.561
-21.629
-9.820
-10.093
-12.728
-11.309
-17.860
-18.753
-6.260
-3.498
-5.279
-9.321
-3.336
-4.940
-13.169
-8.911
-6.728
-11.089
-8.670
-15.587
-4.858
-0.514
-9.114
-12.411
-7.530
-2.661
-13.341
-16.553
-6.297
-3.819
-8.964
-13.155
-14.556
-8.838
-19.859
-16.633
-9.785
-7.597
-19.615
-20.507
-12.758
-11.150
-10.219
-10.457
-11.432
-4.901
-11.767
-18.733
-13.802
-7.502
-9.815
-12.878
-11.333
-3.097
-7.825
-11.445
-13.422
-7.897
-9.608
-18.165
-14.919
-9.995
-14.409
-18.999
-13.169
-8.303
-13.550
-19.917
-14.080
-9.752
-14.144
-12.505
-4.914
-2.929
-12.012
-19.896
-14.005
-8.644
-13.917
-16.574
-10.832
-8.520
-23.535
-21.717
-14.463
-9.973
3.258
-4.056
-7.223
-4.829
3.329
1.376
-11.221
-7.728
-0.092
-5.340
-14.316
-10.776
-3.184
-13.436
-14.024
-11.702
1.293
0.902
-6.358
-0.328
-1.815
-1.937
-8.129
-8.040
-3.995
-7.643
-10.774
-7.046
-4.132
-3.982
-15.692
-15.154
0.425
-1.331
-12.202
-8.039
-11.903
-10.295
-22.808
-22.007
-19.792
-20.534
-26.269
-17.779
-23.443
-25.135
-18.673
-23.475
-27.298
-13.786
-19.601
-29.363
-18.496
-26.634
-25.679
-22.939
-27.332
-28.585
-14.125
-18.811
-23.271
-20.347
-22.139
-22.027
-21.728
-24.831
-23.868
-15.324
-26.601
-31.888
-9.722
-11.649
-22.820
-0.104
-5.826
-28.930
-7.429
-11.772
-22.931
-1.376
-9.219
-26.920
-14.065
-18.868
-26.187
-5.894
-9.364
-21.387
-8.920
-13.499
-21.240
-6.781
-13.341
-25.244
-7.524
-7.975
-32.223
-1.560
-4.076
-28.230
2.235
-8.563
-26.126
-12.780
-16.745
-23.977
-9.610
-14.070
-26.545
-4.236
-8.524
-22.603
-11.576
-16.406
-26.848
-6.618
-3.057
-20.343
-14.984
-18.671
-28.777
-24.889
-18.488
-11.609
-5.999
-7.679
-26.559
-1.449
-7.574
-20.549
-6.380
-9.574
-15.353
-3.823
-2.879
-10.938
-5.376
-9.921
-4.937
-3.325
-5.908
-12.402
-5.174
-5.949
-3.856
-12.379
-10.139
-19.365
-5.305
-8.043
-17.125
-3.955
-13.654
-15.258
0.036
-2.978
-8.294
0.041
-8.061
-8.976
-15.769
-18.523
-5.991
-14.500
-20.137
-9.170
-20.293
-18.776
-7.781
-8.044
-15.932
-7.623
-13.825
-18.652
-8.224
-10.092
-22.978
-10.472
-7.373
-22.401
-11.187
-6.399
-20.392
-6.831
-13.356
-15.087
-6.219
-19.123
-14.996
-10.092
-5.905
-5.482
-7.881
1.400
-8.022
-11.784
-0.523
-9.252
-5.945
-4.306
-9.738
-11.583
1.077
-4.218
-6.916
-6.909
-9.174
-14.547
-1.714
-2.187
-5.789
-10.226
-1.880
-0.033
-2.264
-7.670
-5.339
-11.435
-4.481
-6.967
-18.733
-19.893
-21.192
-24.488
-21.737
-21.958
-16.747
-17.940
-28.500
-28.908
-25.376
-22.458
-17.675
-23.346
-26.328
-21.298
-18.005
-19.380
-21.761
-20.558
-19.012
-15.583
-21.280
-25.796
-21.492
-27.303
-21.251
-20.519
-24.498
-26.207
-16.083
-13.934
-18.641
-26.530
-17.968
-13.758
-8.234
-12.214
-20.302
-17.358
-16.608
-18.206
-20.959
-29.587
-21.173
-22.115
-16.319
-19.095
-19.856
-21.913
-19.096
-17.937
-16.270
-14.145
-24.138
-25.055
-18.220
-21.941
-18.293
-25.847
-21.984
-17.238
-24.144
-15.687
-18.672
-23.367
-16.922
-18.408
-17.099
-20.424
-20.516
-21.403
-21.799
-18.099
-26.029
-24.551
-21.095
-21.942
-19.741
-31.018
-23.261
-16.918
-19.644
-17.066
-19.898
-20.501
-18.357
-21.422
-12.977
-25.229
-22.016
-22.663
-18.527
-15.869
-27.399
-31.029
-21.025
-19.172
-21.932
-32.589
-20.991
-12.399
-11.894
-22.785
-18.562
-19.103
-16.897
-21.290
-31.041
-7.641
-21.816
-26.971
-23.588
-28.891
-12.105
-25.168
-20.474
-21.984
-35.071
-14.756
-14.123
-20.568
-17.701
-28.274
-9.341
-21.493
-20.285
-18.247
-29.726
-6.076
-20.427
-15.154
-16.646
-21.647
-9.807
-24.862
-18.392
-19.374
-30.687
-13.514
-19.610
-16.205
-15.567
-24.191
-12.528
-27.624
-24.966
-15.882
-30.201
-20.827
-21.342
-15.134
-19.641
-15.195
-14.559
-21.485
-12.644
-13.355
-14.619
-16.884
-18.795
-10.485
-16.335
-11.322
-17.509
-24.329
-15.448
-15.739
-19.243
-10.798
-14.434
-17.160
-15.579
-19.549
-13.977
-14.898
-10.812
-15.493
-13.858
-14.371
-19.002
-16.622
-18.170
-29.747
-25.491
-20.645
-12.933
-17.810
-16.762
-9.794
-19.442
-16.411
-15.141
-22.811
-16.318
-13.949
-13.164
-13.340
-13.238
-9.969
-19.813
-29.043
-20.525
-22.781
-29.613
-20.465
-25.706
-19.642
-23.437
-36.962
-15.761
-19.649
-16.119
-12.504
-23.268
-20.049
-25.789
-23.961
-28.836
-31.720
-13.132
-15.954
-8.509
-14.744
-24.346
-19.886
-17.765
-18.257
-20.156
-24.031
-18.449
-12.348
-11.729
-19.900
-23.584
-18.022
-21.185
-21.593
-20.441
-27.088
-24.193
-24.312
-20.721
-24.973
-31.445
-19.166
-23.150
-20.559
-21.624
-32.349
-5.826
-4.229
-20.037
-2.546
-20.531
-1.999
-5.882
-25.332
-12.454
-23.919
-4.086
-4.530
-18.008
-9.014
-20.322
-10.969
-9.627
-25.159
-7.900
-23.747
-12.336
-5.905
-25.672
-2.925
-15.824
-2.970
-6.274
-22.845
-6.520
-24.206
-0.455
-4.666
-23.377
-7.259
-21.689
-13.784
-4.539
-13.376
-9.267
-16.827
-0.700
-8.805
-23.256
-10.072
-20.669
-5.589
-3.138
-20.514
-5.142
-9.632
-25.204
-20.176
-33.781
-7.414
-14.986
-22.903
-18.814
-27.656
-10.896
-15.580
-25.586
-15.716
-30.674
-15.235
-11.698
-25.760
-23.149
-34.211
-15.217
-15.196
-25.145
-13.801
-31.865
-7.661
-17.463
-20.862
-20.350
-30.262
-14.589
-16.020
-23.057
-15.783
-27.650
-15.715
-12.559
-18.346
-15.102
-25.765
-2.336
-19.381
-22.042
-19.957
-29.195
-13.765
-15.200
-25.613
-25.043
-36.099
-18.169
-30.928
-8.558
-16.235
-22.055
-22.299
-30.515
-3.462
-12.699
-24.672
-18.034
-31.118
-6.723
-19.114
-27.085
-20.380
-28.663
-8.165
-14.960
-28.446
-22.777
-28.236
-3.344
-10.750
-33.600
-18.583
-30.806
-6.890
-23.655
-25.135
-18.699
-33.216
-6.237
-9.015
-15.913
-17.549
-20.032
-10.103
-11.543
-24.800
-18.660
-28.541
-12.061
-12.607
-28.738
-22.120
-30.551
-9.287
-9.762
-22.072
-19.164
-25.443
-19.506
-9.671
-19.629
-18.929
-12.120
-9.051
-6.281
-25.998
-19.831
-24.092
-15.672
-7.107
-25.561
-19.827
-15.691
-11.609
-10.616
-22.373
-18.865
-24.095
-8.528
-9.878
-19.661
-12.972
-13.107
-8.008
-0.100
-23.877
-16.312
-17.261
-13.033
-6.176
-21.613
-17.149
-17.224
-6.092
-11.766
-29.137
-18.186
-23.474
-14.422
-15.578
-31.616
-20.801
-21.739
-14.150
-16.454
-30.519
-18.153
-24.408
-13.137
0.794
-6.987
-19.953
-26.450
-9.879
1.113
-6.471
-19.705
-20.004
-9.877
1.657
-6.973
-21.699
-23.619
-10.825
3.077
-1.998
-18.801
-19.561
-9.711
-0.957
-11.419
-18.591
-27.933
-5.168
-3.561
-13.253
-21.910
-26.442
-6.544
-10.252
-15.891
-17.143
-21.737
-8.976
-0.792
-14.880
-18.245
-27.253
-14.210
-2.312
-14.217
-19.168
-26.972
-19.666
-3.729
-11.064
-23.167
-26.723
-18.333
-23.283
-17.857
-17.609
-28.586
-26.083
-11.692
-28.304
-21.692
-14.270
-29.643
-18.822
-27.663
-26.485
-20.975
-21.322
-24.153
-21.106
-25.148
-19.677
-17.378
-20.760
-18.757
-20.586
-24.623
-22.854
-19.766
-17.922
-21.862
-21.097
-35.468
-22.475
-17.354
-39.891
-24.712
-25.572
-35.166
-22.734
-17.084
-34.592
-20.994
-17.160
-35.971
-25.319
-18.512
-33.467
-22.777
-18.473
-36.757
-27.044
-14.940
-39.148
-28.583
-22.076
-39.522
-20.321
-21.156
-33.100
-17.190
-11.847
-23.885
-32.598
-14.961
-22.271
-35.265
-21.176
-21.768
-28.341
-15.857
-16.813
-26.232
-14.228
-23.534
-20.688
-17.409
-14.743
-29.915
-17.574
-19.378
-31.989
-18.293
-21.805
-27.009
-17.880
-21.634
-32.235
-23.699
-22.353
-31.116
-20.841
-9.686
-13.602
-27.600
-10.771
-13.371
-25.424
-15.359
-13.687
-26.220
-4.910
-15.827
-24.726
-10.252
-12.894
-28.062
-8.641
-8.942
-20.651
-10.336
-9.753
-24.258
-7.296
-11.776
-27.257
-10.110
-5.011
-23.650
-5.141
-10.043
-22.951
-20.130
-16.206
-20.251
-14.873
-11.978
-21.349
-9.027
-13.803
-22.306
-14.083
-21.288
-25.166
-17.829
-14.983
-17.167
-7.992
-19.088
-22.702
-16.256
-14.398
-13.127
-15.027
-14.039
-13.324
-15.105
-16.935
-19.523
-22.250
-10.792
-20.715
-18.533
-14.690
-19.740
-13.366
-14.709
-18.923
-17.571
-9.777
-20.906
-18.803
-11.046
-23.354
-12.912
-13.630
-24.840
-14.611
-13.417
-25.053
-17.947
-3.474
-23.408
-19.079
-3.845
-25.835
-19.421
-12.838
-23.846
-9.502
-8.591
-23.016
