-24.999
-21.145
-9.623
-25.732
-12.319
-20.702
-21.242
-18.324
-16.724
-10.598
-15.864
-18.220
-15.615
-11.086
-10.890
-16.017
-17.384
-15.624
-17.763
-13.757
-8.847
-11.677
-13.201
-9.016
-12.169
-7.251
-6.418
-8.709
-9.264
-9.916
-3.346
0.976
-2.621
2.913
-0.948
-6.840
-10.574
0.865
-2.339
-3.285
-18.809
-5.826
-24.500
-16.592
-2.655
-20.027
-17.062
-4.069
-22.083
-20.739
-3.039
-23.677
-20.704
-4.417
-21.828
-20.340
-4.240
-22.059
-18.410
-7.184
-19.716
-13.544
-6.676
-19.593
-13.323
-10.945
-19.325
-14.506
-11.484
-25.877
-11.721
-11.773
-22.297
-9.151
-7.831
-20.929
-16.293
-14.619
-19.384
-4.911
-15.956
-13.625
-15.479
-14.819
-10.253
-16.693
-7.206
-13.773
-18.546
-15.835
-13.907
-6.202
-10.104
-18.303
-14.591
-7.264
-18.307
-13.856
-10.366
-19.717
-20.315
-17.216
-16.947
-25.990
-15.561
-26.764
-23.865
-23.016
-21.760
-23.320
-12.842
-27.796
-21.214
-14.193
-24.127
-19.811
-15.529
-22.083
-27.988
-21.376
-20.861
-21.818
-17.218
-26.408
-27.121
-15.090
-29.668
-18.249
-14.365
-24.770
-26.565
-32.672
-23.864
-17.575
-19.163
-16.222
-26.222
-27.170
-21.035
-20.749
-27.047
-19.704
-17.767
-24.137
-17.890
-20.148
-30.416
-20.454
-17.944
-22.826
-13.951
-18.499
-24.723
-21.157
-19.361
-25.739
-19.695
-18.166
-28.538
-22.092
-3.804
-11.403
-1.818
-1.983
-13.697
2.650
0.262
-11.675
-6.487
-6.210
-16.369
-5.063
-1.544
-7.349
1.355
-4.460
-12.198
-2.292
1.700
-8.409
2.509
-9.187
-16.693
0.413
-5.864
-18.733
-0.652
-2.483
-16.694
-3.158
-10.008
-10.799
0.282
-13.026
-13.927
1.225
-14.195
-17.631
4.503
-10.966
-12.410
3.776
-12.657
-15.541
6.357
-9.682
-8.898
2.640
-11.021
-12.372
7.883
-8.011
-10.725
0.962
-8.822
-6.071
-0.187
-14.568
-13.199
5.933
-7.657
-17.280
-11.469
-3.279
-13.537
-11.713
-3.501
-13.750
-7.303
-6.885
-9.382
-6.432
-5.898
-14.842
-10.402
-4.599
-18.061
-15.088
-4.337
-21.101
-16.925
-3.828
-10.431
-3.468
-7.871
-21.413
-14.704
-6.704
-21.397
-15.688
1.765
-14.200
-7.667
1.877
-10.398
-5.108
-0.322
-12.508
-11.222
-7.600
-14.206
-11.251
-1.674
-10.812
-8.373
-1.004
-11.047
-11.758
3.276
-6.795
-8.362
-1.611
-7.499
-6.798
-2.903
-15.947
-9.417
0.098
-4.056
-0.698
-0.889
-25.857
-12.545
-29.232
-15.438
-19.556
-6.194
-19.271
-9.001
-13.615
-6.954
-20.735
-7.633
-20.862
-6.166
-21.979
-3.359
-25.183
-5.941
-26.177
-8.838
-20.139
1.433
-26.627
-6.196
-31.567
-3.941
-25.274
-8.835
-24.617
-8.080
-26.603
-4.739
-25.810
-6.231
-23.542
-13.407
-26.898
-13.506
-28.802
-30.904
-21.625
-25.444
-22.590
-29.256
-19.527
-23.767
-18.753
-21.628
-21.733
-22.614
-15.362
-25.903
-24.615
-24.598
-17.676
-29.998
-23.386
-22.770
-26.477
-9.677
-8.792
-16.555
-10.769
-16.128
-13.772
-12.157
-17.515
-14.916
-17.026
-9.926
-10.625
-17.273
-14.467
-14.469
-7.579
-10.605
-12.607
-19.987
-17.419
-11.910
-13.547
-15.219
-6.604
-15.382
-10.190
-7.026
-5.443
-5.473
-14.986
-7.432
-5.760
-8.524
-5.933
-11.661
-12.705
-15.684
-13.168
-16.586
-10.601
-15.054
-15.481
-8.753
-7.781
-20.069
-3.620
-15.034
-15.706
-8.979
-11.608
-20.630
-14.611
-11.541
-7.580
-14.238
-11.071
-14.617
-5.057
-11.007
-11.835
-22.434
-10.799
-22.022
-22.154
-21.123
-23.465
-29.886
-24.690
-20.857
-16.717
-23.482
-17.409
-23.917
-20.985
-28.139
-26.352
-20.477
-20.363
-30.884
-20.344
-23.058
-17.918
-24.154
-24.612
-22.107
-25.603
-32.978
-25.160
-16.797
-13.581
-21.821
-21.429
-17.676
-17.826
-23.205
-19.938
-16.812
-13.884
-25.152
-20.491
-26.188
-24.387
-27.737
-28.849
-22.124
-18.810
-25.392
-32.826
-23.080
-18.459
-13.998
-27.551
-22.820
-16.879
-20.901
-29.398
-16.010
-14.919
-10.583
-23.888
-18.592
-21.378
-22.142
-30.422
-17.032
-11.028
-20.293
-25.904
-18.685
-19.015
-9.840
-30.289
-19.446
-24.148
-24.930
-33.030
-20.622
-12.027
-23.052
-24.098
-10.463
-19.665
-12.155
-19.579
-13.190
-26.227
-17.165
-12.104
-17.269
-27.830
-19.207
-24.733
-14.859
-19.016
-14.735
-20.289
-17.694
-19.954
-20.692
-19.621
-8.668
-20.059
-17.915
-23.489
-15.530
-17.741
-17.425
-16.749
-14.198
-22.917
-23.002
-20.142
-9.853
-21.320
-18.936
-12.562
-18.462
-19.600
-18.545
-21.631
-18.298
-8.955
-12.987
-16.610
-21.268
-7.561
-9.519
-9.857
-29.833
-13.820
-11.885
-18.438
-28.238
-14.976
-10.031
-21.058
-21.638
-9.537
-3.116
-12.318
-27.873
-15.836
-14.390
-18.980
-30.030
-10.991
-11.630
-19.074
-25.593
-11.627
-6.405
-16.409
-21.637
-9.918
-9.510
-17.645
-23.685
-15.568
-16.351
-18.736
-12.640
-15.985
-15.245
-13.243
-12.539
-12.829
-8.566
-11.261
-11.509
-21.692
-16.785
-12.509
-10.912
-17.818
-14.522
-13.794
-8.648
-18.081
-8.244
-15.147
-15.908
-16.171
-14.548
-16.203
-10.772
-16.111
-9.726
-18.888
-18.468
-26.480
-13.863
-16.319
-18.817
-18.976
-8.415
-26.462
-8.346
-22.327
-11.457
-16.141
-17.261
-11.123
-25.202
-20.865
-23.139
-26.490
-25.710
-27.751
-26.903
-18.553
-26.000
-23.268
-12.040
-18.889
-22.368
-26.903
-24.392
-10.411
-23.155
-17.819
-22.636
-9.036
-20.735
-17.769
-24.577
-22.322
-26.571
-27.450
-18.993
-21.605
-23.654
-23.354
-25.315
-11.085
-25.034
-21.484
-25.609
-15.358
-21.400
-14.701
-18.623
-23.697
-13.634
-17.979
-20.011
-21.707
-9.377
-9.997
-24.495
-29.354
-10.669
-21.658
-15.495
-24.043
-14.143
-16.381
-23.699
-19.864
-9.060
-14.747
-14.014
-23.443
-12.885
-21.085
-15.489
-18.246
-13.853
-19.669
-22.026
-21.460
-13.570
-19.975
-14.733
-23.607
-13.946
-22.205
-21.535
-24.301
-14.897
-16.391
-19.888
-17.962
-18.232
-14.842
-20.084
-17.576
-20.427
-16.122
-26.605
-15.733
-16.333
-10.154
-19.735
-14.779
-21.630
-11.000
-23.132
-19.570
-21.065
-10.151
-21.357
-17.198
-18.952
-11.190
-14.460
-13.203
-20.803
-11.435
-22.425
-12.516
-18.100
-16.089
-25.134
-14.225
-15.406
-13.609
-26.098
-18.512
-20.321
-17.543
-15.616
-27.174
-9.985
-30.190
-12.094
-15.352
-16.712
-25.522
-11.069
-27.690
-14.703
-31.422
-18.880
-21.799
-11.312
-30.161
-13.665
-20.896
-16.346
-24.425
-15.254
-18.565
-10.340
-28.502
-13.966
-22.179
-14.103
-27.936
-7.624
-17.956
-9.983
-32.330
-24.293
-24.187
-12.318
-29.452
-18.934
-19.565
-15.159
-21.233
-10.818
-17.308
-25.209
-23.618
-9.528
-14.140
-25.304
-22.227
-12.368
-14.734
-21.583
-23.187
-23.065
-18.955
-25.017
-24.265
-11.768
-14.659
-28.190
-22.273
-10.830
-15.923
-29.114
-13.066
-12.761
-8.737
-21.468
-15.693
-17.252
-17.083
-24.210
-23.377
-9.323
-18.822
-25.073
-21.821
-16.322
-20.019
-25.885
-25.118
-24.855
-14.399
-18.032
-10.763
-15.290
-4.340
-21.766
-12.518
-22.041
-11.063
-23.306
-14.772
-27.936
-10.947
-27.346
-11.829
-27.067
-16.735
-28.376
-12.521
-14.776
-6.610
-18.481
-12.802
-15.356
-16.725
-18.714
-5.253
-9.274
-12.152
-19.303
-14.011
-14.412
-17.527
-24.833
-16.038
-22.466
-9.538
-17.480
-14.743
-26.083
-14.245
-23.812
-11.833
-25.667
-15.770
-27.541
-18.859
-17.259
-12.456
-24.586
-14.600
-24.433
-16.251
-28.210
-12.098
-29.253
-15.100
-21.299
-17.926
-14.179
-16.860
-14.023
-19.052
-10.456
-8.777
-11.648
-16.221
-16.498
-13.209
-11.885
-15.426
-8.841
-12.378
-14.013
-10.564
-11.105
-12.724
-16.434
-12.372
-10.090
-14.494
-17.259
-14.922
-19.550
-12.307
-20.814
-18.717
-16.240
-14.820
-14.603
-15.920
-16.452
-9.939
-16.962
-16.728
-14.855
-10.977
-22.125
-21.799
-15.718
-15.548
-20.382
-17.697
-19.193
-9.804
-9.005
-15.589
-14.573
-17.231
-18.993
-16.671
-14.015
-17.974
-17.478
-12.529
-14.568
-17.466
-8.584
-8.074
