5.335
13.783
4.356
10.817
10.025
10.736
4.634
13.484
7.659
10.022
14.882
12.164
13.268
-2.264
11.784
13.692
9.712
8.961
5.196
11.809
13.452
12.747
7.471
11.147
15.394
11.807
11.929
13.470
11.859
12.525
10.696
13.778
8.544
8.118
13.310
4.245
2.059
18.113
11.676
8.484
15.224
12.930
10.722
14.113
12.882
12.954
12.285
10.348
12.006
3.598
14.406
10.595
5.093
7.386
0.792
4.502
-8.377
13.270
9.946
6.055
2.217
-1.459
-5.305
4.315
7.083
5.828
4.204
0.972
4.222
2.257
10.156
0.707
7.038
5.565
-10.244
7.930
-7.170
4.669
-14.772
4.228
9.816
13.542
4.864
2.271
10.695
4.751
9.463
8.262
10.504
11.641
4.623
12.322
7.637
5.421
14.611
11.003
5.739
3.449
7.128
10.022
7.787
7.339
8.711
7.493
3.841
3.096
0.361
6.126
2.132
0.210
9.745
9.389
7.608
7.145
8.641
6.685
10.011
5.160
9.868
8.518
2.806
-2.361
1.585
9.502
5.993
3.296
5.458
4.222
6.469
6.189
3.717
9.625
11.959
9.289
10.227
5.471
12.057
14.881
9.309
8.228
9.583
0.002
9.961
1.067
-11.552
8.525
-17.722
8.220
-27.002
6.304
12.511
13.784
6.770
6.659
14.931
8.170
10.751
9.979
10.128
14.602
9.596
7.500
5.877
0.221
7.017
13.667
3.639
11.520
9.622
5.909
8.242
8.010
2.859
4.835
5.546
6.333
8.932
8.504
0.513
11.043
6.057
10.274
12.849
10.853
12.157
12.719
8.980
12.706
10.777
5.009
-12.617
5.512
9.169
8.557
8.022
9.545
8.051
12.866
0.644
3.003
9.627
17.903
10.538
9.074
11.118
11.447
15.904
15.160
17.302
12.893
7.987
11.388
7.600
12.124
10.878
9.090
8.518
9.586
11.228
9.699
12.038
17.334
10.152
10.440
11.721
7.280
13.904
3.196
3.892
15.467
13.432
13.620
12.846
9.957
15.415
13.523
11.892
13.460
18.626
19.342
12.350
12.162
6.134
10.554
13.961
10.774
14.904
15.656
11.052
15.289
16.941
13.774
18.974
8.489
18.024
20.352
11.828
13.550
12.744
3.421
9.743
6.953
12.840
7.642
14.620
12.682
13.935
10.967
6.652
6.196
9.918
14.748
12.687
7.599
11.523
11.998
10.164
7.500
8.921
10.845
10.699
8.657
15.670
13.003
15.834
16.198
14.234
13.605
7.899
12.606
11.914
10.675
11.288
11.570
12.937
14.537
11.495
5.097
15.241
11.888
12.797
13.502
16.248
1.899
11.849
13.427
11.724
10.831
7.518
7.560
8.877
6.091
8.985
9.398
3.172
8.808
12.449
13.261
10.259
10.459
12.045
12.100
11.560
11.443
11.653
9.893
7.079
4.267
11.950
6.910
8.143
14.619
8.017
5.925
7.307
11.051
11.215
10.418
7.730
14.731
