4.753
8.955
4.649
7.623
7.314
7.825
4.821
8.768
6.016
7.565
9.887
8.018
8.953
2.871
8.314
9.401
7.043
7.276
5.771
8.579
8.888
8.528
5.881
7.809
9.739
8.502
8.514
8.813
8.137
8.391
7.890
9.301
6.905
6.710
9.087
4.936
3.936
11.286
8.339
6.877
10.373
9.093
7.723
9.210
8.748
8.489
8.743
7.746
8.379
4.720
9.563
7.743
5.323
6.040
3.168
4.504
-1.291
8.269
7.624
5.823
2.276
0.331
-2.033
3.838
4.333
4.219
3.432
0.587
2.966
1.108
7.500
2.989
6.694
5.351
-2.126
6.530
-0.877
4.453
-4.494
4.430
6.550
7.330
2.011
0.324
5.848
3.355
4.409
3.259
6.199
5.895
4.699
8.550
6.193
4.932
9.646
7.516
5.005
4.070
6.143
7.185
5.934
5.982
6.680
6.533
4.664
3.582
3.047
5.668
3.830
2.950
6.481
6.465
5.462
5.792
6.051
5.585
7.180
4.856
6.357
6.544
3.739
1.027
2.248
5.983
4.882
3.038
5.605
3.610
4.975
4.470
4.064
7.172
8.664
6.538
7.848
5.379
8.173
9.361
6.503
6.820
7.136
3.132
7.317
3.237
-2.455
6.885
-6.176
6.539
-9.640
5.543
7.347
5.655
3.211
1.941
7.013
6.011
5.122
4.383
4.373
5.891
7.277
6.263
5.063
2.416
5.904
9.126
4.087
7.976
7.044
5.646
6.257
4.902
2.473
3.122
3.537
4.671
4.926
5.250
1.386
7.171
5.263
7.809
8.525
7.617
8.450
8.782
6.779
8.465
7.605
5.065
-3.198
4.899
6.660
6.689
6.634
6.662
6.791
7.813
2.699
4.431
7.181
11.150
7.758
6.988
7.753
8.216
10.227
9.816
10.719
8.723
6.683
8.082
6.328
8.122
7.798
6.957
6.822
7.218
8.091
7.229
8.610
10.864
7.807
7.930
8.475
6.585
9.404
4.847
5.143
10.069
9.163
9.247
8.899
7.597
10.056
9.204
8.469
9.175
11.502
11.824
7.451
7.402
4.742
6.808
8.574
7.668
9.425
9.445
6.956
9.677
10.744
9.314
11.661
6.928
11.232
12.284
8.435
9.213
8.849
4.640
7.432
6.144
8.862
6.462
9.684
8.789
9.367
7.997
6.005
5.794
7.446
9.682
8.858
6.537
8.133
8.391
7.641
6.558
7.142
7.870
8.068
6.960
10.030
8.668
10.271
10.282
9.246
9.308
6.821
8.507
8.437
7.875
8.153
8.281
8.901
9.628
8.247
5.343
9.947
8.425
8.630
9.037
10.396
4.111
8.116
9.233
7.858
8.132
6.648
6.329
7.004
5.705
7.054
7.247
4.344
6.972
8.670
9.049
7.649
7.742
8.448
8.360
8.112
7.957
8.270
7.551
6.009
4.574
8.220
6.137
6.570
9.574
6.396
5.761
6.303
7.912
8.055
7.718
6.250
9.635
