-7.962
-4.585
-5.068
-6.020
-6.467
-6.241
-7.064
-6.979
-7.030
-7.224
-9.405
-7.556
-7.785
-8.012
-8.149
-6.921
-7.780
-4.737
-4.769
-4.524
-5.548
-7.637
-9.170
-5.260
-10.067
-6.315
-8.105
-6.716
-3.627
-5.768
-12.690
-6.986
-4.755
-2.208
-10.737
-7.770
-5.066
-5.498
-6.804
-6.294
-3.151
-1.675
-0.572
-7.216
-3.942
-6.109
-2.353
-5.789
-4.145
-5.443
-4.791
-4.644
-7.500
-5.184
-6.884
-8.586
-4.213
-6.102
-5.287
-9.000
-2.902
-6.276
-2.509
-6.029
-2.546
-5.602
-4.537
-5.980
-2.063
-4.483
-0.526
-2.911
-1.454
-2.617
-2.200
-5.177
-3.085
-6.794
0.395
0.630
-8.642
-9.722
-7.237
-5.465
-3.039
-7.659
-2.586
-4.989
-4.043
-8.683
-7.718
-8.277
-4.288
-8.422
-6.670
-11.267
-8.265
-7.900
-5.205
-9.465
-4.386
-9.565
-1.319
-7.431
-3.567
-9.009
-4.115
-7.038
-7.956
-12.993
-10.710
-4.808
-5.367
-10.173
-6.336
-8.504
-4.458
-9.035
-2.755
-5.459
-5.164
-7.379
-4.946
-7.552
-3.779
-8.612
-4.639
-12.756
-3.283
-8.782
-4.010
-12.303
-4.183
-8.577
-4.806
-9.690
-2.737
-6.243
-3.033
-9.294
-2.752
-6.114
-0.763
-8.846
-3.305
-10.112
-6.571
-11.895
-3.981
-11.559
-9.804
-10.044
-6.272
-7.551
-7.324
-9.821
-2.953
-7.822
-0.042
-7.795
0.315
-7.036
-4.694
-9.002
-1.881
-5.220
-0.632
-6.131
1.135
-7.985
-1.827
-10.469
-0.832
-7.631
-4.767
-9.128
-1.190
-7.473
-6.438
-6.639
-2.283
-4.844
-2.814
-8.642
-1.425
-4.037
-1.788
-7.263
-5.211
-6.577
-7.613
-6.329
0.044
-5.949
-5.862
-6.659
-0.762
-5.257
-2.622
-11.927
-4.602
-0.373
-2.531
-3.216
-9.148
-5.581
-7.332
-4.577
-6.772
-2.263
-4.504
-6.237
-5.934
-3.912
-9.387
-3.253
-5.285
-4.267
-4.181
0.877
-6.965
-1.765
-4.658
-2.374
-4.724
-5.703
-7.061
-0.808
-7.106
-5.268
-6.435
-2.180
-3.594
-3.636
-5.186
-3.196
-8.437
-4.515
-6.010
-4.586
-5.857
-5.940
-8.164
-9.549
-3.029
-3.973
-6.658
-4.337
-0.459
-3.177
-7.534
-4.963
-0.015
1.703
-1.795
-2.258
-4.690
-6.980
-5.432
-5.760
-1.723
-2.557
-7.811
-4.946
-2.477
-2.296
-6.120
-4.609
-2.530
-3.775
-7.837
-7.101
-6.426
-5.832
-6.640
-9.954
-2.211
-2.929
-4.771
-3.263
-6.729
-6.702
-1.424
0.650
-0.061
-2.011
0.738
-0.145
-4.448
-2.160
-1.478
-2.586
-2.667
-6.299
-0.338
1.255
-2.476
-3.935
-2.055
1.642
-4.350
-5.002
-1.429
1.554
-2.462
-5.001
-5.240
-1.579
-8.264
-5.553
-3.071
-1.282
-8.280
-7.551
-4.754
-2.239
-2.646
-3.360
-3.970
0.236
-3.508
-7.026
-4.966
-2.197
-2.953
-4.334
-3.769
0.686
-1.699
-4.288
-4.663
-2.457
-2.586
-6.759
-5.599
-2.493
-5.136
-6.972
-5.336
-2.937
-4.831
-7.876
-5.116
-3.573
-4.562
-3.836
-0.937
0.928
-3.774
-7.842
-5.011
-2.496
-4.789
-6.646
-3.390
-2.845
-9.507
-8.187
-5.355
-2.867
2.997
0.039
-1.650
-1.051
2.898
2.785
-3.574
-2.125
1.286
-1.117
-5.283
-6.384
-0.027
-4.432
-5.039
-4.842
1.877
2.831
-0.867
1.011
0.337
0.636
-2.008
-3.152
-0.443
-2.187
-3.227
-3.495
-1.291
-0.139
-5.455
-5.249
2.245
1.399
-4.139
-2.619
-4.501
-2.564
-9.606
-8.980
-6.650
-7.312
-9.494
-5.593
-8.969
-9.114
-5.911
-8.828
-10.110
-4.153
-7.074
-11.194
-5.954
-10.152
-9.505
-7.859
-10.932
-11.010
-4.431
-6.574
-8.153
-6.650
-7.977
-7.394
-7.419
-9.422
-8.183
-4.245
-10.223
-12.394
-2.588
-2.479
-7.951
2.799
-0.293
-11.302
-1.127
-2.388
-8.265
1.559
-1.834
-10.103
-3.869
-5.400
-9.664
-0.286
-1.471
-7.434
-2.427
-3.308
-7.166
-0.573
-2.739
-9.211
-1.245
-0.568
-12.647
2.289
1.158
-10.654
3.930
-2.102
-9.657
-3.017
-6.596
-8.163
-1.943
-3.964
-9.433
0.958
-1.851
-7.688
-2.672
-5.366
-9.424
-0.118
0.160
-6.538
-4.261
-6.505
-10.832
-8.475
-7.755
-2.058
0.015
-1.303
-9.545
2.509
-1.098
-6.331
-0.706
-3.567
-5.169
1.519
-0.441
-2.980
2.354
-4.401
0.128
0.472
-2.373
-3.669
0.825
-1.658
0.741
-3.302
-3.704
-6.586
0.885
-3.141
-5.614
-0.258
-5.055
-4.652
2.848
0.028
-1.686
3.761
-2.641
-2.128
-3.989
-7.755
-0.142
-6.136
-8.019
-1.603
-6.078
-7.901
-0.727
-2.112
-6.206
-1.109
-6.117
-7.331
-0.912
-3.476
-9.778
-2.238
-3.958
-8.937
-2.768
-3.023
-8.604
-0.414
-3.909
-4.611
0.106
-5.711
-6.102
-2.018
1.258
-1.059
-1.214
3.727
-2.919
-3.121
3.469
-4.577
-0.345
0.010
-3.941
-3.178
1.684
-0.150
-1.064
0.325
-2.387
-4.208
2.226
0.329
-0.555
-1.220
-0.073
2.599
2.042
-2.496
-0.215
-3.988
-0.878
-0.563
-5.506
-5.836
-6.547
-6.935
-6.772
-6.711
-4.990
-4.854
-8.643
-9.854
-8.367
-7.485
-4.428
-6.449
-8.698
-6.446
-5.294
-5.403
-5.775
-6.165
-5.290
-4.499
-6.548
-7.492
-6.505
-9.268
-6.669
-5.729
-6.940
-8.800
-4.043
-3.485
-4.939
-7.805
-5.057
-3.116
-1.205
-2.298
-5.154
-4.749
-4.302
-5.592
-6.061
-9.106
-6.486
-6.674
-4.874
-5.038
-4.964
-6.654
-5.425
-4.969
-4.493
-2.534
-7.607
-8.164
-4.889
-7.110
-4.299
-8.462
-6.696
-4.648
-8.558
-3.190
-5.157
-7.439
-4.728
-5.577
-3.791
-5.922
-6.162
-6.620
-6.806
-4.217
-8.391
-7.990
-6.286
-7.692
-4.915
-10.672
-7.350
-4.553
-6.375
-3.777
-5.719
-6.164
-5.291
-7.114
-2.036
-8.039
-6.884
-6.693
-5.699
-3.267
-9.179
-10.854
-6.551
-5.696
-5.848
-11.544
-6.460
-2.747
-2.379
-6.211
-5.242
-5.493
-4.880
-6.588
-9.725
-0.412
-6.510
-9.544
-7.862
-8.810
-2.406
-8.277
-6.475
-7.251
-11.440
-3.391
-3.305
-6.306
-4.698
-8.547
-1.140
-6.566
-6.254
-4.700
-9.165
0.290
-6.149
-4.059
-4.903
-5.726
-1.394
-8.099
-5.848
-5.537
-9.574
-2.974
-5.718
-4.768
-4.403
-6.809
-2.404
-9.270
-8.778
-3.572
-9.367
-6.178
-6.448
-3.643
-5.641
-2.980
-3.504
-6.595
-2.366
-2.990
-2.735
-4.541
-5.354
-1.592
-4.503
-1.332
-4.823
-7.947
-4.002
-4.143
-4.703
-1.811
-3.410
-4.986
-4.265
-4.833
-3.175
-3.586
-2.039
-4.048
-2.412
-3.350
-5.474
-4.830
-5.324
-9.174
-8.424
-6.215
-2.505
-5.076
-3.648
-1.278
-5.672
-4.605
-3.056
-6.222
-4.372
-3.236
-2.812
-2.915
-2.148
-1.352
-5.671
-9.908
-7.027
-6.209
-10.004
-6.245
-8.380
-7.153
-6.488
-13.453
-4.061
-5.252
-4.933
-1.835
-7.273
-5.869
-8.194
-8.404
-8.786
-11.160
-2.812
-4.380
-1.820
-2.789
-7.608
-5.930
-4.520
-6.067
-5.092
-7.663
-5.191
-2.580
-2.142
-4.983
-7.573
-4.988
-6.237
-7.710
-5.213
-8.980
-7.870
-7.513
-7.687
-7.142
-11.033
-5.536
-7.192
-7.093
-5.717
-11.222
0.243
1.282
-5.911
1.636
-6.174
2.010
0.274
-8.295
-2.951
-7.704
1.047
1.023
-4.997
-1.390
-6.080
-2.132
-1.773
-8.218
-0.854
-7.626
-2.763
0.193
-8.448
1.383
-4.049
1.562
-0.310
-7.175
-0.111
-7.833
2.723
0.526
-7.415
-0.536
-6.697
-3.432
0.633
-2.911
-1.469
-4.502
2.610
-1.175
-7.360
-1.869
-6.237
0.353
1.383
-6.126
0.523
-1.254
-8.705
-6.912
-12.101
-0.616
-3.671
-7.642
-6.016
-9.342
-1.910
-3.939
-8.881
-5.108
-10.701
-3.888
-2.186
-8.962
-8.861
-12.294
-3.683
-3.766
-8.678
-4.119
-11.238
-0.728
-4.789
-6.700
-7.301
-10.516
-3.660
-4.137
-7.713
-4.646
-9.340
-4.222
-2.575
-5.538
-4.794
-8.491
1.926
-5.655
-7.245
-7.293
-10.035
-3.201
-3.767
-8.893
-9.754
-13.145
-5.265
-10.868
-1.019
-5.638
-6.819
-7.262
-10.682
1.335
-4.378
-7.998
-5.500
-10.954
-0.171
-7.007
-9.085
-6.436
-9.845
-0.837
-5.575
-9.698
-7.788
-9.653
1.389
-2.874
-12.019
-5.795
-10.813
-0.248
-9.191
-8.207
-5.753
-11.901
0.053
-2.062
-4.053
-5.068
-5.949
-1.732
-3.304
-8.056
-5.531
-9.790
-2.636
-4.101
-9.829
-7.242
-10.698
-1.355
-1.989
-6.827
-5.730
-8.392
-6.074
-1.725
-5.727
-5.726
-2.377
-1.246
-0.135
-8.595
-6.449
-7.782
-4.303
-0.164
-8.398
-6.301
-3.989
-2.427
-2.199
-6.963
-6.007
-7.783
-1.005
-1.604
-5.741
-3.086
-2.823
-0.764
3.181
-7.640
-4.728
-4.698
-3.085
-0.032
-6.620
-4.832
-4.681
0.120
-2.372
-10.009
-5.806
-7.503
-3.726
-4.376
-11.126
-6.678
-6.720
-3.601
-4.655
-10.631
-5.583
-7.925
-3.133
2.539
-0.034
-6.377
-8.846
-1.628
2.933
0.199
-6.270
-5.936
-1.628
3.631
-0.027
-7.149
-7.568
-2.065
4.081
2.214
-5.695
-5.736
-1.551
1.699
-2.030
-5.812
-9.516
0.547
0.714
-2.855
-7.355
-8.843
-0.089
-2.407
-4.044
-4.972
-6.718
-1.212
1.490
-3.588
-5.664
-9.209
-3.628
0.649
-3.290
-6.037
-9.082
-6.147
1.444
-1.869
-7.721
-8.970
-5.203
-7.768
-5.077
-4.585
-9.846
-8.811
-2.127
-9.725
-6.818
-3.369
-10.353
-5.515
-9.165
-8.914
-6.492
-6.627
-7.984
-6.552
-8.082
-6.149
-4.860
-6.340
-5.619
-6.316
-7.956
-7.443
-5.944
-4.863
-6.650
-6.548
-12.733
-7.318
-4.849
-14.706
-7.868
-8.579
-12.560
-7.295
-4.726
-12.374
-6.648
-4.761
-12.833
-8.541
-5.374
-12.141
-7.176
-5.357
-13.445
-9.244
-3.753
-14.409
-9.780
-6.992
-14.689
-6.205
-6.575
-11.646
-4.857
-2.349
-8.183
-11.529
-3.762
-7.361
-12.726
-6.584
-7.535
-9.750
-4.169
-5.049
-8.732
-3.430
-8.188
-6.088
-4.874
-3.994
-10.422
-4.949
-6.015
-11.083
-5.275
-7.251
-9.038
-5.087
-6.759
-11.319
-7.729
-7.719
-10.890
-6.432
-1.652
-3.657
-10.163
-2.158
-3.492
-8.866
-4.297
-3.738
-9.383
0.575
-4.645
-8.662
-1.916
-3.448
-10.253
-1.165
-1.544
-6.951
-1.955
-1.779
-8.530
-0.538
-2.897
-9.809
-1.849
0.354
-8.314
0.467
-2.146
-7.988
-6.522
-4.966
-6.574
-4.071
-2.790
-6.928
-1.345
-3.507
-7.314
-3.702
-7.055
-8.653
-5.449
-4.149
-5.189
-0.862
-6.091
-7.599
-4.716
-3.712
-2.996
-4.142
-3.977
-3.555
-4.179
-5.010
-6.153
-7.511
-2.256
-6.814
-5.777
-4.396
-6.303
-3.368
-4.306
-5.833
-5.329
-2.037
-6.778
-5.903
-2.859
-8.058
-3.156
-3.692
-8.450
-3.948
-3.677
-8.497
-5.504
0.982
-8.034
-6.032
1.049
-9.168
-6.192
-3.277
-8.347
-1.566
-1.404
-7.937
