-8.181
-6.230
-1.797
-8.663
-2.277
-6.073
-6.984
-4.625
-4.588
-1.680
-5.033
-5.556
-4.339
-2.711
-2.240
-4.654
-5.280
-4.514
-5.501
-3.940
-1.058
-2.354
-3.052
-1.135
-2.579
-0.327
0.054
-0.995
-1.249
-1.548
1.415
3.483
1.727
4.265
2.573
-0.160
-1.907
3.338
1.864
1.718
-5.426
0.286
-9.820
-5.766
1.112
-7.873
-6.461
0.830
-8.420
-7.765
1.266
-9.230
-7.265
0.752
-8.839
-7.129
0.878
-8.614
-5.805
-0.484
-7.193
-4.332
-0.486
-7.024
-4.130
-2.360
-7.020
-5.350
-2.745
-10.309
-4.573
-2.587
-8.504
-2.433
-0.832
-7.870
-6.931
-3.853
-7.524
-1.946
-4.532
-4.204
-6.323
-4.074
-3.303
-6.083
-0.585
-4.820
-7.816
-4.195
-5.512
-1.802
-1.928
-6.808
-5.389
-0.473
-6.742
-5.239
-2.110
-7.772
-6.512
-5.495
-5.803
-9.075
-4.878
-10.938
-7.984
-8.175
-8.123
-8.298
-3.514
-10.518
-7.131
-4.269
-8.821
-6.184
-4.801
-7.684
-10.178
-7.452
-7.508
-7.375
-5.226
-9.902
-9.824
-4.653
-11.524
-5.501
-4.324
-9.930
-11.497
-11.911
-8.434
-7.411
-5.678
-4.739
-10.521
-9.394
-7.174
-7.440
-9.359
-6.592
-7.293
-8.195
-5.438
-8.455
-10.852
-6.926
-7.075
-7.594
-3.316
-7.483
-8.586
-7.752
-7.968
-8.886
-6.470
-7.280
-10.100
-7.490
0.598
-4.319
1.557
1.319
-4.993
3.366
2.585
-4.500
-1.236
-0.649
-6.356
-1.358
0.503
-2.080
2.691
0.009
-3.979
1.169
2.872
-2.955
3.744
-1.502
-6.743
2.130
-0.913
-7.059
1.628
0.906
-6.858
0.150
-2.782
-3.282
1.568
-4.429
-4.966
0.414
-4.642
-6.783
3.445
-3.100
-4.109
2.890
-3.933
-5.643
3.871
-2.274
-2.186
3.442
-3.959
-4.404
4.800
-1.510
-3.137
0.989
-2.060
-0.510
2.916
-4.992
-4.299
5.132
-2.662
-6.497
-3.782
0.082
-4.618
-2.905
-0.587
-4.678
-1.783
-2.376
-2.440
-1.513
-1.108
-5.084
-2.668
-1.107
-6.848
-5.651
-0.186
-7.986
-5.022
-0.193
-2.855
-0.008
-2.686
-8.501
-5.370
-1.599
-9.002
-5.300
2.332
-5.198
-0.737
2.512
-3.065
0.731
2.695
-3.955
-3.243
-2.155
-4.886
-1.703
0.990
-3.327
-0.789
1.354
-3.427
-2.307
3.632
-1.117
-1.515
1.539
-1.739
0.410
0.904
-6.050
-2.072
2.103
-0.201
3.494
1.814
-9.475
-3.424
-10.849
-4.422
-6.226
0.501
-6.144
-1.341
-3.445
-0.203
-7.101
-0.697
-6.870
0.512
-7.443
1.143
-9.037
0.266
-9.982
-1.973
-6.869
2.426
-10.004
-0.664
-12.077
0.678
-9.558
-0.994
-8.952
-1.558
-9.934
0.303
-9.369
-0.962
-8.451
-3.378
-10.046
-3.474
-11.061
-11.852
-8.294
-9.627
-8.271
-11.470
-6.948
-9.047
-6.932
-7.482
-7.041
-8.217
-4.860
-9.331
-9.157
-9.279
-5.984
-11.385
-8.548
-8.474
-10.352
-4.158
-2.136
-6.278
-2.911
-7.050
-4.494
-4.781
-6.033
-6.042
-5.962
-3.441
-2.932
-7.338
-4.734
-6.621
-1.458
-3.817
-3.753
-8.130
-6.415
-2.003
-5.043
-3.005
-2.204
-2.815
-3.515
-0.504
-1.329
0.898
-6.768
0.028
-2.147
0.293
-2.193
-1.231
-5.406
-3.664
-5.047
-2.914
-3.606
-3.377
-5.373
-1.322
-1.681
-6.001
0.968
-4.259
-5.367
-2.330
-3.683
-5.639
-4.117
-1.510
-1.332
-2.761
-3.007
-4.967
-0.253
-0.841
-3.590
-7.071
-2.089
-5.886
-6.936
-6.456
-8.157
-9.233
-8.226
-6.337
-5.105
-6.507
-4.900
-7.743
-7.307
-8.489
-8.753
-6.080
-7.063
-9.658
-6.271
-7.352
-5.460
-6.793
-8.002
-6.821
-8.839
-10.549
-8.277
-4.575
-3.534
-5.800
-6.474
-4.955
-6.006
-6.390
-5.902
-4.515
-3.444
-7.218
-6.179
-8.626
-8.333
-8.318
-9.778
-7.014
-6.133
-7.320
-11.508
-7.503
-6.181
-2.471
-9.056
-7.202
-4.757
-5.409
-10.090
-4.133
-4.605
-1.018
-7.608
-5.397
-6.930
-5.937
-10.552
-4.484
-2.623
-5.150
-8.497
-5.341
-6.027
-0.701
-10.400
-5.643
-8.465
-7.124
-11.620
-6.183
-3.111
-6.325
-7.553
-1.593
-6.021
-2.345
-4.846
-2.728
-8.927
-5.034
-1.665
-4.564
-9.489
-5.445
-7.040
-3.652
-5.836
-3.646
-5.148
-4.818
-5.814
-5.969
-4.864
-0.725
-6.136
-4.625
-6.511
-3.802
-5.118
-4.906
-3.642
-3.082
-7.583
-7.242
-5.086
-1.368
-6.298
-5.528
-1.860
-5.128
-5.567
-5.463
-5.720
-4.843
-1.754
-2.041
-4.355
-6.476
-1.405
-0.565
-1.421
-10.075
-4.531
-1.572
-5.017
-9.488
-5.073
-0.783
-6.216
-6.648
-2.675
2.160
-2.323
-9.445
-5.056
-2.638
-5.255
-10.972
-2.885
-1.463
-5.390
-8.297
-3.522
0.761
-4.060
-6.582
-2.257
-0.561
-4.683
-7.656
-4.991
-3.472
-5.322
-2.624
-3.979
-5.108
-2.875
-2.567
-2.523
-1.849
-2.006
-2.136
-6.590
-5.364
-2.439
-1.760
-4.860
-4.541
-3.000
-0.789
-5.180
-1.509
-3.523
-3.996
-4.233
-4.248
-3.903
-1.918
-4.278
-2.423
-5.247
-5.235
-8.774
-3.590
-4.222
-5.526
-5.724
-1.890
-8.517
-0.611
-6.996
-3.074
-4.112
-5.037
-2.090
-8.246
-6.325
-7.751
-10.124
-8.376
-9.434
-9.489
-6.120
-8.666
-7.410
-2.626
-6.050
-7.086
-9.051
-8.330
-1.978
-7.349
-4.950
-7.519
-1.629
-6.223
-4.927
-8.415
-7.487
-8.953
-9.298
-5.837
-7.192
-7.712
-7.448
-8.756
-2.616
-8.296
-6.605
-8.891
-4.527
-6.513
-3.542
-5.666
-7.559
-3.468
-5.022
-6.307
-6.663
-1.460
-1.418
-8.377
-10.107
-2.109
-6.683
-4.221
-7.715
-3.972
-4.300
-8.010
-5.833
-1.279
-3.563
-3.538
-7.445
-3.376
-6.424
-4.219
-5.104
-3.599
-5.785
-7.237
-6.552
-3.364
-5.923
-3.870
-7.518
-3.742
-6.930
-7.010
-7.831
-4.056
-4.305
-6.250
-5.598
-5.098
-3.778
-6.340
-4.942
-6.087
-4.195
-9.352
-4.843
-4.242
-1.644
-6.179
-4.350
-6.628
-2.262
-7.748
-6.246
-6.374
-1.579
-6.928
-5.214
-5.422
-2.031
-3.744
-3.410
-6.256
-2.381
-7.422
-2.990
-5.038
-4.368
-8.672
-3.818
-3.825
-3.145
-9.117
-5.615
-6.039
-4.869
-4.986
-9.125
-2.111
-10.535
-3.132
-3.801
-4.820
-8.427
-3.217
-9.357
-4.202
-11.091
-6.907
-6.704
-2.338
-10.522
-3.991
-6.297
-4.826
-7.932
-5.584
-5.248
-2.102
-9.773
-4.429
-6.876
-3.865
-9.517
-1.652
-4.973
-1.838
-11.501
-9.243
-7.780
-3.053
-10.202
-6.554
-5.698
-4.230
-6.491
-2.062
-5.516
-8.240
-7.568
-1.466
-4.180
-8.283
-6.940
-2.778
-4.528
-6.607
-7.373
-7.717
-6.211
-8.154
-7.860
-2.501
-4.706
-9.583
-6.960
-2.068
-5.144
-9.999
-2.804
-2.959
-1.475
-6.555
-3.990
-5.033
-4.816
-7.790
-7.459
-1.372
-6.209
-8.179
-6.756
-4.603
-6.837
-8.545
-8.245
-8.220
-3.508
-5.312
-1.857
-4.157
1.059
-7.099
-2.653
-7.043
-1.993
-7.500
-3.677
-10.065
-1.941
-9.336
-2.341
-9.164
-4.568
-10.101
-2.655
-3.511
-0.060
-5.273
-2.885
-4.082
-4.720
-5.630
0.458
-0.929
-2.707
-5.718
-3.337
-3.582
-4.989
-8.328
-4.162
-7.255
-1.361
-4.802
-3.755
-8.734
-3.437
-7.708
-2.343
-8.566
-4.130
-9.207
-5.532
-4.756
-2.626
-7.763
-3.599
-8.048
-4.348
-9.561
-2.463
-10.290
-3.826
-6.432
-5.108
-3.960
-4.698
-3.962
-6.061
-2.261
-1.315
-2.724
-4.783
-5.081
-3.178
-2.770
-4.207
-1.471
-2.748
-3.911
-2.165
-2.619
-3.240
-5.034
-2.902
-1.840
-3.803
-5.183
-3.922
-6.252
-2.727
-6.841
-5.703
-4.708
-3.909
-3.945
-4.370
-4.807
-1.870
-5.045
-4.834
-4.062
-2.333
-7.452
-7.066
-4.465
-4.523
-6.640
-5.534
-6.085
-1.853
-1.335
-4.643
-3.931
-5.077
-5.992
-4.791
-3.671
-5.318
-5.285
-2.968
-3.928
-5.432
-1.138
-0.968
