4.891
5.943
4.753
6.125
3.981
4.796
2.280
7.047
5.368
5.077
6.233
6.105
7.139
1.381
6.240
5.568
6.856
4.271
5.402
4.310
6.166
5.791
6.589
6.023
6.695
4.260
5.865
6.871
6.458
5.023
-0.830
-1.316
-2.265
-0.510
-0.748
-2.387
-1.200
-1.194
-0.539
-1.839
5.490
6.341
5.654
7.058
6.426
7.329
6.081
7.391
6.849
5.261
6.260
6.856
3.271
2.423
2.251
4.120
-1.015
4.438
5.594
3.183
1.792
3.592
1.657
2.378
2.964
3.364
1.500
2.485
1.966
3.134
5.244
4.145
4.824
0.955
3.923
5.255
3.232
3.018
5.195
3.541
3.863
5.064
4.500
3.947
4.155
4.389
2.814
5.350
4.246
4.235
2.322
6.246
5.257
1.889
2.836
4.577
4.682
4.933
5.129
3.128
4.156
3.187
6.283
4.416
3.211
3.311
4.204
2.919
4.554
3.517
4.417
3.713
3.532
2.955
3.906
2.904
3.782
5.006
2.391
3.429
4.240
3.296
2.976
4.494
3.742
2.540
3.735
2.610
3.532
3.408
4.924
4.114
7.678
4.467
6.357
5.418
4.889
7.254
4.878
4.480
4.027
4.981
5.769
0.673
4.032
3.417
3.243
5.193
4.563
4.103
5.134
6.090
4.230
5.065
5.082
2.945
5.150
5.531
4.072
5.860
5.402
4.389
4.891
3.172
4.697
7.021
4.887
3.744
4.492
5.201
6.286
4.795
0.935
4.991
4.347
4.824
4.766
5.094
1.742
3.645
3.253
5.924
6.592
5.982
6.797
7.205
6.214
6.602
4.955
0.719
-0.404
4.887
7.019
6.658
5.535
5.884
5.092
6.554
4.193
3.844
4.142
6.520
5.514
3.313
6.104
4.866
6.908
6.062
7.298
6.161
5.098
5.983
4.154
6.696
6.720
6.169
5.029
5.847
5.671
5.483
6.160
7.165
7.416
5.498
7.963
6.160
7.827
5.039
6.382
6.963
6.218
6.159
6.367
4.712
8.077
6.672
5.269
7.156
7.471
8.446
5.024
4.807
2.618
1.873
4.174
4.456
4.789
4.310
3.702
4.356
8.178
6.713
7.352
7.007
7.241
8.287
5.964
6.682
6.677
3.498
5.020
3.930
6.800
5.700
7.743
5.388
6.436
6.817
4.867
5.325
6.461
6.969
7.170
6.160
5.736
6.377
6.014
3.341
5.296
6.013
5.319
4.374
6.733
6.934
6.821
7.416
6.627
5.411
4.478
5.343
2.459
1.719
4.553
1.870
2.570
4.104
3.152
1.518
4.091
4.101
5.697
6.273
7.463
2.226
6.807
6.772
7.723
5.660
5.593
2.345
-1.479
-1.473
-1.832
-1.336
-3.957
-1.602
-0.754
-1.629
-3.559
-0.988
5.728
5.402
4.815
6.825
6.143
3.799
5.432
3.342
5.223
5.604
3.647
6.381
4.599
2.132
4.587
6.358
6.036
6.230
3.897
6.983
