-6.034
0.840
-5.943
0.354
-3.188
0.959
-4.340
1.777
-6.561
-0.157
-6.318
1.693
-6.942
0.645
-5.780
0.643
-7.547
1.037
-4.696
0.169
-5.045
-2.272
-6.388
0.041
-6.912
0.052
-7.378
-1.092
-5.251
0.296
-5.924
-0.449
-2.666
0.983
-5.286
0.971
-5.582
-0.281
-2.962
0.088
-1.342
1.319
-1.956
0.745
-2.180
0.649
-1.592
-0.157
-3.386
-0.978
-4.179
-2.197
-2.303
0.409
-2.073
-0.172
-1.263
1.508
-3.806
-0.667
-1.591
0.831
-1.813
0.660
2.342
2.462
-0.577
1.600
-0.032
1.355
2.255
3.349
0.502
2.340
0.419
0.920
0.712
1.655
0.125
0.775
2.926
-2.109
1.804
4.392
1.833
-0.170
2.185
2.886
2.769
0.142
3.040
4.823
3.936
0.778
1.753
3.454
1.983
0.232
1.601
5.581
2.982
0.108
2.652
3.607
1.322
-0.813
1.853
3.357
1.920
-2.627
0.610
2.304
2.404
0.737
2.799
5.211
2.783
0.353
3.258
5.813
4.745
0.329
2.822
2.682
3.957
-0.086
1.503
1.374
4.404
-0.006
2.205
1.194
3.713
0.803
2.383
2.931
3.024
0.044
1.675
0.919
3.878
-0.615
2.148
1.620
3.233
-0.777
-0.154
0.056
4.290
0.320
2.305
2.346
2.643
0.011
1.256
0.952
3.038
0.187
2.572
1.998
4.491
-0.857
1.478
0.324
4.071
0.197
1.949
0.765
5.353
0.682
3.547
1.714
4.166
-0.640
1.448
0.839
6.315
-0.029
2.502
1.461
5.263
-0.007
2.228
0.871
4.562
0.388
2.568
1.090
4.588
-1.273
1.005
-0.160
4.655
-0.369
1.425
0.820
3.138
-0.566
0.969
-2.359
-0.264
1.947
2.050
3.456
0.338
0.402
1.591
5.310
0.490
0.377
1.938
4.859
-0.205
-0.289
0.390
4.985
0.348
-0.165
1.775
4.861
-0.088
0.220
0.147
3.398
-0.153
-3.137
-1.157
3.189
-0.106
-0.326
1.297
3.826
-0.519
-1.451
-1.311
3.521
0.272
-0.044
1.220
3.476
3.876
5.294
1.436
1.008
3.706
3.510
2.549
3.476
3.932
4.646
0.987
0.916
4.198
3.595
2.105
1.819
3.522
3.378
0.670
0.554
4.295
4.589
0.338
0.681
3.817
4.637
2.257
2.364
2.793
2.367
0.963
-0.143
3.017
4.796
1.747
2.032
3.566
4.396
1.922
1.951
0.205
-0.581
4.516
1.858
2.278
1.143
4.744
2.307
2.007
1.798
3.498
1.557
3.300
1.381
5.013
2.842
3.480
2.062
4.304
3.622
0.676
0.215
4.129
1.705
3.598
2.494
5.068
4.093
2.296
0.627
5.156
1.116
2.116
0.543
3.313
1.993
4.042
2.705
4.966
3.397
3.930
3.492
1.574
1.608
3.961
3.229
2.383
0.894
4.919
2.131
1.448
0.657
4.100
2.259
0.557
-0.318
1.369
0.629
-0.023
-0.701
3.969
3.012
1.395
0.821
4.871
3.761
2.493
2.002
2.729
1.879
1.271
1.610
3.878
2.133
0.162
-0.126
2.828
2.566
1.295
1.363
3.987
4.793
2.887
2.195
3.382
3.502
1.816
1.850
4.445
4.227
2.648
2.076
3.673
3.349
2.450
2.289
2.891
3.531
2.880
3.511
2.045
3.480
2.033
0.510
4.200
2.211
1.093
0.449
3.383
2.178
1.138
1.407
3.039
3.473
1.324
1.740
2.986
3.064
1.677
1.865
-0.691
6.385
-2.907
-0.543
5.293
-2.478
0.041
5.503
-3.295
-0.622
6.416
-2.165
-0.951
5.558
-2.397
-2.713
7.161
-5.719
-0.819
6.689
-1.052
0.417
6.603
-0.975
-0.569
6.803
-2.259
0.265
5.282
-3.701
2.940
-1.830
-1.303
3.911
-0.708
-2.505
3.303
0.382
-1.394
4.366
-1.035
0.050
2.582
-1.492
-2.714
3.412
-1.584
-1.866
2.131
-1.442
-2.019
0.293
-2.163
-4.410
4.404
-0.342
-1.844
2.572
-2.120
-4.486
3.137
-0.167
-0.101
2.805
0.459
1.451
3.179
-1.274
0.261
2.469
-1.640
-1.506
1.452
-0.616
-2.000
2.884
0.440
-1.211
1.085
0.725
-0.909
0.192
-2.155
-0.422
3.717
-0.521
0.197
1.732
0.136
-1.731
0.414
2.286
0.429
1.605
2.550
1.504
0.312
1.260
0.954
-1.967
1.016
-0.847
0.642
1.895
1.943
1.117
3.026
0.963
1.504
2.049
-0.415
2.554
3.837
2.688
1.144
2.255
0.850
2.497
3.380
2.263
-3.364
-2.398
1.848
-1.127
-1.087
2.971
-1.309
-1.100
3.063
-0.489
-2.863
1.652
-1.490
-0.936
2.539
0.113
-2.344
1.654
-0.738
-1.946
2.069
-0.909
-1.560
-0.082
2.323
0.419
3.443
0.614
1.410
4.279
2.409
1.821
1.492
4.083
3.286
4.179
2.266
1.298
1.182
1.710
1.290
1.596
3.112
2.265
1.455
1.111
1.136
0.897
4.126
3.090
3.981
1.464
1.674
3.221
2.936
1.275
1.986
1.186
0.376
0.927
-6.420
-4.491
1.364
-3.766
-2.066
-7.047
-4.542
-0.304
-3.873
-3.584
-7.914
-6.786
-0.555
-5.303
-4.228
-6.223
-5.015
0.612
-4.912
-4.315
-6.222
-6.017
0.235
-5.435
-1.829
-9.126
-6.960
0.337
-4.457
-4.587
-5.527
-4.335
1.204
-3.066
-1.122
-4.742
-2.501
1.249
-1.969
-1.076
-5.449
-3.405
1.775
-5.364
-1.198
-5.723
-3.766
1.150
-3.505
-3.356
-7.343
-6.501
-4.079
1.294
-5.464
-9.360
-5.962
-5.457
0.912
-6.614
-7.378
-4.749
-3.155
2.006
-4.764
-8.115
-5.432
-3.544
2.716
-5.692
-8.416
-6.087
-4.736
1.210
-6.730
-9.263
-6.396
-5.055
2.488
-6.225
-6.649
-7.269
-4.650
1.443
-5.613
-5.211
-5.159
-3.651
2.199
-5.641
-5.319
-4.779
-3.022
1.677
-2.996
-8.087
-5.510
-4.914
0.672
-6.258
-4.236
-1.010
0.806
-3.215
1.867
-5.281
-3.144
-0.062
-5.086
1.715
-5.418
-4.378
-2.025
-5.890
1.554
-4.036
-1.095
-1.500
-5.252
2.999
-2.311
-5.635
-1.326
-5.993
1.248
-5.218
-2.879
-1.499
-4.607
0.285
-3.605
-3.625
-1.222
-4.756
2.973
-4.479
-3.139
-1.230
-3.838
1.458
-3.263
-2.422
-0.264
-4.833
2.719
-7.311
-5.237
-2.243
-8.030
0.044
-8.132
-5.196
-2.743
1.620
-3.537
-4.333
-4.035
-2.164
1.714
-3.266
-4.004
-3.997
-1.539
1.122
-2.750
-6.101
-3.715
-2.456
-0.634
-2.842
-3.877
-4.301
-1.796
0.904
-2.691
-2.857
-3.184
-1.347
1.144
-2.036
-4.892
-7.867
-4.123
-4.021
-3.871
-4.744
-3.475
-1.764
2.568
-2.754
-5.110
-3.553
-2.571
0.814
-3.313
-6.278
-3.095
-1.756
1.534
-1.941
-3.083
-6.455
-1.133
-3.492
-4.195
-2.923
-3.792
0.976
-2.083
-3.494
-4.507
-5.400
2.007
-1.955
-4.567
-4.828
-4.442
0.601
-3.523
-4.776
-3.631
-4.777
0.830
-0.873
-2.622
-3.600
-6.481
1.075
-1.839
-4.416
-4.058
-2.027
2.225
-2.126
-2.422
-5.813
-6.132
0.791
-2.282
-4.753
-3.974
-3.643
0.248
-2.941
-3.764
-4.667
-5.010
0.059
-4.233
-4.352
3.024
1.909
-5.980
-1.312
-2.203
2.927
1.044
-5.474
-1.494
-6.356
3.661
3.018
-6.466
-0.728
-4.195
1.562
0.745
-9.092
-0.357
-4.931
0.988
0.540
-8.083
-0.046
-2.463
2.221
1.583
-5.774
-0.399
-4.337
2.174
-0.135
-7.683
0.215
-5.290
2.803
1.621
-5.527
-0.753
-2.923
3.174
0.938
-6.294
-1.130
-4.269
2.210
-0.411
-6.735
-1.499
-4.324
-5.803
-4.932
-9.627
0.036
-5.193
-4.378
-3.538
-9.961
2.257
-2.832
-4.917
-4.627
-8.688
-1.061
-5.298
-3.692
-4.533
-9.406
1.011
-5.540
-2.769
-1.991
-8.078
1.317
-1.871
-3.557
-3.975
-8.607
0.500
-5.265
-4.866
-4.087
-9.323
0.742
-3.668
-4.126
-4.769
-9.375
0.006
-6.395
-4.573
-3.725
-9.669
0.876
-2.916
-4.698
-3.834
-11.073
-0.069
-6.462
1.456
-1.222
-1.070
-5.042
-6.534
1.621
-2.085
-3.096
-4.850
-9.969
0.771
-3.090
-1.236
-5.822
-8.999
2.831
-1.060
-4.027
-2.951
-6.124
2.386
-1.557
-4.126
-2.748
-6.665
0.495
-3.429
-2.685
-4.434
-8.102
0.951
-2.763
-1.882
-5.602
-6.612
1.442
-0.965
-1.383
-2.997
-6.523
2.075
-0.435
-2.864
-2.033
-5.996
1.198
-1.356
-3.412
-1.665
-6.028
-2.021
0.755
-8.663
-3.383
-2.638
0.566
0.933
-6.668
-2.802
-4.299
-0.904
2.147
-8.765
-3.959
-2.947
0.042
1.756
-7.089
-2.892
-4.392
-3.511
0.986
-11.334
-2.383
-3.371
0.194
2.126
-6.245
-3.062
-1.993
-1.023
1.567
-7.072
-2.857
-2.502
0.847
2.480
-6.211
-2.868
-3.858
-0.404
2.877
-4.873
-3.853
-2.639
-1.325
1.521
-7.091
-1.590
-2.916
2.561
0.865
-0.535
-3.749
-4.290
1.821
0.162
-1.417
-3.654
-3.364
2.737
1.260
-1.811
-3.715
-4.077
1.770
-0.987
0.631
-3.882
-4.847
2.378
0.357
0.550
-2.958
-4.234
0.615
-0.036
-4.776
-2.068
-2.675
1.345
0.251
-4.681
-1.633
-4.207
3.224
1.564
-1.199
-3.101
-2.014
2.032
1.415
-4.074
-3.290
-4.667
1.832
0.280
-3.505
-4.626
-4.688
-3.658
1.682
-3.498
-4.989
-0.393
-5.533
-2.972
-1.180
-5.195
-3.757
-0.185
-4.310
-5.391
1.086
-3.892
-3.356
-0.027
-6.046
-5.993
0.881
-3.129
-3.787
0.568
-3.508
-3.725
2.258
-4.695
-1.899
0.278
-5.207
-12.377
-4.762
1.285
-8.435
-2.317
0.713
-10.121
-4.118
2.097
-12.277
-5.477
3.129
-9.862
-3.096
2.988
-11.822
-5.134
1.746
-11.618
-3.463
4.053
-9.116
-3.406
1.588
-10.910
-4.827
1.320
-12.052
-5.225
3.692
-4.595
0.340
-5.591
-7.420
1.075
-3.645
-5.095
1.631
-3.787
-5.251
1.497
-2.594
-4.809
1.754
-3.722
-5.205
1.473
-4.632
-3.698
1.688
-2.246
-5.449
1.400
-5.117
-4.639
1.779
-3.643
-3.879
1.128
-2.979
1.944
-2.015
-3.830
2.175
-2.658
-3.583
1.054
-2.475
-4.436
1.364
-2.843
-5.319
1.925
-3.402
-5.035
3.654
-1.985
-3.917
0.860
-3.267
-5.649
1.498
-1.829
-3.950
1.968
-0.177
-2.408
1.254
-2.903
-3.626
-0.968
-6.428
-6.094
1.027
-4.856
-5.239
-0.863
-4.713
-5.537
-0.262
-3.713
-5.388
-0.023
-2.155
-3.369
-0.459
-4.663
-5.687
-0.410
-4.245
-4.536
-1.327
-4.562
-6.070
-0.223
-5.137
-5.523
-1.331
-4.085
-3.929
-0.284
-3.679
-7.214
1.237
-1.331
-6.133
-1.478
-1.487
-4.417
0.389
-2.490
-5.929
0.247
-1.230
-7.330
0.464
-2.692
-6.852
-0.069
-0.543
-4.940
-0.749
-2.329
-6.593
-1.206
-3.023
-6.587
0.903
-2.211
-6.469
