-0.444
1.824
1.039
-1.363
1.630
0.586
-0.225
2.012
1.965
2.363
4.288
6.075
4.587
0.014
1.735
3.234
4.960
2.111
0.332
2.492
6.589
3.064
6.624
5.204
5.703
6.522
5.624
6.324
6.738
4.545
2.888
3.496
4.070
3.075
2.857
2.715
2.744
4.408
3.260
3.000
6.775
6.591
8.126
7.435
7.457
8.733
8.017
7.398
7.822
7.441
5.699
5.799
4.165
4.521
3.792
4.507
1.720
7.372
4.824
6.665
3.582
4.486
4.158
4.801
3.863
3.707
4.587
3.522
3.895
5.059
3.414
3.877
2.463
2.412
0.670
2.715
3.012
2.572
3.363
5.235
6.300
5.664
5.733
3.904
4.480
5.257
5.939
5.338
5.930
4.859
4.288
4.524
3.730
2.314
4.253
3.065
3.322
3.557
3.993
3.096
4.012
3.511
4.315
3.827
4.300
3.815
5.085
5.383
3.893
3.774
5.495
5.722
2.939
4.021
5.529
7.464
2.726
3.436
5.069
5.995
4.971
4.240
2.705
2.821
4.604
-1.790
5.673
1.161
4.519
3.138
3.194
3.768
4.211
3.472
3.549
3.306
4.554
1.748
2.349
2.377
3.605
4.282
3.011
2.244
2.650
3.900
2.682
2.658
4.193
2.820
4.708
4.691
4.192
3.262
2.856
4.490
3.301
4.125
3.325
3.392
5.594
3.495
3.636
3.460
3.325
4.707
4.868
4.004
3.746
2.687
3.833
3.449
1.479
4.406
2.862
2.888
4.829
3.322
2.099
2.470
1.023
6.602
5.898
5.995
5.467
5.130
3.478
4.693
3.956
1.018
-2.135
-0.458
1.210
0.074
-0.377
1.404
1.615
0.414
-0.424
0.338
3.306
6.975
3.156
1.140
4.790
2.762
7.001
8.386
6.209
7.724
3.468
5.355
4.442
5.454
5.221
5.126
4.307
6.739
5.368
6.307
2.784
2.916
1.759
0.985
2.028
1.816
1.856
1.847
0.366
2.394
0.168
2.884
3.058
3.656
5.762
5.526
4.356
5.655
5.233
7.172
4.900
3.470
2.420
2.273
2.782
5.234
2.307
3.750
4.425
2.470
7.000
6.173
7.852
5.726
7.502
8.755
4.047
4.376
5.333
2.003
2.451
1.822
3.416
2.991
3.209
4.589
3.599
3.519
3.045
1.794
2.087
3.741
4.421
3.435
1.362
2.129
3.197
2.323
3.531
3.123
2.706
2.006
3.940
2.467
2.038
2.591
2.734
2.572
2.282
1.629
2.175
2.644
1.940
0.423
1.784
2.773
0.121
2.488
3.222
1.788
1.846
3.557
3.363
-1.126
2.305
1.356
3.106
2.320
0.604
1.365
2.987
1.520
1.745
0.917
1.758
1.335
1.439
1.333
1.656
2.240
1.671
1.598
2.356
0.910
1.285
0.585
2.286
2.641
1.493
0.823
2.549
5.439
2.355
2.126
4.379
6.783
1.754
4.115
1.756
4.924
