-9.598
-5.095
-6.436
-10.289
-5.399
-6.333
-9.033
-5.118
-6.759
-5.527
-5.560
-4.309
-7.005
-4.523
-4.588
-5.238
-7.431
-6.096
-5.061
-6.531
-1.450
-3.184
-2.300
-4.040
-3.001
2.976
-2.073
0.781
-2.774
-1.224
-0.415
0.373
0.251
-0.856
0.694
-0.978
-1.359
0.161
0.384
1.170
1.625
2.490
0.801
3.692
5.516
1.771
4.452
5.117
3.428
5.494
6.091
4.650
2.671
4.621
-0.079
5.095
5.080
1.897
3.112
5.219
2.944
5.696
6.919
3.798
5.354
5.502
4.844
2.829
4.074
2.311
3.364
0.994
0.543
8.333
3.451
5.878
4.993
0.057
3.086
9.472
2.771
7.402
5.355
4.647
7.153
4.731
2.369
5.494
0.941
-0.014
3.137
10.361
6.048
7.606
4.860
1.564
2.387
7.340
5.907
6.104
-0.667
1.575
1.764
2.004
6.170
4.748
1.070
4.091
2.303
1.389
4.061
4.866
1.517
4.951
1.477
-0.035
3.214
1.303
1.884
5.176
4.382
3.269
6.459
6.608
-0.689
3.153
2.048
3.105
4.867
4.561
5.106
0.254
3.587
5.092
1.969
4.224
5.240
-0.140
1.779
3.980
2.362
5.373
2.589
0.805
3.220
5.365
0.783
4.593
3.604
-0.009
2.863
4.172
-0.462
2.426
5.028
1.313
5.624
7.573
2.970
6.875
9.294
10.288
13.078
7.320
6.967
11.039
9.779
8.481
12.174
5.398
5.386
8.373
8.305
9.657
10.039
5.812
4.729
10.244
9.678
9.409
14.617
8.839
9.115
12.829
7.330
7.292
10.534
9.145
6.811
11.133
7.240
6.052
4.707
4.948
4.023
3.851
4.672
5.356
4.248
6.115
5.188
3.119
3.059
2.237
1.089
4.126
4.541
4.429
-1.489
-1.295
2.239
4.883
4.232
3.785
3.718
4.345
4.641
3.840
5.744
4.977
8.516
5.790
1.632
7.765
5.523
1.293
9.337
5.033
3.059
9.063
6.237
1.703
9.646
6.897
2.349
7.147
5.033
1.390
11.008
9.892
3.422
10.769
9.832
3.844
7.774
7.916
1.987
7.816
6.536
1.211
4.633
5.734
3.117
8.047
6.341
3.204
8.336
5.450
2.242
3.205
4.028
1.613
7.682
7.151
3.914
9.211
10.653
5.261
6.931
4.607
1.978
5.307
6.704
1.921
4.688
5.110
2.527
7.109
6.456
4.579
5.036
-0.170
9.335
2.551
6.039
-0.187
10.607
3.022
3.456
-1.124
0.346
-4.995
10.141
2.066
-0.871
-6.299
5.143
-0.373
3.506
-1.781
2.764
-0.047
3.381
1.027
2.766
-1.168
5.085
0.648
4.225
-4.826
3.156
-1.590
6.022
0.065
1.028
-5.103
1.658
-1.786
1.615
-6.520
0.502
-2.973
1.595
-3.676
-1.093
-2.299
2.434
-0.903
3.378
-1.384
0.833
-2.629
-1.293
-5.183
0.261
-2.917
1.043
-3.346
-1.220
-2.803
1.352
1.932
1.017
2.974
0.651
2.683
-0.589
0.133
-0.185
-1.843
0.637
4.010
0.380
1.665
1.368
3.105
1.174
1.231
-0.698
-0.440
2.498
0.594
2.001
1.248
0.769
1.048
2.417
2.296
2.974
1.068
1.939
1.643
1.033
1.170
-2.539
0.546
-0.215
0.743
-2.440
-0.435
0.969
0.767
0.533
0.154
-1.290
-0.587
2.056
0.979
1.472
-1.346
-1.272
-0.843
3.607
3.017
-0.406
-2.038
-0.095
0.552
1.516
0.030
-5.473
-3.924
-9.005
-4.450
-7.095
-3.965
-11.128
-6.829
-8.641
-2.953
-11.187
-7.738
-9.899
-4.774
-11.716
-9.283
-8.539
-5.579
-13.722
-7.390
-8.995
-4.588
-12.893
-7.187
-9.991
-4.779
-12.885
-9.202
-10.008
-3.879
-11.613
-9.476
-8.337
-4.718
-11.873
-7.748
-4.112
-2.334
-7.620
-4.944
-5.484
-8.130
-12.574
-9.081
-1.308
-6.992
-7.914
-9.651
-5.688
-6.792
-4.343
-7.496
-0.417
-8.738
-7.090
-8.965
-6.755
-6.176
-10.194
-8.839
-4.242
-7.164
-8.361
-8.654
-4.676
-5.049
-11.097
-7.868
-4.001
-7.779
-7.746
-9.103
-1.714
-8.896
-7.328
-9.309
-6.324
-5.844
-11.919
-7.926
-3.960
-9.464
-2.644
-6.757
-5.745
-6.869
-2.926
-7.066
-5.652
-8.786
-2.751
-9.658
-9.469
-9.711
-4.945
-10.017
-8.189
-7.505
-4.332
-7.360
-7.756
-8.256
-3.985
-10.103
-6.882
-5.033
-3.146
-6.920
-7.732
-6.822
-3.333
-7.687
-10.135
-8.942
-3.905
-7.154
-7.133
-8.378
-4.339
-7.528
-8.705
-0.939
-5.312
-9.581
-10.939
-2.598
-5.977
-7.111
-12.143
-3.371
-2.132
-10.555
-12.921
-2.850
-7.745
-11.511
-11.801
-2.003
-6.248
-9.218
-10.948
-3.135
-7.113
-11.593
-11.572
-2.116
-7.577
-10.184
-10.339
-2.722
-4.315
-8.916
-10.332
-2.014
-4.093
-11.492
-7.186
-1.781
-8.055
-8.128
-5.500
-8.939
-2.663
-7.791
-7.348
-7.956
-2.930
-4.499
-7.839
-9.266
-4.478
-6.589
-7.347
-7.857
-2.728
-6.141
-3.549
-9.549
-2.658
-5.886
-6.564
-6.586
-2.936
-7.039
-7.381
-7.992
-2.212
-8.690
-5.440
-12.347
-4.406
-9.154
-8.714
-11.735
-3.914
-13.170
-3.343
-5.825
-2.153
-7.159
-3.406
-3.093
-5.245
-7.825
-6.790
-6.868
-8.600
-9.743
-7.525
-4.957
-9.167
-7.890
-5.063
-4.949
-7.986
-10.340
-6.548
-6.206
-9.908
-9.426
-7.896
-5.083
-9.040
-9.110
-8.246
-4.910
-10.585
-10.924
-4.013
-5.146
-9.666
-8.277
-5.030
-4.382
-7.098
-6.849
-6.852
-4.124
-7.978
-9.001
-2.154
-8.665
-2.734
-4.233
-2.565
-9.719
-2.432
-1.285
-6.185
-9.635
-2.572
-2.436
-4.267
-9.041
-3.245
-5.845
-3.359
-9.807
-2.968
-2.379
-2.359
-7.274
-2.004
-1.692
-4.590
-7.956
-5.855
-3.534
-1.779
-7.715
-1.288
-1.821
-1.438
-6.530
-2.500
-1.715
-4.973
-10.534
-2.539
-3.931
-7.437
-5.333
-10.555
-3.361
-7.315
-1.994
-9.807
-5.204
-8.609
-1.811
-11.017
-3.047
-8.062
-2.202
-12.489
-6.233
-10.099
-4.840
-9.376
-2.548
-6.077
-3.536
-10.640
-2.970
-7.676
-3.667
-10.651
-4.770
-4.561
-1.380
-10.083
-3.712
-7.225
-1.106
-11.069
-3.109
-10.074
-4.025
-13.207
-5.517
-2.695
-8.894
-3.674
-6.603
-1.412
-3.632
-6.512
-7.642
-1.204
-5.711
-4.267
-6.648
-4.475
-8.539
-7.028
-9.060
-3.389
-6.852
-3.719
-4.712
-3.820
-5.000
-4.444
-6.925
-3.005
-3.621
-4.732
-6.034
-1.197
-3.828
-3.565
-5.834
-5.933
-4.154
-5.305
-9.511
-3.711
-8.051
-2.704
-5.508
-4.643
-5.581
-14.405
-9.239
-4.415
-2.597
-14.430
-7.105
-3.513
-0.891
-10.648
-3.775
-5.152
-2.060
-12.000
-5.525
-7.954
-4.205
-14.752
-6.229
-7.236
-4.188
-13.354
-7.198
-7.389
-3.366
-13.541
-5.662
-6.141
-4.299
-13.218
-5.005
-2.398
-4.506
-13.072
-4.871
-4.319
-1.954
-12.153
-4.774
-9.183
-4.187
-5.629
-2.441
-4.466
-0.355
-9.100
-5.250
-10.165
-5.779
-8.725
-4.707
-8.470
-2.676
-5.736
-2.312
-10.648
-2.772
-7.370
-4.237
-7.931
-3.831
-7.357
-7.000
-6.766
-0.835
-8.598
-2.449
-4.281
-5.142
-7.980
-2.909
-6.858
-5.412
-10.554
-4.150
-7.581
-3.644
-7.788
-2.712
-11.978
-6.556
-8.689
-4.524
-9.498
-4.736
-9.148
-4.388
-4.937
-3.523
-9.627
-3.195
-8.576
-4.754
-8.762
-4.396
-6.565
-5.983
-10.308
-3.501
-2.715
-5.124
-2.507
-6.031
0.031
-3.214
-3.142
-6.288
-1.441
-4.043
-2.455
-7.326
-0.991
-4.742
-1.014
-4.620
-0.907
-0.538
-2.479
-5.272
-6.155
-6.739
-4.778
-3.160
-5.851
-2.819
-5.210
-4.463
-5.913
-6.355
-3.208
-4.596
-5.366
-2.310
-5.450
-3.512
-1.769
-2.174
-7.964
-5.113
-3.590
-2.185
-5.301
-1.300
-4.147
-1.514
0.113
-1.101
-5.693
-2.319
-2.760
-1.102
-3.822
-3.104
-4.550
-0.780
-0.450
-1.694
-0.983
-2.199
