-8.235
-7.893
-8.537
-7.460
-4.410
-6.538
-6.433
-6.764
-9.828
-10.651
-8.479
-6.979
-9.375
-8.105
-8.045
-7.833
-10.373
-5.489
-7.141
-5.632
-7.535
-8.025
-8.518
-5.563
-10.174
-6.954
-9.631
-8.122
-7.612
-5.799
-7.929
-7.669
-3.996
-2.985
-7.127
-5.644
-8.061
-4.408
-4.619
-5.716
-2.779
-2.493
-2.492
-3.744
-3.539
-4.040
-2.537
-5.752
-3.283
-7.080
-6.421
-4.218
-3.935
-3.026
-2.654
-4.549
-1.818
-2.827
-4.617
-5.722
-2.494
-2.913
-3.513
-2.137
2.021
-2.034
-1.288
-2.696
-1.114
-3.542
2.095
-0.342
-0.341
-2.901
-1.235
-2.995
-1.014
-2.965
-1.516
-1.787
9.411
-1.029
5.010
6.927
4.723
0.811
4.287
2.820
10.045
2.268
7.224
7.279
9.644
3.425
4.199
5.632
11.034
3.134
5.749
9.038
9.004
1.863
6.148
4.806
5.857
-0.171
4.754
3.410
5.644
-2.687
2.348
2.839
10.210
4.116
7.399
7.696
12.046
2.910
8.318
8.985
11.043
2.689
7.110
7.213
8.486
1.203
3.720
2.670
10.199
2.434
4.924
1.816
9.751
3.908
5.624
5.533
6.606
1.219
3.934
1.680
8.769
0.319
4.407
2.961
7.215
1.343
1.653
-0.071
9.893
2.680
5.789
5.381
6.980
2.293
4.350
1.521
8.190
1.846
5.788
4.421
9.369
0.669
4.980
3.119
7.930
1.171
4.440
3.038
11.224
3.054
7.726
5.827
9.021
1.052
4.732
4.642
12.459
2.017
5.911
5.394
10.205
2.279
6.378
4.216
10.073
2.943
6.190
3.984
9.744
-0.208
3.832
1.818
9.188
0.903
4.205
4.156
5.251
-0.023
2.576
-3.522
2.912
3.296
3.579
4.652
6.137
1.959
4.439
9.087
5.397
1.559
4.236
8.207
5.268
1.473
2.711
8.477
5.749
1.503
4.305
8.024
3.972
1.336
1.204
5.690
2.640
-3.928
-0.369
4.173
2.672
-0.258
2.303
4.827
2.979
-1.293
-0.492
5.488
4.548
1.215
2.997
3.819
8.218
11.323
6.692
2.108
7.475
7.675
6.299
3.958
9.100
10.545
5.737
1.988
9.011
7.897
5.993
2.524
7.631
7.592
4.339
1.575
9.559
10.351
5.001
1.903
7.689
9.702
6.770
3.071
5.648
4.715
4.286
0.827
6.953
10.167
6.838
3.001
8.115
9.619
7.003
2.926
3.119
2.460
9.733
2.648
5.643
4.409
10.208
2.883
5.087
4.757
6.893
2.124
7.634
4.677
10.361
3.271
8.054
6.792
9.727
4.037
3.542
3.160
8.506
2.335
8.190
6.645
10.593
4.341
6.709
5.205
11.491
2.061
4.861
3.105
6.793
2.401
8.770
7.274
10.511
3.896
8.734
8.370
5.244
2.312
8.552
7.566
6.264
1.754
10.391
5.971
5.814
1.670
8.521
5.814
4.547
0.797
2.555
1.447
0.499
0.031
9.368
7.384
6.294
1.872
9.230
7.849
6.526
2.617
5.183
4.393
2.951
2.114
8.447
6.306
3.592
1.180
6.553
6.565
4.510
2.107
8.213
10.519
8.275
2.791
6.944
8.751
5.390
2.414
8.442
9.613
7.997
2.834
7.521
7.851
7.209
2.846
6.444
8.256
7.661
3.845
4.429
7.615
5.563
1.316
9.124
7.052
4.990
1.447
6.690
5.128
4.155
2.137
6.084
7.345
4.923
2.371
6.665
7.500
5.603
2.501
2.181
-1.807
-2.050
1.761
-4.185
-2.636
0.993
-2.674
-3.840
2.479
-3.063
-1.825
0.588
-3.731
-2.481
-1.211
-5.289
-6.176
2.050
-3.477
0.171
3.772
-0.997
0.263
1.961
-1.429
-1.728
1.096
-2.860
-5.085
6.328
0.886
-0.374
8.682
1.197
-1.090
7.088
-0.338
-0.388
10.560
2.854
2.753
6.157
-0.508
-1.862
8.633
2.354
0.081
4.263
-0.398
-1.709
1.027
-2.747
-5.729
11.350
1.820
-0.152
4.058
1.454
-5.470
7.026
0.084
0.311
7.688
0.273
3.533
8.690
0.675
1.239
3.820
-0.867
-2.463
4.826
-3.644
-1.206
7.467
-0.817
-0.507
3.866
-3.644
-1.357
1.193
-2.521
-1.770
9.113
1.075
2.175
4.036
-2.350
-1.882
1.077
-0.575
-1.385
2.618
0.495
0.639
-0.026
-0.823
-0.357
-3.244
-0.360
-3.352
0.622
-0.023
0.728
1.628
0.747
-1.321
1.764
0.157
-1.215
4.661
1.150
1.549
2.470
0.105
0.345
4.539
1.557
2.028
-3.892
-1.285
0.352
-0.285
-0.228
0.755
-0.767
-0.063
1.209
-0.793
-2.472
-1.129
-1.188
0.041
0.467
0.556
-2.415
-1.443
-1.058
-0.676
-0.632
-0.770
-1.809
-3.431
4.174
0.890
2.855
2.307
1.418
3.452
2.886
1.337
-0.570
5.494
2.679
2.730
3.687
0.230
0.605
2.043
0.125
-1.433
4.150
1.766
0.238
2.490
0.414
0.908
5.589
2.247
3.883
2.662
1.063
2.745
3.666
0.682
0.891
0.947
1.337
-1.628
-9.143
-6.768
-3.961
-11.206
-8.720
-10.785
-7.389
-4.640
-12.483
-11.693
-11.930
-10.268
-5.131
-11.316
-11.904
-9.960
-8.378
-3.884
-12.249
-10.655
-8.954
-9.300
-3.871
-12.961
-8.923
-13.100
-9.697
-7.045
-12.907
-11.952
-8.220
-7.288
-3.897
-9.773
-7.150
-7.430
-5.078
-2.388
-8.307
-6.382
-7.658
-5.361
-3.819
-13.621
-7.826
-8.764
-6.031
-3.288
-10.866
-8.892
-10.684
-9.454
-6.304
-10.304
-10.038
-14.467
-8.988
-7.305
-8.716
-10.514
-12.146
-7.993
-4.940
-7.358
-9.562
-11.492
-7.686
-5.369
-7.804
-7.984
-13.571
-9.304
-6.872
-11.647
-11.611
-13.831
-8.775
-5.443
-10.305
-9.452
-10.032
-10.185
-5.916
-10.267
-8.541
-7.794
-7.341
-5.689
-7.094
-9.236
-8.357
-7.356
-4.342
-7.634
-6.711
-11.775
-7.811
-5.420
-8.890
-10.328
-5.754
-2.641
-1.894
-9.234
-5.037
-7.796
-6.207
-2.303
-10.952
-4.925
-8.409
-7.361
-2.466
-12.958
-2.989
-5.755
-2.618
-2.246
-11.827
-2.616
-4.311
-8.356
-0.328
-11.853
-4.925
-8.542
-5.206
-1.509
-9.832
-5.332
-5.171
-5.898
-1.385
-11.459
-4.018
-7.087
-5.743
-3.204
-9.989
-5.416
-4.780
-4.496
-1.257
-9.460
-2.634
-11.675
-8.432
-3.193
-17.039
-9.100
-12.623
-8.254
-6.137
-7.956
-5.835
-7.031
-7.083
-4.751
-8.236
-6.064
-6.955
-7.233
-4.791
-6.404
-7.600
-10.240
-6.278
-4.637
-8.481
-7.195
-7.177
-6.927
-4.685
-7.616
-6.533
-6.070
-5.600
-3.558
-4.468
-4.576
-7.712
-12.026
-6.156
-13.896
-9.922
-7.750
-5.959
-4.000
-6.541
-3.987
-8.792
-6.689
-3.950
-10.847
-5.513
-10.530
-6.330
-4.760
-9.333
-3.735
-6.341
-9.647
-5.413
-9.010
-8.787
-4.090
-5.940
-3.813
-4.270
-6.705
-7.057
-8.453
-1.796
-6.283
-9.039
-7.074
-7.176
-3.174
-8.592
-9.612
-5.854
-7.692
-0.757
-4.733
-6.048
-6.328
-9.985
-3.221
-5.655
-8.669
-7.354
-4.624
-1.514
-8.083
-7.900
-8.545
-9.129
-4.600
-5.671
-8.422
-5.123
-4.666
-2.826
-6.377
-7.234
-7.319
-6.988
-2.253
-11.795
-9.737
-0.483
1.854
-8.138
-0.972
-2.198
-0.355
0.233
-7.311
-2.805
-8.731
-0.525
3.428
-8.168
-0.886
-5.075
-3.416
-0.989
-11.715
-1.301
-6.471
-4.386
-0.155
-10.257
-0.051
-3.844
-1.806
-0.341
-7.826
-0.768
-6.023
-1.496
-0.453
-9.678
-0.305
-6.611
-1.253
1.369
-7.197
-0.895
-3.662
-0.107
0.737
-8.813
-1.702
-6.324
-1.431
-2.625
-9.085
-1.914
-5.873
-9.910
-6.660
-11.474
-6.306
-6.900
-6.451
-4.765
-10.819
-2.847
-3.553
-7.989
-7.168
-10.498
-7.989
-6.801
-7.114
-7.406
-10.708
-6.151
-6.311
-7.612
-3.487
-10.136
-3.388
-2.302
-5.349
-6.792
-10.526
-5.629
-7.000
-9.780
-7.317
-10.865
-6.065
-5.334
-5.705
-6.752
-11.524
-4.770
-7.918
-8.166
-4.948
-11.072
-5.592
-4.158
-8.367
-4.904
-13.476
-6.636
-7.653
-1.879
-2.197
-2.520
-9.149
-7.290
-2.778
-2.477
-4.591
-7.904
-11.453
-3.172
-5.644
-2.620
-9.393
-10.883
-0.820
-2.687
-5.954
-5.133
-6.702
-0.827
-2.281
-6.008
-4.389
-7.546
-4.962
-6.168
-4.714
-6.991
-10.146
-4.566
-3.878
-3.380
-9.076
-7.824
-3.535
-0.950
-2.039
-4.526
-6.689
0.760
-1.641
-4.978
-4.577
-6.685
-2.845
-3.933
-5.273
-3.473
-7.343
-4.957
-2.149
-10.861
-6.333
-3.726
-0.913
-0.695
-9.253
-6.660
-6.111
-3.577
-0.849
-10.657
-5.907
-4.299
-2.438
-3.544
-9.720
-5.579
-6.076
-8.972
-3.509
-13.582
-4.665
-5.420
-2.279
-0.788
-8.544
-7.007
-2.971
-5.526
-2.990
-10.122
-5.068
-3.712
-1.686
-0.464
-8.771
-5.271
-4.129
-4.489
-0.852
-6.744
-6.355
-3.185
-5.824
-3.524
-9.423
-5.124
-4.017
-1.853
0.028
-2.237
-5.763
-5.304
-2.752
-0.825
-2.758
-3.599
-4.454
-0.722
0.518
-3.988
-5.127
-5.057
-1.162
-1.826
-1.080
-6.949
-6.037
-0.876
-0.201
-1.242
-5.514
-4.863
-1.822
-3.189
-7.683
-5.223
-3.893
-2.889
-2.397
-8.345
-3.995
-5.491
-1.032
0.587
-2.652
-4.503
-2.101
-2.646
0.335
-6.945
-4.156
-5.439
-3.609
-0.956
-5.846
-6.391
-6.192
-5.470
-7.681
-5.540
-7.182
-9.890
-8.854
-4.690
-13.079
-8.436
-6.355
-11.208
-5.913
-6.923
-8.095
-7.361
-5.185
-10.670
-8.891
-8.419
-9.027
-4.418
-5.548
-7.720
-7.110
-4.849
-7.842
-7.063
-2.850
-8.039
-7.391
-15.229
-9.065
-7.687
-9.637
-4.684
-2.884
-12.068
-5.811
-4.181
-14.826
-7.106
-6.936
-12.944
-4.735
-2.510
-13.927
-5.771
-6.120
-13.263
-4.158
-1.797
-11.509
-7.922
-4.010
-13.059
-6.283
-6.134
-13.719
-5.917
-3.171
-7.314
-9.662
-5.754
-9.823
-8.121
-4.306
-7.061
-7.494
-2.994
-7.671
-6.103
-2.371
-6.247
-7.261
-3.761
-7.691
-9.271
-4.755
-6.380
-9.233
-1.452
-8.290
-9.026
-4.038
-6.961
-5.528
-4.775
-7.325
-8.150
-2.449
-2.537
-1.881
-4.636
-2.772
-1.618
-4.401
-3.585
-1.933
-5.460
-1.734
-1.962
-6.104
-2.465
-2.777
-5.944
-0.221
-1.369
-4.160
-2.656
-2.504
-6.449
-2.610
-1.247
-4.388
-2.522
0.206
-2.035
-3.284
-1.576
-5.313
-4.305
-5.203
-7.912
-3.200
-3.982
-6.488
-4.417
-2.923
-6.833
-4.958
-3.530
-6.938
-5.687
-2.198
-4.970
-3.114
-4.360
-7.215
-4.930
-3.323
-6.188
-5.719
-4.921
-7.793
-5.231
-3.907
-7.500
-7.985
-3.261
-4.977
-5.973
-2.811
-8.838
-3.741
-2.157
-7.830
-7.345
-1.303
-5.518
-6.304
-1.755
-7.488
-5.226
-1.954
-8.554
-7.114
-2.753
-8.276
-8.352
0.334
-6.442
-9.491
-2.701
-7.697
-9.120
-2.748
-7.601
-5.968
-1.290
-7.652
