2.945
8.125
4.872
4.311
5.303
4.440
-0.007
7.486
9.414
9.111
4.787
7.900
5.070
-1.141
1.903
2.998
5.878
1.308
0.015
2.527
4.418
1.609
4.337
2.681
3.180
4.642
3.420
3.669
4.653
2.105
5.220
5.630
4.530
4.003
2.672
3.187
2.481
7.948
4.256
4.662
11.019
10.185
13.352
12.395
11.647
14.079
13.147
12.900
13.248
11.798
8.988
10.890
7.108
8.965
7.559
7.452
4.029
13.489
7.358
12.449
8.267
10.881
9.346
11.255
8.923
8.406
10.789
10.419
10.043
11.605
8.816
10.011
7.228
6.334
4.815
7.753
7.123
7.892
8.756
11.805
6.497
5.700
5.803
4.023
4.926
5.185
6.114
5.625
6.006
5.021
12.006
11.185
11.057
7.647
9.163
9.743
7.228
9.909
9.463
8.988
13.145
11.353
13.974
11.876
13.059
13.145
14.963
14.038
12.078
12.332
10.860
11.746
9.384
6.637
10.835
15.041
8.072
8.310
9.167
12.558
7.929
6.722
4.296
5.894
5.931
-0.992
8.046
1.240
6.738
4.464
6.343
8.032
9.275
9.333
6.277
6.691
10.039
3.805
5.037
4.553
6.499
8.016
5.622
3.691
5.912
6.826
4.979
4.543
7.808
3.576
9.154
9.290
9.400
6.594
6.805
9.573
7.109
9.235
8.490
8.630
9.361
7.625
6.662
6.680
6.509
9.433
8.265
7.861
6.464
5.743
4.040
2.692
2.370
3.780
2.189
1.895
3.943
3.363
1.454
3.026
-0.034
7.992
6.883
6.448
6.872
5.851
3.109
5.421
3.971
0.393
-1.255
2.635
4.069
3.994
3.184
6.127
2.934
4.827
2.320
1.853
2.530
8.147
1.736
-0.621
5.050
1.665
9.251
10.570
6.752
9.295
3.667
5.545
4.629
6.046
5.479
5.073
3.437
7.516
5.586
7.490
3.045
5.128
5.460
1.031
6.124
4.290
2.228
2.668
3.691
4.072
-1.196
2.478
2.238
3.684
5.914
5.971
4.062
5.814
5.248
7.908
8.708
6.018
6.860
6.032
7.124
9.787
4.934
7.835
7.646
5.051
7.869
6.954
8.605
6.327
8.747
10.601
3.855
5.109
6.261
1.778
6.383
4.640
5.416
7.769
7.040
9.133
6.598
6.854
5.696
2.330
4.260
7.720
6.497
6.526
3.719
3.082
6.581
4.101
6.226
6.996
8.090
4.632
6.599
8.146
5.478
7.800
6.650
7.333
4.017
3.857
5.776
8.575
6.804
4.710
7.189
8.405
4.839
3.225
8.486
5.980
4.227
8.759
6.524
-2.712
4.619
1.410
4.508
2.512
1.891
3.759
6.995
4.664
3.150
2.463
3.107
5.604
4.495
5.251
3.633
6.909
3.750
2.374
3.040
0.364
2.166
0.758
2.854
3.048
1.195
2.192
2.869
6.512
1.528
1.908
4.695
8.454
1.306
4.445
2.673
5.736
