-23.920
-18.440
-19.002
-21.128
-21.187
-21.899
-22.408
-23.451
-23.893
-22.734
-29.967
-22.995
-24.326
-25.880
-26.201
-22.581
-26.132
-17.661
-16.603
-16.213
-22.753
-22.778
-27.491
-18.107
-28.671
-22.441
-25.210
-21.340
-19.752
-18.546
-34.430
-22.701
-21.162
-12.068
-33.850
-22.945
-20.344
-19.172
-22.349
-20.317
-13.698
-7.922
-6.511
-20.736
-11.938
-18.412
-10.110
-18.512
-15.019
-17.494
-15.450
-15.956
-13.020
-15.711
-9.728
-23.280
-8.261
-17.763
-12.278
-25.646
11.237
-19.030
8.220
-19.007
12.736
-18.634
10.635
-18.441
9.918
-16.476
13.212
-13.122
13.250
-12.951
14.521
-17.713
10.110
-20.383
9.763
-6.354
-12.463
-21.569
9.557
-14.894
-8.824
-15.351
9.023
-13.772
-8.100
-17.894
9.454
-12.060
-8.505
-22.350
-1.658
-20.049
-12.254
-16.389
7.292
-15.743
-7.692
-22.682
9.814
-21.147
-6.490
-19.711
10.641
-15.380
-16.930
-27.848
-1.981
-19.333
-8.594
-21.702
8.127
-18.177
-11.212
-17.715
9.144
-15.057
-7.467
-19.895
-13.594
-14.544
-0.312
-19.638
-5.728
-18.079
-2.685
-21.441
-8.465
-15.001
-8.085
-21.448
-6.026
-15.503
-5.591
-17.530
-6.838
-20.083
-5.503
-16.971
-3.866
-16.272
-0.789
-24.955
-0.522
-21.419
-7.018
-28.900
-10.970
-19.664
-16.819
-22.952
-7.937
-23.706
-6.236
-19.630
-5.823
-18.770
2.737
-17.061
-13.063
-19.534
1.083
-13.389
-3.238
-16.526
2.798
-20.319
-6.873
-23.639
8.879
-15.857
-2.506
-17.518
4.045
-17.103
-14.315
-19.531
5.168
-14.839
-6.986
-17.395
7.225
-10.289
-4.670
-15.834
0.282
-16.893
-12.517
-17.858
3.963
-14.847
-10.364
-16.916
10.032
-12.070
-13.621
-17.903
-16.462
-1.204
-14.357
3.275
-20.191
-11.709
-14.677
0.620
-16.430
-6.562
-14.538
-0.785
-18.051
-7.965
-20.893
2.940
-12.547
-7.813
-10.023
9.386
-15.142
-2.468
-14.096
3.664
-13.978
-12.926
-17.182
1.832
-20.769
-11.448
-21.316
2.827
-11.667
-8.202
-9.433
0.011
-20.482
-9.250
-12.790
2.952
-2.586
-19.544
-19.849
-15.859
-11.943
-11.050
-14.956
-9.625
-0.943
-10.602
-21.044
-8.852
-3.601
-4.989
-10.829
-3.307
1.423
-15.637
-17.657
-7.580
-3.662
-9.481
-18.966
-8.790
4.119
-12.460
-17.252
-5.809
-7.873
-11.798
-16.813
-10.944
0.642
-19.280
-23.356
-14.180
4.169
-11.466
-13.590
-7.405
-9.510
-19.356
11.045
-5.004
-7.677
-10.207
8.034
-3.249
-12.906
-11.503
7.271
-11.267
-11.947
-13.169
4.565
-2.018
-6.753
-13.364
7.864
-3.322
-8.462
-16.016
11.744
-5.035
-11.396
-14.326
-5.176
-6.598
-14.196
-14.930
11.820
-7.876
-9.512
-19.014
9.146
-12.370
-4.344
-14.900
4.403
-3.426
7.441
-17.814
-8.524
0.613
5.899
-12.374
-5.118
2.000
6.663
-14.655
-8.941
0.527
6.126
-17.676
-10.861
-2.476
5.867
-17.385
-11.289
-2.535
6.974
-17.368
-8.080
-2.822
3.132
-15.111
-1.765
0.168
-0.351
-14.010
-7.773
-2.745
7.015
-17.351
-11.848
-2.627
2.502
-22.794
-8.910
-5.078
-4.036
5.113
-4.328
-1.946
-14.218
11.923
-9.078
-6.428
-17.043
9.677
-16.215
-6.858
-14.094
0.816
-16.683
-6.963
-12.039
8.436
-9.872
1.365
-17.910
8.047
-10.613
-7.093
-17.475
2.152
-14.054
-5.917
-15.921
3.430
-10.543
-11.618
-9.166
4.448
-14.058
-3.305
-16.024
-2.785
-18.567
-17.374
-23.256
-12.769
-26.297
-19.914
-10.797
-25.319
-23.953
-15.646
-26.497
-24.546
-10.459
-27.356
-20.894
-15.861
-26.042
-22.750
-16.464
-27.980
-18.733
-7.864
-22.089
-20.574
-14.015
-21.903
-18.494
-13.739
-23.623
-16.126
-15.270
-32.249
4.892
-14.538
-23.349
8.776
-8.669
-28.868
2.478
-9.824
-23.829
6.137
-7.400
-26.304
0.467
-20.087
-26.509
2.434
-10.568
-21.163
7.081
-14.182
-21.458
6.314
-13.964
-25.109
0.227
-8.584
-31.892
8.707
-9.172
-28.283
-4.331
3.211
-26.220
-13.374
8.631
-23.843
-11.527
7.059
-24.770
-8.840
7.846
-21.558
-13.736
5.254
-26.634
-3.683
8.270
-20.063
-13.549
4.530
-28.532
-21.023
2.791
-11.976
-8.516
5.781
-25.860
-5.818
8.824
-19.853
8.849
0.052
-15.824
3.392
2.899
-11.309
7.422
3.925
-5.956
8.830
2.616
-12.810
0.855
3.310
-4.539
3.659
-2.010
-20.080
10.925
0.778
-17.166
9.326
-0.928
-15.847
7.293
1.566
-9.102
8.578
2.198
-9.602
-17.370
-12.183
-6.446
-14.919
-9.855
-10.714
-15.587
-12.952
-8.895
-5.181
-9.298
-7.857
-13.320
-11.814
-8.820
-13.295
-8.953
-11.185
-10.282
-12.190
-11.826
-10.522
-8.409
-8.244
-14.778
-8.406
-7.610
-15.489
-11.402
-11.394
-3.543
10.903
-8.758
1.640
7.410
-13.202
3.325
7.195
-7.127
0.748
5.445
-12.554
3.068
0.460
-7.099
-3.243
-0.179
-15.344
-3.159
6.775
-6.153
-4.310
9.922
-1.357
-0.426
1.786
-5.732
-8.350
8.829
-8.647
-17.209
-19.940
-20.123
-24.468
-20.038
-23.339
-15.635
-17.222
-28.281
-27.178
-25.002
-21.948
-18.725
-22.462
-24.678
-21.336
-18.171
-18.832
-21.325
-18.257
-19.341
-14.611
-21.671
-25.126
-20.446
-26.265
-20.037
-20.788
-23.662
-24.394
-16.285
-12.710
-19.153
-25.835
-17.566
-14.184
-5.911
-11.869
-20.148
-15.484
-16.850
-17.950
-20.881
-28.588
-19.211
-22.985
-15.707
-20.054
-19.415
-21.725
-19.451
-16.405
-18.235
-12.625
-23.524
-24.684
-17.672
-22.704
-17.241
-25.273
-22.176
-16.945
-25.468
-15.222
-19.501
-22.921
-14.824
-19.351
-16.142
-19.950
-20.747
-20.864
-22.889
-17.486
-25.742
-23.639
-20.137
-22.455
-19.049
-29.841
-22.664
-15.411
-20.862
-16.452
-20.062
-19.929
-17.917
-23.179
-12.917
-24.863
-21.677
-22.144
-19.766
-14.813
-26.961
-31.171
-19.885
-20.358
-20.937
-30.971
-20.768
-10.215
-11.306
-22.034
-16.790
-20.861
-16.528
-22.910
-29.388
-6.813
-23.824
-25.598
-23.670
-27.370
-10.109
-24.482
-19.205
-22.869
-34.645
-14.348
-14.827
-20.273
-17.974
-26.874
-9.362
-21.468
-19.317
-19.544
-28.662
-5.067
-20.452
-14.136
-17.499
-19.763
-8.581
-25.431
-17.109
-20.039
-28.179
-11.447
-20.815
-13.248
-15.569
-22.974
-10.435
-28.083
-20.930
-17.190
-28.123
-20.031
-21.010
-14.655
-19.656
-15.097
-12.794
-20.760
-12.780
-14.199
-14.719
-15.196
-18.400
-10.102
-16.824
-11.581
-15.186
-23.290
-14.789
-17.303
-18.567
-8.312
-14.841
-17.151
-17.091
-19.921
-12.147
-14.967
-9.477
-15.409
-12.895
-12.213
-20.081
-16.905
-18.406
-29.143
-23.588
-19.978
-14.368
-19.026
-16.899
-9.942
-18.854
-16.324
-16.876
-21.717
-14.342
-13.583
-13.081
-14.003
-13.688
-8.413
-22.011
-30.619
-20.456
-21.753
-29.630
-20.897
-25.767
-18.314
-21.631
-35.047
-14.778
-19.915
-15.990
-12.873
-23.246
-20.359
-26.139
-22.945
-27.478
-30.722
-13.119
-16.516
-7.800
-14.956
-23.304
-19.192
-17.652
-16.420
-19.550
-23.378
-17.788
-11.835
-11.846
-19.550
-22.871
-17.234
-22.006
-20.725
-20.208
-26.667
-24.464
-26.966
-20.748
-23.996
-31.279
-19.453
-24.774
-19.044
-20.264
-31.868
-4.210
-1.335
-19.735
16.921
-19.308
-6.318
-6.391
-24.683
11.233
-22.411
-10.041
-2.646
-18.309
12.838
-19.630
-15.752
-7.937
-24.440
9.329
-22.469
-11.871
-6.079
-25.759
9.059
-15.116
-3.569
0.857
-22.667
12.010
-22.884
1.634
-2.111
-22.661
11.414
-20.054
-16.712
-3.052
-13.309
8.973
-16.518
-2.620
-4.744
-23.029
11.829
-19.719
-7.138
-1.097
-20.605
14.193
-9.306
-20.801
-15.231
-32.445
-19.691
-13.248
-19.778
-16.662
-27.131
-21.907
-13.794
-21.571
-14.314
-30.314
-21.039
-10.304
-23.410
-20.906
-34.140
-29.439
-13.999
-20.625
-13.974
-30.755
-16.091
-16.275
-21.732
-17.974
-29.758
-26.328
-14.473
-20.282
-12.161
-27.513
-23.776
-11.533
-16.827
-15.993
-24.278
-13.214
-17.930
-22.473
-16.694
-28.964
-23.562
-14.410
-18.188
-21.213
-35.284
-28.155
-28.648
10.940
-5.564
-21.831
-16.175
-28.324
11.162
-9.634
-23.533
-10.581
-29.378
7.901
-8.934
-26.113
-15.319
-26.448
9.312
-4.845
-28.215
-15.092
-26.530
9.316
-5.342
-32.418
-10.277
-28.732
9.127
-11.596
-24.495
-16.844
-31.680
11.277
-5.010
-14.967
-8.308
-19.157
9.203
-4.761
-24.558
-12.410
-27.039
1.944
-9.398
-27.867
-21.257
-28.660
9.312
-3.890
-21.694
-10.312
-23.241
-20.226
-0.386
-19.162
-9.321
-10.864
-4.184
6.697
-25.215
-7.373
-21.653
-10.735
7.733
-24.702
-6.932
-14.572
-9.041
11.110
-22.005
-6.847
-22.964
-11.509
1.156
-19.505
-3.075
-12.407
-9.503
4.253
-23.406
-7.092
-16.649
-14.028
8.752
-21.621
-7.883
-16.503
-10.006
6.281
-27.834
-9.299
-21.758
-16.464
4.696
-31.287
-13.240
-20.484
-10.351
8.348
-29.140
-6.636
-23.170
-3.985
0.312
-6.873
-10.390
-24.874
-9.020
-2.623
-5.768
-13.322
-18.721
-5.757
-0.351
-6.739
-12.899
-22.169
-11.436
-4.159
-2.280
-9.802
-18.020
-0.938
-2.953
-10.631
-16.146
-26.353
-3.345
-4.555
-13.037
-13.426
-25.153
1.531
-1.184
-15.933
-11.441
-19.879
-7.636
1.751
-14.034
-7.064
-26.059
-10.416
-2.314
-12.878
-12.949
-25.704
-13.159
-2.952
-10.604
-15.085
-25.387
-17.155
-20.042
-17.339
-17.414
-27.279
-25.948
-10.609
-26.533
-21.893
-13.696
-28.734
-19.532
-26.618
-25.536
-20.165
-19.324
-23.077
-20.936
-25.346
-17.302
-16.096
-18.922
-17.093
-19.371
-23.905
-22.355
-20.775
-16.886
-22.603
-21.828
-35.358
-22.581
-16.656
-39.017
-25.576
-24.436
-34.422
-23.050
-17.351
-33.224
-21.102
-17.213
-35.991
-25.226
-17.294
-32.047
-23.297
-19.074
-35.913
-26.779
-15.086
-38.219
-30.213
-21.666
-38.521
-21.909
-21.133
-33.308
-17.584
-11.479
-21.952
-32.073
-16.609
-21.745
-34.548
-23.456
-18.684
-27.784
-17.146
-15.454
-26.630
-15.996
-21.550
-21.590
-18.540
-13.351
-28.697
-18.832
-18.401
-31.089
-20.760
-20.130
-27.061
-19.458
-21.867
-32.083
-24.099
-19.896
-30.399
-22.763
11.761
-12.936
-26.839
12.093
-13.544
-24.375
6.686
-13.187
-25.102
11.984
-16.260
-23.047
13.987
-12.196
-27.053
10.198
-8.560
-20.610
13.388
-9.556
-23.802
14.450
-11.582
-26.074
11.088
-5.457
-22.607
15.087
-10.319
-22.479
-16.043
-14.807
-19.082
-15.541
-10.053
-20.988
-11.102
-12.079
-22.423
-17.832
-19.639
-24.862
-11.467
-12.603
-16.297
-15.169
-17.089
-22.512
-13.541
-12.979
-12.681
-11.052
-12.146
-12.723
-15.778
-15.118
-19.472
-20.558
-9.645
-19.803
-16.328
-13.982
-18.242
-19.473
-12.987
-17.370
-17.106
-9.344
-19.561
-11.176
-10.235
-21.994
-12.782
-13.422
-23.970
-14.088
-12.373
-23.416
-11.893
-3.392
-22.364
-12.441
-3.117
-23.876
-20.366
-11.226
-22.864
-10.872
-7.532
-22.306
