-24.514
-21.092
-9.149
-25.028
-13.120
-20.643
-20.243
-19.514
-15.432
-10.178
-14.276
-17.434
-14.582
-10.262
-10.316
-15.005
-16.570
-13.877
-16.659
-13.879
-11.585
-11.419
-14.244
-14.770
-13.780
-12.790
-8.789
-12.254
-15.155
-10.293
-4.630
-1.543
-3.322
2.111
-2.151
-6.657
-10.423
-0.209
-2.738
-5.276
-17.947
-20.431
-20.005
-14.284
-19.209
-18.145
-15.853
-17.503
-10.964
-12.700
-13.404
-10.633
-18.307
-19.880
-21.073
-15.851
-17.463
-9.859
-18.485
-21.240
-13.399
-14.389
-14.327
-11.538
-13.942
-16.348
-16.658
-12.766
-13.862
-18.965
-10.096
-8.744
-15.895
-8.243
-6.866
-17.661
-13.336
-12.697
-15.244
-5.360
-12.321
-13.132
-16.432
-12.466
-13.986
-18.675
-5.736
-14.696
-19.347
-14.213
-13.376
-2.303
-7.120
-16.047
-6.033
-5.243
-11.551
-14.360
-10.404
-20.785
-19.992
-10.833
-21.363
-22.730
-6.290
-23.639
-23.237
-16.119
-20.763
-19.360
-3.353
-23.722
-17.824
-10.804
-20.562
-17.451
-13.890
-19.280
-25.670
-12.006
-24.253
-18.717
-16.030
-21.860
-22.131
-12.549
-21.965
-17.003
-8.922
-20.049
-30.325
-29.607
-24.689
-23.623
-18.092
-22.621
-28.179
-24.835
-19.962
-23.028
-24.895
-17.390
-16.724
-21.625
-15.416
-24.866
-24.834
-15.351
-18.489
-21.899
-15.539
-23.542
-20.784
-21.352
-25.463
-23.708
-21.370
-22.637
-23.904
-15.628
-10.991
-9.718
-6.706
-8.456
-5.497
-2.324
-4.463
-5.322
-12.015
-3.900
-8.736
-11.029
-2.605
-1.269
-6.088
-0.980
-7.390
-8.672
-8.879
-2.410
-6.304
-7.655
-13.125
-8.832
-6.107
-8.362
-5.378
-6.856
-9.588
-8.818
-12.864
-10.370
1.856
-16.131
-10.852
-1.784
-20.771
-15.481
-0.455
-12.620
-10.652
0.369
-14.048
-11.943
3.972
-12.559
-8.507
-1.021
-15.162
-7.760
3.037
-14.391
-8.285
-0.133
-12.505
-10.801
-1.279
-11.132
-13.595
1.744
-1.262
-14.019
-8.325
-1.475
-11.707
-7.964
-2.680
-12.893
-3.208
-2.857
-9.445
-4.713
-7.313
-15.777
-7.374
-2.674
-13.570
-11.553
-8.774
-15.453
-14.574
-4.800
-7.572
0.101
-6.117
-17.189
-10.085
-11.217
-16.135
-9.779
-9.339
-13.256
-5.926
-9.057
-9.925
-2.807
-4.827
-12.793
-6.775
-16.904
-8.989
-10.892
-14.886
-8.841
-9.329
-11.661
-8.790
-10.084
-8.095
-8.214
-6.209
-6.999
-6.357
-5.290
-12.453
-16.288
-9.186
-6.564
-7.052
-0.975
-9.287
-24.310
-10.109
-29.413
-10.977
-20.419
-10.053
-20.142
-11.777
-14.093
-9.398
-21.947
-6.378
-21.293
-9.002
-22.707
-12.296
-23.654
-8.084
-25.605
-7.513
-20.386
-2.196
-25.868
-5.343
-31.950
-2.892
-24.474
-10.303
-24.524
-9.815
-27.118
-4.881
-25.606
-3.450
-23.943
-9.373
-27.571
-12.525
-28.963
-23.386
-18.845
-21.103
-17.868
-23.299
-16.605
-19.939
-12.104
-18.623
-20.581
-21.355
-15.514
-19.313
-14.566
-21.512
-17.851
-22.488
-19.452
-16.795
-20.961
-2.205
-8.719
-3.201
-11.532
-8.212
-14.307
-6.069
-17.200
-8.613
-17.070
-2.545
-11.565
-6.175
-15.672
-6.362
-7.673
-5.324
-13.025
-13.981
-17.443
-13.866
-9.585
-10.557
-2.855
-16.429
-6.850
-8.704
-6.434
-5.846
-6.981
-8.749
-5.396
-12.843
-8.615
-15.207
-11.068
-16.156
-9.989
-12.198
-9.249
-11.110
-14.930
-11.203
-7.707
-14.431
-3.594
-7.644
-15.327
-9.054
-11.288
-17.471
-15.873
-8.002
-7.600
-12.032
-10.582
-13.596
-4.190
-6.236
-11.486
-21.948
-11.726
-21.140
-18.656
-20.681
-22.143
-28.534
-21.527
-20.492
-15.686
-22.148
-14.424
-23.119
-19.907
-27.225
-24.790
-20.559
-18.881
-30.063
-17.693
-22.349
-16.674
-22.914
-22.095
-21.873
-23.427
-30.140
-22.754
-16.295
-11.802
-20.880
-17.952
-17.926
-16.715
-23.337
-16.823
-17.182
-12.618
-24.702
-16.838
-26.889
-26.205
-26.418
-29.843
-21.328
-17.764
-25.458
-31.745
-21.921
-17.468
-13.729
-25.489
-22.800
-17.079
-20.150
-27.828
-16.919
-11.766
-10.514
-21.481
-18.527
-19.457
-21.319
-28.747
-17.251
-8.687
-20.296
-22.952
-18.134
-17.063
-10.205
-28.502
-20.515
-24.044
-24.309
-32.904
-20.428
-11.443
-21.858
-22.547
-11.311
-17.835
-13.197
-18.926
-13.223
-24.802
-17.890
-11.764
-17.643
-26.622
-20.865
-23.710
-14.048
-16.897
-14.172
-19.194
-18.222
-19.725
-20.993
-18.630
-8.735
-19.454
-18.982
-22.078
-16.270
-17.001
-18.371
-16.623
-14.612
-21.767
-23.572
-19.093
-9.987
-20.321
-19.882
-12.233
-19.179
-19.608
-18.795
-21.026
-18.661
-11.541
-11.013
-15.869
-20.605
-7.359
-9.792
-8.601
-29.351
-13.700
-10.429
-18.260
-27.463
-14.497
-9.518
-20.051
-21.102
-10.282
-3.048
-10.709
-26.887
-16.999
-13.913
-18.139
-27.370
-12.373
-9.791
-18.199
-24.281
-11.649
-5.330
-15.539
-21.339
-10.961
-8.094
-16.777
-23.131
-14.977
-15.976
-17.908
-11.967
-14.993
-15.910
-12.543
-12.170
-11.130
-8.488
-10.248
-11.652
-21.438
-16.981
-13.060
-11.346
-17.769
-14.637
-13.219
-9.259
-16.896
-9.021
-14.553
-15.469
-15.247
-14.811
-16.254
-10.844
-15.479
-10.375
-17.839
-19.140
-25.735
-15.453
-15.152
-17.323
-17.045
-9.032
-24.150
-9.193
-21.153
-12.396
-15.967
-17.909
-16.861
-15.971
-19.510
-17.211
-20.886
-25.588
-26.454
-19.788
-16.341
-23.132
-22.318
-10.371
-12.050
-16.218
-25.022
-19.056
-12.436
-16.205
-16.815
-14.603
-11.857
-16.901
-16.641
-11.892
-15.325
-22.690
-25.592
-12.154
-16.555
-20.145
-22.011
-21.521
-17.246
-17.242
-20.769
-22.986
-19.338
-16.065
-14.059
-17.419
-23.066
-5.657
-17.250
-16.496
-21.358
-3.140
-9.682
-19.493
-28.797
-8.427
-20.170
-10.654
-23.366
-7.525
-16.082
-18.086
-19.575
-2.919
-13.809
-14.154
-22.762
-5.404
-20.273
-15.628
-17.468
-6.850
-17.914
-17.356
-20.996
-8.064
-19.430
-8.944
-23.002
-6.244
-20.306
-13.771
-23.918
-3.831
-15.200
-22.646
-12.875
-18.701
-10.847
-25.284
-14.486
-21.266
-13.152
-23.549
-8.564
-16.469
-8.330
-22.929
-9.550
-21.494
-10.008
-20.261
-12.296
-21.222
-14.370
-20.645
-13.255
-19.342
-12.146
-15.614
-8.700
-20.706
-3.744
-16.535
-12.676
-18.318
-12.405
-22.260
-9.840
-15.242
-7.560
-27.775
-19.801
-20.247
-14.672
-7.985
-25.643
-3.298
-28.333
-5.945
-14.978
-13.243
-23.559
-2.204
-25.853
-6.550
-29.537
-5.115
-20.590
-9.048
-28.014
-5.341
-20.112
-6.679
-23.365
-6.077
-17.628
-7.006
-26.722
-8.683
-21.360
-6.852
-26.533
-2.744
-16.705
-6.007
-30.935
-4.326
-23.749
-7.319
-27.972
-5.826
-18.983
-11.988
-19.959
-14.182
-12.682
-24.373
-22.504
-9.295
-9.547
-24.815
-20.519
-12.708
-14.134
-21.199
-22.023
-22.231
-21.413
-24.501
-23.056
-10.721
-11.679
-27.082
-20.929
-13.882
-13.317
-28.293
-12.123
-8.776
-8.317
-20.634
-14.970
-12.908
-11.949
-22.869
-22.037
-12.619
-12.220
-24.565
-20.741
-12.740
-14.503
-24.843
-23.540
-23.027
-13.206
-16.645
-8.601
-13.287
-3.242
-19.676
-11.264
-20.189
-9.531
-22.738
-13.771
-24.954
-9.608
-25.564
-10.813
-26.399
-16.293
-25.394
-10.546
-14.350
-7.128
-19.393
-13.359
-14.638
-15.773
-18.504
-4.360
-10.022
-12.008
-19.156
-14.395
-14.963
-17.487
-24.552
-17.205
-21.138
-10.057
-17.260
-14.562
-25.991
-16.410
-23.577
-13.545
-25.026
-17.157
-28.504
-20.151
-16.560
-13.251
-24.164
-16.499
-23.944
-17.180
-28.023
-13.892
-28.106
-16.351
-20.598
-19.401
-13.313
-16.154
-13.264
-18.154
-9.802
-7.490
-11.497
-15.307
-15.597
-11.887
-11.406
-15.045
-8.645
-12.105
-13.492
-9.756
-10.797
-12.782
-15.347
-11.400
-4.879
-13.639
-17.610
-14.439
-18.803
-11.602
-17.359
-17.734
-13.843
-13.527
-15.998
-15.670
-16.948
-9.436
-20.346
-15.467
-16.525
-9.686
-23.083
-20.727
-15.154
-14.715
-23.073
-16.826
-20.168
-7.876
-18.106
-14.519
-20.721
-15.931
-21.432
-15.543
-21.248
-15.965
-21.372
-11.044
-13.401
-16.244
-15.353
-7.054
