6.030
13.665
4.373
10.236
10.500
10.704
4.772
12.590
5.932
9.409
13.135
12.340
12.141
-5.434
9.784
11.323
9.149
6.959
2.459
9.383
13.679
14.369
8.171
11.855
14.769
11.540
11.232
12.441
12.072
12.771
0.401
3.259
7.777
2.761
2.747
-1.619
-4.635
4.595
1.739
3.193
11.319
11.044
10.513
13.882
9.356
12.207
10.783
9.108
10.895
3.138
-11.450
-10.125
-7.339
-3.018
-9.907
-12.292
-12.037
-5.524
-5.006
-9.139
-4.928
-2.304
-15.560
-4.725
-6.117
-6.986
-6.070
-8.037
-3.231
-6.688
-16.154
-15.289
-19.466
-13.805
-14.628
-7.513
-18.317
-8.956
-16.750
-11.231
9.372
11.842
7.577
3.853
10.968
6.582
10.354
9.110
8.441
9.389
-1.195
-3.807
1.278
2.682
-3.197
1.885
2.060
-1.001
-2.224
-3.130
-9.581
-6.905
-1.617
-4.230
-9.257
-12.921
-11.903
-7.607
-10.977
-8.490
7.879
3.863
-0.021
-3.955
1.531
-0.525
4.462
-2.740
-1.559
0.856
-9.084
-8.907
-7.822
-2.686
-11.322
-10.258
-5.406
-5.498
-7.075
-11.411
-4.757
-3.520
-2.127
-4.807
-8.941
-8.749
-5.687
-4.069
-4.987
-8.708
9.113
-0.437
10.331
0.351
-13.957
7.792
-18.222
8.332
-27.148
6.123
-1.625
2.671
-1.800
3.382
2.129
-0.128
-1.095
3.170
1.525
-1.827
10.131
8.070
6.175
0.468
7.358
13.431
3.767
11.329
10.032
5.942
-3.174
-3.494
-4.839
-3.281
-4.572
-4.760
0.398
-4.937
-12.199
-2.275
6.639
9.698
12.907
10.860
11.211
14.439
9.335
13.100
11.312
4.912
-14.073
4.855
9.323
7.244
5.589
7.975
7.798
11.478
-0.079
2.554
10.759
16.446
7.978
8.832
10.167
9.940
13.642
13.254
16.161
10.951
5.868
10.638
7.459
12.588
10.888
8.671
9.239
9.025
9.070
9.276
11.909
16.763
10.175
10.701
10.609
7.007
13.117
3.350
2.726
16.033
12.638
13.488
12.426
9.410
14.612
12.183
12.018
13.679
17.750
18.270
-2.437
-4.326
-8.829
-9.250
-7.018
-3.021
-3.448
-6.344
-1.100
-3.975
16.580
13.066
18.624
8.554
17.542
19.933
12.161
13.873
13.297
4.071
1.309
-0.278
3.728
2.687
0.472
5.939
1.555
3.900
-1.997
-0.024
-0.798
2.366
-1.636
-6.369
1.859
3.260
3.946
-0.248
-4.240
0.585
8.592
8.263
14.549
12.013
14.402
15.107
13.762
11.096
6.328
12.351
11.265
9.319
10.201
11.902
12.021
12.622
9.846
4.120
13.089
10.617
10.871
12.024
14.460
-0.926
10.653
11.367
11.513
8.567
4.472
6.750
0.666
-2.526
-2.982
3.350
-6.054
0.232
-1.246
1.953
-0.588
0.087
11.174
11.156
11.101
11.582
10.833
9.681
7.188
4.115
12.466
6.348
8.263
14.041
7.687
5.897
6.559
10.757
10.361
9.697
7.527
13.852
