-6.914
-3.075
-4.709
-7.624
-2.860
-4.356
-5.743
-3.004
-3.725
-3.079
-4.845
-3.605
-4.986
-3.562
-3.363
-4.312
-5.444
-3.896
-2.732
-3.923
-0.789
-1.713
-1.257
-3.141
-3.167
0.770
-1.998
0.338
-2.098
-2.301
-0.208
0.598
0.470
-0.823
0.636
-1.105
-1.513
0.081
0.643
1.636
-0.906
0.164
-2.227
1.176
1.985
-0.140
0.146
1.615
-1.035
0.332
2.126
-0.351
0.580
1.529
-1.538
0.373
1.332
-2.596
-0.806
0.997
-1.092
1.386
2.417
-0.034
0.344
2.251
0.435
0.598
1.558
-0.751
0.487
0.434
-1.770
1.901
2.137
1.354
2.444
-0.654
-0.367
2.846
0.815
1.516
1.304
2.405
1.769
0.450
1.651
2.143
-1.471
0.013
0.681
3.142
3.007
1.977
0.331
0.647
0.156
1.616
2.904
1.171
-2.262
2.695
-0.647
-0.082
3.872
0.439
-0.112
3.460
-0.815
-0.495
4.092
0.114
-0.020
3.344
-1.344
-0.991
2.955
-1.521
0.253
3.923
-0.310
0.838
3.541
0.427
-1.866
2.931
-1.873
1.162
4.412
0.330
0.740
-0.517
2.703
-0.262
0.490
2.707
0.178
-1.252
2.330
1.724
0.789
2.528
-1.136
-0.328
1.376
-0.244
0.014
2.556
0.246
-0.545
2.100
0.263
-0.783
2.106
0.064
0.171
2.609
0.793
0.961
3.942
5.278
2.105
2.892
4.422
0.533
2.366
4.917
1.364
1.502
3.361
-0.082
0.871
4.516
2.263
1.643
3.739
-0.890
2.205
5.406
1.190
3.642
4.359
0.794
2.422
4.012
0.728
2.397
4.827
-0.853
0.900
4.278
0.092
4.437
3.047
-1.597
3.455
3.353
-0.185
3.948
3.649
0.026
2.882
2.148
-2.276
0.145
3.321
-0.901
4.255
0.798
-3.277
1.713
3.367
-0.657
3.661
3.214
-0.215
4.546
3.031
1.550
4.813
1.697
-1.790
0.599
0.939
-1.896
0.275
2.118
-1.742
2.239
1.902
-1.885
0.322
2.769
-0.927
1.248
-0.033
-3.092
0.298
1.852
-0.991
2.470
2.806
1.047
3.078
0.361
-1.738
0.879
0.985
-1.843
-0.087
3.952
0.228
2.649
4.439
1.146
2.699
3.989
-1.610
1.527
2.406
0.406
0.950
4.251
1.183
3.382
5.674
2.070
4.949
3.804
0.086
1.429
3.222
1.597
1.161
3.045
-0.432
2.066
4.158
-0.548
4.374
2.527
-1.939
3.106
-0.076
1.113
-0.723
2.927
-0.163
0.873
-1.047
-0.583
-3.623
2.280
-0.167
-1.464
-6.159
2.930
-2.042
0.086
-2.805
3.847
-1.148
4.537
-0.616
4.647
-2.465
4.658
-1.655
4.694
-4.230
4.084
-2.094
5.353
-1.844
2.692
-4.724
3.193
-2.281
3.173
-5.616
-2.985
-0.838
-3.032
-1.576
-4.674
-1.670
-0.882
0.499
-0.560
0.423
-2.180
-0.932
-4.129
-2.689
-2.810
-0.951
-2.575
-1.438
-2.540
-1.527
0.792
0.808
0.149
0.589
-0.375
0.182
-1.525
-0.013
-0.948
-2.577
-0.111
1.304
-0.599
-1.303
0.460
0.288
0.529
-0.615
-1.756
-2.457
1.466
-0.027
1.177
0.676
0.027
0.580
0.182
2.082
1.458
0.642
0.325
1.154
0.642
0.742
-3.018
0.024
-0.357
0.333
-1.944
-0.942
0.754
0.249
-2.113
-2.030
-1.936
-1.637
-0.477
-0.833
-0.134
-2.367
-2.121
0.059
0.693
0.223
-0.984
-1.267
-1.792
-0.788
0.428
-0.557
-3.752
-4.037
-5.682
-3.109
-4.845
-4.423
-7.895
-4.532
-5.356
-2.759
-7.546
-4.942
-5.754
-5.214
-7.434
-5.972
-6.109
-6.415
-9.487
-5.341
-5.107
-5.095
-8.014
-4.793
-6.101
-4.968
-8.557
-6.746
-5.932
-3.931
-7.517
-5.744
-4.782
-4.944
-7.748
-5.202
-2.392
-2.129
-4.957
-3.311
-2.900
-6.301
-7.443
-6.129
-0.433
-4.301
-4.712
-6.538
-2.395
-4.748
-1.530
-4.484
0.580
-5.846
-3.504
-5.798
-3.320
-5.631
-5.453
-5.932
-1.574
-5.819
-4.327
-6.000
-2.650
-3.640
-6.216
-4.898
-2.010
-4.960
-4.011
-5.782
-0.467
-5.373
-4.186
-5.848
-3.128
-3.864
-6.702
-5.092
-1.267
-5.587
-2.564
-3.323
-2.633
-5.699
-3.434
-3.549
-2.565
-5.090
-2.620
-5.412
-4.828
-6.651
-4.804
-5.307
-4.629
-5.303
-4.760
-4.400
-3.906
-4.279
-4.429
-5.849
-3.930
-4.752
-3.835
-4.350
-4.261
-5.676
-3.916
-4.208
-5.775
-6.743
-4.648
-4.351
-4.054
-6.471
-5.180
-4.624
-6.713
-0.982
-1.796
-6.318
-8.870
-2.642
-2.127
-4.128
-8.125
-3.155
-0.092
-6.758
-9.358
-2.800
-3.504
-7.388
-8.971
-2.137
-2.729
-5.716
-7.628
-2.974
-2.936
-7.095
-9.388
-1.558
-2.843
-5.843
-7.563
-2.891
-0.997
-5.258
-6.536
-2.315
-0.695
-7.052
-4.852
-2.269
-3.517
-4.955
-1.452
-7.271
-2.804
-4.100
-2.984
-5.420
-3.248
-2.038
-3.681
-6.888
-4.457
-4.123
-2.784
-4.418
-2.649
-2.347
-0.609
-7.181
-2.716
-3.849
-2.941
-4.717
-2.890
-4.105
-3.018
-5.423
-2.318
-5.640
-1.985
-9.306
-4.946
-5.548
-4.573
-9.389
-4.119
-9.968
-0.694
-4.573
-2.251
-4.465
-1.184
-1.379
-3.544
-6.445
-3.990
-5.418
-7.127
-8.412
-4.636
-5.065
-7.492
-7.013
-1.820
-4.257
-6.299
-9.249
-3.745
-5.034
-8.231
-9.404
-4.322
-3.903
-7.425
-8.669
-5.101
-3.536
-8.841
-9.951
-1.422
-4.241
-7.967
-8.500
-2.647
-4.381
-6.153
-7.419
-4.161
-4.076
-7.168
-9.297
-1.165
-6.475
-1.829
-3.783
-1.508
-7.555
-1.109
-1.563
-4.520
-7.724
-1.696
-3.081
-2.836
-8.128
-2.373
-5.733
-2.361
-7.468
-1.634
-2.540
-1.422
-5.578
-1.559
-2.866
-3.067
-7.332
-4.192
-4.435
-1.189
-6.369
-1.114
-2.757
-0.910
-4.292
-1.772
-3.216
-2.811
-8.947
-1.064
-3.698
-5.491
-4.386
-9.917
-1.829
-6.132
-1.102
-8.036
-3.656
-6.667
-2.314
-8.974
-1.668
-6.113
-1.705
-9.822
-3.985
-7.576
-3.631
-8.290
-1.133
-5.044
-3.292
-9.409
-2.056
-5.469
-2.836
-8.625
-2.705
-2.899
-2.149
-8.901
-1.862
-5.302
-0.892
-8.829
-1.836
-7.180
-2.729
-11.369
-3.131
-2.279
-7.260
-2.178
-5.535
-0.665
-1.896
-4.777
-5.882
-1.674
-3.933
-3.212
-6.765
-3.815
-6.481
-4.648
-7.683
-3.111
-4.520
-2.811
-4.541
-3.413
-4.179
-3.381
-6.687
-2.610
-2.942
-4.000
-6.883
-1.609
-1.791
-2.828
-5.403
-5.217
-2.770
-3.266
-8.199
-2.916
-6.065
-1.688
-5.283
-2.588
-5.115
-11.535
-7.370
-2.694
-3.034
-11.753
-5.678
-1.614
-2.474
-8.344
-4.039
-3.341
-3.054
-9.083
-4.793
-5.216
-3.475
-12.084
-3.958
-4.501
-3.587
-11.536
-4.798
-5.032
-3.962
-11.195
-4.137
-4.236
-3.982
-11.490
-3.802
-1.133
-4.373
-10.012
-4.484
-3.552
-2.907
-10.653
-3.578
-8.781
-3.471
-4.876
-2.001
-4.261
0.123
-7.818
-3.782
-8.550
-3.519
-7.625
-2.784
-7.888
-1.456
-5.425
-0.924
-8.338
-0.841
-6.481
-1.674
-5.672
-1.193
-6.197
-4.255
-5.653
-0.712
-7.234
-0.336
-4.330
-3.230
-6.444
-1.085
-5.241
-3.353
-8.476
-1.643
-7.182
-1.243
-5.513
-0.968
-7.722
-4.105
-5.888
-2.595
-6.027
-2.730
-5.018
-2.683
-2.874
-1.832
-5.298
-1.678
-5.635
-3.016
-6.347
-3.041
-3.654
-3.350
-6.861
-3.281
-3.282
-4.671
-2.952
-5.096
-0.272
-2.602
-3.663
-5.703
-1.758
-3.388
-2.833
-6.550
-1.182
-4.326
-1.294
-3.712
-1.256
-0.949
-3.009
-4.427
-5.699
-6.259
-4.333
-2.940
-4.913
-2.100
-6.546
-4.194
-6.262
-6.560
-3.758
-5.212
-4.219
-1.929
-5.912
-2.602
-2.387
-2.329
-7.298
-3.782
-2.227
-2.641
-3.958
-1.761
-2.744
-1.830
0.717
-1.305
-3.383
-2.683
-2.341
-1.429
-3.121
-3.850
-3.085
-0.856
-0.360
-2.155
0.294
-2.502
