-6.204
-5.970
-6.419
-4.041
-2.628
-5.163
-4.718
-5.251
-6.222
-5.570
-6.750
-5.485
-7.315
-5.322
-5.505
-6.114
-8.126
-3.087
-4.621
-4.726
-5.402
-6.223
-6.337
-4.613
-5.432
-4.526
-5.755
-6.101
-3.693
-4.078
-5.975
-5.913
-2.474
-1.615
-4.264
-4.620
-4.616
-3.236
-2.206
-4.439
-1.289
-3.159
-1.967
-4.872
-2.532
-4.919
-1.543
-7.205
-3.563
-9.142
-4.104
-5.365
-2.402
-3.657
-2.452
-5.847
-1.215
-3.465
-3.632
-7.088
-1.883
-3.463
-2.151
-2.277
2.157
-2.344
-0.979
-3.199
-0.260
-4.044
2.014
-0.341
0.212
-3.466
-0.303
-3.276
0.758
-3.183
-0.245
-1.930
1.482
-2.109
4.272
2.517
0.682
-0.170
3.266
1.858
1.303
0.142
4.613
1.614
2.846
0.778
4.439
0.618
0.240
0.232
4.100
1.512
1.536
0.108
4.190
1.908
-0.053
-0.813
3.126
0.076
0.274
-2.627
2.813
1.143
0.963
0.737
4.496
2.019
1.095
0.353
5.078
2.463
1.859
0.329
4.739
2.283
2.495
-0.086
3.602
0.083
2.354
-0.006
3.984
-1.434
1.111
0.803
4.181
1.349
0.542
0.044
3.084
-1.212
0.615
-0.615
3.900
-0.184
0.961
-0.777
2.583
-2.331
2.416
0.320
4.211
0.869
0.201
0.011
2.791
-1.100
1.679
0.187
3.517
0.488
3.031
-0.857
3.405
-0.862
3.202
0.197
3.463
-0.442
3.881
0.682
4.753
-0.040
1.345
-0.640
3.473
0.726
4.301
-0.029
4.943
0.858
2.723
-0.007
4.197
0.859
2.596
0.388
3.992
0.201
2.594
-1.273
3.307
-0.563
2.405
-0.369
3.691
0.788
1.020
-0.566
1.858
-4.066
-0.183
1.947
2.000
-0.197
-0.756
0.402
2.889
2.211
-0.022
0.377
2.919
2.841
-0.841
-0.289
2.300
1.624
-0.491
-0.165
2.798
0.477
-0.881
0.220
1.840
0.501
-1.490
-3.137
1.552
0.323
-0.194
-0.326
2.011
0.472
-1.215
-1.451
1.304
1.018
-0.784
-0.044
2.285
-0.623
4.143
3.479
-0.450
1.008
3.837
2.883
0.134
3.476
3.824
2.812
-1.542
0.916
3.904
2.023
-0.215
1.819
3.146
1.209
-1.360
0.554
3.687
2.736
-2.067
0.681
4.179
3.092
0.547
2.364
2.672
0.494
-1.597
-0.143
3.816
3.082
0.232
2.032
3.939
2.865
-0.642
1.951
2.108
-2.006
1.755
1.858
3.420
-0.513
2.218
2.307
3.111
0.335
1.796
1.557
3.931
-0.744
2.347
2.842
3.962
0.414
1.065
3.622
2.380
-0.833
1.913
1.705
4.409
1.063
2.370
4.093
3.419
-1.602
2.542
1.116
2.650
-0.575
0.441
1.993
4.599
0.702
2.182
3.397
3.624
1.713
-0.519
1.608
3.696
3.081
0.850
0.894
3.402
-0.208
-0.554
0.657
2.958
-0.439
-2.626
-0.318
1.229
-1.268
-1.259
-0.701
3.344
1.085
0.202
0.821
4.315
1.816
0.271
2.002
2.519
0.778
-0.172
1.610
2.698
-0.584
-2.766
-0.126
2.789
1.986
-0.283
1.363
4.482
3.085
2.071
2.195
3.564
0.694
-0.031
1.850
4.449
2.159
-0.116
2.076
3.825
0.854
0.083
2.289
3.710
2.170
1.821
3.511
3.153
1.540
0.877
0.510
3.118
0.428
-1.409
0.449
2.825
0.279
-0.726
1.407
3.308
0.979
-1.204
1.740
3.278
0.555
-0.600
1.865
-3.460
-0.778
-2.912
-1.329
-1.002
-2.887
-0.486
-0.376
-3.868
-3.018
-0.878
-3.165
-2.009
-1.172
-2.814
-4.366
-2.998
-5.881
-2.284
-1.365
-1.205
-1.542
0.171
-0.479
-2.545
-0.771
-2.570
-0.540
-0.126
-2.928
0.829
3.024
-1.528
2.685
4.039
-2.095
2.219
3.257
-1.839
2.890
4.404
-0.312
0.336
2.386
-2.799
2.309
3.612
-2.309
-0.180
1.995
-2.734
-2.623
-0.036
-3.991
3.196
4.344
-2.292
-0.414
2.552
-5.036
1.476
2.487
-0.698
0.317
1.986
0.767
1.647
2.686
0.005
0.576
1.776
-1.813
-0.908
0.345
-2.530
0.274
2.282
-1.346
-1.904
0.063
-1.307
-2.180
-0.508
-0.605
1.749
3.121
-0.141
0.335
0.920
-1.361
0.708
-1.352
-1.412
1.972
-0.134
-0.505
0.733
-1.837
-0.238
-2.024
-0.951
-2.221
0.868
-0.558
0.807
1.647
0.426
-0.801
1.572
-0.659
-1.032
3.141
0.512
0.601
0.541
-0.828
-0.610
3.018
1.045
0.706
-3.234
-1.841
-0.061
-0.487
-0.881
0.703
-1.694
-0.819
1.238
0.052
-3.643
-1.109
-2.301
-0.681
0.106
-0.099
-3.396
-0.400
-1.289
-1.367
-0.111
-2.254
-2.694
-2.899
1.831
0.424
1.548
0.547
0.894
2.812
1.531
0.971
-1.009
3.679
2.358
1.353
2.350
-0.468
-0.048
2.299
-0.210
-1.533
2.252
1.503
-0.734
1.037
-0.166
-0.183
3.846
1.953
2.464
1.259
0.495
1.053
2.044
-0.048
0.483
0.459
0.756
-1.235
-6.420
-5.070
-4.501
-8.312
-5.664
-7.047
-5.159
-4.906
-7.853
-7.062
-7.914
-7.348
-5.281
-7.583
-7.158
-6.223
-4.941
-4.261
-8.400
-7.309
-6.222
-7.244
-4.150
-9.432
-5.980
-9.126
-7.806
-7.705
-8.835
-7.932
-5.527
-5.217
-4.309
-6.085
-3.764
-4.742
-2.971
-2.578
-5.305
-4.156
-5.449
-3.304
-4.141
-9.778
-4.839
-5.723
-4.395
-3.687
-6.922
-6.270
-7.343
-7.575
-6.994
-6.206
-7.877
-9.360
-6.187
-7.835
-5.275
-7.938
-7.378
-5.648
-5.048
-3.761
-6.182
-8.115
-6.468
-5.953
-4.827
-6.731
-8.416
-6.992
-7.148
-6.765
-8.403
-9.263
-7.212
-6.202
-6.043
-7.670
-6.649
-7.599
-6.574
-6.634
-6.755
-5.211
-6.010
-6.023
-4.488
-6.731
-5.319
-5.609
-4.758
-4.543
-4.773
-8.087
-7.136
-5.779
-5.452
-8.310
-4.236
-2.030
-2.332
-6.738
-2.706
-5.281
-4.081
-2.368
-7.623
-2.402
-5.418
-5.938
-3.171
-9.046
-1.548
-4.036
-3.234
-2.747
-8.550
-1.533
-2.311
-7.126
-0.428
-8.299
-2.795
-5.218
-4.339
-2.063
-7.107
-3.117
-3.605
-4.779
-1.276
-8.216
-2.027
-4.479
-4.024
-3.206
-7.040
-2.451
-3.263
-3.740
-1.465
-6.958
-1.315
-7.311
-6.728
-2.928
-11.940
-5.502
-8.132
-6.016
-7.057
-4.556
-3.327
-4.333
-4.083
-5.514
-4.545
-3.051
-4.004
-5.164
-5.163
-2.731
-4.226
-6.101
-5.251
-4.929
-5.345
-4.547
-3.877
-5.479
-5.248
-4.576
-3.936
-2.857
-4.716
-4.056
-1.623
-2.564
-4.892
-10.129
-6.621
-9.429
-6.844
-4.744
-4.381
-4.738
-3.198
-2.272
-5.110
-4.247
-4.409
-6.563
-3.162
-6.278
-3.468
-5.209
-5.271
-2.117
-3.083
-7.434
-5.472
-4.493
-5.829
-2.923
-4.096
-4.036
-2.106
-5.199
-4.507
-4.927
-2.322
-3.063
-6.346
-4.828
-4.663
-3.840
-5.211
-6.931
-3.631
-5.458
-0.655
-2.191
-4.167
-3.600
-6.832
-4.104
-2.089
-5.701
-4.058
-2.731
-1.594
-4.272
-5.026
-5.813
-6.289
-5.336
-3.193
-6.041
-3.974
-2.993
-3.253
-3.990
-5.223
-4.667
-5.288
-3.360
-7.427
-7.442
0.744
1.468
-5.932
-0.177
-1.955
1.383
-1.000
-5.484
-1.526
-6.483
0.711
2.354
-6.568
-0.151
-4.036
-0.867
-1.692
-8.862
-0.066
-4.610
-1.770
0.231
-7.246
1.081
-1.651
0.171
0.086
-5.374
-0.118
-4.090
0.659
-0.743
-8.045
0.627
-5.916
0.661
-0.163
-5.244
-0.002
-3.312
1.872
-0.773
-5.773
-0.532
-4.320
0.536
-2.666
-7.340
-0.712
-4.553
-7.340
-5.866
-9.763
-4.192
-6.444
-4.593
-4.508
-10.350
-1.853
-4.311
-5.829
-5.788
-7.602
-5.809
-5.585
-4.758
-6.347
-8.821
-4.087
-6.431
-4.993
-3.162
-8.969
-1.683
-2.977
-3.449
-5.547
-8.607
-3.520
-6.423
-6.111
-5.669
-8.303
-3.655
-4.564
-4.029
-7.202
-9.142
-3.537
-8.289
-6.091
-3.861
-9.650
-3.538
-3.331
-5.651
-4.973
-10.912
-4.537
-6.746
-0.357
-1.911
-1.521
-7.023
-6.545
-0.289
-4.119
-3.946
-6.498
-10.877
-0.840
-4.609
-2.095
-7.435
-9.839
0.680
-3.606
-4.814
-3.668
-6.758
0.718
-2.934
-5.674
-3.292
-8.147
-2.017
-5.867
-3.911
-4.880
-8.550
-1.892
-4.742
-3.376
-6.719
-7.280
-1.827
-2.608
-1.638
-4.053
-7.744
1.648
-2.942
-3.621
-3.391
-6.559
-0.461
-3.736
-3.830
-2.352
-7.078
-3.223
-0.947
-8.213
-4.173
-3.223
0.266
-1.173
-6.646
-4.340
-4.655
-2.433
-0.238
-7.218
-4.669
-2.656
-0.886
-1.346
-6.119
-3.657
-3.965
-5.681
-2.280
-10.052
-2.805
-3.216
-0.418
-0.299
-5.665
-4.255
-2.129
-2.758
-1.269
-6.792
-3.380
-2.278
0.049
-0.780
-6.025
-4.158
-3.769
-2.670
-0.398
-4.417
-5.071
-2.113
-2.855
-1.372
-6.561
-3.330
-3.037
-0.106
0.234
-0.019
-4.128
-4.194
-0.700
-0.683
-1.378
-2.506
-3.812
0.791
1.078
-2.210
-3.763
-4.053
0.398
-1.641
-0.468
-4.705
-5.701
0.896
0.276
0.887
-4.016
-5.049
0.431
-1.281
-4.764
-3.378
-2.605
-0.523
-1.434
-5.396
-2.080
-4.384
0.280
0.389
-1.419
-2.977
-2.184
-0.737
-0.103
-4.257
-2.926
-3.934
-1.115
1.147
-3.456
-4.180
-3.964
-5.855
-4.931
-4.183
-5.368
-6.568
-6.039
-3.432
-8.583
-4.992
-4.879
-7.435
-3.920
-7.066
-5.246
-4.848
-4.715
-7.524
-5.755
-6.905
-5.591
-2.742
-5.480
-4.283
-5.157
-5.258
-4.880
-5.023
-1.734
-5.283
-5.288
-12.922
-6.919
-5.318
-8.911
-3.764
-2.703
-11.101
-4.066
-2.452
-14.365
-5.677
-4.835
-11.104
-3.588
-1.573
-13.101
-4.751
-4.231
-13.232
-4.018
-1.631
-10.352
-5.132
-2.124
-12.295
-5.085
-3.941
-13.140
-4.755
-1.605
-5.666
-6.720
-4.451
-8.979
-4.890
-3.464
-5.389
-4.940
-1.808
-6.058
-4.195
-1.381
-5.029
-4.817
-2.753
-5.468
-5.973
-3.481
-4.898
-5.906
-1.337
-5.487
-5.543
-2.587
-5.973
-3.688
-3.430
-4.766
-5.243
-1.351
-3.349
-2.168
-4.729
-2.388
-2.035
-4.517
-3.497
-2.551
-5.282
-1.544
-2.518
-6.739
-2.996
-3.386
-6.086
-0.838
-1.787
-5.021
-2.473
-3.064
-6.009
-2.940
-1.698
-5.385
-2.845
0.118
-2.980
-2.291
-2.118
-4.828
-4.282
-6.341
-6.404
-3.926
-5.248
-6.120
-4.851
-3.611
-6.069
-3.563
-4.471
-5.732
-4.880
-2.580
-3.891
-2.127
-5.085
-5.805
-4.254
-3.982
-4.653
-5.747
-5.898
-6.755
-3.887
-4.730
-5.441
-5.897
-3.947
-4.761
-5.988
-3.301
-7.560
-3.756
-2.438
-7.244
-7.394
-1.586
-5.176
-5.085
-1.978
-6.944
-5.263
-2.017
-7.772
-6.998
-3.120
-6.914
-7.043
0.312
-5.027
-9.127
-3.129
-7.281
-8.687
-3.138
-7.208
-5.310
-1.622
-7.144
