0.804
4.716
3.034
2.606
3.174
2.467
0.181
4.248
6.394
5.521
4.341
5.754
4.461
0.436
2.255
2.858
3.734
2.369
1.742
2.427
5.273
1.957
5.257
3.193
3.945
5.697
4.160
4.378
5.321
2.492
4.482
5.273
3.288
3.516
2.493
2.520
1.741
6.784
5.030
5.053
6.775
6.591
8.126
7.435
7.457
8.733
8.017
7.398
7.822
7.441
2.334
4.534
3.451
4.387
3.335
3.441
1.587
5.303
3.253
3.680
4.258
5.763
5.209
4.308
4.417
4.653
4.484
3.493
5.761
5.830
3.396
5.041
2.989
3.099
2.684
4.098
3.591
3.127
3.900
5.132
6.300
5.664
5.733
3.904
4.480
5.257
5.939
5.338
5.930
4.859
4.288
4.524
3.730
2.314
4.253
3.065
3.322
3.557
3.993
3.096
4.065
3.569
4.386
3.886
4.354
3.888
5.144
5.438
3.929
3.803
5.495
5.722
2.939
4.021
5.529
7.464
2.726
3.436
5.069
5.995
4.194
5.091
3.447
4.820
2.922
0.830
5.294
0.982
4.168
2.648
6.051
4.037
6.036
4.334
6.604
4.600
4.363
5.197
3.378
2.562
2.890
2.923
2.180
1.383
2.071
4.068
2.234
2.528
4.072
2.154
5.199
5.376
5.429
4.087
3.456
5.324
4.297
4.669
4.232
4.072
5.518
3.791
4.533
3.649
3.284
5.439
4.558
5.126
4.206
4.245
4.270
2.489
2.263
3.668
2.292
2.057
3.834
3.670
1.426
3.057
0.683
5.523
4.572
5.598
4.033
3.230
1.576
3.391
2.513
0.454
-1.231
3.001
3.999
3.694
3.506
5.941
2.855
4.747
2.668
1.210
3.306
6.975
3.156
1.140
4.790
2.762
7.001
8.386
6.209
7.724
3.468
5.355
4.442
5.454
5.221
5.126
4.307
6.739
5.368
6.307
4.471
4.971
5.608
2.836
5.514
4.274
3.762
4.013
3.962
4.475
-1.027
2.254
3.384
2.011
4.164
5.245
3.498
4.948
4.170
6.608
6.284
3.842
4.242
3.499
3.930
6.605
3.259
5.077
4.860
2.647
5.628
5.927
7.067
5.550
6.300
7.494
3.885
3.182
4.749
0.556
5.698
4.653
5.483
7.093
6.565
8.089
5.850
6.209
6.001
3.382
4.325
6.662
5.830
5.622
4.480
4.270
5.967
3.979
5.828
5.649
6.640
3.968
5.396
6.648
5.247
6.756
5.648
5.459
3.699
4.067
4.902
4.965
4.844
2.854
4.668
6.006
3.665
3.304
5.242
3.619
4.447
5.975
5.927
-0.841
2.715
2.865
4.016
2.022
2.133
2.821
5.085
4.798
2.984
1.626
2.826
4.343
4.080
4.579
2.052
6.099
4.467
2.947
3.673
0.532
2.558
0.835
3.541
3.680
1.493
2.612
2.161
4.460
1.328
1.832
3.897
5.548
0.748
3.140
1.919
4.317
