5.096
8.257
4.306
6.934
3.251
4.534
-0.178
9.381
6.219
5.319
6.085
5.518
8.247
-2.296
7.216
5.238
7.944
3.005
4.184
3.312
7.223
6.944
7.914
7.464
7.752
3.101
6.411
8.276
7.636
5.509
6.207
1.296
1.907
4.751
5.203
3.074
-0.621
7.541
6.994
4.275
6.053
7.267
5.331
9.587
7.305
9.364
6.904
10.244
8.021
5.011
7.449
8.102
1.739
-0.889
-0.499
2.142
-6.836
3.306
5.430
0.774
1.855
2.412
1.191
3.096
2.270
2.325
1.600
1.751
2.138
1.171
5.394
3.928
5.805
-1.934
4.008
6.124
2.571
3.301
6.698
1.855
-0.209
2.356
1.451
-1.323
1.132
3.459
0.753
1.842
3.183
2.862
-0.165
3.449
3.733
1.343
3.243
2.781
0.972
0.932
3.127
2.922
4.044
2.160
7.701
4.091
2.175
2.753
3.168
1.453
5.198
2.056
4.401
3.163
2.493
0.760
3.864
2.209
2.705
3.910
0.679
2.453
4.359
2.147
2.577
5.117
3.289
1.145
3.166
0.460
2.526
2.075
4.975
2.366
9.982
4.036
7.544
6.457
4.722
8.114
4.107
5.484
2.003
5.375
7.225
-2.861
3.297
1.295
1.772
4.919
5.116
2.950
6.053
6.344
3.448
3.934
5.575
2.503
5.383
5.555
3.249
6.459
5.591
3.922
5.022
2.000
5.415
9.165
5.030
2.823
4.379
5.833
6.920
3.416
0.473
2.188
2.975
3.705
2.938
5.993
-1.621
2.602
1.930
6.107
7.310
6.580
8.457
9.586
7.674
7.512
5.621
-2.119
-4.747
3.650
8.754
8.044
6.236
6.368
4.986
7.532
2.989
2.114
3.869
7.964
5.297
0.578
6.968
4.223
7.918
6.830
8.668
6.087
4.615
6.791
3.056
8.919
7.851
7.189
4.969
6.373
5.411
6.396
7.208
8.552
9.631
5.155
11.095
6.589
10.277
4.101
8.253
9.072
6.736
7.694
7.656
3.885
10.814
8.173
5.868
9.546
9.944
11.853
6.116
7.328
2.667
5.341
5.676
6.315
5.674
7.582
5.913
6.254
11.474
7.788
9.936
8.574
9.317
11.587
6.554
8.554
7.783
1.842
5.116
2.763
8.345
6.183
9.618
5.973
7.132
8.521
4.557
5.478
8.336
9.122
9.109
7.645
6.594
7.659
7.065
1.599
5.864
7.107
7.546
2.957
7.908
9.118
8.717
10.217
7.264
4.732
4.021
5.853
4.769
3.612
6.502
3.911
3.621
7.333
5.931
-1.005
6.128
7.174
4.858
5.926
8.542
-1.593
8.771
7.521
9.403
5.473
4.782
-1.559
5.814
6.199
6.217
6.658
2.558
4.881
5.030
5.907
5.838
8.406
6.954
5.803
5.239
9.306
7.578
2.801
5.904
2.217
6.173
5.813
2.551
7.617
4.546
-0.082
4.505
7.688
8.125
8.270
3.045
8.469
