-11.587
-7.827
-8.739
-10.485
-8.014
-9.219
-14.308
-7.702
-7.081
-6.925
-4.460
-9.038
-8.240
-11.456
-3.921
-7.294
-10.172
-12.067
-6.906
-4.651
-1.223
-2.101
-4.646
-5.558
-2.824
-5.374
-4.746
-1.010
-4.391
-5.606
-2.966
-8.267
-6.979
-5.789
-0.108
-7.816
-6.860
-1.442
-2.901
-4.302
-5.126
-1.799
-10.101
-6.816
-4.591
-9.442
-5.342
-2.774
-8.742
-5.579
-1.609
-11.971
-7.643
-2.499
-9.769
-4.072
-2.610
-11.940
-4.281
-3.661
-8.198
-4.275
-3.168
-10.475
-4.230
-7.481
-11.478
-5.688
-6.828
-11.748
-1.977
-6.998
-12.412
-1.978
-6.524
-10.824
-5.083
-9.053
-9.675
-1.868
-10.271
-6.389
-5.920
-10.002
-5.278
-5.440
-4.816
-8.237
-6.057
-13.128
-6.081
-2.412
-7.740
-8.749
-2.761
-5.540
-8.102
-4.228
-6.901
-7.233
-10.803
-11.296
-8.284
-10.514
-9.323
-9.994
-10.451
-10.777
-8.680
-12.909
-10.430
-9.881
-9.943
-7.583
-11.043
-10.610
-11.734
-11.441
-11.228
-8.126
-8.129
-10.833
-5.692
-9.283
-12.836
-5.672
-9.465
-11.094
-7.861
-12.258
-5.020
-16.884
-11.328
-3.200
-11.030
-6.857
-6.609
-15.855
-10.900
-5.681
-12.434
-6.295
-6.688
-12.346
-9.395
-7.870
-15.571
-13.865
-5.258
-14.905
-9.283
-4.795
-12.172
-11.888
-7.160
-13.806
-9.691
-6.237
-12.740
-11.705
-4.805
-10.245
-0.828
-4.955
-11.458
-0.139
-1.863
-6.895
-3.097
-2.599
-12.554
-3.919
-5.408
-9.377
-1.307
-7.267
-7.125
-1.956
-4.423
-9.428
-0.836
-8.226
-10.977
-2.289
-8.269
-11.482
-3.142
-5.637
-10.338
-3.628
-10.466
-10.627
-3.562
-8.985
-10.300
0.459
-9.899
-11.781
-1.010
-6.977
-6.381
0.255
-12.345
-10.946
-1.583
-10.605
-10.714
-2.850
-12.033
-10.729
-0.945
-10.942
-11.348
-4.245
-12.070
-11.341
-3.882
-12.245
-7.969
1.508
-7.100
-7.911
-5.866
-5.563
-5.068
-3.594
-5.686
-7.421
-2.934
-5.931
-5.409
-4.076
-3.750
-5.374
-5.329
-3.923
-6.629
-4.482
-5.256
-6.591
-5.432
-4.442
-5.441
-2.544
-4.848
-6.324
-3.494
-9.740
-6.391
-5.032
-5.330
-4.627
-5.297
-3.872
-1.807
-1.451
-5.726
-5.269
-5.332
-3.896
-5.745
-6.309
-4.936
-3.393
-4.624
-2.625
-5.557
-4.470
-5.260
-2.573
-5.668
-2.567
-4.209
-4.906
-4.632
-5.929
-6.227
-5.775
-4.243
-2.739
-5.270
-9.239
-6.266
-8.778
-5.528
-10.435
-7.787
-8.887
-7.338
-5.427
-4.494
-10.476
-8.325
-7.654
-7.280
-8.356
-1.854
-11.627
-5.306
-8.454
-6.288
-9.195
-3.893
-9.161
-5.116
-10.943
-3.580
-8.498
-2.663
-8.850
-3.807
-8.859
-5.620
-9.724
-5.394
-10.463
-11.651
-10.218
-10.531
-11.247
-12.753
-8.597
-10.165
-11.267
-13.040
-7.179
-10.451
-7.591
-11.800
-8.624
-12.992
-6.525
-11.122
-11.863
-10.885
-6.860
-8.635
-10.461
-13.176
-8.607
-6.151
-8.268
-4.397
-4.142
-4.965
-5.242
-5.269
-6.174
-3.827
-8.338
-3.575
-7.039
-7.613
-7.594
-5.135
-7.752
-3.531
-8.718
-6.783
-9.284
-6.629
-6.145
-5.494
-4.447
-7.668
-5.941
-6.941
-1.804
-2.752
-3.777
-7.236
-6.470
-9.056
-4.002
-7.735
-4.506
-7.461
-4.808
-5.778
-3.178
-3.876
-11.717
-5.938
-7.715
-11.063
-5.547
-5.642
-8.882
-2.968
-8.154
-7.597
-10.796
-7.202
-9.530
-4.594
-7.720
-7.864
-7.484
-4.699
-11.615
-8.114
-7.952
-9.671
-10.615
-6.860
-10.488
-10.997
-8.608
-9.630
-7.508
-10.249
-8.474
-8.105
-10.658
-8.614
-12.496
-10.206
-8.143
-11.609
-10.046
-7.340
-9.325
-10.982
-10.321
-10.003
-12.105
-14.590
-9.825
-7.728
-8.644
-9.126
-12.232
-11.478
-11.332
-11.615
-13.649
-9.049
-10.232
-11.713
-8.710
-12.066
-14.750
-13.352
-8.245
-4.565
-8.840
-11.465
-11.608
-9.489
-9.178
-10.581
-14.408
-3.846
-10.507
-12.634
-14.276
-5.953
-10.959
-11.477
-12.286
-5.536
-9.640
-6.965
-13.404
-7.374
-9.725
-12.047
-13.634
-7.994
-9.961
-5.860
-14.822
-4.644
-11.614
-11.560
-14.537
-9.112
-6.748
-11.997
-13.759
-7.900
-6.701
-9.376
-8.797
-6.045
-13.281
-8.181
-2.525
-8.732
-15.440
-9.393
-10.006
-8.848
-10.320
-8.072
-7.678
-8.973
-11.747
-10.523
-8.254
-5.087
-12.433
-13.022
-9.777
-8.535
-10.847
-10.577
-5.383
-6.405
-9.927
-11.550
-6.696
-9.026
-14.233
-10.978
-5.935
-11.436
-10.483
-10.265
-10.127
-10.851
-2.800
-10.673
-9.994
-10.441
-5.393
-5.350
-6.591
-12.534
-7.149
-5.317
-7.555
-9.889
-5.373
-6.739
-9.430
-10.732
-4.862
-5.211
-7.138
-11.112
-5.057
-8.621
-7.117
-12.456
-5.123
-7.207
-6.225
-10.739
-5.439
-7.563
-8.921
-11.019
-3.191
-6.099
-6.097
-9.806
-6.370
-8.763
-8.604
-7.036
-7.158
-9.453
-4.373
-8.605
-6.427
-6.893
-3.911
-5.066
-9.237
-8.168
-3.940
-4.955
-8.677
-5.247
-4.655
-4.206
-9.054
-5.171
-5.842
-5.519
-7.674
-6.225
-5.511
-5.812
-7.355
-5.440
-5.429
-7.136
-16.484
-5.402
-5.103
-4.212
-10.520
-6.568
-10.096
-5.798
-10.332
-7.019
-6.814
-5.966
-9.883
-10.025
-10.271
-8.373
-11.845
-12.139
-13.968
-9.047
-10.268
-10.462
-10.453
-2.402
-11.538
-10.100
-10.919
-6.230
-8.372
-9.457
-11.002
-7.860
-9.708
-10.314
-11.254
-9.782
-10.712
-13.614
-9.814
-6.634
-11.593
-9.782
-12.648
-6.003
-10.697
-9.818
-12.809
-8.757
-10.151
-7.576
-13.905
-8.663
-12.981
-6.505
-12.695
-7.504
-10.565
-6.578
-8.771
-10.741
-12.582
-5.477
-11.747
-7.809
-12.499
-5.440
-14.110
-10.001
-14.290
-8.209
-9.747
-7.743
-11.646
-4.134
-8.995
-8.564
-8.461
-6.351
-8.830
-8.727
-10.451
-6.984
-12.670
-13.029
-11.932
-10.129
-9.282
-9.930
-13.278
-2.989
-7.639
-9.260
-12.345
-10.757
-7.250
-9.760
-9.887
-10.169
-10.247
-9.486
-10.779
-9.399
-6.822
-9.663
-8.280
-13.728
-7.887
-7.880
-11.517
-9.747
-5.816
-9.193
-12.431
-9.705
-8.744
-8.569
-10.844
-10.839
-7.351
-10.743
-9.392
-12.363
-8.468
-10.244
-9.243
-10.081
-7.740
-8.516
-12.824
-10.798
-8.610
-5.861
-8.405
-2.951
-15.191
-7.640
-5.284
-8.639
-14.381
-8.453
-9.137
-4.177
-14.338
-11.615
-9.386
-6.844
-13.966
-9.795
-6.879
-6.901
-13.573
-9.581
-4.030
-5.240
-10.642
-11.102
-10.634
-5.995
-15.914
-10.455
-9.137
-3.480
-13.639
-10.381
-7.122
-4.493
-15.219
-10.214
-6.699
-7.637
-8.833
-4.486
-10.103
-8.413
-10.674
-4.191
-7.868
-12.657
-12.935
-5.348
-9.389
-10.097
-8.724
-8.693
-7.242
-13.139
-12.920
-4.921
-7.724
-11.817
-10.215
-6.101
-8.737
-12.437
-6.478
-4.394
-4.624
-11.675
-7.971
-9.131
-9.165
-12.508
-11.472
-5.045
-11.724
-10.652
-12.739
-4.881
-10.204
-9.782
-12.179
-10.097
-8.987
-9.572
-9.972
-8.744
-6.935
-12.094
-8.875
-9.460
-8.734
-11.005
-10.438
-8.290
-8.664
-12.802
-8.674
-12.020
-8.028
-14.117
-9.016
-12.512
-7.209
-11.885
-6.592
-11.412
-5.263
-13.667
-2.168
-9.304
-8.484
-12.628
-5.360
-13.250
-5.645
-9.934
-4.976
-12.919
-5.587
-12.533
-5.049
-8.205
-5.660
-7.902
-4.710
-8.146
-9.168
-7.472
-8.214
-5.272
-6.026
-6.100
-5.808
-8.315
-6.601
-11.858
-5.003
-8.775
-7.451
-7.431
-9.629
-7.964
-9.657
-11.025
-8.222
-11.426
-5.801
-8.445
-8.079
-10.869
-7.142
-10.801
-6.281
-7.480
-8.657
-8.485
-6.896
-8.463
-10.197
-7.732
-6.173
-9.994
-9.593
-12.438
-8.576
-9.817
-6.650
-9.449
-8.046
-7.412
-6.652
-8.728
-8.516
-8.854
-4.277
-8.009
-5.264
-12.132
-6.345
-9.068
-9.722
-10.626
-8.859
-9.534
-6.754
-6.548
-7.310
-6.494
-8.350
-10.629
-10.753
-9.152
-9.851
-3.982
-10.781
-10.650
-8.412
-3.546
-9.613
-6.750
-7.551
