-12.813
-15.111
-8.016
-14.668
-11.513
-12.914
-9.780
-14.999
-10.497
-16.562
-11.380
-12.760
-13.385
-14.964
-10.975
-17.466
-10.526
-11.810
-8.192
-12.443
-14.304
-10.488
-9.107
-9.104
-16.020
-11.994
-10.631
-12.031
-7.254
-9.564
-11.947
-11.689
-13.356
-9.007
-13.924
-11.749
-11.094
-10.810
-10.131
-13.452
-9.741
-6.092
-7.627
-13.085
-10.795
-9.699
-8.083
-8.712
-8.543
-11.489
-10.743
-7.991
-13.437
-11.375
-10.360
-13.419
-10.516
-13.183
-8.202
-11.060
-4.593
-11.274
-9.167
-9.834
-5.830
-11.190
-7.407
-12.088
-5.755
-11.495
-2.000
-8.268
-4.600
-8.726
-3.727
-9.540
-7.183
-9.685
-5.436
-7.591
-5.219
-12.931
-11.680
-8.961
-2.852
-13.549
-9.380
-5.931
-3.788
-13.405
-15.954
-7.554
-6.507
-11.335
-10.571
-10.669
-6.235
-13.811
-13.460
-6.510
-5.197
-11.074
-8.171
-5.915
-4.409
-7.262
-10.012
-9.152
-5.656
-10.975
-10.792
-4.120
-5.509
-12.228
-13.190
-5.695
-4.358
-12.663
-13.201
-6.099
-2.199
-12.837
-9.587
-10.842
-1.301
-11.873
-11.660
-11.457
-1.556
-12.923
-11.203
-12.857
-1.090
-9.345
-11.512
-12.706
-1.617
-11.248
-11.187
-13.504
-1.239
-12.626
-10.967
-12.523
-0.971
-10.265
-13.084
-12.615
-2.253
-13.029
-15.779
-12.406
-4.625
-10.956
-12.179
-9.371
-3.168
-10.093
-8.612
-10.107
-2.108
-8.645
-7.576
-8.008
-2.106
-10.661
-7.157
-7.389
-0.147
-11.274
-10.688
-9.283
-0.053
-10.240
-9.639
-8.592
0.259
-11.522
-10.723
-8.809
-3.233
-9.203
-10.904
-7.780
-0.804
-6.975
-9.514
-7.609
-2.956
-10.530
-7.128
-7.251
-2.147
-7.567
-10.042
-9.718
-1.582
-8.791
-7.822
-9.937
-3.727
-5.539
-5.486
-8.155
-4.629
-9.179
-8.129
-4.975
-5.331
-11.566
-8.862
-5.100
-5.033
-9.265
-10.615
-6.109
-5.534
-10.647
-8.840
-1.894
-6.150
-6.213
-10.823
-5.269
-4.176
-11.936
-9.581
-4.067
-2.727
-10.711
-9.633
-1.617
-3.684
-9.077
-12.718
-7.988
-5.671
-10.433
-10.454
-7.220
-9.588
-4.250
-3.849
-7.831
-7.877
-7.021
-4.858
-4.874
-7.117
-1.759
-3.430
-2.921
-9.145
-5.476
-3.520
-4.648
-6.938
-8.950
-3.537
-3.775
-6.103
-4.057
-3.263
-5.953
-6.542
-8.490
-5.204
-3.323
-6.779
-6.834
-3.658
-3.593
-5.900
-3.531
-3.589
-5.754
-10.253
-6.464
-4.640
-6.482
-11.995
-8.990
-0.852
-3.084
-7.222
-7.630
-1.101
-5.119
-10.720
-7.213
-2.159
-4.940
-9.815
-8.345
-0.107
-3.053
-5.908
-10.374
-2.545
-0.129
-9.742
-9.748
-2.382
-3.048
-9.426
-6.321
-2.948
-4.603
-7.360
-6.458
-0.912
-5.174
-5.755
-7.946
-3.622
-3.212
-4.620
-6.338
-2.663
-1.444
-8.743
-8.341
-3.318
-3.838
-9.400
-7.003
-2.601
-2.861
-7.924
-7.627
-7.555
-2.987
-7.899
-12.564
-3.995
-3.856
-5.687
-12.718
-5.024
-4.595
-7.897
-11.928
-5.294
-5.669
-10.819
-11.872
-2.526
-3.904
-7.169
-9.400
-5.204
-1.431
-7.723
-9.345
-2.574
-2.902
-10.320
-8.771
-5.382
-1.744
-3.524
-1.690
-4.291
-5.024
-4.469
-2.537
-4.980
-3.700
-3.553
-1.284
-7.112
-6.859
-0.746
-2.782
-6.566
-5.781
-3.026
-1.092
-5.225
-1.548
-6.619
-1.006
-4.877
-4.318
-7.429
-7.172
-5.584
-7.579
-3.769
-1.903
-6.749
-3.560
-1.338
-3.734
-5.123
-4.783
-5.803
-4.721
-7.093
-5.014
-11.631
-8.956
-10.713
-10.006
-10.805
-12.412
-8.742
-10.496
-9.476
-6.403
-9.600
-13.649
-8.674
-11.811
-12.727
-9.765
-10.746
-13.059
-8.895
-8.867
-10.604
-12.347
-10.496
-12.229
-10.027
-7.165
-12.868
-7.310
-9.086
-14.650
-7.538
-7.637
-8.594
-1.460
-9.967
-12.625
-5.273
-7.380
-10.097
-4.626
-7.426
-10.414
-8.177
-14.052
-11.154
-4.069
-10.607
-12.522
-6.747
-10.161
-10.500
-8.630
-12.137
-10.128
-8.132
-9.421
-9.728
-5.534
-6.368
-11.915
-3.582
-12.874
-14.703
-5.158
-7.331
-10.041
-4.505
-6.256
-7.972
-3.344
-4.346
-9.338
-9.591
-9.867
-8.461
-7.319
-6.421
-6.945
-7.078
-8.011
-7.384
-8.621
-9.676
-7.004
-4.830
-4.244
-10.587
-7.799
-8.903
-10.495
-5.057
-4.575
-8.040
-4.664
-5.423
-9.548
-4.256
-6.138
-10.005
-1.396
-2.623
-9.765
-3.148
-6.732
-5.152
-7.808
-3.241
-11.364
-5.549
-4.207
-10.584
-2.981
-4.568
-7.551
-2.958
-3.583
-7.509
-2.542
-6.945
-10.717
-7.868
-7.285
-5.828
-10.966
-8.492
-9.988
-9.919
-10.965
-8.896
-4.922
-8.066
-7.831
-8.864
-10.015
-9.327
-4.023
-8.245
-9.917
-5.025
-9.627
-6.991
-6.519
-7.036
-8.071
-6.764
-8.902
-9.107
-8.009
-9.600
-8.197
-3.163
-7.479
-9.928
-2.738
-6.091
-8.104
-1.639
-4.291
-5.807
-6.814
-6.317
-9.050
-3.992
-5.499
-1.724
-3.306
-2.224
-8.820
-3.854
-3.035
-6.654
-5.670
-3.120
-3.498
-2.532
-5.924
-7.058
-4.071
-3.842
-7.937
-9.237
-11.194
-13.144
-10.859
-7.159
-8.416
-7.847
-7.292
-10.987
-14.010
-10.707
-12.287
-9.591
-8.186
-8.922
-10.013
-9.653
-9.508
-9.710
-9.534
-8.491
-13.247
-12.054
-14.108
-7.875
-10.871
-11.144
-11.907
-11.888
-9.737
-6.947
-11.216
-11.157
-12.674
-8.159
-9.650
-3.447
-7.873
-6.580
-11.888
-6.516
-7.038
-10.968
-13.668
-11.188
-8.631
-10.368
-12.154
-7.550
-11.923
-11.266
-10.790
-9.252
-5.792
-8.696
-9.963
-11.939
-11.119
-9.171
-9.001
-9.052
-10.783
-14.048
-7.184
-5.135
-12.604
-12.070
-10.927
-9.485
-8.787
-11.004
-11.503
-12.700
-9.573
-7.716
-8.104
-7.967
-9.545
-8.866
-9.077
-9.561
-11.328
-10.983
-8.106
-6.055
-5.675
-8.271
-11.738
-4.389
-8.507
-8.689
-11.284
-9.049
-9.369
-8.709
-10.921
-11.073
-10.326
-8.967
-10.416
-10.416
-9.754
-14.012
-12.733
-8.645
-11.272
-10.439
-11.380
-12.020
-6.330
-12.516
-13.955
-11.897
-12.733
-4.673
-9.498
-9.466
-11.903
-15.133
-8.424
-5.213
-13.794
-7.396
-16.317
-5.067
-9.838
-11.632
-9.418
-14.329
-4.688
-8.878
-12.766
-11.427
-15.626
-9.400
-9.004
-11.173
-9.962
-13.821
-8.830
-9.951
-9.714
-8.639
-12.169
-7.909
-11.597
-10.565
-8.961
-15.927
-8.879
-11.071
-9.292
-15.663
-7.248
-7.407
-11.061
-8.598
-10.697
-10.461
-3.427
-10.502
-5.836
-9.319
-8.037
-7.900
-13.099
-13.262
-9.960
-10.493
-5.262
-8.859
-10.615
-10.386
-10.614
-7.173
-6.588
-8.226
-10.327
-7.576
-7.974
-10.425
-11.639
-8.749
-11.863
-8.542
-10.780
-8.782
-10.330
-11.118
-4.402
-11.683
-9.168
-8.622
-13.890
-6.011
-11.505
-10.323
-11.814
-12.993
-3.494
-6.944
-12.971
-14.396
-7.670
-12.990
-4.105
-11.419
-9.609
-6.390
-10.886
-4.908
-7.814
-7.437
-5.657
-10.189
-4.857
-9.624
-12.069
-12.211
-8.330
-6.704
-9.358
-4.490
-6.160
-11.953
-5.753
-10.268
-10.051
-8.369
-8.610
-6.031
-4.227
-5.949
-11.709
-13.914
-6.595
-11.726
-12.886
-5.121
-9.374
-7.559
-11.184
-12.861
-10.744
-12.119
-7.570
-12.094
-11.687
-8.032
-12.324
-4.344
0.495
-10.653
-0.604
-8.561
-5.094
-1.446
-10.918
-5.603
-10.196
-4.772
-1.117
-10.736
-3.723
-5.889
-4.967
-2.307
-13.165
-1.957
-9.030
-10.630
-3.987
-12.171
-4.240
-10.002
-3.289
-3.623
-8.958
-4.640
-8.255
-3.340
-2.613
-8.015
-2.142
-11.131
-8.301
-6.334
-6.322
-6.582
-8.692
-2.337
-3.529
-9.601
-4.689
-8.945
-7.667
-6.179
-10.571
-3.625
-10.597
-9.794
-13.109
-10.710
-3.952
-9.546
-11.322
-11.966
-11.574
-4.988
-7.412
-8.321
-10.825
-9.462
-9.991
-12.468
-8.649
-11.767
-9.206
-6.752
-8.447
-11.416
-13.330
-11.080
-6.127
-9.818
-6.386
-14.233
-9.533
-7.740
-11.077
-9.242
-12.856
-11.989
-7.784
-8.416
-6.433
-11.524
-9.983
-5.936
-9.908
-5.838
-14.460
-9.760
-5.309
-7.884
-8.200
-12.670
-10.523
-6.393
-13.513
-8.752
-6.487
-8.584
-11.328
-14.156
-4.544
-5.065
-11.969
-10.240
-13.469
-3.434
-6.521
-12.027
-8.874
-10.879
-5.158
-7.375
-13.047
-8.876
-12.077
-5.063
-4.477
-11.847
-7.457
-14.803
-1.858
-7.540
-9.290
-6.741
-12.719
-4.189
-7.228
-10.038
-8.148
-11.575
-7.184
-5.367
-11.325
-6.515
-13.559
-3.577
-9.217
-11.376
-12.131
-11.565
-3.360
-6.279
-10.436
-5.631
-13.704
-9.184
-5.341
-7.594
-9.206
-1.709
-9.920
-7.420
-9.772
-12.119
-7.949
-8.408
-5.364
-8.882
-11.754
-8.603
-8.527
-8.077
-11.553
-11.794
-10.594
-7.372
-6.248
-9.190
-6.721
-6.709
-4.441
-4.342
-12.079
-6.496
-8.069
-5.950
-5.778
-8.064
-5.059
-6.669
-6.626
-3.373
-13.161
-9.262
-8.471
-8.780
-7.534
-13.532
-10.384
-10.765
-8.343
-9.980
-10.276
-9.993
-8.156
-8.707
-2.248
-8.221
-10.492
-11.534
-4.683
-7.712
-6.597
-8.535
-12.695
-3.950
-4.064
-3.303
-8.862
-6.601
-3.702
-4.341
-4.797
-10.028
-10.614
-6.626
-4.007
-6.717
-9.926
-12.932
-6.714
-3.196
-6.396
-12.566
-10.127
-5.938
-6.351
-5.977
-8.434
-10.003
-4.972
-1.300
-6.793
-7.869
-11.526
-6.274
-0.899
-5.567
-7.088
-12.596
-8.844
-4.917
-5.718
-10.152
-11.782
-15.067
-10.513
-8.918
-9.810
-15.640
-12.148
-10.220
-14.911
-8.733
-10.368
-15.399
-8.877
-17.056
-12.610
-8.659
-9.952
-13.506
-9.493
-18.414
-9.303
-9.886
-14.867
-9.299
-16.755
-17.026
-10.522
-12.246
-9.373
-13.001
-13.419
-13.417
-10.180
-10.541
-14.648
-10.889
-10.126
-15.269
-11.221
-7.737
-13.132
-6.629
-5.745
-15.463
-7.611
-5.279
-14.101
-8.746
-6.864
-14.932
-9.220
-9.454
-14.133
-12.010
-9.668
-15.218
-9.434
-9.925
-14.547
-8.962
-6.101
-6.707
-12.986
-9.400
-12.022
-12.486
-9.029
-8.695
-13.065
-8.191
-7.160
-11.502
-6.224
-11.046
-11.435
-11.112
-10.586
-14.055
-8.554
-11.601
-11.382
-7.964
-10.554
-10.994
-10.800
-11.163
-9.404
-10.492
-9.426
-11.611
-6.018
-6.824
-3.065
-11.668
-7.419
-8.094
-15.502
-6.236
-4.537
-9.111
-2.728
-8.725
-10.652
-4.104
-5.386
-16.468
-1.895
-7.093
-12.337
-5.449
-3.666
-11.157
-6.654
-4.355
-11.711
-5.106
-6.028
-14.095
-4.655
-6.446
-8.829
-10.569
-10.697
-7.934
-8.567
-7.102
-8.829
-6.135
-9.266
-12.405
-7.407
-8.742
-10.805
-11.685
-7.489
-7.126
-5.811
-11.034
-9.897
-10.042
-8.516
-7.308
-8.004
-5.592
-7.035
-8.740
-9.727
-9.681
-10.790
-5.787
-6.404
-8.480
-5.752
-8.160
-7.331
-7.599
-10.279
-5.799
-4.744
-8.714
-5.658
-5.559
-4.826
-6.664
-5.487
-12.580
-8.222
-5.237
-11.544
-7.152
-5.139
-7.638
-5.604
-4.871
-6.981
-9.387
-6.217
-8.531
-5.716
-3.034
-9.849
