-8.060
-6.123
-1.514
-8.619
-2.328
-6.113
-6.571
-4.882
-4.449
-1.799
-5.344
-5.246
-4.150
-2.992
-2.235
-4.272
-5.134
-4.607
-5.296
-3.573
-1.701
-2.433
-3.645
-1.529
-2.781
-0.748
-0.425
-1.607
-1.741
-2.238
1.306
3.455
1.787
4.187
1.902
0.381
-1.827
3.359
1.047
1.824
-5.709
0.002
-8.709
-4.395
1.899
-6.870
-4.993
0.914
-7.120
-4.988
1.174
-7.321
-6.545
1.013
-7.726
-6.007
0.628
-6.339
-5.683
-0.465
-6.012
-3.931
0.179
-5.434
-3.264
-1.772
-6.348
-3.517
-2.247
-8.973
-1.711
-2.409
-7.585
-0.625
-0.521
-6.629
-3.978
-3.627
-6.075
1.194
-4.680
-3.338
-4.762
-3.616
-2.230
-5.219
-0.486
-4.349
-6.483
-4.170
-4.085
1.870
-1.818
-6.000
-1.662
-0.066
-5.115
-3.512
-1.188
-7.060
-6.884
-4.394
-5.453
-9.294
-3.429
-9.401
-8.158
-6.933
-7.266
-8.106
-2.469
-10.643
-7.245
-2.865
-8.401
-6.342
-3.346
-7.203
-10.404
-5.960
-7.204
-7.311
-4.692
-9.143
-9.979
-3.481
-11.461
-5.754
-2.764
-8.582
-11.419
-12.117
-8.164
-7.311
-6.063
-4.090
-10.544
-9.830
-6.995
-7.689
-9.776
-6.149
-5.151
-8.257
-5.060
-8.229
-10.693
-6.647
-5.860
-7.287
-3.087
-7.494
-9.108
-7.318
-8.167
-9.044
-6.196
-7.304
-10.112
-6.545
0.343
-3.719
2.516
2.070
-4.408
3.386
2.817
-3.685
-1.886
0.335
-5.473
-2.023
2.473
-1.372
2.091
0.880
-3.611
0.560
3.495
-2.251
3.171
-1.503
-5.462
1.441
0.112
-6.799
1.708
1.242
-6.055
0.025
-2.015
-3.127
2.591
-2.482
-4.947
1.737
-3.647
-6.578
3.553
-2.033
-3.931
3.383
-2.452
-5.765
4.727
-1.185
-2.339
3.435
-2.008
-4.195
5.493
-0.754
-2.372
2.301
-1.585
-0.120
2.873
-3.736
-4.078
4.696
-2.085
-5.453
-3.077
0.818
-3.640
-2.143
0.508
-3.870
-0.729
-1.728
-2.433
-0.484
0.037
-4.339
-2.137
-0.716
-6.238
-4.604
0.624
-7.414
-4.299
0.454
-2.069
0.796
-1.808
-7.619
-4.365
-1.501
-8.431
-5.094
4.687
-4.460
0.400
3.961
-2.054
1.844
3.112
-3.358
-2.490
-1.075
-3.279
-1.960
2.324
-2.131
-0.513
2.583
-2.086
-1.518
5.079
-0.790
-0.530
2.148
-0.838
0.722
1.482
-5.478
-1.495
3.003
0.913
3.783
0.982
-9.869
-0.407
-10.993
-1.335
-6.140
1.420
-6.345
-0.830
-3.390
0.268
-7.080
1.420
-7.316
1.356
-7.865
0.171
-9.193
0.055
-9.739
-1.456
-6.885
3.436
-9.986
-0.629
-11.955
0.672
-9.455
-1.497
-8.968
-1.209
-10.224
0.316
-9.346
-0.569
-8.535
-3.400
-10.093
-3.055
-11.244
-8.623
-8.316
-6.690
-8.234
-7.910
-7.036
-5.658
-6.451
-5.947
-7.419
-6.457
-5.016
-5.848
-9.025
-7.061
-6.443
-7.840
-8.061
-5.710
-10.154
-4.362
-2.488
-6.888
-2.648
-7.165
-4.513
-4.645
-5.402
-6.328
-6.111
-3.247
-2.686
-7.877
-4.581
-6.314
-1.027
-3.862
-3.706
-8.917
-6.989
-1.671
-4.467
-1.475
-1.517
-2.464
-3.288
0.465
-1.311
1.847
-6.506
0.772
-1.492
-0.303
-1.567
-1.737
-4.790
-3.106
-4.564
-2.509
-3.045
-2.200
-5.605
-0.462
-2.008
-4.586
0.165
-2.093
-4.952
-1.008
-4.191
-4.895
-4.123
-0.030
-1.535
-2.152
-3.884
-4.177
-0.749
-0.080
-4.188
-6.987
-1.911
-6.025
-6.829
-6.269
-7.971
-8.837
-7.854
-6.183
-4.906
-6.523
-4.940
-7.444
-7.392
-8.133
-8.468
-6.071
-6.860
-9.467
-6.064
-6.801
-5.576
-6.445
-7.981
-6.453
-9.364
-10.381
-8.306
-4.686
-3.601
-5.878
-6.658
-4.677
-5.306
-6.158
-5.791
-4.542
-3.366
-7.484
-6.395
-9.066
-7.915
-7.874
-9.407
-7.190
-6.031
-7.083
-11.621
-7.430
-5.845
-2.507
-8.907
-7.495
-4.557
-5.126
-9.589
-4.247
-4.635
-1.135
-8.152
-5.281
-7.011
-5.990
-10.403
-4.827
-2.696
-5.388
-8.637
-5.562
-6.112
-0.637
-10.387
-5.997
-8.097
-6.891
-11.522
-6.318
-2.503
-6.306
-7.597
-1.773
-5.480
-1.846
-5.535
-3.296
-8.766
-4.793
-2.273
-5.111
-8.953
-5.435
-7.205
-3.982
-5.611
-3.460
-5.702
-5.080
-5.142
-6.015
-5.001
-1.129
-5.447
-4.730
-6.709
-4.345
-4.752
-4.642
-3.988
-3.849
-6.965
-7.391
-5.597
-1.638
-6.197
-5.411
-2.228
-5.806
-5.167
-5.247
-6.205
-4.508
-1.434
-1.736
-3.909
-6.446
-0.921
-0.762
-1.496
-9.957
-4.092
-1.481
-4.662
-9.359
-4.336
-0.623
-5.764
-6.664
-1.914
2.266
-2.269
-9.404
-4.524
-2.522
-5.158
-10.920
-2.659
-1.655
-5.357
-7.979
-2.736
0.359
-3.911
-6.352
-2.048
-0.502
-4.515
-7.497
-4.702
-3.048
-4.793
-3.163
-4.216
-5.235
-3.036
-2.958
-2.756
-1.614
-2.200
-2.470
-6.305
-5.054
-2.322
-2.371
-4.727
-4.197
-3.334
-1.359
-5.268
-1.464
-4.034
-4.676
-4.445
-4.465
-4.333
-2.259
-4.330
-2.022
-5.425
-5.644
-8.835
-3.215
-4.207
-5.399
-5.858
-1.306
-8.802
-1.084
-6.663
-3.087
-4.241
-4.497
-2.336
-8.432
-6.615
-7.514
-7.499
-8.806
-9.115
-8.949
-4.114
-8.742
-7.547
-2.111
-2.640
-7.008
-9.394
-6.880
-1.035
-7.692
-5.781
-6.232
-0.564
-6.561
-4.997
-7.126
-4.538
-9.191
-9.415
-5.181
-5.059
-7.895
-7.604
-8.164
-2.217
-8.876
-6.996
-8.460
-3.849
-7.285
-3.819
-4.379
-8.290
-3.526
-5.875
-3.777
-7.176
-1.403
-1.974
-5.961
-10.723
-1.904
-7.654
-2.513
-8.302
-3.704
-4.263
-5.622
-6.729
-1.571
-4.349
-1.786
-8.279
-2.884
-6.848
-2.477
-5.955
-3.453
-7.116
-5.440
-6.717
-3.230
-6.546
-1.577
-8.574
-3.331
-7.740
-4.453
-8.499
-4.159
-5.078
-6.244
-3.440
-4.921
-4.991
-6.501
-3.682
-5.237
-4.990
-8.228
-1.759
-4.116
-2.831
-6.284
-1.896
-6.759
-2.624
-7.315
-3.782
-5.924
-2.773
-6.330
-3.404
-5.148
-3.263
-2.503
-0.603
-6.399
-3.139
-6.284
-1.562
-5.261
-4.974
-7.576
-1.607
-4.263
-3.956
-8.536
-5.868
-6.109
-4.689
-1.180
-9.797
-1.496
-10.768
0.334
-4.129
-4.793
-8.612
1.403
-10.340
-3.930
-11.181
-1.528
-7.279
-1.988
-10.693
0.174
-6.460
-4.735
-8.126
-0.855
-5.877
-1.909
-10.289
-0.443
-7.767
-3.183
-9.701
2.095
-5.412
-1.408
-11.419
-2.463
-7.859
-2.588
-10.390
-1.592
-6.152
-4.084
-6.822
-0.936
-3.565
-7.956
-8.027
0.350
-1.833
-8.285
-7.807
-1.485
-3.425
-6.409
-7.669
-6.041
-6.696
-7.938
-8.255
-0.412
-2.663
-9.917
-7.598
-0.912
-3.257
-10.055
-3.332
-0.245
0.315
-6.816
-4.457
-2.513
-2.600
-8.234
-7.999
-0.432
-4.002
-7.804
-6.955
-2.396
-4.622
-8.589
-9.101
-8.643
-3.684
-5.607
-2.243
-4.635
0.970
-7.351
-2.678
-7.456
-1.925
-7.804
-3.912
-10.086
-2.105
-9.637
-2.270
-9.260
-4.668
-10.224
-2.735
-3.785
0.150
-5.246
-2.708
-4.447
-4.633
-5.832
0.909
-1.389
-2.202
-5.810
-3.170
-3.907
-4.557
-8.737
-3.578
-7.598
-1.202
-5.221
-3.423
-9.195
-3.123
-8.199
-1.835
-9.028
-3.583
-9.457
-4.949
-5.084
-2.707
-8.031
-3.088
-8.335
-4.166
-9.977
-1.922
-10.842
-3.466
-6.980
-4.686
-4.231
-4.948
-4.502
-6.146
-2.423
-1.857
-2.959
-5.307
-4.889
-3.428
-2.724
-4.388
-1.222
-2.787
-3.877
-2.466
-2.474
-3.209
-4.935
-3.108
-2.507
-4.990
-5.965
-4.607
-6.676
-3.510
-7.189
-6.628
-4.999
-5.193
-4.430
-4.995
-5.310
-2.157
-5.347
-5.569
-4.502
-3.154
-8.195
-7.050
-4.238
-4.519
-6.680
-5.586
-6.387
-2.751
-0.944
-5.181
-3.745
-5.658
-5.923
-4.617
-4.462
-5.457
-5.091
-4.066
-3.854
-5.647
-1.030
-1.613
