-7.812
-4.578
-5.212
-5.701
-6.422
-6.216
-7.180
-6.954
-6.799
-6.684
-9.526
-7.488
-8.124
-7.729
-8.165
-6.865
-7.908
-4.692
-4.553
-4.296
-6.143
-7.838
-9.392
-5.266
-10.005
-5.972
-8.358
-6.608
-3.545
-5.428
-12.834
-6.606
-5.017
-1.707
-10.954
-7.338
-5.316
-5.503
-7.167
-6.008
-2.534
-1.056
-0.290
-7.124
-2.918
-5.406
-1.384
-5.785
-3.320
-5.801
-3.844
-4.168
-6.419
-4.330
-5.990
-8.058
-3.424
-5.669
-4.736
-8.746
-2.432
-5.871
-2.357
-5.739
-2.328
-5.459
-4.092
-6.128
-1.608
-4.896
-0.357
-3.210
-1.085
-2.922
-1.793
-5.659
-2.735
-6.716
0.391
0.530
-4.230
-9.154
-6.009
-3.950
-0.396
-7.054
-1.102
-3.685
-0.938
-8.160
-6.482
-6.353
-1.530
-8.144
-5.648
-9.449
-4.207
-7.450
-4.036
-7.336
-0.462
-8.792
-0.367
-6.685
-0.045
-8.851
-3.196
-5.747
-4.967
-12.808
-9.470
-3.814
-1.810
-10.046
-5.266
-7.351
-1.769
-9.119
-2.094
-5.145
-1.800
-6.854
-3.929
-6.163
1.012
-8.099
-3.056
-11.304
0.903
-8.287
-3.129
-10.774
-1.372
-7.937
-3.635
-8.011
0.104
-5.426
-1.484
-8.271
0.288
-5.038
0.725
-7.359
1.332
-9.290
-5.205
-10.850
-0.736
-11.274
-8.096
-9.088
-5.006
-7.044
-5.996
-7.845
-0.349
-6.600
0.962
-7.017
4.396
-7.324
-3.104
-8.566
3.193
-5.335
0.118
-5.494
4.705
-7.611
-0.734
-9.496
5.651
-7.370
-3.693
-8.164
4.216
-7.450
-5.268
-6.285
3.622
-4.564
-1.559
-6.967
5.007
-4.188
-0.854
-6.450
0.353
-6.403
-6.630
-5.216
4.537
-6.089
-4.420
-6.209
5.328
-4.904
-2.234
-10.569
-4.015
0.323
-1.606
-0.963
-7.818
-5.169
-6.152
-2.014
-5.468
-1.576
-3.585
-3.998
-5.814
-3.415
-8.304
-1.167
-3.652
-3.488
-3.266
3.227
-4.929
-1.499
-3.585
-0.102
-4.101
-5.479
-6.212
1.264
-7.081
-4.476
-5.862
0.007
-2.157
-2.821
-3.752
-1.414
-7.856
-3.625
-4.745
-1.695
-5.147
-4.773
-8.072
-8.902
-2.359
-3.534
-6.041
-3.512
-0.026
-2.027
-7.428
-4.191
1.405
2.561
-1.907
-0.955
-3.656
-6.248
-5.645
-5.037
-1.003
-1.663
-7.799
-4.280
-1.823
-0.815
-5.874
-4.056
-1.828
-3.298
-7.401
-5.738
-5.191
-4.794
-7.494
-9.221
-1.260
-1.545
-4.340
-3.001
-6.148
-6.462
0.917
0.449
0.127
-1.389
2.501
0.398
-3.072
-2.246
0.682
-2.428
-2.138
-5.774
1.678
1.709
-2.489
-3.523
0.813
1.494
-4.012
-4.925
1.403
1.126
-2.583
-4.143
-3.665
-0.828
-6.443
-5.996
-0.248
-0.721
-7.006
-7.731
-1.946
-2.319
-2.700
-2.743
-1.980
0.387
-3.247
-6.018
-4.467
-1.233
-1.974
-3.473
-2.784
1.341
-1.602
-2.908
-4.000
-1.734
-2.722
-5.957
-4.983
-1.789
-4.228
-6.526
-5.364
-2.325
-4.246
-6.786
-4.287
-2.408
-3.461
-3.029
-0.631
0.926
-2.678
-7.386
-4.353
-1.522
-3.960
-5.592
-3.604
-2.107
-8.344
-7.644
-5.107
-2.566
5.107
0.019
-0.811
0.438
5.930
2.502
-3.534
-0.193
4.615
-1.657
-5.500
-4.095
2.444
-4.630
-5.470
-3.547
4.757
2.934
-1.015
2.912
4.017
0.635
-2.134
-1.532
2.194
-2.572
-3.797
-1.685
1.610
-0.951
-4.695
-3.626
4.230
1.544
-3.589
-1.228
-1.635
-3.517
-9.278
-7.857
-5.826
-7.132
-9.434
-4.194
-8.430
-9.154
-6.134
-8.147
-10.223
-5.009
-6.669
-10.984
-5.489
-9.657
-9.279
-6.725
-10.261
-10.633
-2.896
-6.308
-8.052
-5.225
-7.267
-7.012
-4.771
-9.081
-8.238
-3.549
-9.820
-12.496
2.862
-2.357
-7.866
6.241
-0.319
-10.807
3.217
-2.625
-8.242
5.434
-1.348
-9.536
0.323
-5.606
-9.299
3.540
-1.393
-7.093
3.234
-2.982
-6.947
4.143
-3.077
-8.965
3.125
-0.799
-12.087
6.151
0.680
-10.084
5.284
-1.629
-9.219
1.631
-5.582
-8.044
2.107
-4.443
-9.450
4.067
-1.671
-7.597
1.577
-5.213
-9.195
4.990
0.520
-6.486
0.570
-6.200
-10.191
-3.346
-6.549
-1.931
3.819
-0.946
-9.351
5.360
-0.841
-6.451
3.371
-3.230
-4.222
4.104
0.021
-2.688
5.138
-4.124
0.125
4.645
-1.814
-3.737
3.714
-1.610
0.379
0.561
-3.351
-6.796
4.434
-3.054
-5.942
3.956
-4.717
-4.339
5.760
0.222
-2.176
6.361
-2.690
-2.029
-3.514
-6.977
-0.200
-3.887
-7.510
-1.519
-5.038
-7.168
-0.810
-0.094
-5.450
-0.880
-3.751
-6.923
-0.796
-1.662
-9.522
-2.311
-1.553
-8.512
-2.719
-0.514
-8.190
0.008
-2.720
-4.620
0.239
-4.722
-5.377
-1.704
4.187
-1.112
-1.281
6.516
-2.610
-3.239
6.022
-3.776
-0.451
3.768
-3.900
-3.256
4.705
-0.156
-1.664
2.259
-2.555
-4.825
4.576
0.677
-0.795
2.247
0.358
2.440
4.157
-2.183
-0.219
0.232
-0.238
-0.389
-5.393
-5.495
-6.784
-7.134
-6.561
-6.623
-4.712
-5.065
-8.581
-9.748
-8.653
-7.113
-4.781
-6.514
-8.321
-6.781
-5.009
-5.725
-5.802
-5.590
-5.506
-4.548
-7.172
-7.513
-6.502
-9.054
-6.435
-6.242
-7.183
-8.667
-3.961
-2.865
-5.419
-8.132
-4.867
-3.175
-1.231
-2.282
-5.528
-4.578
-4.675
-5.269
-6.354
-9.154
-6.103
-7.327
-4.578
-5.534
-4.855
-6.613
-5.608
-4.856
-4.463
-2.488
-7.802
-8.258
-4.663
-7.357
-3.991
-7.934
-6.911
-4.304
-8.539
-2.445
-4.764
-7.528
-4.731
-5.450
-3.880
-6.283
-6.070
-6.276
-6.999
-3.674
-8.187
-7.871
-6.222
-7.474
-4.603
-10.227
-7.624
-4.315
-6.204
-3.528
-5.496
-6.324
-4.900
-7.109
-1.587
-8.056
-6.620
-6.422
-6.049
-2.624
-8.669
-11.023
-6.211
-6.031
-5.366
-11.405
-6.227
-2.874
-2.406
-6.711
-5.177
-5.735
-4.725
-6.209
-9.632
-0.320
-6.999
-9.482
-7.739
-8.582
-2.163
-8.525
-6.646
-7.310
-11.032
-2.951
-3.655
-6.259
-5.034
-8.502
-0.984
-6.740
-5.989
-4.615
-9.387
0.087
-6.051
-3.949
-4.605
-5.752
-1.210
-8.323
-5.525
-5.483
-9.519
-2.529
-5.498
-4.872
-4.010
-7.164
-2.443
-9.034
-8.590
-3.838
-9.707
-5.983
-6.910
-3.180
-5.566
-3.347
-3.140
-6.820
-1.931
-2.882
-2.743
-3.798
-5.656
-1.256
-4.094
-1.371
-4.480
-8.005
-3.690
-3.569
-4.948
-1.314
-3.588
-4.650
-3.896
-5.110
-3.014
-3.652
-1.854
-3.945
-2.853
-3.030
-5.534
-4.427
-5.436
-8.908
-7.946
-6.554
-1.854
-4.800
-3.552
-0.546
-5.918
-3.806
-3.081
-6.373
-3.767
-3.419
-2.104
-2.664
-2.432
-0.901
-6.145
-9.534
-6.964
-5.819
-9.444
-6.148
-8.370
-6.842
-6.314
-12.807
-4.530
-4.992
-4.727
-1.956
-7.039
-5.914
-7.929
-8.364
-8.801
-10.747
-3.228
-3.889
-1.191
-3.019
-7.338
-5.691
-4.250
-5.629
-5.094
-7.604
-5.420
-2.336
-2.241
-4.767
-7.564
-5.366
-5.946
-7.487
-5.356
-8.798
-8.189
-7.143
-7.310
-6.480
-10.387
-5.639
-6.655
-6.945
-5.714
-11.036
4.181
4.273
-6.292
1.349
-6.438
4.475
2.361
-9.437
-2.870
-7.519
3.628
4.194
-5.287
-1.386
-6.075
-0.241
1.171
-8.690
-0.825
-8.144
0.063
1.798
-8.224
0.971
-4.088
4.204
3.969
-7.214
-0.104
-8.020
5.497
3.710
-8.278
-0.887
-6.650
-1.132
3.624
-3.468
-1.961
-4.740
5.144
2.445
-7.423
-1.985
-6.280
2.878
4.140
-6.374
0.160
-1.216
-7.806
-6.347
-12.894
-0.464
-4.612
-6.827
-6.300
-9.785
-1.832
-4.569
-7.773
-5.038
-10.501
-3.763
-2.611
-9.002
-9.085
-11.932
-3.589
-4.037
-7.827
-3.798
-11.816
-0.666
-5.273
-7.093
-7.521
-10.768
-3.210
-4.989
-7.120
-4.042
-8.973
-4.120
-2.282
-4.925
-4.876
-9.240
2.545
-6.264
-7.091
-6.776
-10.121
-2.606
-3.889
-7.935
-9.354
-13.242
-4.580
-11.087
2.217
-1.233
-7.524
-6.927
-10.583
3.734
-1.351
-9.152
-5.442
-11.029
1.631
-2.656
-9.842
-6.287
-9.337
1.591
-0.871
-10.061
-7.967
-9.807
3.730
-0.021
-12.878
-5.725
-10.898
1.869
-3.889
-8.857
-5.163
-11.530
2.679
1.802
-5.055
-5.296
-5.817
1.255
0.630
-8.516
-5.366
-9.644
-1.401
-2.027
-10.703
-7.528
-10.962
1.752
1.608
-7.441
-6.002
-8.406
-4.397
1.900
-5.729
-5.590
-2.124
0.649
4.662
-8.892
-6.795
-8.111
-2.508
4.568
-8.600
-6.278
-3.401
-0.667
4.644
-6.675
-6.137
-7.623
0.173
1.959
-5.672
-3.736
-3.144
0.173
5.766
-7.246
-4.216
-4.188
-1.849
5.029
-6.046
-4.822
-4.189
0.001
2.785
-10.246
-5.971
-7.532
-2.749
0.893
-11.417
-6.428
-6.628
-1.853
2.180
-11.021
-5.657
-7.470
-1.373
5.851
-0.351
-6.158
-9.190
-1.511
5.157
-0.598
-6.637
-6.250
-0.706
5.709
-0.992
-7.109
-7.555
-1.202
5.167
1.551
-5.607
-5.670
-0.229
4.195
-2.659
-5.560
-9.389
1.124
3.442
-2.948
-7.190
-8.447
1.707
2.637
-4.381
-4.870
-6.397
-0.334
5.996
-4.832
-5.516
-9.197
-2.366
3.805
-4.209
-6.011
-9.055
-4.356
3.748
-1.898
-7.681
-8.703
-5.266
-8.221
-4.833
-4.500
-10.361
-8.305
-2.111
-10.113
-6.342
-3.380
-10.720
-5.003
-9.760
-8.860
-6.635
-6.671
-8.251
-6.184
-8.338
-6.459
-4.967
-6.652
-6.415
-6.030
-7.888
-7.735
-5.940
-5.500
-6.874
-6.249
-13.232
-6.591
-5.160
-15.398
-7.486
-8.901
-13.065
-6.485
-4.616
-12.877
-6.094
-4.636
-13.666
-7.838
-5.736
-12.308
-6.381
-5.371
-13.582
-8.584
-3.821
-14.948
-9.131
-7.461
-15.153
-5.245
-6.697
-12.164
-4.164
-2.551
-8.347
-11.376
-3.590
-7.497
-12.285
-6.494
-7.509
-10.000
-3.835
-4.839
-8.799
-2.934
-8.107
-6.017
-4.813
-4.114
-10.657
-4.520
-5.629
-11.276
-5.096
-7.253
-9.031
-4.727
-6.960
-10.906
-7.782
-7.487
-10.896
-6.258
-1.553
-4.734
-10.603
-1.768
-3.722
-9.476
-4.278
-4.444
-9.984
0.272
-4.452
-9.123
-1.869
-4.209
-10.708
-1.081
-1.585
-7.013
-1.205
-2.510
-9.204
-0.525
-3.048
-10.065
-1.785
-0.331
-8.912
0.865
-2.816
-8.316
-6.956
-5.292
-7.028
-4.512
-3.013
-7.074
-1.555
-3.839
-7.297
-4.182
-7.666
-8.533
-5.643
-4.856
-5.841
-1.153
-6.519
-7.387
-4.742
-3.758
-2.898
-4.513
-4.693
-3.947
-4.541
-4.930
-5.852
-8.108
-2.923
-7.295
-4.922
-4.143
-6.417
-2.880
-4.299
-5.782
-4.932
-1.809
-7.171
-5.332
-2.931
-8.909
-2.635
-3.820
-8.324
-3.445
-3.420
-8.457
-5.007
0.748
-8.276
-5.432
1.044
-9.723
-5.765
-3.452
-8.353
-1.021
-1.488
-8.049
