4.536
8.859
4.612
7.256
7.094
7.556
4.690
8.706
6.006
7.201
9.993
8.654
9.215
2.618
8.580
9.675
6.961
7.346
6.297
8.526
8.114
7.695
5.037
6.770
9.348
8.679
7.550
7.965
7.975
7.717
7.450
8.725
7.124
6.512
8.575
4.617
4.363
10.956
8.397
7.073
9.550
8.768
7.418
8.999
8.633
8.377
8.349
7.817
8.132
4.442
9.237
7.941
5.522
6.620
3.358
4.724
-1.061
9.039
7.464
5.974
3.318
2.934
-2.117
4.267
4.251
3.679
3.168
1.706
4.699
2.305
5.961
2.178
4.917
4.747
-1.706
6.410
-1.365
4.511
-4.301
4.859
7.115
8.090
3.390
1.820
6.951
4.555
6.149
4.479
6.873
6.865
5.457
7.956
6.618
5.244
8.933
7.871
5.902
4.395
6.847
7.518
5.437
4.994
5.356
5.467
3.197
3.503
1.569
4.692
2.874
1.576
6.654
7.157
6.080
5.651
6.408
5.325
7.461
4.727
6.999
6.887
4.193
1.463
3.359
6.797
5.425
3.588
5.352
3.993
5.880
5.278
3.537
5.486
5.892
5.094
3.207
2.338
5.314
6.182
3.865
2.623
6.917
2.713
7.271
3.185
-2.820
6.321
-6.025
6.145
-9.506
5.664
7.843
7.907
4.948
5.086
7.889
6.893
6.548
6.492
6.376
6.351
6.521
5.946
5.498
2.405
5.371
8.733
3.769
7.329
6.672
5.079
6.664
5.303
3.133
3.513
3.767
5.488
5.559
5.729
2.196
7.331
5.106
7.723
8.600
7.448
8.353
8.302
6.301
8.066
7.239
4.663
-3.442
4.631
6.825
6.598
6.623
6.714
6.572
8.009
2.695
3.719
7.102
10.591
7.964
6.979
7.881
7.987
9.733
9.181
10.364
8.771
6.432
8.161
6.454
8.536
7.465
7.212
6.527
7.266
8.136
7.624
8.628
10.968
7.968
7.802
8.263
6.486
9.672
5.207
5.060
10.108
8.392
9.228
8.891
7.226
9.575
8.895
7.724
8.074
10.734
11.529
6.451
5.749
2.982
4.086
5.488
6.324
6.659
5.859
6.352
6.759
10.212
9.630
10.968
6.176
10.492
11.387
8.219
8.766
7.830
4.213
7.773
5.023
8.336
6.125
8.449
8.507
8.543
7.788
5.537
4.987
8.043
9.529
9.008
6.749
8.495
8.409
7.949
6.927
7.386
7.788
7.442
6.436
9.666
8.017
10.411
9.911
9.032
9.410
7.047
8.280
8.515
7.733
7.806
7.745
8.830
9.256
8.347
5.028
9.517
8.414
9.332
9.289
10.731
4.513
8.364
9.525
7.660
8.011
7.389
6.635
6.432
5.872
7.597
7.815
5.561
7.226
8.293
9.398
7.307
8.397
8.158
7.766
7.285
7.124
7.720
7.021
5.679
5.203
7.793
6.683
6.272
9.518
5.825
6.028
6.342
7.590
8.184
7.268
6.281
9.207
