-0.444
1.824
1.039
-1.363
1.630
0.586
-0.225
2.012
1.965
2.363
4.288
6.075
4.587
0.014
1.735
3.234
4.960
2.111
0.332
2.492
2.396
0.792
1.739
0.931
1.141
3.825
1.656
2.315
1.704
1.413
4.482
5.273
3.288
3.516
2.493
2.520
1.741
6.784
5.030
5.053
6.775
6.591
8.126
7.435
7.457
8.733
8.017
7.398
7.822
7.441
5.583
6.187
4.288
4.717
4.103
4.697
2.115
7.496
4.787
6.749
3.956
4.934
4.495
4.892
3.953
4.227
4.888
3.479
4.728
5.345
3.594
3.461
2.972
2.413
0.916
2.861
3.100
2.553
3.523
5.142
6.300
5.664
5.733
3.904
4.480
5.257
5.939
5.338
5.930
4.859
5.820
5.684
5.283
3.848
4.463
4.778
4.013
5.071
4.883
4.361
6.215
5.153
6.698
5.424
6.142
6.378
6.813
6.649
5.629
5.739
5.666
5.465
4.434
3.143
5.164
7.028
4.153
3.427
4.177
5.714
-1.193
-0.271
-1.632
-0.697
-3.059
-4.032
0.490
-3.901
-2.606
-2.083
3.844
4.238
4.636
4.183
4.316
3.850
5.044
2.521
2.871
2.792
3.605
4.282
3.011
2.244
2.650
3.900
2.682
2.658
4.193
2.820
6.291
6.278
6.292
5.056
4.598
6.071
4.999
5.787
4.863
6.029
4.821
3.404
3.286
3.076
3.195
4.064
3.965
2.763
3.160
2.001
2.772
2.510
0.829
4.130
2.011
1.040
4.183
2.111
1.797
2.791
1.023
6.602
5.898
5.995
5.467
5.130
3.478
4.693
3.956
1.018
-1.912
-0.273
1.806
0.406
-0.670
1.471
1.638
0.642
-0.030
0.337
1.779
3.646
1.482
-0.182
2.068
1.127
4.320
4.970
3.275
4.828
3.468
5.355
4.442
5.454
5.221
5.126
4.307
6.739
5.368
6.307
2.784
2.916
1.759
0.985
2.028
1.816
1.856
1.847
0.366
2.394
0.168
2.884
3.058
3.656
5.762
5.526
4.356
5.655
5.233
7.172
5.584
3.951
3.818
3.060
3.658
6.101
3.017
4.146
4.717
3.661
7.000
6.173
7.852
5.726
7.502
8.755
4.047
4.376
5.333
2.003
2.020
2.429
3.358
2.696
2.968
4.370
3.295
3.732
3.187
1.373
2.087
3.741
4.421
3.435
1.362
2.129
3.197
2.323
3.531
3.123
1.408
1.097
2.715
0.898
0.302
0.828
1.325
1.422
0.974
0.997
2.175
2.644
1.940
0.423
1.784
2.773
0.121
2.488
3.222
1.788
3.722
6.554
5.873
-1.192
3.955
2.841
4.616
2.594
1.440
2.782
2.692
1.190
1.290
0.720
1.954
0.844
0.606
0.948
1.618
2.082
5.394
4.526
4.972
3.204
4.321
2.053
4.742
4.204
3.452
2.985
2.549
5.439
2.355
2.126
4.379
6.783
1.754
4.115
1.756
4.924
