-6.778
-3.083
-4.517
-7.383
-2.941
-4.480
-5.676
-3.205
-3.787
-3.176
-2.798
-0.846
-1.959
-1.916
-1.553
-2.319
-1.955
-2.011
-2.160
-2.166
-0.648
-1.394
-1.566
-2.245
-2.178
1.405
-1.348
-0.520
-1.751
-1.258
0.709
0.929
0.009
-1.176
0.028
-1.332
-0.788
0.174
1.237
0.069
1.288
0.532
-2.451
2.853
3.523
-0.044
2.767
2.805
-1.027
3.186
2.733
-0.643
2.391
3.251
-1.641
2.534
2.551
-2.689
2.281
3.058
-1.413
3.313
3.670
-0.328
3.347
2.355
0.301
2.715
2.479
-0.826
2.087
0.282
-1.612
4.425
1.417
1.547
3.134
-1.571
-0.262
4.117
-0.081
1.707
3.636
1.363
1.788
3.537
1.176
2.122
1.801
-0.618
0.603
5.034
2.521
2.280
3.169
-0.230
-0.260
3.702
2.796
0.991
-3.568
-0.039
-0.601
-1.713
2.505
0.672
-1.247
1.890
-0.372
-1.495
1.031
0.309
-1.164
2.572
-1.185
-1.890
1.218
-1.653
-0.992
2.069
-0.081
-0.319
2.567
0.534
-2.567
1.022
-1.812
-0.334
2.708
0.496
2.702
-1.300
2.845
2.782
-0.127
3.128
2.269
-2.555
0.639
2.654
0.718
2.693
1.437
-0.447
1.338
2.545
-0.818
2.466
2.258
-0.958
1.892
2.135
-2.436
1.772
2.677
0.163
2.590
4.007
0.092
3.731
5.278
2.105
2.892
4.440
0.533
2.366
4.921
1.364
1.502
3.377
-0.082
0.871
4.499
2.263
1.643
3.772
-0.890
2.205
5.439
1.190
3.642
4.378
0.794
2.422
4.041
0.728
2.397
4.820
-0.853
0.900
4.323
0.092
4.437
3.137
-1.597
3.455
3.373
-0.185
3.948
3.667
0.026
2.882
2.215
-2.276
0.145
3.373
-0.901
4.255
0.831
-3.277
1.713
3.417
-0.657
3.661
3.289
-0.215
4.546
3.073
1.550
4.813
1.697
-1.790
0.599
0.939
-1.896
0.275
2.118
-1.742
2.239
1.902
-1.885
0.322
2.769
-0.927
1.248
-0.033
-3.092
0.298
1.852
-0.991
2.470
2.806
1.047
3.078
0.361
-1.738
0.879
0.985
-1.843
-0.087
3.927
0.228
2.649
4.398
1.146
2.699
3.924
-1.610
1.527
2.395
0.406
0.950
4.198
1.183
3.382
5.630
2.070
4.949
3.766
0.086
1.429
3.203
1.597
1.161
2.989
-0.432
2.066
4.109
-0.548
4.374
2.877
-1.312
3.945
-0.223
2.485
-0.547
3.914
0.033
1.581
-1.042
0.251
-3.602
4.052
-0.610
0.188
-4.594
2.649
-1.341
1.500
-2.389
1.635
-1.163
1.405
-0.800
0.818
-1.799
2.402
-1.280
2.337
-3.901
1.374
-2.483
3.318
-1.266
0.569
-4.685
0.398
-2.387
1.000
-4.889
-0.063
-3.723
-0.851
-4.920
-1.987
-3.115
1.141
-0.705
0.649
-1.897
-0.207
-3.667
-1.702
-4.985
-0.899
-3.598
-0.868
-4.254
-1.172
-3.310
0.792
0.528
0.149
0.925
-0.375
0.702
-1.525
-0.325
-0.948
-2.414
-0.111
1.752
-0.599
0.040
0.460
0.470
0.529
-0.551
-1.756
-1.817
1.750
-0.027
1.442
0.676
1.061
0.580
2.121
2.082
2.115
0.642
1.348
1.154
1.038
0.742
-1.000
0.024
0.622
0.333
-1.108
-0.942
1.850
0.281
0.607
-1.154
-0.511
-0.831
2.752
-0.818
1.020
-1.722
0.594
-0.099
2.787
1.308
0.413
-1.197
1.017
0.189
2.028
-0.445
-3.752
-0.180
-5.585
-3.109
-4.845
-2.419
-7.865
-4.532
-5.356
-1.005
-7.377
-4.942
-5.754
-2.187
-7.312
-5.972
-6.109
-3.094
-9.315
-5.341
-5.107
-0.965
-7.937
-4.793
-6.101
-2.179
-8.469
-6.746
-5.932
-1.559
-7.379
-5.744
-4.782
-2.503
-7.697
-5.202
-2.392
-0.224
-4.857
-3.311
-2.900
-5.716
-7.148
-6.129
-0.433
-4.111
-4.562
-6.538
-2.395
-3.689
-1.391
-4.484
0.580
-5.427
-3.247
-5.798
-3.320
-3.160
-5.301
-5.932
-1.574
-4.653
-4.161
-6.000
-2.650
-2.242
-6.080
-4.898
-2.010
-4.388
-3.766
-5.782
-0.467
-5.418
-4.007
-5.848
-3.128
-2.890
-6.516
-5.092
-1.267
-5.560
-0.882
-3.307
-2.633
-4.435
-2.197
-3.535
-2.565
-5.984
-3.269
-5.401
-4.828
-5.055
-3.291
-5.154
-4.629
-4.749
-1.920
-4.315
-3.906
-4.738
-1.338
-5.804
-3.930
-3.193
-1.301
-4.328
-4.261
-4.466
-1.604
-4.213
-5.775
-5.770
-2.029
-4.316
-4.054
-5.862
-2.153
-4.657
-6.233
-2.977
-1.659
-6.318
-7.852
-2.256
-1.992
-4.128
-8.356
-3.539
0.183
-6.758
-9.396
-3.499
-3.337
-7.388
-8.128
-3.222
-2.545
-5.716
-7.489
-3.255
-2.740
-7.095
-7.914
-3.721
-2.679
-5.843
-7.273
-2.394
-0.916
-5.258
-7.069
-2.355
-0.574
-7.052
-4.788
-1.660
-3.415
-4.955
-1.452
-5.604
-0.559
-4.100
-2.984
-4.395
-0.915
-2.038
-3.681
-6.061
-2.146
-4.123
-2.784
-4.278
-1.246
-2.347
-0.609
-5.792
-1.540
-3.849
-2.941
-3.102
-0.886
-4.105
-3.018
-4.170
-1.106
-5.640
-1.985
-7.993
-2.169
-5.548
-4.573
-7.872
-2.452
-9.968
-0.694
-3.553
-1.226
-4.465
-1.184
-0.591
-3.544
-5.395
-3.990
-2.236
-7.127
-8.017
-4.636
-2.220
-7.492
-6.467
-1.820
-1.229
-6.299
-8.248
-3.745
-1.983
-8.231
-7.776
-4.322
-1.648
-7.425
-7.211
-5.101
-2.017
-8.841
-8.531
-1.422
-0.850
-7.967
-7.036
-2.647
-1.062
-6.153
-6.025
-4.161
-1.603
-7.168
-7.584
-1.165
-6.529
-1.829
-3.491
-1.508
-7.373
-1.109
-0.840
-4.520
-7.400
-1.696
-1.927
-2.836
-6.894
-2.373
-4.787
-2.361
-7.476
-1.634
-1.643
-1.422
-5.868
-1.559
-1.832
-3.067
-6.121
-4.192
-2.871
-1.189
-5.874
-1.114
-1.610
-0.910
-4.562
-1.772
-2.084
-2.811
-7.674
-1.064
-2.735
-5.491
-2.266
-9.783
-1.829
-6.132
-2.564
-8.457
-3.656
-6.667
-1.703
-9.930
-1.668
-6.113
-2.419
-10.075
-3.985
-7.576
-1.917
-8.356
-1.133
-5.044
-1.835
-9.708
-2.056
-5.469
-1.283
-8.646
-2.705
-2.899
-0.744
-8.963
-1.862
-5.302
-0.796
-9.548
-1.836
-7.180
-3.245
-11.461
-3.131
-0.561
-6.671
-2.178
-5.563
0.333
-2.077
-4.777
-6.239
1.385
-3.514
-3.212
-5.868
-0.049
-6.174
-4.648
-7.399
0.216
-4.575
-2.811
-4.335
0.908
-3.594
-3.381
-6.308
0.608
-2.230
-4.000
-5.867
1.342
-2.552
-2.828
-5.594
-0.105
-2.575
-3.266
-7.966
0.233
-5.708
-1.688
-4.471
-2.588
-2.360
-11.861
-6.953
-2.694
-0.721
-11.564
-5.331
-1.614
0.317
-8.817
-2.825
-3.341
-1.321
-10.109
-3.932
-5.216
-1.884
-11.580
-4.078
-4.501
-1.694
-11.233
-4.400
-5.032
-1.960
-11.738
-3.867
-4.236
-1.889
-11.189
-3.711
-1.133
-1.260
-10.627
-3.915
-3.552
-0.953
-10.295
-3.825
-6.256
-2.237
-3.538
-1.093
-3.378
0.465
-6.588
-2.984
-7.425
-3.170
-6.467
-2.842
-6.365
-1.611
-4.606
-1.233
-7.544
-1.140
-5.302
-1.343
-5.117
-1.193
-5.297
-4.255
-4.771
-0.712
-6.078
-0.336
-2.418
-3.230
-5.290
-1.085
-4.415
-3.353
-7.880
-1.643
-5.499
-1.243
-4.619
-0.968
-7.722
-2.306
-5.888
-1.520
-6.027
-1.891
-5.018
-1.648
-2.874
-0.862
-5.298
-1.162
-5.635
-1.350
-6.347
-0.056
-3.654
-1.946
-6.861
-2.321
-4.080
-3.639
-4.018
-4.136
-2.452
-2.231
-4.288
-5.086
-2.656
-2.841
-4.167
-5.178
-2.690
-3.368
-3.102
-3.431
-2.206
-0.482
-4.798
-3.980
-4.297
-5.044
-3.293
-1.522
-3.829
-1.724
-4.268
-3.142
-5.343
-4.429
-2.386
-3.189
-3.598
-1.030
-4.684
-2.138
-1.175
-0.945
-6.345
-3.627
-1.993
-2.959
-4.259
-2.282
-2.108
-2.438
0.303
-1.328
-3.701
-2.877
-2.696
-1.652
-2.946
-3.399
-3.210
-0.838
0.104
-2.095
-0.263
-3.030
