-6.034
0.840
-5.943
0.354
-3.188
0.959
-4.340
1.777
-6.561
-0.157
-6.318
1.693
-6.942
0.645
-5.780
0.643
-7.547
1.037
-4.696
0.169
-5.045
-2.272
-6.388
0.041
-6.912
0.052
-7.378
-1.092
-5.251
0.296
-5.924
-0.449
-2.666
0.983
-5.286
0.971
-5.582
-0.281
-2.962
0.088
1.633
-2.743
1.645
-4.767
1.499
-4.787
0.906
-5.610
0.508
-7.822
-2.228
-5.165
0.604
-3.378
1.248
-6.669
1.925
-2.846
0.533
-7.076
1.276
-3.465
0.883
-3.106
3.620
-2.744
2.666
-4.131
2.622
-4.582
4.043
-1.075
3.517
-3.538
2.017
-4.275
2.696
-3.565
1.093
-2.562
3.735
-3.703
1.605
2.497
2.977
0.040
1.893
2.038
4.279
-0.369
1.872
1.839
4.116
0.334
1.676
0.918
4.105
-0.479
1.273
1.143
3.809
-0.185
2.345
2.031
2.909
-1.379
1.390
0.100
2.324
-3.302
0.804
1.054
4.280
1.233
2.622
2.069
4.703
-0.377
2.583
2.434
4.145
0.377
3.460
2.361
3.174
-0.213
2.018
0.206
3.427
0.113
1.770
-1.465
3.879
0.751
2.875
1.109
2.707
0.533
1.569
-1.416
3.259
0.130
2.206
-0.479
2.166
-1.502
0.459
-2.535
3.833
-0.463
2.842
0.667
2.525
-0.314
1.262
-1.062
3.206
0.671
3.015
0.419
2.905
-1.285
1.957
-0.724
3.107
-0.612
1.824
-0.073
4.200
0.420
3.713
0.407
2.977
-1.268
1.788
0.694
4.270
-1.278
2.429
1.257
3.576
-0.490
2.845
0.817
3.485
0.376
2.477
0.782
2.653
-2.274
1.177
-0.187
3.186
-1.233
1.899
0.979
1.398
-1.106
0.439
-3.559
2.668
1.403
2.799
-0.116
3.345
-0.327
2.162
1.721
3.249
-0.991
2.584
3.105
2.804
-1.181
0.279
1.349
3.153
-0.197
1.792
0.476
2.274
-1.472
0.914
0.847
1.608
-4.258
-1.075
0.508
2.515
-1.307
1.463
0.398
1.768
-2.658
-0.246
0.202
2.585
-0.972
1.195
-0.941
4.118
3.479
-0.450
1.008
3.824
2.883
0.134
3.476
3.781
2.812
-1.542
0.916
3.879
2.023
-0.215
1.819
3.103
1.209
-1.360
0.554
3.633
2.736
-2.067
0.681
4.149
3.092
0.547
2.364
2.654
0.494
-1.597
-0.143
3.781
3.082
0.232
2.032
3.910
2.865
-0.642
1.951
2.131
-2.006
1.755
1.858
3.423
-0.513
2.218
2.307
3.075
0.335
1.796
1.557
3.933
-0.744
2.347
2.842
3.971
0.414
1.065
3.622
2.365
-0.833
1.913
1.705
4.394
1.063
2.370
4.093
3.428
-1.602
2.542
1.116
2.647
-0.575
0.441
1.993
4.592
0.702
2.182
3.397
3.573
1.713
-0.519
1.608
3.684
3.081
0.850
0.894
3.377
-0.208
-0.554
0.657
2.926
-0.439
-2.626
-0.318
1.221
-1.268
-1.259
-0.701
3.322
1.085
0.202
0.821
4.288
1.816
0.271
2.002
2.493
0.778
-0.172
1.610
2.665
-0.584
-2.766
-0.126
2.749
1.986
-0.283
1.363
4.446
3.085
2.071
2.195
3.534
0.694
-0.031
1.850
4.407
2.159
-0.116
2.076
3.805
0.854
0.083
2.289
3.679
2.170
1.821
3.511
3.136
1.540
0.877
0.510
3.060
0.428
-1.409
0.449
2.798
0.279
-0.726
1.407
3.262
0.979
-1.204
1.740
3.222
0.555
-0.600
1.865
1.467
-3.030
-2.907
1.388
-4.478
-2.478
1.844
-2.696
-3.295
1.560
-3.882
-2.165
1.074
-3.216
-2.397
0.090
-5.207
-5.719
1.475
-4.186
-1.052
2.387
-2.376
-0.975
1.638
-2.414
-2.259
1.980
-2.877
-3.701
2.402
0.132
-1.303
3.483
-0.958
-2.505
3.200
0.176
-1.394
3.710
0.849
0.050
2.265
-1.912
-2.714
2.809
1.002
-1.866
1.856
-0.341
-2.019
0.294
-2.771
-4.410
3.926
0.102
-1.844
2.047
-0.089
-4.486
2.965
-0.504
-0.101
2.845
-0.616
1.451
2.736
-0.215
0.261
2.080
-0.242
-1.506
1.648
-4.551
-2.000
2.942
-1.663
-1.211
1.628
-3.692
-0.909
0.172
-1.573
-0.422
3.297
1.045
0.197
1.933
-1.386
-1.731
1.967
-1.352
-1.233
2.762
-0.134
-0.376
1.631
-1.837
-0.430
0.322
-0.951
-2.721
2.233
-0.558
0.661
2.662
0.426
-1.131
1.751
-0.659
-1.796
4.177
0.512
-0.027
2.288
-0.828
-0.895
3.571
1.045
0.336
-0.573
-1.841
-0.031
1.181
-0.881
0.211
1.146
-0.819
0.327
0.289
-3.643
-1.038
0.971
-0.681
-0.179
0.685
-3.396
-1.098
0.559
-1.367
-0.416
0.223
-2.694
-3.346
2.783
0.424
1.074
3.101
0.894
1.527
2.705
0.971
-0.868
4.827
2.358
1.168
2.246
-0.468
-0.473
2.583
-0.210
-1.502
2.929
1.503
-0.440
1.520
-0.166
0.070
4.381
1.953
2.261
2.951
0.495
1.104
2.717
-0.048
0.161
1.587
0.756
-1.602
-6.420
-4.491
0.923
-8.235
-5.664
-7.047
-4.542
-0.362
-7.700
-7.062
-7.914
-6.786
-1.459
-7.524
-7.158
-6.223
-5.015
-0.533
-8.181
-7.309
-6.222
-6.017
-0.166
-9.250
-5.980
-9.126
-6.960
-0.290
-8.834
-7.932
-5.527
-4.335
0.728
-6.089
-3.764
-4.742
-2.501
1.241
-5.225
-4.156
-5.449
-3.405
0.724
-9.670
-4.839
-5.723
-3.766
0.342
-6.825
-6.270
-7.343
-6.501
-0.481
-6.172
-7.877
-9.360
-5.962
-1.957
-5.197
-7.938
-7.378
-4.749
-0.196
-3.577
-6.182
-8.115
-5.432
-0.041
-4.699
-6.731
-8.416
-6.087
-1.079
-6.741
-8.403
-9.263
-6.396
-0.706
-5.981
-7.670
-6.649
-7.269
-0.905
-6.461
-6.755
-5.211
-5.159
-0.424
-4.278
-6.731
-5.319
-4.779
0.215
-4.402
-4.773
-8.087
-5.510
-1.564
-5.340
-8.310
-4.236
-1.010
1.436
-6.607
-2.706
-5.281
-3.144
0.067
-7.523
-2.402
-5.418
-4.378
-1.262
-8.953
-1.548
-4.036
-1.095
-0.271
-8.414
-1.533
-2.311
-5.635
-0.975
-8.178
-2.795
-5.218
-2.879
-0.860
-7.001
-3.117
-3.605
-3.625
0.144
-8.169
-2.027
-4.479
-3.139
-0.079
-6.926
-2.451
-3.263
-2.422
0.123
-6.904
-1.315
-7.311
-5.237
-1.746
-11.855
-5.502
-8.132
-5.196
-0.105
-4.529
-3.327
-4.333
-4.035
0.249
-4.368
-3.051
-4.004
-3.997
0.355
-2.738
-4.226
-6.101
-3.715
-0.504
-5.282
-4.547
-3.877
-4.301
0.410
-4.427
-3.936
-2.857
-3.184
0.156
-1.492
-2.564
-4.892
-7.867
-2.213
-9.333
-6.844
-4.744
-3.475
0.684
-3.159
-2.272
-5.110
-3.553
-0.048
-6.388
-3.162
-6.278
-3.095
0.822
-5.233
-2.117
-3.083
-6.455
-1.639
-4.392
-5.829
-2.923
-3.792
-0.168
-2.097
-5.199
-4.507
-5.400
0.453
-3.041
-6.346
-4.828
-4.442
-0.631
-5.130
-6.931
-3.631
-4.777
0.444
-2.007
-4.167
-3.600
-6.481
-0.242
-2.084
-5.701
-4.058
-2.027
1.212
-4.309
-5.026
-5.813
-6.132
-0.435
-3.191
-6.041
-3.974
-3.643
-0.714
-3.773
-5.223
-4.667
-5.010
-0.575
-7.344
-7.442
0.744
2.520
-5.980
-0.177
-2.203
1.383
2.206
-5.474
-1.526
-6.356
0.711
3.600
-6.466
-0.151
-4.195
-0.867
1.729
-9.092
-0.066
-4.931
-1.770
1.318
-8.083
1.081
-2.463
0.171
2.254
-5.774
-0.118
-4.337
0.659
1.534
-7.683
0.627
-5.290
0.661
2.427
-5.527
-0.002
-2.923
1.872
2.132
-6.294
-0.532
-4.269
0.536
1.123
-6.735
-0.712
-4.324
-7.340
-3.289
-9.627
-4.192
-5.193
-4.593
-2.004
-9.961
-1.853
-2.832
-5.829
-2.882
-8.688
-5.809
-5.298
-4.758
-1.872
-9.406
-4.087
-5.540
-4.993
-0.610
-8.078
-1.683
-1.871
-3.449
-2.148
-8.607
-3.520
-5.265
-6.111
-2.411
-9.323
-3.655
-3.668
-4.029
-2.864
-9.375
-3.537
-6.395
-6.091
-2.043
-9.669
-3.538
-2.916
-5.651
-2.388
-11.073
-4.537
-6.462
-0.357
0.516
-1.070
-7.023
-6.534
-0.289
0.310
-3.096
-6.498
-9.969
-0.840
-0.737
-1.236
-7.435
-8.999
0.680
1.345
-4.027
-3.668
-6.124
0.718
0.836
-4.126
-3.292
-6.665
-2.017
-0.826
-2.685
-4.880
-8.102
-1.892
-0.282
-1.882
-6.719
-6.612
-1.827
1.068
-1.383
-4.053
-6.523
1.648
1.159
-2.864
-3.391
-5.996
-0.461
0.534
-3.412
-2.352
-6.028
-3.223
-0.507
-8.663
-4.173
-2.638
0.266
0.850
-6.668
-4.340
-4.299
-2.433
0.549
-8.765
-4.669
-2.947
-0.886
0.877
-7.089
-3.657
-4.392
-5.681
-0.815
-11.334
-2.805
-3.371
-0.418
1.091
-6.245
-4.255
-1.993
-2.758
0.440
-7.072
-3.380
-2.502
0.049
1.610
-6.211
-4.158
-3.858
-2.670
1.327
-4.873
-5.071
-2.639
-2.855
0.645
-7.091
-3.330
-2.916
-0.106
1.912
-0.535
-4.128
-4.290
-0.700
0.982
-1.417
-2.506
-3.364
0.791
1.969
-1.811
-3.763
-4.077
0.398
0.637
0.631
-4.705
-4.847
0.896
1.622
0.550
-4.016
-4.234
0.431
0.551
-4.776
-3.378
-2.675
-0.523
1.234
-4.681
-2.080
-4.207
0.280
2.550
-1.199
-2.977
-2.014
-0.737
1.855
-4.074
-2.926
-4.667
-1.115
1.129
-3.505
-4.180
-4.688
-3.658
-4.931
1.900
-4.989
-6.568
-0.340
-2.972
-8.583
-0.104
-3.757
-7.435
0.719
-5.391
-5.246
0.955
-3.356
-7.524
0.339
-5.993
-5.591
1.732
-3.787
-4.283
0.051
-3.725
-4.880
1.850
-1.899
-5.283
0.042
-12.377
-6.919
-4.510
-8.435
-3.764
-2.009
-10.121
-4.066
-3.846
-12.277
-5.677
-5.437
-9.862
-3.588
-2.470
-11.822
-4.751
-5.284
-11.618
-4.018
-2.883
-9.116
-5.132
-2.561
-10.910
-5.085
-4.930
-12.052
-4.755
-4.442
-4.595
-6.720
1.024
-7.420
-4.890
1.359
-5.095
-4.940
2.303
-5.251
-4.195
2.135
-4.809
-4.817
2.152
-5.205
-5.973
2.065
-3.698
-5.906
3.158
-5.449
-5.543
1.985
-4.639
-3.688
1.550
-3.879
-5.243
2.164
-2.135
-2.015
-3.830
-1.842
-2.658
-3.583
-2.982
-2.475
-4.436
-1.216
-2.843
-5.319
-1.433
-3.402
-5.035
-0.101
-1.985
-3.917
-1.787
-3.267
-5.649
-1.855
-1.829
-3.950
-1.782
-0.177
-2.408
-1.685
-2.903
-3.626
-3.324
-6.428
-6.094
-2.711
-4.856
-5.239
-3.491
-4.713
-5.537
-3.307
-3.713
-5.388
-4.198
-2.155
-3.369
-1.716
-4.663
-5.687
-3.194
-4.245
-4.536
-4.464
-4.562
-6.070
-3.419
-5.137
-5.523
-5.383
-4.085
-3.929
-5.439
-3.679
-7.214
-3.005
-1.331
-6.133
-6.581
-1.487
-4.417
-4.360
-2.490
-5.929
-4.104
-1.230
-7.330
-5.837
-2.692
-6.852
-6.348
-0.543
-4.940
-8.076
-2.329
-6.593
-7.837
-3.023
-6.587
-4.385
-2.211
-6.469
