4.871
7.027
4.590
7.400
3.008
4.677
-0.477
9.289
5.849
5.252
7.622
7.359
9.478
-2.316
7.637
6.259
8.899
3.603
5.920
3.683
-3.025
-3.032
-2.190
-2.510
-2.891
-3.183
-3.684
-2.912
-2.061
-4.663
5.457
2.424
2.460
2.569
5.256
1.190
0.994
5.219
5.884
4.193
6.217
7.919
6.608
9.147
8.085
9.616
7.349
9.859
8.804
5.731
7.721
8.810
2.262
0.714
0.401
3.813
-5.564
4.394
6.504
2.103
0.438
3.123
0.331
1.368
2.318
2.853
0.072
1.532
0.600
2.539
6.051
4.083
4.975
-1.690
3.401
5.846
2.070
1.999
5.573
2.883
-7.479
-6.058
-4.913
-6.301
-5.944
-4.607
-7.172
-4.159
-3.790
-6.490
1.917
1.180
1.792
-0.095
-0.303
-0.065
2.325
2.049
0.889
-0.437
-1.302
-1.257
-2.507
-1.144
-0.173
-1.042
-1.808
-2.553
-3.004
-1.643
1.886
0.753
0.476
0.903
0.835
0.885
1.361
2.694
-0.302
1.167
3.947
2.179
1.579
4.423
3.014
0.763
3.002
0.893
2.621
2.388
3.512
2.516
7.337
3.322
4.415
4.095
2.601
6.074
1.967
3.012
3.440
5.273
6.787
-3.004
3.451
2.268
1.933
5.682
4.471
3.586
-4.744
-5.785
-4.627
-3.816
-3.405
-5.629
-4.604
-6.172
-4.565
-2.938
-5.913
-5.048
-6.614
-8.087
-7.242
-5.286
-5.938
-4.383
-6.491
-8.904
-0.021
0.042
-1.414
1.072
0.850
-1.168
-0.346
0.397
-2.161
-1.475
1.471
6.975
8.352
7.095
8.773
9.614
7.573
8.372
4.979
-3.750
-4.488
5.063
8.912
8.507
6.410
6.875
5.834
8.075
3.770
3.541
3.731
8.172
6.188
1.706
7.145
4.925
8.834
7.213
9.568
7.293
5.487
7.195
3.665
8.571
8.618
7.554
5.354
6.933
6.593
6.230
7.283
9.497
10.051
5.822
11.256
7.282
10.957
4.810
7.770
9.053
0.665
2.428
1.803
-0.715
1.063
0.127
-0.551
0.947
0.729
2.893
-4.984
-3.116
-5.559
-6.382
-5.673
-5.247
-6.339
-5.923
-4.547
-6.626
4.146
2.716
3.136
3.671
3.350
3.407
3.102
2.061
3.720
-0.950
1.780
1.372
3.625
2.474
2.985
2.441
2.372
3.041
1.804
2.873
-3.223
-2.616
-3.017
-2.650
-3.004
-2.734
-2.857
-3.822
-3.871
-3.768
5.825
3.935
8.653
9.054
8.829
10.019
8.441
6.010
4.144
5.874
4.547
4.188
6.797
3.893
3.647
7.395
5.894
-0.499
6.587
6.951
6.431
7.648
10.161
-0.898
8.775
8.703
10.710
6.354
6.213
-0.647
-6.889
-6.878
-7.555
-6.618
-11.570
-7.120
-5.520
-7.173
-10.818
-5.962
-5.013
-4.969
-3.185
-3.657
-4.926
-5.440
-4.146
-5.123
-4.847
-5.029
-2.588
0.628
0.601
-0.981
-1.079
0.361
0.636
-0.245
-0.388
0.500
