-12.033
-8.150
-9.601
-10.683
-8.577
-8.732
-14.520
-7.738
-7.315
-6.506
-5.419
-9.892
-9.369
-12.225
-4.857
-7.952
-10.466
-12.648
-6.946
-5.796
4.563
2.227
2.047
0.297
2.804
0.146
1.771
3.838
1.392
0.353
-4.029
-4.593
-6.370
-3.982
-3.589
-6.044
-4.059
-4.713
-3.918
-5.202
-7.398
-1.442
-10.490
-8.690
-2.545
-8.971
-7.267
-2.143
-8.503
-8.076
-0.735
-12.334
-9.375
-1.293
-9.740
-7.969
-0.992
-11.447
-7.845
-2.237
-7.875
-7.439
-2.006
-10.529
-6.057
-5.757
-11.110
-7.159
-5.295
-12.283
-5.053
-7.308
-13.394
-3.390
-6.842
-11.558
-7.960
-8.628
-9.801
-1.031
-10.004
-7.091
-8.030
-8.943
-5.346
-9.979
-4.099
-7.650
-8.224
-12.121
-6.443
-4.839
-7.492
-9.344
-4.829
-5.247
-8.539
-8.112
-5.729
-7.326
-11.150
-9.706
-8.714
-11.320
-8.964
-9.802
-11.457
-9.939
-8.412
-13.136
-9.261
-10.198
-10.613
-7.546
-11.288
-11.880
-10.961
-11.512
-11.407
-7.788
-8.841
-11.211
-6.090
-9.355
-13.901
-6.559
-9.096
-12.229
-7.007
-12.534
-9.688
-15.840
-10.904
-5.554
-9.832
-5.774
-10.360
-14.221
-10.255
-9.023
-10.906
-5.405
-8.839
-11.166
-8.299
-10.093
-14.785
-12.037
-9.646
-13.955
-8.319
-7.846
-11.205
-10.301
-9.269
-13.215
-8.815
-9.239
-12.238
-11.246
-4.575
-5.355
-0.419
-2.763
-5.196
1.241
-1.773
-1.721
-0.674
-2.371
-4.233
-0.455
-5.242
-3.795
-0.078
-2.529
-4.640
-0.614
-5.268
-3.299
0.545
-4.647
-5.832
0.786
-4.711
-5.711
-1.095
-6.559
-5.164
-1.538
-4.095
-6.203
-8.466
-5.702
-6.445
-8.805
-6.221
-6.730
-7.307
-5.568
-4.060
-5.809
-5.900
-7.704
-7.110
-5.353
-7.159
-6.867
-5.396
-7.492
-5.369
-6.268
-8.000
-8.252
-5.099
-7.334
-8.689
-5.669
-6.731
-6.358
-0.189
-4.245
-4.878
1.136
-2.332
-6.652
1.003
-3.836
-7.361
1.579
-3.838
-6.711
0.895
-3.038
-5.388
0.906
-2.705
-5.664
0.541
-3.388
-8.192
-0.760
-3.071
-4.913
0.814
-2.334
-6.235
-1.452
-1.943
-8.073
-3.810
-5.337
-7.156
-3.583
-4.496
-2.775
-2.825
-4.745
-5.053
-2.946
-4.192
-6.484
-5.211
-3.750
-5.059
-4.068
-4.462
-6.245
-4.053
-3.120
-6.953
-1.677
-4.567
-5.907
-5.430
-4.629
-5.966
-3.866
-3.545
-4.643
-5.019
-9.419
-3.463
-8.972
-5.932
-10.354
-8.559
-8.744
-8.376
-5.731
-3.913
-10.345
-5.957
-7.784
-5.791
-8.943
-2.648
-11.734
-3.100
-9.394
-5.559
-9.468
-3.953
-8.858
-4.216
-11.459
-3.114
-8.733
-2.170
-9.451
-3.214
-8.860
-5.453
-9.973
-4.466
-9.932
-10.758
-9.899
-9.654
-11.593
-10.503
-9.002
-8.215
-12.201
-10.017
-6.943
-8.689
-8.229
-9.720
-9.790
-11.072
-7.631
-10.407
-13.065
-9.136
-8.066
-9.041
-11.298
-11.187
-9.514
0.785
-8.596
2.761
-5.935
0.691
-8.082
1.809
-7.583
1.192
-6.448
1.409
-7.815
0.600
-8.285
1.581
-7.966
-0.138
-7.999
0.072
-9.348
-7.528
-0.575
-5.812
1.020
-7.562
0.071
-7.316
0.807
-6.478
1.871
-7.525
-0.731
-7.846
-0.044
-7.782
-0.189
-6.065
-0.771
-6.856
1.084
-6.607
-9.203
-5.308
-5.554
-6.283
-7.326
-7.885
-8.055
-5.686
-9.085
-7.286
-9.147
-7.439
-11.117
-5.980
-6.962
-7.723
-12.023
-7.372
-8.207
-8.443
-7.462
-11.184
-11.684
-7.377
-10.370
-12.087
-9.848
-10.397
-7.093
-11.734
-9.317
-8.633
-9.355
-9.686
-13.268
-10.354
-8.011
-12.882
-11.860
-7.890
-8.466
-12.390
-12.167
-10.690
-11.927
-16.241
-11.079
-8.386
-8.049
-10.488
-13.820
-11.906
-10.436
-12.674
-15.539
-10.088
-10.370
-13.264
-9.709
-12.229
-15.488
-13.376
-8.582
-4.108
-9.331
-11.142
-12.003
-9.185
-10.594
-10.326
-14.753
-3.888
-11.757
-12.250
-14.976
-5.750
-12.036
-11.700
-12.483
-5.511
-10.682
-7.579
-13.400
-7.347
-10.483
-12.697
-14.295
-8.319
-11.304
-5.429
-15.474
-4.200
-12.702
-11.669
-14.548
-9.376
-7.868
-12.857
-13.482
-8.331
-7.850
-9.549
-9.447
-6.515
-14.685
-8.059
-2.259
-8.215
-16.092
-9.245
-9.592
-9.638
-11.231
-8.305
-7.944
-9.186
-12.752
-10.350
-8.653
-5.248
-13.923
-12.658
-10.465
-8.896
-11.968
-11.105
-5.512
-6.184
-10.974
-11.787
-7.098
-9.418
-15.818
-11.586
-6.020
-11.644
-11.557
-10.517
-10.416
-10.774
-1.590
-10.717
-10.866
-11.816
-4.429
-5.285
-7.356
-13.446
-6.702
-5.977
-8.544
-10.651
-4.865
-7.179
-10.243
-11.309
-3.863
-5.076
-8.073
-12.202
-4.238
-8.606
-7.658
-13.908
-4.397
-7.211
-6.569
-12.211
-5.243
-8.471
-9.979
-11.392
-3.081
-6.094
-6.815
-10.359
-5.927
-9.319
-9.254
-6.619
-8.479
-9.104
-4.801
-8.198
-7.702
-7.077
-4.109
-4.719
-9.803
-9.163
-3.190
-4.530
-10.160
-5.404
-4.326
-3.580
-9.856
-5.473
-5.694
-5.110
-8.511
-6.230
-5.300
-5.479
-8.529
-5.686
-4.831
-6.248
-17.886
-5.995
-4.645
-4.099
-10.961
-7.437
-9.910
-5.473
-10.929
-7.466
-6.424
-2.900
-10.008
-5.134
-4.627
-2.760
-6.905
-4.864
-8.453
-2.825
-8.233
-5.581
-5.915
-2.138
-7.386
-6.691
-6.452
-2.146
-7.908
-3.909
-4.672
-1.655
-7.923
-4.262
-5.177
-2.297
-6.574
-6.431
-7.271
-2.522
-9.543
-6.672
-7.122
-2.154
-8.252
-5.093
-6.030
-2.901
-6.313
-4.283
-5.803
0.192
-6.998
-5.456
0.335
0.356
-5.987
-7.354
2.519
-1.864
-8.692
-7.294
-0.276
-1.931
-9.008
-7.126
-0.646
-1.376
-9.977
-6.939
1.352
-1.152
-7.870
-6.283
2.902
-1.479
-5.385
-4.613
2.435
-1.249
-6.658
-5.162
0.666
-2.442
-5.403
-6.727
0.651
-1.522
-6.859
-4.380
3.691
-4.065
-6.692
-8.066
-5.888
-4.472
-5.465
-6.484
-7.096
-3.755
-4.684
-7.081
-7.958
-3.946
-6.441
-10.205
-6.145
-2.899
-6.675
-7.199
-6.122
-3.703
-5.679
-6.856
-6.892
-2.135
-6.083
-7.200
-7.060
-4.056
-6.244
-7.333
-7.084
-4.466
-5.279
-6.943
-6.114
-4.233
-6.858
-7.000
-7.619
-6.913
-6.345
-6.895
-4.360
-7.012
-4.969
-7.582
-6.962
-6.021
-5.359
-5.153
-5.338
-8.774
-6.060
-6.727
-6.686
-8.403
-5.761
-7.156
-6.635
-7.958
-4.910
-6.267
-3.716
-6.638
-6.239
-6.517
-7.060
-6.815
-6.101
-7.870
-6.032
-6.809
-5.709
-6.089
-5.732
-6.682
-5.274
-8.354
-4.339
-0.763
-8.118
-7.436
-0.113
0.210
-6.201
-7.838
-1.040
-0.574
-8.698
-7.208
0.277
-2.998
-6.587
-9.322
-0.645
0.186
-6.018
-6.344
-0.079
-1.282
-5.374
-8.403
1.351
0.160
-7.008
-8.452
1.942
-3.115
-7.519
-8.364
-2.521
-2.170
-6.904
-7.960
-2.805
-1.141
-7.044
-6.951
-1.493
-10.633
-9.120
-11.131
-10.382
-9.405
-6.800
-12.316
-8.703
-10.153
-9.277
-11.504
-10.021
-9.939
-9.138
-12.352
-8.214
-12.711
-8.988
-14.787
-9.204
-12.084
-7.386
-10.386
-7.325
-10.744
-5.410
-13.841
-2.912
-8.395
-8.513
-12.825
-5.915
-13.255
-5.990
-9.660
-5.548
-13.128
-6.156
-12.173
-5.189
-8.121
-5.022
-7.753
-4.542
-8.360
-9.503
-7.777
-7.428
-5.503
-5.824
-6.497
-5.255
-8.687
-6.932
-11.938
-5.170
-8.741
-7.049
-8.396
-9.789
-10.592
0.284
-10.666
-2.173
-8.301
-1.116
-10.233
0.358
-8.376
-0.645
-9.476
-0.399
-8.147
-0.859
-6.867
-0.095
-9.482
-1.677
-7.554
1.219
-10.632
-1.034
-10.639
-2.872
-11.356
0.522
-9.315
1.283
-8.083
0.718
-11.107
-1.044
-7.400
0.818
-11.936
-1.554
-9.698
-1.053
-10.963
-1.223
-9.473
-5.588
-7.536
-7.011
-5.896
-8.107
-8.658
-7.732
-7.752
-7.664
-7.324
-6.838
-8.623
-9.110
-9.494
-7.221
-8.578
-9.003
-7.621
-8.870
