-14.552
-15.909
-9.153
-14.769
-11.880
-12.935
-11.017
-15.289
-11.347
-16.463
-11.362
-12.752
-14.770
-14.905
-11.707
-18.063
-11.106
-11.371
-9.101
-12.773
-15.373
-10.810
-9.328
-9.599
-15.813
-12.216
-11.643
-11.973
-7.794
-11.017
-12.884
-12.623
-13.113
-9.723
-14.409
-12.005
-11.274
-11.557
-10.816
-14.523
-1.323
-6.256
-0.639
-3.949
-0.725
-4.253
0.802
-4.348
-0.515
-4.355
-3.420
-6.538
-2.987
-4.039
-3.238
-5.781
-1.922
-3.624
0.378
-3.593
0.611
-4.678
-0.893
-3.826
-0.028
-4.911
-0.664
-5.031
1.211
-3.593
3.612
-4.303
3.065
-5.085
2.573
-5.748
0.861
-4.369
-0.394
-4.472
-5.131
-13.448
-10.185
-9.056
-2.999
-14.264
-8.479
-6.270
-5.597
-14.120
-14.430
-8.061
-6.235
-11.451
-9.956
-11.224
-7.627
-13.776
-11.475
-6.821
-6.159
-11.812
-6.579
-5.855
-6.083
-7.850
-8.519
-9.579
-4.766
-11.628
-9.976
-3.930
-6.155
-13.231
-11.051
-5.592
-5.605
-13.263
-12.031
-6.380
-5.054
-12.170
-7.794
-10.771
-3.886
-11.691
-10.504
-11.706
-3.712
-12.239
-9.997
-12.613
-4.200
-8.806
-9.570
-12.578
-6.235
-10.749
-10.148
-14.228
-3.073
-11.839
-9.995
-11.954
-4.194
-9.526
-12.553
-12.670
-4.311
-12.485
-14.789
-11.810
-7.782
-9.775
-12.007
-9.456
-7.497
-8.844
-7.735
-9.512
-1.672
-8.555
-6.398
-8.156
2.285
-10.586
-6.040
-7.964
3.621
-11.121
-8.356
-8.841
3.224
-10.967
-8.550
-8.283
5.344
-12.652
-8.516
-7.975
1.685
-9.786
-8.968
-7.792
2.113
-7.950
-7.919
-7.614
0.864
-10.425
-5.578
-6.215
0.756
-7.853
-9.140
-8.932
1.177
-9.722
-6.638
-8.096
-7.489
-4.696
-4.935
-8.041
-8.079
-8.995
-6.765
-4.607
-8.517
-9.873
-7.175
-4.912
-8.852
-8.443
-8.727
-5.748
-9.006
-10.480
-7.525
-1.063
-7.237
-6.435
-8.751
-4.328
-9.183
-11.149
-7.510
-3.598
-6.760
-10.080
-8.118
-1.138
-7.160
-9.032
-11.201
-6.578
-10.275
-9.192
-8.023
-6.425
-4.733
-1.939
-3.023
-6.365
-4.567
-3.653
-1.762
-2.961
-2.623
0.326
-1.591
-3.758
-4.883
-2.576
-1.775
-4.631
-6.004
-2.640
-1.939
-8.617
-2.407
0.591
-2.935
-6.513
-3.213
-3.162
-3.287
-3.709
-6.771
-3.276
-2.667
-5.395
-4.220
-0.041
-2.184
-4.801
-5.725
-2.907
-2.856
-5.085
-5.149
-6.985
-0.392
-4.755
-3.777
-3.650
-0.251
-4.799
-5.570
-5.007
-2.362
-7.420
-4.477
-5.941
-0.972
-6.080
-3.477
-4.454
0.984
-5.697
-3.246
-6.697
0.115
-6.051
-4.939
-4.957
-1.715
-7.034
-4.979
-4.713
0.334
-6.163
-3.118
-5.135
-0.187
-4.943
-3.880
-2.260
-1.771
-5.166
-4.631
-5.198
-2.751
-6.792
-3.595
-4.471
-0.945
-6.231
-2.785
-4.431
-2.621
-3.980
-3.058
-6.757
-1.412
-5.301
-4.242
-6.159
-1.581
-5.137
-5.791
-5.754
-1.721
-5.361
-6.054
-8.729
-0.874
-7.271
-3.957
-4.899
-2.528
-3.562
-4.731
-6.209
-2.233
-6.691
-4.743
-7.290
-1.642
-4.497
-4.626
0.629
-3.796
-7.036
-1.574
0.985
-3.030
-4.272
-3.994
2.506
-3.947
-5.243
-1.281
0.822
-2.528
-4.707
-3.231
1.541
-2.746
-2.015
-6.033
0.557
-3.062
-5.280
-5.008
-3.904
-3.079
-5.959
-3.816
-0.041
-3.668
-5.380
-4.240
1.450
-2.919
-4.697
-4.440
-1.192
-4.773
-7.016
-10.152
-9.372
-11.350
-9.173
-10.704
-12.763
-8.365
-10.619
-10.153
-7.072
-9.945
-14.131
-9.400
-11.393
-13.400
-8.124
-11.311
-13.423
-9.261
-9.022
-10.831
-10.939
-10.653
-13.305
-8.841
-7.421
-13.404
-6.168
-8.865
-15.442
-1.119
-7.092
-8.698
4.414
-9.030
-13.229
1.254
-7.085
-10.556
2.059
-6.822
-11.028
-0.962
-13.815
-11.665
0.708
-10.357
-13.176
-0.175
-8.466
-11.357
-0.506
-12.151
-11.191
-0.599
-9.094
-10.422
1.391
-6.539
-12.149
-1.289
-12.797
-15.628
-2.433
-7.333
-10.930
-2.839
-5.851
-9.078
-2.490
-3.759
-10.147
-5.213
-9.773
-9.828
-4.100
-5.738
-7.412
-6.593
-8.780
-8.190
-8.173
-9.748
-8.393
-2.685
-4.725
-10.664
-6.526
-9.711
-11.072
-5.063
1.478
-10.921
-6.684
0.203
-9.861
-9.366
0.890
-12.171
-5.867
2.549
-11.771
-7.268
0.771
-7.501
-6.398
0.330
-11.431
-7.426
0.610
-8.917
-7.319
2.147
-11.736
-8.083
2.582
-7.087
-5.907
0.981
-10.792
-6.480
-0.645
-7.933
-5.800
-2.086
-8.798
-7.900
-1.383
-10.906
-5.094
-0.106
-10.490
-6.737
-2.608
-9.834
-6.526
-0.164
-11.088
-6.650
-0.591
-9.768
-3.854
-3.070
-6.955
-5.897
-0.553
-9.645
-6.488
-1.741
-10.931
-7.662
-0.109
-10.848
-7.092
1.403
-11.201
-5.945
1.604
-10.163
-7.969
0.543
-10.948
-7.611
1.813
-6.536
-2.670
-0.014
-8.832
-8.566
0.600
-8.318
-8.054
1.035
-8.089
-7.846
0.909
-9.658
-8.036
0.652
-7.776
-10.395
-12.240
-13.339
-12.194
-6.915
-8.563
-8.706
-8.251
-12.115
-14.416
-11.029
-12.581
-9.965
-9.431
-8.755
-9.957
-9.613
-9.549
-10.342
-10.008
-8.121
-14.238
-11.244
-15.108
-9.085
-11.628
-12.232
-12.762
-13.149
-10.316
-7.116
-13.005
-11.752
-14.360
-7.956
-9.971
-4.721
-7.545
-8.116
-11.704
-7.223
-8.369
-10.248
-14.257
-11.250
-9.686
-10.347
-12.814
-8.472
-11.457
-11.743
-12.095
-9.279
-7.079
-7.300
-11.462
-12.852
-10.231
-10.145
-8.613
-9.794
-10.935
-12.670
-7.641
-4.469
-13.514
-13.329
-10.572
-10.466
-8.563
-12.362
-12.297
-12.160
-10.350
-6.648
-9.039
-9.097
-8.588
-9.172
-8.105
-10.512
-12.221
-10.835
-8.363
-5.616
-6.652
-8.985
-10.324
-4.823
-8.182
-9.004
-11.886
-7.757
-10.326
-8.198
-12.068
-12.136
-9.413
-9.700
-9.869
-10.912
-10.661
-12.635
-14.675
-9.870
-12.285
-11.228
-10.632
-13.297
-7.185
-12.480
-14.443
-12.273
-14.251
-5.223
-9.925
-9.614
-11.001
-16.708
-10.164
-5.453
-14.929
-7.484
-17.204
-5.899
-10.936
-12.559
-9.499
-15.452
-5.765
-8.874
-14.044
-10.679
-17.186
-10.382
-9.570
-12.266
-9.070
-14.418
-9.360
-10.354
-11.269
-8.066
-13.568
-9.683
-11.768
-11.715
-8.930
-18.062
-9.589
-12.071
-9.982
-15.486
-8.827
-6.804
-10.835
-8.618
-10.912
-10.142
-3.070
-10.695
-5.787
-10.169
-8.777
-7.378
-13.304
-14.767
-9.631
-10.822
-5.769
-9.246
-10.588
-9.635
-11.446
-7.363
-6.831
-9.726
-10.467
-8.436
-7.792
-10.237
-12.061
-8.193
-11.958
-9.106
-10.813
-9.124
-10.562
-11.551
-3.894
-11.930
-9.895
-8.964
-14.174
-5.981
-11.831
-10.513
-11.784
-13.471
-3.748
-7.409
-13.749
-13.973
-9.399
-12.629
-3.799
-12.335
-10.064
-7.004
-11.319
-5.586
-9.479
-7.991
-6.834
-9.712
-5.773
-9.943
-12.289
-12.668
-8.408
-6.945
-9.748
-4.611
-7.167
-12.618
-6.421
-11.183
-11.219
-9.530
-9.169
-7.076
-4.647
-6.531
-14.035
-13.820
-8.148
-12.591
-13.813
-6.034
-9.526
-8.515
-11.701
-13.070
-11.687
-12.762
-7.634
-13.223
-11.964
-9.704
-13.108
0.276
-7.620
-7.134
-3.926
4.604
-1.836
-6.458
-3.661
-6.525
1.270
-0.873
-6.708
-5.038
-5.184
4.570
-1.275
-6.571
-5.371
-8.413
2.914
-2.737
-7.355
-9.578
-5.049
0.360
-0.183
-5.739
-5.429
-7.728
1.209
-0.082
-8.048
-5.741
-5.930
1.735
-3.312
-4.699
-2.801
-7.647
0.730
-1.136
-9.086
-5.742
-6.100
1.243
-2.703
-6.804
-7.414
-4.864
0.517
-1.867
-7.198
-6.797
-6.608
-5.316
-2.869
-5.999
-8.202
-4.917
-4.435
-2.920
-6.025
-5.653
-7.712
-8.164
-0.868
-7.061
-4.237
-7.074
-5.661
-2.580
-6.282
-4.254
-5.515
-6.320
-1.893
-7.791
-7.450
-7.508
-8.346
-0.978
-7.132
-4.697
-7.178
-7.355
-0.147
-6.582
-4.992
-5.035
-5.568
-1.217
-6.611
-4.945
-7.065
-5.948
-1.942
-5.453
-2.816
-5.412
-8.178
0.952
-5.504
-6.412
-9.436
-6.505
1.924
-5.923
-8.438
-11.019
-6.088
1.941
-5.282
-7.141
-8.126
-5.730
0.212
-6.660
-8.076
-8.105
-4.414
2.101
-4.898
-8.109
-8.143
-5.128
2.530
-5.867
-5.815
-6.318
-5.777
2.207
-7.409
-7.626
-9.616
-4.850
2.080
-7.462
-8.332
-7.402
-5.030
0.242
-5.949
-6.875
-9.890
-7.485
1.773
-5.391
-6.916
-7.106
-5.426
-2.739
-6.354
-3.544
-7.943
0.737
-1.349
-7.190
-5.487
-9.259
-3.820
-0.506
-6.995
-5.200
-8.712
-3.156
-0.622
-4.835
-6.823
-10.994
-3.580
-0.037
-6.526
-4.552
-6.895
-0.719
0.298
-4.427
-3.528
-10.790
-0.781
0.464
-4.484
-5.177
-7.305
-0.566
0.604
-6.181
-6.912
-10.274
-1.301
-1.895
-6.701
-6.833
-7.181
-4.348
-1.043
-7.860
-7.287
-8.973
-3.012
0.511
-5.927
-5.640
-8.665
-3.169
0.353
-5.388
-5.725
-7.180
-5.562
2.160
-8.941
-5.449
-6.857
-1.310
1.342
-5.120
-4.588
-6.661
-3.350
0.878
-4.512
-4.653
-9.431
-5.346
0.529
-5.290
-4.604
-8.276
-4.446
1.438
-3.464
-6.457
-7.958
-3.185
1.069
-5.046
-3.770
-6.497
-1.633
0.610
-4.165
-2.670
-8.630
-2.059
-1.227
-6.941
-3.493
-8.146
-4.197
-14.876
-10.998
-9.538
-9.830
-14.925
-12.899
-9.643
-14.783
-9.086
-10.751
-15.323
-9.619
-17.760
-12.383
-9.187
-9.856
-12.953
-10.206
-18.078
-9.326
-10.348
-14.731
-9.931
-17.739
-16.782
-11.384
-13.228
-8.393
-12.843
-12.973
-14.130
-10.000
-10.811
-14.314
-11.190
-10.250
-15.189
-11.691
-7.913
-13.714
-6.479
-5.966
-15.157
-7.721
-5.494
-13.671
-8.519
-6.457
-15.513
-9.083
-9.327
-14.880
-12.156
-10.128
-15.259
-9.083
-10.248
-14.371
-9.299
-6.169
-8.176
-13.940
-9.462
-12.672
-13.886
-9.273
-10.229
-14.715
-8.068
-8.842
-12.409
-6.304
-13.653
-12.852
-11.495
-10.487
-15.649
-9.064
-11.807
-12.478
-7.864
-11.308
-12.060
-10.769
-12.264
-10.579
-11.009
-10.538
-13.024
-6.697
-10.077
-5.944
0.391
-12.019
-6.287
-1.870
-11.639
-8.623
-1.146
-11.853
-9.525
-0.648
-11.723
-9.629
-1.164
-11.581
-8.162
-0.543
-9.795
-6.402
-0.268
-11.679
-7.218
-0.371
-9.905
-5.111
-1.133
-7.931
-6.567
0.847
-6.360
-8.259
-1.867
-4.093
-9.690
0.185
-4.395
-8.324
-2.272
-5.539
-5.970
-0.509
-6.284
-4.815
-0.280
-4.703
-10.921
-1.468
-8.481
-5.304
0.018
-4.376
-5.862
1.286
-7.836
-6.529
-1.705
-4.718
-3.547
0.379
-7.904
-8.110
1.384
-9.665
-9.256
0.425
-9.594
-7.181
1.352
-5.538
-7.350
2.290
-8.499
-8.310
0.919
-9.196
-9.597
-0.087
-7.490
-8.426
0.357
-8.943
-9.976
1.055
-9.615
-8.731
0.731
-9.855
-7.566
2.144
