-6.034
0.840
-5.943
0.354
-3.188
0.959
-4.340
1.777
-6.561
-0.157
-6.318
1.693
-6.942
0.645
-5.780
0.643
-7.547
1.037
-4.696
0.169
-5.045
-2.272
-6.388
0.041
-6.912
0.052
-7.378
-1.092
-5.251
0.296
-5.924
-0.449
-2.666
0.983
-5.286
0.971
-5.582
-0.281
-2.962
0.088
1.633
-2.743
1.645
-4.767
1.499
-4.787
0.906
-5.610
0.508
-7.822
-2.228
-5.165
0.604
-3.378
1.248
-6.669
1.925
-2.846
0.533
-7.076
1.276
-3.465
0.883
-3.106
3.620
-2.744
2.666
-4.131
2.622
-4.582
4.043
-1.075
3.517
-3.538
2.017
-4.275
2.696
-3.565
1.093
-2.562
4.162
-2.109
1.525
2.755
2.952
-0.170
1.918
1.416
4.342
0.142
2.577
2.983
4.638
0.778
1.310
1.979
3.690
0.232
1.045
4.167
4.140
0.108
2.039
1.963
2.891
-0.813
1.389
1.541
2.752
-2.627
0.273
0.990
4.024
0.737
2.484
3.565
4.700
0.353
2.784
3.754
4.746
0.329
2.496
1.854
4.026
-0.086
1.136
0.145
4.547
-0.006
1.964
-0.505
4.287
0.803
1.941
1.647
3.220
0.044
1.278
-0.237
4.179
-0.615
1.935
0.067
3.338
-0.777
-0.466
-1.620
4.366
0.320
1.873
1.466
2.934
0.011
0.942
-0.244
3.395
0.187
2.316
1.019
3.998
-0.857
1.119
-0.557
3.894
0.197
1.378
-0.180
4.931
0.682
3.203
1.030
3.846
-0.640
1.350
-0.098
5.679
-0.029
2.158
0.477
4.786
-0.007
1.941
-0.178
4.262
0.388
2.406
0.140
4.050
-1.273
0.695
-1.287
4.154
-0.369
1.116
0.068
2.587
-0.566
0.712
-3.704
0.744
1.947
1.697
3.633
1.693
0.402
1.257
5.266
1.754
0.377
1.596
4.741
1.121
-0.289
0.016
5.061
1.553
-0.165
1.488
4.899
1.011
0.220
-0.190
3.101
0.796
-3.137
-1.406
2.980
0.910
-0.326
1.014
3.973
0.603
-1.451
-1.639
3.337
1.540
-0.044
0.762
2.828
4.118
3.479
-0.450
1.008
3.824
2.883
0.134
3.476
3.781
2.812
-1.542
0.916
3.879
2.023
-0.215
1.819
3.103
1.209
-1.360
0.554
3.633
2.736
-2.067
0.681
4.149
3.092
0.547
2.364
2.654
0.494
-1.597
-0.143
3.781
3.082
0.232
2.032
3.910
2.865
-0.642
1.951
2.131
-2.006
1.755
1.858
3.423
-0.513
2.218
2.307
3.075
0.335
1.796
1.557
3.933
-0.744
2.347
2.842
3.971
0.414
1.065
3.622
2.365
-0.833
1.913
1.705
4.394
1.063
2.370
4.093
3.428
-1.602
2.542
1.116
2.647
-0.575
0.441
1.993
4.592
0.702
2.182
3.397
3.573
1.713
-0.519
1.608
3.684
3.081
0.850
0.894
3.377
-0.208
-0.554
0.657
2.926
-0.439
-2.626
-0.318
1.221
-1.268
-1.259
-0.701
3.322
1.085
0.202
0.821
4.288
1.816
0.271
2.002
2.493
0.778
-0.172
1.610
2.665
-0.584
-2.766
-0.126
2.749
1.986
-0.283
1.363
4.446
3.085
2.071
2.195
3.534
0.694
-0.031
1.850
4.407
2.159
-0.116
2.076
3.805
0.854
0.083
2.289
3.679
2.170
1.821
3.511
3.136
1.540
0.877
0.510
3.060
0.428
-1.409
0.449
2.798
0.279
-0.726
1.407
3.262
0.979
-1.204
1.740
3.222
0.555
-0.600
1.865
1.552
-2.871
-2.907
1.539
-4.512
-2.478
1.949
-2.778
-3.295
1.676
-3.666
-2.165
1.177
-3.393
-2.397
0.251
-5.646
-5.719
1.630
-4.381
-1.052
2.494
-2.372
-0.975
1.720
-2.425
-2.259
2.059
-2.456
-3.701
2.371
0.736
-1.303
3.530
-0.316
-2.505
3.285
-0.388
-1.394
3.735
0.996
0.050
2.307
-1.331
-2.714
2.805
1.008
-1.866
1.877
-0.481
-2.019
0.336
-2.746
-4.410
3.944
0.819
-1.844
1.998
0.687
-4.486
3.044
-0.775
-0.101
2.921
-0.848
1.451
2.763
-0.051
0.261
2.103
-0.339
-1.506
1.786
-4.239
-2.000
3.044
-1.677
-1.211
1.778
-3.975
-0.909
0.210
-2.153
-0.422
3.357
0.422
0.197
2.010
-1.712
-1.731
3.105
-1.293
-0.905
3.388
0.112
0.368
2.371
-1.674
-0.013
0.442
-1.109
-1.748
2.568
-0.470
1.207
3.426
0.082
-0.241
2.537
-0.223
-1.419
4.310
1.501
1.760
2.500
0.569
-0.117
3.853
1.166
1.528
-2.688
-2.061
2.644
-0.191
-1.294
2.912
-0.959
-0.779
3.704
-0.863
-3.738
2.104
-1.177
-0.312
3.075
-0.009
-3.391
1.591
-1.293
-1.731
2.883
-1.398
-1.010
-0.051
1.519
0.403
3.832
1.285
1.496
4.587
3.026
0.870
0.205
4.633
2.595
3.122
2.897
-0.082
-0.098
3.052
-0.447
0.101
3.167
1.566
0.439
1.645
-0.031
0.370
4.104
2.930
3.241
2.944
0.769
2.003
2.579
0.390
1.581
1.810
-0.258
-0.405
-6.420
-4.491
1.500
-3.766
-5.664
-7.047
-4.542
-0.167
-3.873
-7.062
-7.914
-6.786
-0.666
-5.303
-7.158
-6.223
-5.015
0.219
-4.912
-7.309
-6.222
-6.017
0.854
-5.435
-5.980
-9.126
-6.960
0.044
-4.457
-7.932
-5.527
-4.335
1.332
-3.066
-3.764
-4.742
-2.501
1.502
-1.969
-4.156
-5.449
-3.405
2.032
-5.364
-4.839
-5.723
-3.766
0.834
-3.505
-6.270
-7.343
-6.501
-3.791
1.294
-7.877
-9.360
-5.962
-5.423
0.912
-7.938
-7.378
-4.749
-3.202
2.006
-6.182
-8.115
-5.432
-3.827
2.716
-6.731
-8.416
-6.087
-4.803
1.210
-8.403
-9.263
-6.396
-4.990
2.488
-7.670
-6.649
-7.269
-4.622
1.443
-6.755
-5.211
-5.159
-3.882
2.199
-6.731
-5.319
-4.779
-2.577
1.677
-4.773
-8.087
-5.510
-4.718
0.672
-8.310
-4.236
-1.010
2.291
-3.215
-2.706
-5.281
-3.144
1.464
-5.086
-2.402
-5.418
-4.378
-0.356
-5.890
-1.548
-4.036
-1.095
0.795
-5.252
-1.533
-2.311
-5.635
0.370
-5.993
-2.795
-5.218
-2.879
-0.174
-4.607
-3.117
-3.605
-3.625
1.133
-4.756
-2.027
-4.479
-3.139
0.455
-3.838
-2.451
-3.263
-2.422
1.528
-4.833
-1.315
-7.311
-5.237
-0.189
-8.030
-5.502
-8.132
-5.196
-3.058
1.620
-3.327
-4.333
-4.035
-2.553
1.714
-3.051
-4.004
-3.997
-1.475
1.122
-4.226
-6.101
-3.715
-2.130
-0.634
-4.547
-3.877
-4.301
-1.722
0.904
-3.936
-2.857
-3.184
-1.428
1.144
-2.564
-4.892
-7.867
-3.285
-4.021
-6.844
-4.744
-3.475
-2.202
2.568
-2.272
-5.110
-3.553
-2.856
0.814
-3.162
-6.278
-3.095
-1.815
1.534
-2.117
-3.083
-6.455
-1.467
-3.492
-5.829
-2.923
-3.792
0.327
-2.083
-5.199
-4.507
-5.400
0.876
-1.955
-6.346
-4.828
-4.442
-0.137
-3.523
-6.931
-3.631
-4.777
0.379
-0.873
-4.167
-3.600
-6.481
0.063
-1.839
-5.701
-4.058
-2.027
1.788
-2.126
-5.026
-5.813
-6.132
-0.233
-2.282
-6.041
-3.974
-3.643
-0.362
-2.941
-5.223
-4.667
-5.010
-0.183
-4.233
-7.442
2.819
2.427
-5.980
-1.312
-2.203
3.009
1.503
-5.474
-1.494
-6.356
3.493
3.359
-6.466
-0.728
-4.195
1.647
0.886
-9.092
-0.357
-4.931
1.184
0.461
-8.083
-0.046
-2.463
2.262
1.713
-5.774
-0.399
-4.337
2.570
0.136
-7.683
0.215
-5.290
2.752
2.005
-5.527
-0.753
-2.923
3.374
1.384
-6.294
-1.130
-4.269
2.566
-0.008
-6.735
-1.499
-4.324
-5.758
-5.252
-9.627
0.036
-5.193
-4.092
-4.090
-9.961
2.257
-2.832
-5.387
-4.260
-8.688
-1.061
-5.298
-3.427
-4.566
-9.406
1.011
-5.540
-2.912
-2.094
-8.078
1.317
-1.871
-3.203
-4.221
-8.607
0.500
-5.265
-4.905
-4.296
-9.323
0.742
-3.668
-3.716
-5.006
-9.375
0.006
-6.395
-4.591
-3.975
-9.669
0.876
-2.916
-4.560
-4.244
-11.073
-0.069
-6.462
1.266
-0.255
-1.070
-5.042
-6.534
1.668
-1.050
-3.096
-4.850
-9.969
0.753
-1.945
-1.236
-5.822
-8.999
2.533
0.374
-4.027
-2.951
-6.124
2.487
-0.506
-4.126
-2.748
-6.665
0.341
-2.130
-2.685
-4.434
-8.102
0.714
-1.442
-1.882
-5.602
-6.612
1.336
-0.162
-1.383
-2.997
-6.523
2.207
0.159
-2.864
-2.033
-5.996
1.426
-0.844
-3.412
-1.665
-6.028
-2.388
0.283
-8.663
-3.383
-2.638
0.425
0.948
-6.668
-2.802
-4.299
-1.686
2.009
-8.765
-3.959
-2.947
-0.485
1.758
-7.089
-2.892
-4.392
-4.085
0.211
-11.334
-2.383
-3.371
-0.451
2.182
-6.245
-3.062
-1.993
-1.530
1.290
-7.072
-2.857
-2.502
0.119
2.708
-6.211
-2.868
-3.858
-1.232
2.716
-4.873
-3.853
-2.639
-1.635
0.971
-7.091
-1.590
-2.916
0.882
3.029
-0.535
-3.749
-4.290
0.174
2.284
-1.417
-3.654
-3.364
1.369
3.049
-1.811
-3.715
-4.077
0.863
0.720
0.631
-3.882
-4.847
1.223
2.094
0.550
-2.958
-4.234
-0.196
0.951
-4.776
-2.068
-2.675
0.667
1.237
-4.681
-1.633
-4.207
1.839
3.425
-1.199
-3.101
-2.014
0.662
2.951
-4.074
-3.290
-4.667
0.109
2.446
-3.505
-4.626
-4.688
2.736
-2.337
-3.498
-0.054
-3.292
-5.533
1.358
-4.756
-5.195
0.840
-3.214
-4.310
0.574
-1.983
-3.892
2.823
-4.749
-6.046
0.910
-2.945
-3.129
0.805
-2.098
-3.508
2.892
-1.690
-4.695
1.994
-2.684
-5.207
-8.007
-5.716
1.285
-5.408
-2.613
0.713
-7.162
-4.398
2.097
-9.010
-5.700
3.129
-6.505
-3.426
2.988
-8.858
-5.106
1.746
-7.687
-3.731
4.053
-6.245
-3.731
1.588
-8.178
-4.843
1.320
-9.071
-5.151
3.692
-2.916
0.851
-5.591
-3.834
1.308
-3.645
-2.488
2.034
-3.787
-3.389
2.655
-2.594
-1.947
1.826
-3.722
-2.381
1.636
-4.632
-1.362
1.749
-2.246
-2.760
1.776
-5.117
-2.082
2.090
-3.643
-2.149
1.622
-2.979
1.878
-0.664
-3.830
1.915
-0.663
-3.583
1.264
-1.696
-4.436
1.518
-1.700
-5.319
2.130
-1.860
-5.035
3.644
-0.004
-3.917
1.060
-2.222
-5.649
1.535
-0.891
-3.950
2.055
0.194
-2.408
1.723
-2.229
-3.626
-0.375
-5.381
-6.094
0.937
-2.660
-5.239
-0.806
-3.583
-5.537
-0.042
-2.982
-5.388
-0.136
-1.506
-3.369
0.438
-4.576
-5.687
-0.142
-3.420
-4.536
-1.144
-3.870
-6.070
0.314
-4.241
-5.523
-0.826
-4.053
-3.929
-3.287
1.609
-7.214
-0.699
2.093
-6.133
-4.518
2.428
-4.417
-1.800
1.423
-5.929
-1.978
2.144
-7.330
-2.867
2.961
-6.852
-2.626
2.881
-4.940
-4.166
2.783
-6.593
-4.332
1.776
-6.587
-1.547
2.171
-6.469
