-24.179
-17.312
-17.940
-20.217
-20.775
-20.939
-22.333
-22.281
-22.508
-22.348
-28.340
-23.505
-24.361
-24.673
-25.245
-22.287
-24.714
-17.129
-16.656
-16.169
-20.361
-22.525
-27.347
-17.396
-29.393
-20.524
-25.645
-20.968
-16.591
-19.021
-35.451
-21.437
-18.890
-10.964
-32.304
-23.114
-19.130
-18.063
-22.267
-19.922
-13.417
-8.804
-7.785
-20.950
-15.145
-18.910
-11.675
-18.563
-15.587
-17.973
-17.000
-16.089
-22.917
-16.809
-21.569
-24.105
-15.736
-18.642
-18.082
-25.654
-12.873
-19.609
-12.015
-18.798
-12.096
-18.420
-16.445
-19.010
-11.041
-16.231
-7.684
-12.809
-9.712
-12.649
-11.340
-17.597
-13.274
-20.648
-5.674
-5.518
-14.449
-26.836
-20.787
-15.242
-7.159
-22.081
-10.321
-14.298
-8.189
-24.156
-21.286
-21.652
-8.499
-24.275
-20.093
-26.388
-13.753
-22.991
-16.451
-22.763
-6.075
-26.280
-9.213
-19.373
-5.972
-25.532
-14.399
-19.302
-14.917
-33.866
-28.523
-14.175
-9.661
-28.121
-19.248
-21.901
-9.986
-25.067
-11.470
-15.989
-9.482
-22.746
-16.717
-18.621
-4.959
-25.114
-14.991
-30.788
-4.627
-25.679
-14.691
-29.607
-8.294
-25.211
-16.971
-23.576
-5.498
-19.904
-11.402
-22.876
-4.992
-19.807
-7.710
-21.506
-4.109
-28.361
-20.372
-29.019
-7.072
-32.022
-26.476
-24.107
-15.168
-23.772
-21.479
-22.119
-6.268
-23.263
-5.811
-20.205
3.846
-21.208
-15.291
-21.910
0.917
-16.904
-7.098
-15.892
3.643
-23.308
-9.924
-24.450
4.602
-21.849
-15.808
-23.287
2.872
-22.322
-19.989
-17.964
1.222
-16.563
-11.715
-20.312
3.816
-14.306
-9.724
-19.145
-5.524
-20.305
-21.280
-15.855
3.137
-19.178
-17.848
-18.219
3.543
-17.114
-11.517
-28.437
-13.142
-6.743
-10.644
-10.949
-21.994
-17.977
-19.387
-13.135
-16.362
-10.541
-13.852
-16.858
-16.744
-14.875
-24.369
-11.755
-13.232
-15.321
-13.531
-2.913
-15.497
-9.629
-14.009
-8.984
-14.154
-19.584
-19.645
-6.664
-20.073
-17.860
-18.202
-9.011
-9.138
-13.662
-15.294
-11.646
-22.001
-16.144
-16.813
-12.661
-16.969
-15.673
-19.160
-21.166
-10.119
-11.113
-16.577
-11.102
-6.663
-9.005
-19.053
-13.069
-3.556
-0.305
-7.140
-5.615
-14.147
-18.042
-14.196
-12.536
-7.759
-8.715
-18.878
-12.276
-9.997
-8.730
-15.184
-11.662
-9.831
-11.425
-19.134
-14.229
-18.095
-16.093
-16.526
-20.233
-9.146
-10.093
-12.676
-10.925
-17.679
-18.753
-6.368
-4.565
-5.279
-9.321
-2.753
-3.447
-11.857
-8.911
-6.931
-10.392
-9.025
-15.587
-3.125
-0.443
-9.278
-12.411
-6.311
-2.551
-13.007
-16.553
-5.544
-3.582
-10.375
-13.155
-14.072
-6.963
-16.990
-16.633
-9.344
-7.419
-18.543
-20.507
-12.329
-11.625
-10.928
-10.457
-10.888
-4.942
-12.566
-18.733
-13.475
-5.696
-9.152
-12.878
-10.232
-2.137
-8.782
-11.445
-12.224
-6.446
-11.492
-18.165
-14.934
-9.055
-14.793
-18.999
-13.970
-7.876
-13.961
-19.917
-13.541
-8.923
-13.695
-12.505
-6.444
-3.184
-11.190
-19.896
-13.451
-6.270
-14.358
-16.574
-10.610
-8.326
-22.480
-21.717
-14.108
-10.287
5.443
-4.056
-7.241
-2.510
7.861
1.376
-12.035
-4.605
5.582
-5.340
-14.361
-7.791
0.016
-13.436
-15.139
-8.482
5.000
0.902
-6.625
2.664
3.451
-1.937
-7.687
-6.062
-0.795
-7.643
-11.540
-5.267
-0.418
-3.982
-15.154
-11.194
3.234
-1.331
-12.131
-5.105
-8.305
-10.295
-22.889
-18.747
-18.744
-20.067
-26.269
-16.401
-23.083
-25.135
-17.778
-23.014
-27.298
-13.239
-19.582
-29.363
-17.368
-26.321
-25.679
-21.687
-26.972
-28.585
-13.042
-18.610
-23.271
-18.840
-21.626
-22.027
-20.299
-24.221
-23.868
-14.118
-26.384
-31.888
-8.223
-10.671
-22.820
0.555
-5.566
-28.930
-5.601
-10.998
-22.931
-0.512
-8.657
-26.920
-13.062
-17.938
-26.187
-5.415
-8.715
-21.387
-7.250
-12.539
-21.240
-6.644
-12.731
-25.244
-6.157
-7.665
-32.223
-0.661
-3.445
-28.230
3.293
-8.630
-26.126
-11.327
-16.547
-23.977
-8.896
-14.170
-26.545
-3.061
-8.519
-22.603
-10.905
-15.971
-26.848
-5.565
-2.797
-20.343
-13.513
-18.734
-28.777
-23.752
-18.533
-11.609
-4.575
-7.536
-26.559
-0.885
-7.204
-20.549
-6.380
-10.039
-15.353
-3.823
-3.663
-10.938
-5.376
-10.501
-4.937
-3.325
-6.023
-12.402
-5.174
-6.526
-3.856
-12.379
-10.710
-19.365
-5.305
-8.736
-17.125
-3.955
-13.830
-15.258
0.036
-3.623
-8.294
0.041
-8.364
-8.976
-15.769
-18.417
-5.991
-14.500
-20.249
-9.170
-20.293
-18.811
-7.781
-8.044
-16.146
-7.623
-13.825
-19.433
-8.224
-10.092
-23.240
-10.472
-7.373
-23.115
-11.187
-6.399
-20.842
-6.831
-13.356
-14.785
-6.219
-19.123
-13.722
-10.092
-5.905
-6.442
-7.881
1.400
-8.382
-11.784
-0.523
-9.571
-5.945
-4.306
-9.887
-11.583
1.077
-4.409
-6.916
-6.909
-10.241
-14.547
-1.714
-2.517
-5.789
-10.226
-2.307
-0.033
-2.264
-8.105
-5.339
-11.435
-4.452
-6.967
-18.733
-19.893
-21.314
-24.488
-21.737
-21.958
-16.747
-18.171
-28.500
-28.908
-25.376
-22.458
-17.928
-23.346
-26.328
-21.298
-18.005
-19.517
-21.761
-20.558
-19.012
-15.583
-21.299
-25.796
-21.492
-27.303
-21.251
-20.899
-24.498
-26.207
-16.083
-13.934
-18.717
-26.530
-17.968
-13.758
-8.234
-12.223
-20.302
-17.358
-16.608
-18.206
-20.990
-29.587
-21.173
-22.115
-16.319
-19.120
-19.856
-21.913
-19.096
-17.937
-16.297
-14.145
-24.138
-25.055
-18.220
-21.805
-18.293
-25.847
-21.984
-17.238
-23.989
-15.687
-18.672
-23.367
-16.922
-18.449
-17.099
-20.424
-20.516
-21.403
-21.727
-18.099
-26.029
-24.551
-21.095
-21.765
-19.741
-31.018
-23.261
-16.918
-19.551
-17.066
-19.898
-20.501
-18.357
-21.074
-12.977
-25.229
-22.016
-22.663
-18.338
-15.869
-27.399
-31.029
-21.025
-19.356
-21.932
-32.589
-20.991
-12.399
-12.055
-22.785
-18.562
-19.103
-16.897
-21.331
-31.041
-7.641
-21.816
-26.971
-23.678
-28.891
-12.105
-25.168
-20.474
-21.522
-35.071
-14.756
-14.123
-20.568
-17.499
-28.274
-9.341
-21.493
-20.285
-18.673
-29.726
-6.076
-20.427
-15.154
-16.849
-21.647
-9.807
-24.862
-18.392
-18.966
-30.687
-13.514
-19.610
-16.205
-15.889
-24.191
-12.528
-27.624
-24.966
-16.544
-30.201
-20.827
-21.342
-15.134
-19.518
-15.195
-14.559
-21.485
-12.644
-13.003
-14.619
-16.884
-18.795
-10.485
-16.373
-11.322
-17.509
-24.329
-15.448
-15.810
-19.243
-10.798
-14.434
-17.160
-15.127
-19.549
-13.977
-14.898
-10.812
-15.255
-13.858
-14.371
-19.002
-16.622
-17.753
-29.747
-25.491
-20.645
-12.933
-17.181
-16.762
-9.794
-19.442
-16.411
-14.862
-22.811
-16.318
-13.949
-13.164
-13.261
-13.238
-9.969
-19.813
-29.043
-20.437
-22.781
-29.613
-20.465
-25.706
-19.729
-23.437
-36.962
-15.761
-19.649
-16.228
-12.504
-23.268
-20.049
-25.789
-23.979
-28.836
-31.720
-13.132
-15.954
-8.680
-14.744
-24.346
-19.886
-17.765
-18.499
-20.156
-24.031
-18.449
-12.348
-11.978
-19.900
-23.584
-18.022
-21.185
-21.527
-20.441
-27.088
-24.193
-24.312
-20.342
-24.973
-31.445
-19.166
-23.150
-20.390
-21.624
-32.349
-4.400
0.903
-20.037
-2.546
-20.531
-0.834
-0.711
-25.332
-12.454
-23.919
-3.039
0.193
-18.008
-9.014
-20.322
-10.422
-4.982
-25.159
-7.900
-23.747
-10.891
-2.220
-25.672
-2.925
-15.824
-1.844
-0.911
-22.845
-6.520
-24.206
0.617
0.112
-23.377
-7.259
-21.689
-12.394
0.285
-13.376
-9.267
-16.827
-0.024
-3.498
-23.256
-10.072
-20.669
-4.212
1.743
-20.514
-5.142
-9.632
-23.578
-19.634
-33.781
-7.414
-14.986
-21.501
-18.924
-27.656
-10.896
-15.580
-23.893
-15.887
-30.674
-15.235
-11.698
-24.360
-23.699
-34.211
-15.217
-15.196
-23.686
-13.621
-31.865
-7.661
-17.463
-19.326
-20.772
-30.262
-14.589
-16.020
-21.326
-15.887
-27.650
-15.715
-12.559
-17.396
-14.150
-25.765
-2.336
-19.381
-20.532
-19.702
-29.195
-13.765
-15.200
-24.262
-25.290
-36.099
-18.169
-30.928
-7.263
-13.942
-22.055
-22.299
-30.515
-2.904
-9.972
-24.672
-18.034
-31.118
-5.947
-16.187
-27.085
-20.380
-28.663
-6.956
-13.228
-28.446
-22.777
-28.236
-2.337
-8.624
-33.600
-18.583
-30.806
-6.531
-20.283
-25.135
-18.699
-33.216
-5.660
-5.757
-15.913
-17.549
-20.032
-9.285
-9.062
-24.800
-18.660
-28.541
-11.152
-11.956
-28.738
-22.120
-30.551
-8.384
-7.265
-22.072
-19.164
-25.443
-17.891
-7.053
-19.629
-18.929
-12.120
-7.347
-4.190
-25.998
-19.831
-24.092
-13.693
-4.494
-25.561
-19.827
-15.691
-9.346
-7.780
-22.373
-18.865
-24.095
-6.739
-7.048
-19.661
-12.972
-13.107
-6.390
1.570
-23.877
-16.312
-17.261
-10.722
-4.357
-21.613
-17.149
-17.224
-4.306
-9.595
-29.137
-18.186
-23.474
-12.013
-13.475
-31.616
-20.801
-21.739
-11.676
-13.734
-30.519
-18.153
-24.408
-12.218
2.675
-6.987
-19.953
-26.450
-9.036
2.548
-6.471
-19.705
-20.004
-8.492
2.738
-6.973
-21.699
-23.619
-10.020
4.653
-1.998
-18.801
-19.561
-8.764
0.154
-11.419
-18.591
-27.933
-4.550
-2.161
-13.253
-21.910
-26.442
-5.271
-7.782
-15.891
-17.143
-21.737
-7.972
1.529
-14.880
-18.245
-27.253
-12.710
-0.949
-14.217
-19.168
-26.972
-17.970
-2.326
-11.064
-23.167
-26.723
-18.333
-23.283
-17.857
-17.609
-28.586
-26.083
-11.692
-28.304
-21.692
-14.270
-29.643
-18.822
-27.663
-26.485
-20.975
-21.322
-24.153
-21.106
-25.148
-19.677
-17.378
-20.760
-18.757
-20.586
-24.623
-22.854
-19.766
-17.922
-21.862
-21.097
-35.468
-22.475
-17.354
-39.891
-24.712
-25.572
-35.166
-22.734
-17.084
-34.592
-20.994
-17.160
-35.971
-25.319
-18.512
-33.467
-22.777
-18.473
-36.757
-27.044
-14.940
-39.148
-28.583
-22.076
-39.522
-20.321
-21.156
-33.100
-17.190
-11.847
-23.885
-32.598
-14.961
-22.271
-35.265
-21.176
-21.768
-28.341
-15.857
-16.813
-26.232
-14.228
-23.534
-20.688
-17.409
-14.743
-29.915
-17.574
-19.378
-31.989
-18.293
-21.805
-27.009
-17.880
-21.634
-32.235
-23.699
-22.353
-31.116
-20.841
-9.686
-13.602
-27.600
-10.771
-13.371
-25.424
-15.359
-13.687
-26.220
-4.910
-15.827
-24.726
-10.252
-12.894
-28.062
-8.641
-8.942
-20.651
-10.336
-9.753
-24.258
-7.296
-11.776
-27.257
-10.110
-5.011
-23.650
-5.141
-10.043
-22.951
-20.130
-16.206
-20.251
-14.873
-11.978
-21.349
-9.027
-13.803
-22.306
-14.083
-21.288
-25.166
-17.829
-14.983
-17.167
-7.992
-19.088
-22.702
-16.256
-14.398
-13.127
-15.027
-14.039
-13.324
-15.105
-16.935
-19.523
-22.250
-10.792
-20.715
-18.533
-14.690
-19.740
-13.366
-14.709
-18.923
-17.571
-9.777
-20.906
-18.803
-11.046
-23.354
-12.912
-13.630
-24.840
-14.611
-13.417
-25.053
-17.947
-3.474
-23.408
-19.079
-3.845
-25.835
-19.421
-12.838
-23.846
-9.502
-8.591
-23.016
