-24.999
-21.145
-9.623
-25.732
-12.319
-20.702
-21.242
-18.324
-16.724
-10.598
-15.864
-18.220
-15.615
-11.086
-10.890
-16.017
-17.384
-15.624
-17.763
-13.757
-8.847
-11.677
-13.201
-9.016
-12.169
-7.251
-6.418
-8.709
-9.264
-9.916
-3.647
0.184
-2.852
2.620
-1.196
-6.547
-10.660
0.676
-2.454
-3.739
-16.993
-5.658
-24.089
-13.778
-2.419
-19.316
-15.105
-3.994
-21.682
-16.217
-2.908
-23.394
-17.836
-4.242
-21.291
-17.725
-3.753
-21.012
-16.920
-7.017
-19.344
-12.981
-5.851
-19.250
-11.669
-10.744
-18.994
-11.876
-11.501
-25.176
-8.116
-11.773
-20.961
-5.760
-7.831
-19.449
-13.351
-14.619
-17.959
-2.276
-15.956
-12.719
-14.131
-14.819
-9.228
-14.972
-7.206
-12.793
-17.506
-15.835
-12.576
-1.719
-10.104
-17.162
-9.284
-7.264
-16.809
-11.822
-10.366
-18.671
-20.315
-16.988
-16.224
-25.990
-15.576
-26.057
-23.865
-22.779
-21.257
-23.320
-13.066
-27.541
-21.214
-14.352
-23.562
-19.811
-15.346
-21.739
-27.988
-21.354
-20.223
-21.818
-17.144
-25.967
-27.121
-15.376
-29.480
-18.249
-13.912
-24.126
-26.870
-32.672
-23.447
-18.295
-19.163
-15.786
-25.396
-27.170
-20.848
-20.318
-27.047
-19.388
-14.875
-24.137
-17.805
-20.021
-30.416
-19.771
-16.245
-22.826
-13.796
-18.957
-24.723
-20.423
-19.960
-25.739
-19.443
-18.903
-28.538
-21.914
-4.836
-11.403
-1.972
-1.687
-13.697
1.075
-0.115
-11.675
-7.802
-5.913
-16.369
-6.608
0.155
-7.349
0.903
-4.299
-12.198
-3.424
1.648
-8.409
2.681
-9.229
-16.693
-0.253
-5.159
-18.733
-1.308
-3.587
-16.694
-4.050
-9.243
-10.799
2.627
-11.573
-13.927
0.661
-13.382
-17.631
3.660
-9.912
-12.410
2.712
-11.533
-15.541
6.520
-8.701
-8.898
2.723
-8.613
-12.372
7.695
-6.879
-10.725
2.097
-9.212
-6.071
1.492
-14.034
-13.199
5.285
-7.657
-18.362
-9.849
-3.279
-13.370
-9.285
-3.501
-13.309
-6.219
-6.885
-9.446
-5.396
-5.898
-14.105
-8.777
-4.599
-18.218
-13.155
-4.337
-19.246
-14.712
-3.828
-10.837
-1.519
-7.871
-20.672
-11.735
-6.704
-21.154
-13.479
4.374
-13.606
-4.890
3.742
-9.182
-2.377
0.234
-11.627
-8.466
-6.556
-12.993
-9.187
-0.016
-9.823
-6.198
-0.307
-10.134
-8.409
4.848
-6.591
-6.018
-1.711
-7.087
-4.877
-2.503
-15.048
-8.671
0.236
-3.552
1.469
-0.572
-25.857
-11.311
-29.232
-14.118
-19.556
-5.106
-19.271
-8.314
-13.615
-6.447
-20.735
-6.936
-20.862
-5.149
-21.979
-3.298
-25.183
-4.750
-26.177
-8.612
-20.139
1.227
-26.627
-6.084
-31.567
-3.940
-25.274
-8.462
-24.617
-8.078
-26.603
-4.603
-25.810
-6.228
-23.542
-13.075
-26.898
-13.318
-28.802
-29.427
-21.392
-24.189
-22.074
-28.255
-19.071
-22.359
-18.417
-20.245
-21.473
-21.912
-15.017
-24.220
-24.584
-24.152
-17.178
-28.757
-22.990
-21.780
-25.770
-9.361
-8.792
-17.622
-10.769
-16.329
-13.772
-13.151
-17.515
-15.657
-17.026
-9.937
-10.625
-18.225
-14.467
-14.095
-7.579
-11.782
-12.607
-20.916
-17.419
-11.910
-13.182
-15.219
-6.439
-15.382
-8.767
-7.026
-4.827
-5.473
-14.868
-7.432
-5.280
-8.524
-5.074
-11.661
-12.313
-15.684
-13.025
-16.586
-9.391
-15.054
-15.481
-8.753
-7.781
-20.069
-3.620
-15.034
-15.706
-8.979
-11.608
-20.630
-14.611
-11.541
-7.580
-14.238
-11.071
-14.617
-5.057
-11.007
-11.835
-22.434
-10.784
-22.022
-22.154
-21.123
-23.391
-29.886
-24.690
-20.857
-16.626
-23.482
-17.409
-23.917
-20.787
-28.139
-26.352
-20.477
-20.067
-30.884
-20.344
-23.058
-18.092
-24.154
-24.612
-22.107
-25.388
-32.978
-25.160
-16.797
-13.543
-21.821
-21.429
-17.676
-17.746
-23.205
-19.938
-16.812
-14.225
-25.152
-20.491
-26.188
-24.387
-27.737
-28.849
-22.124
-18.810
-25.392
-32.826
-23.080
-18.459
-13.998
-27.551
-22.820
-16.879
-20.901
-29.398
-16.010
-14.919
-10.583
-23.888
-18.592
-21.378
-22.142
-30.422
-17.032
-11.028
-20.293
-25.904
-18.685
-19.015
-9.840
-30.289
-19.446
-24.148
-24.930
-33.030
-20.622
-12.027
-23.052
-24.098
-10.463
-19.665
-12.484
-19.579
-13.190
-26.227
-17.434
-12.104
-17.269
-27.830
-19.110
-24.733
-14.859
-19.016
-14.646
-20.289
-17.694
-19.954
-20.665
-19.621
-8.668
-20.059
-17.928
-23.489
-15.530
-17.741
-17.345
-16.749
-14.198
-22.917
-23.000
-20.142
-9.853
-21.320
-19.317
-12.562
-18.462
-19.600
-18.184
-21.631
-18.298
-8.750
-12.987
-16.610
-21.268
-7.792
-9.519
-9.857
-29.833
-13.730
-11.885
-18.438
-28.238
-15.029
-10.031
-21.058
-21.638
-9.461
-3.116
-12.318
-27.873
-15.923
-14.390
-18.980
-30.030
-11.287
-11.630
-19.074
-25.593
-11.791
-6.405
-16.409
-21.637
-9.806
-9.510
-17.645
-23.685
-15.636
-16.351
-18.736
-12.640
-15.985
-14.951
-13.243
-12.539
-12.829
-8.508
-11.261
-11.509
-21.692
-16.777
-12.509
-10.912
-17.818
-14.220
-13.794
-8.648
-18.081
-8.266
-15.147
-15.908
-16.171
-14.268
-16.203
-10.772
-16.111
-9.712
-18.888
-18.468
-26.480
-14.109
-16.319
-18.817
-18.976
-8.536
-26.462
-8.346
-22.327
-11.368
-16.141
-16.947
-9.081
-25.202
-20.865
-22.611
-23.958
-25.710
-27.751
-26.317
-16.834
-26.000
-23.268
-11.502
-15.526
-22.368
-26.903
-23.270
-8.318
-23.155
-17.819
-21.551
-7.297
-20.735
-17.769
-23.704
-19.768
-26.571
-27.450
-18.497
-18.651
-23.654
-23.354
-24.562
-8.928
-25.034
-21.484
-24.976
-12.508
-21.400
-14.701
-17.133
-23.697
-13.634
-17.979
-18.398
-21.707
-9.377
-9.997
-23.246
-29.354
-10.669
-21.658
-14.598
-24.043
-14.143
-16.381
-22.326
-19.864
-9.060
-14.747
-12.871
-23.443
-12.885
-21.085
-13.880
-18.246
-13.853
-19.669
-20.581
-21.460
-13.570
-19.975
-13.242
-23.607
-13.946
-22.205
-19.927
-24.301
-14.897
-16.391
-18.646
-15.615
-18.232
-14.842
-18.917
-15.221
-20.427
-16.122
-24.680
-13.059
-16.333
-10.154
-18.266
-12.072
-21.630
-11.000
-21.766
-17.625
-21.065
-10.151
-19.831
-14.924
-18.952
-11.190
-12.883
-10.024
-20.803
-11.435
-21.602
-10.550
-18.100
-16.089
-23.700
-11.219
-15.406
-13.609
-24.736
-16.407
-20.321
-17.543
-11.306
-27.174
-9.985
-30.190
-9.613
-15.352
-16.712
-25.522
-7.712
-27.690
-14.703
-31.422
-14.992
-21.799
-11.312
-30.161
-9.726
-20.896
-16.346
-24.425
-11.170
-18.565
-10.340
-28.502
-9.607
-22.179
-14.103
-27.936
-4.429
-17.956
-9.983
-32.330
-19.198
-24.187
-12.318
-29.452
-15.489
-19.565
-15.159
-21.233
-10.112
-13.494
-25.209
-23.618
-8.782
-10.862
-25.304
-22.227
-11.770
-11.742
-21.583
-23.187
-22.491
-16.235
-25.017
-24.265
-10.836
-10.829
-28.190
-22.273
-10.055
-12.240
-29.114
-13.066
-11.662
-4.791
-21.468
-15.693
-16.330
-12.991
-24.210
-23.377
-8.611
-15.270
-25.073
-21.821
-15.329
-16.096
-25.885
-25.118
-24.855
-14.399
-18.032
-10.763
-15.290
-4.340
-21.766
-12.518
-22.041
-11.063
-23.306
-14.772
-27.936
-10.947
-27.346
-11.829
-27.067
-16.735
-28.376
-12.521
-14.776
-6.610
-18.481
-12.802
-15.356
-16.725
-18.714
-5.253
-9.274
-12.152
-19.303
-14.011
-14.412
-17.527
-24.833
-16.038
-22.466
-9.538
-17.480
-14.743
-26.083
-14.245
-23.812
-11.833
-25.667
-15.770
-27.541
-18.859
-17.259
-12.456
-24.586
-14.600
-24.433
-16.251
-28.210
-12.098
-29.253
-15.100
-21.299
-17.926
-14.179
-16.860
-14.023
-19.052
-10.456
-8.777
-11.648
-16.221
-16.498
-13.209
-11.885
-15.426
-8.841
-12.378
-14.013
-10.564
-11.105
-12.724
-16.434
-12.372
-10.090
-14.494
-17.259
-14.922
-19.550
-12.307
-20.814
-18.717
-16.240
-14.820
-14.603
-15.920
-16.452
-9.939
-16.962
-16.728
-14.855
-10.977
-22.125
-21.799
-15.718
-15.548
-20.382
-17.697
-19.193
-9.804
-9.005
-15.589
-14.573
-17.231
-18.993
-16.671
-14.015
-17.974
-17.478
-12.529
-14.568
-17.466
-8.584
-8.074
