-16.058
-9.379
-12.299
-10.634
-14.175
-11.918
-15.606
-13.328
-13.383
-12.334
-17.807
-14.625
-17.228
-13.629
-15.992
-13.149
-15.294
-10.294
-11.274
-9.943
-12.682
-17.064
-18.847
-12.416
-19.135
-11.023
-16.591
-13.714
-6.037
-11.446
-23.972
-12.894
-9.716
-5.114
-18.952
-14.344
-11.031
-12.390
-15.564
-12.503
-8.488
-4.160
-5.529
-14.101
-8.686
-10.450
-6.401
-11.699
-9.149
-12.149
-9.971
-8.567
-14.199
-8.706
-13.120
-14.924
-9.952
-11.415
-11.487
-15.858
-6.660
-11.359
-6.487
-11.371
-6.532
-10.791
-8.909
-12.447
-5.133
-10.509
-3.995
-7.738
-4.326
-7.006
-6.178
-11.884
-6.729
-13.113
-2.584
-1.383
-18.694
-17.875
-9.385
-10.432
-9.065
-15.807
-3.131
-10.894
-10.981
-17.564
-10.653
-15.644
-11.654
-15.435
-9.150
-20.247
-17.926
-16.313
-7.738
-16.216
-11.717
-16.010
-1.432
-14.080
-10.033
-18.499
-6.499
-14.118
-17.283
-24.636
-14.075
-8.891
-11.684
-20.426
-9.417
-16.496
-11.645
-20.978
-4.921
-14.120
-9.901
-12.457
-8.426
-14.520
-7.943
-15.674
-6.788
-23.435
-6.953
-15.174
-7.043
-23.501
-8.063
-14.045
-6.776
-18.586
-5.945
-9.959
-4.524
-17.483
-5.302
-8.452
-0.773
-15.930
-6.960
-15.343
-9.422
-21.846
-8.113
-19.151
-13.331
-20.707
-10.984
-10.680
-9.927
-14.281
-6.878
-10.885
-0.827
-15.879
-2.586
-17.157
-6.178
-19.929
-6.416
-13.933
-2.493
-15.008
-0.128
-14.869
-3.461
-19.215
-5.647
-17.178
-7.546
-18.887
-4.598
-16.726
-8.856
-14.658
-6.670
-10.383
-3.859
-15.679
-5.842
-12.763
-3.110
-15.442
-12.246
-13.960
-11.740
-13.701
-3.384
-14.476
-8.043
-14.080
-3.897
-12.584
-5.726
-22.624
-9.459
-4.353
-3.697
-8.724
-18.377
-13.329
-10.260
-12.180
-13.473
-6.698
-6.006
-14.479
-11.813
-10.188
-13.381
-9.592
-11.328
-10.217
-6.047
-3.357
-14.271
-9.180
-7.351
-8.994
-9.786
-12.771
-10.155
-4.985
-13.125
-10.594
-10.469
-8.193
-9.410
-8.730
-6.931
-10.196
-15.552
-9.516
-7.732
-10.677
-10.927
-10.893
-15.810
-16.958
-7.375
-8.369
-13.338
-8.322
-3.299
-6.653
-14.261
-8.943
-1.211
1.031
-6.071
-4.813
-8.595
-13.329
-12.150
-11.513
-6.065
-5.331
-15.874
-9.741
-6.329
-3.365
-12.657
-9.416
-6.025
-8.454
-15.455
-12.756
-10.201
-11.131
-14.577
-17.942
-5.415
-5.309
-10.471
-7.050
-12.735
-12.803
-4.493
-2.782
-2.522
-4.141
-0.517
-3.139
-8.394
-6.710
-3.677
-6.757
-6.867
-12.262
-2.372
-0.930
-8.275
-8.316
-4.208
-0.662
-9.634
-9.370
-3.780
-1.540
-7.359
-9.139
-10.359
-4.063
-15.981
-12.145
-6.525
-4.525
-15.698
-14.912
-9.039
-5.840
-7.296
-7.103
-8.583
-2.859
-7.563
-11.677
-10.883
-6.348
-7.494
-7.769
-8.778
-1.464
-5.807
-7.425
-9.856
-6.972
-6.352
-11.743
-11.124
-5.979
-9.459
-13.011
-12.859
-7.754
-10.161
-13.406
-10.589
-7.578
-7.993
-7.119
-4.724
-2.170
-7.649
-14.559
-11.084
-6.672
-8.576
-11.912
-8.444
-6.777
-16.571
-14.326
-12.048
-7.164
2.439
-3.018
-5.830
-3.002
1.994
1.004
-9.988
-2.944
-0.227
-6.888
-13.152
-11.987
-1.497
-10.340
-11.958
-10.265
0.609
2.102
-4.825
0.740
0.010
-1.971
-7.222
-6.125
-1.493
-7.951
-9.881
-6.971
-5.045
-5.288
-11.592
-8.326
1.536
-0.318
-8.534
-5.909
-8.645
-8.851
-18.653
-15.620
-13.991
-13.726
-17.341
-12.514
-15.100
-17.497
-14.180
-13.951
-19.599
-12.879
-12.132
-20.617
-12.816
-15.904
-17.414
-17.194
-17.675
-19.731
-11.101
-12.162
-15.654
-15.110
-12.163
-12.567
-13.412
-16.318
-15.343
-9.889
-16.746
-23.046
-6.886
-5.581
-14.935
0.332
-3.611
-19.955
-6.255
-6.261
-16.242
-0.288
-3.835
-17.263
-10.478
-9.542
-16.919
-2.866
-3.977
-13.757
-7.880
-5.595
-13.173
-3.468
-5.823
-16.760
-6.269
-2.876
-21.323
-0.336
-2.365
-17.798
1.528
-5.660
-16.722
-7.156
-11.797
-14.501
-6.158
-9.878
-17.586
-1.078
-5.668
-14.542
-4.867
-11.219
-15.755
-1.713
-4.339
-12.509
-9.404
-11.491
-17.557
-13.661
-13.597
-4.120
-1.178
-4.055
-16.900
3.269
-3.681
-12.171
-3.053
-7.806
-7.931
0.594
-2.741
-6.357
1.963
-9.975
-2.083
-1.122
-6.414
-8.367
-0.543
-5.572
-2.072
-7.307
-7.732
-12.627
-0.445
-8.243
-11.684
-2.319
-9.567
-8.295
2.772
-2.329
-6.459
4.268
-7.271
-5.667
-8.433
-12.827
-2.418
-11.952
-13.156
-4.025
-11.858
-13.096
-2.949
-5.357
-10.094
-3.356
-11.920
-12.111
-2.711
-7.593
-16.804
-5.546
-8.383
-14.179
-6.247
-6.850
-14.678
-1.210
-8.303
-8.514
-0.954
-11.256
-11.272
-4.013
0.166
-4.314
-4.231
4.213
-7.181
-7.237
3.789
-9.638
-3.063
-1.880
-9.854
-7.470
0.863
-2.895
-5.973
-1.364
-5.826
-10.050
1.752
-1.792
-4.215
-3.895
-2.859
1.412
1.452
-6.233
-2.879
-8.432
-3.106
-2.205
-8.903
-8.120
-12.431
-21.760
-16.071
-9.412
-9.092
-9.126
-24.673
-21.754
-13.564
-11.678
-7.755
-20.248
-18.939
-10.966
-8.416
-10.082
-18.797
-13.835
-8.608
-9.547
-13.646
-22.662
-15.658
-13.302
-10.565
-10.346
-21.945
-19.945
-5.973
-5.073
-9.548
-24.177
-12.924
-5.542
-5.409
-5.054
-18.579
-12.616
-8.029
-9.153
-10.728
-26.100
-14.910
-12.034
-8.781
-9.287
-16.535
-15.664
-8.973
-8.350
-8.273
-11.623
-17.846
-12.562
-6.904
-13.608
-14.634
-16.889
-10.711
-6.641
-15.558
-11.053
-11.186
-11.603
-8.980
-9.987
-14.855
-15.509
-9.085
-9.611
-12.105
-13.755
-17.501
-11.813
-9.819
-14.329
-16.038
-21.126
-12.122
-7.293
-11.598
-13.749
-13.029
-10.260
-7.675
-13.175
-9.389
-17.827
-9.789
-8.847
-12.439
-11.504
-18.273
-16.227
-9.943
-11.108
-17.426
-24.691
-9.321
-6.907
-5.905
-21.155
-14.128
-8.987
-8.676
-9.238
-26.933
-5.309
-10.816
-15.936
-13.058
-24.577
-8.221
-13.483
-12.164
-13.711
-29.712
-8.635
-6.780
-10.451
-9.554
-24.408
-5.656
-10.610
-10.068
-6.217
-26.610
-5.095
-9.339
-7.982
-8.596
-18.683
-6.633
-12.639
-10.412
-9.373
-26.583
-8.529
-7.817
-10.692
-7.723
-22.174
-8.954
-12.510
-15.431
-5.787
-27.343
-14.530
-11.389
-4.617
-9.227
-13.541
-9.724
-11.025
-2.490
-5.955
-12.054
-10.367
-9.503
-2.588
-7.037
-9.117
-12.301
-12.513
-6.259
-5.341
-17.151
-6.311
-6.244
-7.874
-7.359
-17.613
-9.695
-6.113
-4.612
-7.943
-12.850
-9.375
-8.327
-7.727
-10.818
-25.221
-18.014
-10.836
-1.518
-8.476
-13.721
-3.785
-9.785
-5.481
-4.256
-19.894
-10.630
-6.412
-2.704
-5.023
-11.609
-5.428
-9.723
-13.099
-14.000
-18.383
-18.968
-9.527
-12.768
-14.924
-19.661
-25.561
-8.796
-6.600
-10.095
-10.482
-15.751
-9.074
-10.833
-15.626
-24.980
-22.237
-6.565
-6.386
-5.206
-12.984
-16.498
-8.751
-5.996
-11.618
-17.218
-17.220
-9.071
-4.636
-5.099
-16.319
-18.030
-9.556
-8.434
-15.092
-17.854
-19.443
-13.037
-9.025
-15.497
-19.505
-21.205
-8.943
-8.620
-14.375
-18.442
-22.870
-0.327
0.350
-12.775
-1.128
-14.309
1.914
-0.385
-18.762
-8.510
-15.906
1.145
1.227
-11.204
-5.772
-13.243
-4.331
-0.592
-16.978
-4.917
-17.512
-5.776
-1.791
-15.589
-1.963
-9.858
0.441
-1.060
-14.135
-3.344
-17.116
1.548
0.036
-16.630
-5.091
-14.590
-6.640
0.441
-8.374
-6.924
-11.200
2.001
-0.910
-14.536
-6.936
-13.756
-1.553
0.849
-12.819
-3.198
-4.923
-14.192
-12.082
-24.198
-4.347
-11.468
-11.709
-10.193
-18.635
-6.486
-11.400
-13.777
-9.233
-19.324
-9.679
-7.663
-14.312
-14.944
-21.595
-9.183
-9.934
-15.218
-6.420
-22.194
-4.783
-12.359
-11.692
-12.691
-20.133
-8.600
-12.062
-12.473
-6.807
-16.687
-10.387
-6.643
-9.953
-9.571
-18.142
1.508
-14.108
-11.756
-12.466
-19.051
-7.277
-9.540
-13.602
-15.317
-24.189
-10.806
-22.225
-2.416
-9.200
-15.495
-14.993
-21.041
-0.074
-8.925
-18.480
-12.800
-21.963
-3.365
-10.929
-19.452
-14.111
-18.872
-4.337
-9.245
-19.351
-17.600
-19.961
0.504
-5.970
-24.384
-13.281
-21.857
-2.806
-11.852
-17.843
-12.011
-22.842
-3.415
-3.907
-11.857
-12.575
-12.944
-4.680
-5.432
-17.053
-12.255
-19.460
-7.336
-7.528
-21.081
-16.785
-22.226
-4.697
-3.059
-15.029
-13.699
-17.773
-8.645
-2.179
-11.732
-12.677
-6.536
-3.833
-0.066
-17.226
-15.834
-17.243
-8.874
0.432
-16.815
-14.355
-8.607
-5.474
-1.822
-13.036
-14.408
-16.109
-3.758
-3.878
-11.606
-10.253
-8.627
-3.082
5.577
-14.243
-10.399
-9.979
-6.136
0.533
-11.935
-11.385
-9.906
-3.766
-2.754
-19.625
-14.398
-15.887
-6.631
-4.867
-21.028
-14.529
-14.311
-8.293
-5.851
-21.031
-13.497
-15.581
-7.363
1.814
-3.265
-13.870
-19.243
-6.169
1.448
-4.343
-15.199
-14.202
-5.960
2.159
-4.942
-15.676
-16.108
-4.737
4.508
-0.485
-12.827
-12.907
-4.928
-0.335
-7.760
-12.893
-19.376
-2.445
-0.149
-7.411
-15.961
-17.563
-3.296
-3.700
-9.992
-11.625
-14.081
-5.340
0.807
-11.531
-13.027
-19.028
-7.534
-1.843
-10.395
-13.866
-18.690
-10.982
0.961
-5.539
-16.524
-18.035
-12.769
-14.671
-10.298
-9.839
-16.578
-14.926
-7.135
-16.033
-11.789
-9.464
-16.720
-9.517
-20.506
-13.273
-14.465
-15.297
-13.488
-12.007
-17.027
-11.910
-11.785
-15.820
-12.633
-12.321
-16.026
-12.825
-12.410
-14.101
-10.673
-12.213
-25.696
-8.907
-12.387
-29.796
-9.746
-18.541
-25.590
-8.162
-10.105
-25.645
-8.628
-10.159
-26.907
-10.537
-13.715
-24.563
-7.725
-11.607
-25.808
-11.516
-9.453
-28.722
-11.452
-16.502
-29.172
-5.953
-14.163
-23.974
-5.639
-7.953
-19.383
-16.007
-8.096
-17.267
-16.415
-12.584
-18.760
-15.324
-7.953
-12.792
-13.040
-5.949
-18.770
-8.680
-10.391
-12.167
-16.252
-8.832
-12.866
-16.322
-10.045
-17.118
-13.227
-9.331
-15.500
-14.539
-15.619
-17.602
-15.752
-12.141
-5.024
-9.392
-19.267
-5.052
-6.969
-17.472
-8.843
-8.588
-18.358
-2.884
-7.562
-17.004
-5.611
-8.408
-19.469
-4.362
-4.001
-13.162
-3.974
-5.731
-17.035
-3.837
-6.192
-18.247
-5.261
-2.417
-16.805
-1.396
-6.220
-15.580
-11.348
-9.764
-13.706
-7.893
-6.313
-13.231
-3.811
-7.421
-13.266
-7.413
-13.289
-15.193
-9.538
-9.384
-12.059
-2.739
-11.706
-13.438
-8.065
-6.904
-6.553
-8.034
-9.395
-8.951
-7.771
-8.686
-10.845
-12.880
-6.402
-14.150
-7.621
-7.626
-12.708
-4.641
-8.172
-11.559
-8.056
-4.116
-14.067
-8.505
-6.359
-17.318
-5.265
-7.149
-15.015
-6.010
-6.525
-15.631
-8.470
-0.830
-15.602
-9.049
0.038
-18.308
-9.107
-6.887
-15.703
-2.776
-4.088
-15.150
