0.547
8.534
2.341
5.800
5.699
6.798
2.314
8.583
4.533
6.383
12.900
9.764
11.216
2.918
10.727
13.141
5.736
8.854
9.243
10.600
8.524
7.288
3.254
6.030
11.128
11.365
8.085
8.536
9.131
8.008
7.821
10.435
7.214
6.794
9.849
3.850
3.806
13.584
10.271
7.887
10.890
9.380
5.771
8.354
9.741
7.264
8.307
8.323
7.494
2.550
9.839
9.018
6.167
7.617
3.177
4.782
-3.130
9.974
8.868
6.769
-0.542
-2.796
-5.609
1.231
3.511
3.866
1.489
-1.906
2.305
-0.871
6.735
0.283
7.052
4.326
-5.300
6.198
-4.683
2.657
-10.501
5.799
8.112
8.161
0.046
-2.192
6.533
3.527
4.907
1.623
7.026
6.263
5.025
10.538
7.279
3.790
12.148
9.519
4.389
3.076
8.404
8.974
4.979
3.515
5.069
6.188
3.038
1.860
0.672
5.174
1.798
0.713
7.323
9.135
6.804
6.388
7.440
5.242
9.178
4.293
8.753
8.612
4.341
-0.799
1.434
5.689
3.941
0.654
4.596
0.624
6.060
5.042
1.136
6.071
7.564
4.615
8.499
1.148
7.181
10.322
5.290
2.599
6.714
1.022
7.357
1.695
-7.229
5.648
-13.671
4.981
-16.796
5.320
10.146
7.372
3.366
1.285
9.598
7.956
6.498
5.287
5.271
7.759
6.699
6.362
6.123
0.971
5.095
10.487
2.698
7.859
7.102
4.978
8.156
4.301
1.533
0.577
1.705
5.521
4.243
5.209
-0.059
8.477
3.367
8.907
9.306
7.226
9.486
7.939
4.913
7.380
6.307
2.953
-9.034
1.485
5.734
5.663
7.260
5.398
6.418
6.171
-0.437
0.619
7.015
13.662
10.666
7.320
9.031
9.584
12.330
10.710
13.315
11.105
7.358
9.834
7.620
10.284
7.647
8.878
6.683
8.463
10.383
9.508
12.071
16.987
10.942
10.059
10.909
7.235
14.510
5.027
4.150
15.419
10.966
12.691
11.889
9.141
13.044
11.883
9.450
9.760
14.455
16.295
7.060
7.196
3.770
6.011
8.115
9.324
9.284
9.456
7.363
10.424
14.233
13.893
15.404
7.137
14.555
16.104
10.828
11.589
9.658
3.968
9.869
5.593
10.158
6.224
11.616
10.662
11.681
8.945
6.070
4.765
11.354
13.340
12.800
8.987
11.752
11.294
11.234
9.475
10.116
10.575
7.574
5.553
10.306
7.049
12.778
10.627
9.286
11.671
8.878
8.289
10.404
8.819
8.338
7.271
10.690
10.719
10.507
3.949
10.944
10.212
12.703
11.419
14.292
5.675
9.458
12.728
6.135
9.519
11.105
7.249
7.105
7.234
10.109
10.147
7.924
9.065
10.230
12.225
8.486
11.503
10.410
9.273
8.445
7.899
9.505
8.561
6.467
6.535
9.166
8.878
7.293
12.677
6.364
7.479
8.002
9.528
11.038
8.970
7.506
11.967
