-16.038
-12.423
-7.039
-17.748
-6.790
-12.971
-14.480
-10.230
-11.022
-6.953
-15.379
-11.690
-10.419
-11.052
-8.018
-10.465
-12.260
-12.653
-12.608
-9.953
-5.618
-5.499
-8.429
-4.093
-6.679
-4.601
-3.311
-5.695
-4.972
-6.677
-0.280
3.643
0.544
4.105
-0.052
-1.269
-5.158
2.963
-1.833
1.342
-11.094
-0.658
-18.758
-11.448
1.977
-16.304
-12.642
0.316
-18.222
-15.467
0.632
-18.372
-15.137
1.105
-16.869
-14.172
-0.692
-16.702
-11.837
-1.197
-14.659
-9.161
-0.377
-14.006
-9.655
-3.319
-15.082
-11.758
-4.525
-19.346
-9.734
-7.855
-17.340
-6.492
-3.874
-14.755
-12.629
-8.834
-14.918
-5.200
-12.190
-9.986
-12.545
-8.574
-9.264
-12.493
-5.075
-13.987
-15.569
-9.476
-13.664
-5.025
-7.606
-15.810
-10.870
-3.441
-14.641
-9.947
-2.966
-16.450
-14.562
-8.162
-11.691
-18.639
-6.263
-18.368
-15.514
-11.397
-14.567
-17.287
-5.019
-21.060
-16.265
-5.398
-17.345
-13.787
-5.584
-14.213
-20.415
-10.151
-14.031
-15.758
-8.946
-16.935
-20.790
-6.524
-22.513
-13.088
-5.998
-17.776
-21.446
-21.947
-12.481
-13.985
-13.038
-6.260
-19.644
-18.984
-10.800
-15.191
-18.903
-9.894
-14.778
-16.441
-7.938
-16.887
-20.062
-11.509
-14.329
-13.227
-4.708
-15.588
-20.113
-13.649
-15.076
-17.552
-10.388
-14.951
-19.569
-9.398
-1.807
-8.758
1.668
0.735
-9.565
2.223
2.145
-8.973
-5.741
-1.771
-11.579
-7.628
-0.835
-5.198
0.238
-1.540
-9.027
-2.182
2.327
-6.505
2.028
-4.011
-10.856
-1.012
-3.078
-13.458
-0.453
0.443
-12.379
-3.089
-7.002
-7.902
0.455
-5.868
-11.550
-0.554
-7.566
-13.342
2.194
-6.081
-9.347
2.217
-5.684
-12.560
4.229
-4.180
-7.134
3.003
-8.183
-10.007
5.344
-4.629
-5.961
-0.354
-4.969
-3.061
2.620
-7.947
-9.299
5.770
-6.771
-11.489
-8.124
-1.295
-8.816
-5.410
-2.172
-8.887
-4.109
-6.868
-7.931
-3.304
-1.815
-9.714
-5.607
-4.383
-13.950
-9.954
-0.789
-15.570
-8.405
-1.920
-7.059
-3.111
-5.856
-16.403
-10.143
-5.837
-17.503
-11.999
1.567
-11.073
-0.769
0.373
-6.672
1.151
1.231
-8.959
-6.630
-7.019
-8.704
-4.342
-1.479
-7.557
-2.316
0.292
-7.086
-4.018
3.787
-5.085
-2.787
0.154
-5.066
-0.368
-1.129
-12.565
-3.758
0.609
-1.975
4.647
-2.674
-20.160
-7.727
-20.249
-11.418
-11.789
-1.645
-12.925
-4.548
-7.786
-4.723
-14.105
-4.671
-15.084
-2.082
-15.952
-1.111
-18.208
-5.295
-19.081
-4.742
-14.331
2.656
-19.521
-4.537
-21.279
-1.863
-18.970
-5.352
-17.556
-4.482
-20.131
-2.578
-17.659
-4.145
-16.893
-6.869
-19.131
-5.514
-21.745
-22.812
-17.140
-16.396
-15.483
-20.993
-14.689
-17.034
-13.119
-15.513
-13.078
-16.838
-11.668
-17.163
-16.001
-18.114
-14.738
-20.775
-13.750
-15.458
-19.317
-11.276
-7.148
-13.154
-6.296
-14.669
-9.676
-9.785
-10.002
-12.836
-12.210
-7.911
-6.462
-15.464
-9.361
-13.674
-3.808
-8.516
-8.157
-16.636
-14.418
-5.178
-9.135
-6.821
-5.278
-6.509
-8.616
-2.722
-5.609
-0.424
-13.758
-1.849
-5.865
-1.415
-6.063
-3.914
-10.559
-7.901
-9.492
-6.672
-7.540
-7.431
-11.832
-4.062
-6.430
-11.730
-2.904
-8.875
-9.853
-5.714
-10.213
-11.137
-8.021
-4.370
-5.222
-6.420
-9.702
-10.036
-4.682
-3.274
-10.066
-10.759
-4.999
-19.419
-17.608
-9.441
-14.814
-24.818
-18.724
-9.339
-10.624
-20.385
-14.288
-11.064
-15.589
-23.422
-19.295
-9.374
-14.395
-26.413
-16.011
-9.474
-11.687
-19.825
-19.124
-9.011
-18.358
-28.411
-19.665
-8.157
-9.259
-19.002
-17.439
-7.095
-10.940
-19.467
-15.376
-7.513
-7.426
-22.695
-17.562
-14.063
-11.926
-22.831
-19.600
-11.886
-11.691
-21.628
-25.222
-11.833
-11.398
-11.682
-19.982
-12.030
-7.889
-16.996
-20.897
-7.091
-11.282
-8.868
-20.427
-8.479
-12.974
-19.409
-22.663
-8.364
-7.845
-18.249
-20.840
-9.596
-12.032
-7.854
-22.896
-9.717
-13.463
-21.028
-24.486
-10.124
-5.691
-20.015
-17.899
-3.747
-8.933
-2.688
-18.829
-6.731
-13.920
-8.683
-11.786
-8.800
-12.668
-8.779
-21.962
-7.691
-10.180
-6.889
-19.217
-8.434
-6.880
-9.599
-17.214
-3.413
-8.019
-7.513
-21.018
-7.862
-7.952
-7.946
-15.332
-7.527
-10.814
-12.341
-18.881
-3.962
-9.570
-8.847
-11.405
-10.251
-7.284
-9.469
-20.061
-6.246
-4.958
-9.708
-10.266
-10.550
-4.999
-8.240
-7.376
-14.392
-10.598
-9.531
-10.986
-13.914
-10.123
-7.527
-12.735
-10.929
-6.793
-1.439
-7.902
-14.580
-9.277
-11.699
-12.461
-18.326
-7.422
-10.110
-13.059
-11.790
-7.477
-5.840
-10.169
-9.728
-6.691
-7.328
-11.258
-11.879
-10.896
-12.776
-11.206
-6.997
-8.010
-13.524
-9.834
-6.190
-6.067
-6.898
-8.687
-5.294
-9.397
-10.664
-7.691
-5.473
-7.648
-10.179
-10.536
-4.162
-9.659
-6.273
-12.062
-8.972
-8.466
-11.258
-11.984
-5.419
-8.193
-6.853
-14.018
-9.404
-13.663
-6.027
-12.120
-8.999
-11.052
-5.482
-20.221
-3.463
-10.415
-9.139
-11.647
-8.473
-5.201
-17.470
-14.696
-13.537
-15.061
-18.130
-18.631
-16.275
-9.450
-18.093
-16.309
-5.839
-8.979
-15.082
-19.642
-13.061
-5.057
-16.294
-13.560
-13.223
-4.963
-14.240
-11.643
-14.972
-11.385
-18.966
-19.557
-11.178
-11.731
-16.838
-16.333
-15.521
-6.177
-18.737
-15.400
-15.713
-8.071
-15.782
-9.904
-10.194
-16.448
-9.511
-13.588
-8.683
-14.478
-5.757
-6.818
-11.228
-20.363
-6.507
-16.729
-7.102
-16.452
-9.915
-10.229
-12.316
-13.924
-6.102
-10.789
-5.032
-16.615
-8.477
-14.903
-6.156
-12.677
-9.370
-16.315
-11.439
-13.360
-8.743
-14.525
-6.455
-17.216
-9.138
-16.749
-11.737
-16.619
-10.559
-11.959
-12.342
-7.464
-10.266
-12.668
-11.316
-6.196
-10.318
-12.013
-17.027
-6.539
-8.939
-8.828
-12.838
-6.614
-13.725
-8.218
-14.772
-8.501
-11.869
-8.696
-12.884
-7.229
-10.640
-9.507
-7.180
-3.555
-13.045
-9.198
-13.570
-3.189
-11.200
-12.279
-15.246
-4.773
-9.870
-10.497
-14.715
-8.081
-12.561
-11.102
-7.420
-19.154
-6.076
-21.963
-4.382
-9.650
-11.750
-18.219
-5.815
-20.555
-10.488
-22.598
-11.107
-15.206
-6.683
-21.764
-5.913
-13.438
-11.777
-17.420
-9.492
-12.751
-6.684
-21.369
-7.018
-16.170
-8.586
-20.170
-5.429
-12.115
-5.661
-22.870
-12.983
-15.532
-7.869
-21.189
-10.474
-13.102
-10.497
-15.203
-3.875
-10.546
-15.383
-17.328
-3.294
-8.728
-15.852
-17.280
-4.929
-9.086
-12.779
-16.635
-10.444
-12.208
-15.255
-17.515
-4.447
-10.018
-18.997
-16.590
-4.598
-9.074
-18.985
-9.292
-4.895
-4.987
-13.775
-11.178
-7.945
-8.493
-16.281
-17.362
-2.933
-11.653
-14.977
-15.225
-7.721
-12.840
-16.438
-19.505
-19.537
-9.997
-14.679
-8.542
-14.151
-2.376
-17.864
-8.025
-17.947
-6.611
-17.435
-10.475
-22.205
-7.486
-20.593
-7.074
-19.055
-11.117
-22.280
-8.407
-10.387
-1.009
-11.835
-5.011
-12.684
-8.228
-14.434
0.084
-6.654
-3.744
-13.525
-5.492
-11.195
-6.866
-19.542
-4.687
-17.790
-2.864
-13.325
-5.599
-14.725
-6.565
-13.491
-4.241
-14.719
-6.990
-13.972
-8.981
-9.196
-7.546
-12.191
-6.163
-13.283
-9.144
-15.447
-4.325
-17.677
-7.332
-11.869
-9.065
-8.097
-10.184
-8.791
-12.176
-5.439
-5.979
-6.009
-11.276
-8.740
-7.980
-5.362
-9.184
-3.089
-6.506
-7.268
-6.586
-5.173
-7.408
-8.842
-7.480
-6.019
-10.912
-10.430
-9.975
-10.840
-8.466
-11.690
-13.408
-8.574
-11.493
-7.922
-10.562
-9.137
-6.064
-8.881
-11.729
-7.983
-8.275
-13.576
-13.146
-6.786
-8.066
-10.351
-9.679
-10.052
-6.564
-1.568
-9.733
-5.985
-10.146
-9.257
-7.772
-7.795
-9.401
-7.696
-8.452
-6.929
-10.010
-2.236
-4.417
