2.101
7.243
4.218
3.913
4.520
3.760
-0.151
6.371
8.827
8.266
5.361
7.878
5.471
-0.034
2.543
3.316
5.639
2.265
1.164
3.328
6.488
2.798
6.414
4.647
5.051
6.600
5.286
5.860
6.953
3.986
4.562
5.299
3.557
3.341
2.267
2.752
1.849
6.993
4.565
4.629
9.853
9.281
12.060
10.935
11.249
12.815
12.306
11.538
12.005
10.967
4.809
5.515
3.930
4.256
3.848
4.059
2.133
6.314
3.539
6.330
2.933
5.931
3.292
5.644
3.350
3.532
5.217
7.595
3.997
6.044
7.122
9.169
6.384
5.622
5.096
7.755
6.303
6.861
7.498
9.395
5.112
4.547
4.587
3.192
3.829
4.194
4.882
4.407
4.714
4.001
6.677
6.899
6.025
4.244
6.102
5.337
4.523
5.917
6.063
4.962
10.693
9.968
11.628
10.713
11.539
10.970
14.357
14.170
11.077
10.615
7.482
8.405
5.234
5.966
7.928
10.553
4.519
5.743
7.220
8.635
3.565
2.827
1.760
1.833
3.128
-1.553
3.596
0.169
2.742
2.060
4.387
5.591
6.732
6.131
3.365
4.035
7.412
1.295
3.015
2.186
5.792
6.930
4.969
3.434
5.378
6.761
4.756
4.530
7.413
3.590
9.996
10.241
9.783
5.896
5.794
10.147
8.122
9.677
8.805
7.739
7.256
5.653
5.690
5.390
4.987
7.297
6.319
6.386
5.403
5.014
5.473
4.541
3.058
5.971
3.444
3.127
6.281
4.531
2.544
4.035
0.394
7.603
6.156
6.622
6.191
4.967
2.583
4.810
3.579
0.728
-1.371
3.828
5.849
5.503
4.988
8.206
4.291
6.645
3.186
3.035
2.518
7.534
2.446
-0.804
4.324
1.904
7.760
9.092
6.017
8.622
3.630
4.674
4.313
5.684
5.213
4.948
3.207
6.988
5.664
7.201
3.215
5.062
5.085
1.056
5.434
4.284
3.108
2.806
3.363
4.417
-1.031
2.076
2.555
2.382
4.153
4.997
3.224
4.853
4.143
6.728
7.460
4.891
5.518
4.729
5.464
8.088
4.294
6.441
6.373
3.792
6.070
6.040
7.127
5.590
6.896
8.301
3.540
3.656
5.097
0.932
5.623
4.490
4.771
6.377
6.536
7.868
5.543
6.003
4.788
2.140
4.086
5.977
5.574
5.612
3.406
2.865
5.377
4.165
5.450
6.230
7.615
4.505
6.708
7.579
5.367
7.241
5.873
6.536
4.217
4.188
5.679
7.514
6.558
4.251
6.655
7.830
4.729
3.514
7.486
5.264
4.647
8.175
6.668
-1.860
4.077
1.880
4.461
2.355
2.348
3.790
6.016
4.783
3.061
2.330
3.161
4.944
4.350
5.025
2.996
6.541
5.365
3.990
4.700
1.902
3.807
1.703
4.400
4.353
2.715
3.040
2.596
5.512
1.460
1.872
4.194
6.624
1.053
3.688
2.462
4.850
