-7.228
-7.130
-7.411
-6.072
-3.342
-6.324
-5.545
-6.216
-8.240
-8.664
-7.787
-6.191
-8.122
-7.261
-6.911
-7.324
-9.481
-4.391
-6.125
-5.150
-6.458
-7.521
-7.677
-5.290
-8.342
-6.261
-8.359
-7.225
-6.096
-5.292
-7.205
-7.325
-3.313
-2.245
-6.014
-5.175
-6.744
-3.984
-3.683
-5.318
-1.982
-2.758
-1.917
-4.353
-3.109
-4.887
-1.993
-6.223
-3.250
-7.768
-5.048
-5.034
-2.955
-3.474
-2.521
-5.802
-1.524
-3.086
-3.925
-6.946
-1.840
-3.497
-2.420
-3.220
2.368
-2.621
-0.841
-3.739
-0.353
-4.693
2.375
-0.630
0.113
-3.496
-0.629
-4.251
-0.048
-4.060
-0.655
-2.661
8.715
-1.551
1.968
5.380
3.507
1.187
2.081
3.257
10.336
1.964
2.227
5.058
7.840
3.059
1.904
3.655
12.910
2.670
1.810
5.091
6.464
1.789
2.515
4.295
6.351
0.006
1.822
1.811
3.289
-2.428
1.250
2.853
11.140
4.107
2.870
5.120
11.892
2.494
2.864
6.312
7.545
2.618
3.372
5.915
4.980
1.325
2.127
2.094
5.583
2.331
2.013
0.507
8.671
3.659
2.881
3.683
3.496
1.622
1.745
0.708
5.798
0.955
2.247
1.702
3.077
0.899
0.992
-0.968
6.490
2.081
2.728
3.830
4.047
2.124
1.699
0.548
6.022
2.238
2.921
3.001
4.836
0.812
2.225
2.020
4.564
1.014
1.980
2.279
7.552
2.794
3.555
4.024
5.243
0.926
2.130
3.742
6.675
1.494
2.560
4.508
4.604
1.986
2.987
3.994
5.463
2.823
2.613
3.415
3.828
-0.310
1.611
1.944
4.918
0.778
2.187
3.545
-0.763
0.149
0.954
-2.785
8.032
3.319
2.590
1.270
11.917
1.834
2.331
4.747
9.644
1.028
2.538
5.518
10.434
1.154
0.880
4.455
11.521
1.709
2.002
3.331
7.697
0.860
1.280
2.946
6.064
-3.659
-0.159
2.002
8.267
-0.150
1.618
1.856
7.792
-1.264
0.427
2.183
8.264
0.958
1.467
0.457
10.556
5.765
2.252
1.508
9.345
4.610
2.185
3.033
11.066
4.968
1.009
1.402
10.447
3.893
1.830
1.945
9.414
2.861
0.930
1.103
10.952
4.995
0.615
1.290
10.492
5.300
2.493
2.356
7.533
1.766
0.747
0.553
9.702
5.166
2.495
2.195
10.715
4.916
1.797
2.147
7.231
0.423
3.614
2.093
8.942
1.643
4.098
2.347
7.324
2.644
3.028
1.735
10.724
1.372
4.178
2.626
10.907
3.009
3.587
3.231
7.245
1.586
3.423
1.889
11.572
3.515
4.237
3.473
10.692
1.479
4.636
1.643
7.415
1.548
2.228
1.969
11.835
3.328
4.172
3.111
10.754
3.572
1.646
1.737
9.599
5.004
2.836
1.314
10.815
1.529
2.186
1.198
10.254
1.130
-0.065
0.457
3.815
-0.452
0.406
-0.029
11.100
2.665
2.455
1.325
10.813
3.610
2.611
2.046
6.463
2.106
1.299
1.631
9.823
1.530
-0.115
0.683
8.327
3.724
1.768
1.563
10.592
5.088
4.168
2.173
8.024
3.103
2.059
1.876
10.048
4.321
2.597
2.162
8.965
2.781
2.501
2.254
8.365
4.351
3.683
3.060
6.299
3.301
3.081
1.014
9.427
2.412
0.962
0.996
6.687
2.012
1.350
1.617
7.259
2.826
0.988
1.836
7.855
2.456
1.424
1.921
5.386
-1.684
-1.565
3.848
-2.791
-2.065
3.377
-1.521
-3.394
5.806
-2.321
-1.817
3.146
-1.930
-2.050
3.442
-3.159
-5.502
5.569
-2.476
0.356
6.343
-1.249
0.625
5.887
-1.196
-1.501
4.160
-1.609
-3.761
7.061
0.233
-0.351
8.816
-0.622
-0.699
7.786
0.145
-0.299
10.003
0.788
2.421
7.587
-1.144
-1.636
8.218
0.824
-0.010
4.584
-0.164
-1.641
3.453
-1.786
-4.538
11.563
0.401
-0.217
6.493
0.128
-4.829
5.895
-0.190
0.538
6.154
-0.062
3.265
6.300
0.134
1.475
1.894
-0.028
-1.765
3.849
-2.968
-0.987
7.615
-0.948
-0.354
3.592
-2.331
-0.896
0.506
-0.939
-0.960
7.617
0.877
2.082
3.050
-0.866
-1.142
3.874
-0.188
-0.987
6.497
1.386
0.618
3.109
-0.402
0.228
-0.422
-0.195
-1.989
3.919
0.467
1.158
4.048
1.110
-0.511
3.516
0.979
-0.300
8.638
2.805
1.644
4.800
1.542
0.571
7.932
2.760
1.942
-1.176
-1.557
0.527
3.406
0.095
1.048
2.495
0.600
1.697
0.972
-2.666
-0.726
2.134
0.813
0.795
2.282
-2.721
-0.377
1.115
-0.586
0.246
0.691
-0.975
-2.428
6.278
1.791
2.607
6.349
2.850
3.571
5.722
2.230
-0.211
9.784
4.311
2.466
6.633
1.063
0.862
5.782
0.371
-0.960
6.113
2.722
0.263
4.484
1.169
0.741
9.245
4.034
3.493
7.843
2.208
2.313
5.866
1.752
1.183
4.080
1.796
-0.825
-8.392
-6.092
-5.358
-10.525
-8.101
-9.078
-6.406
-5.761
-11.159
-10.288
-10.448
-9.367
-7.088
-10.421
-10.455
-8.601
-7.030
-4.784
-10.883
-9.760
-8.040
-8.684
-5.405
-11.808
-8.081
-11.565
-8.963
-9.080
-12.104
-11.179
-6.815
-6.535
-5.622
-8.920
-6.393
-6.204
-4.405
-3.174
-7.352
-5.945
-6.905
-4.385
-5.096
-12.720
-6.817
-7.564
-5.345
-4.653
-9.804
-8.342
-9.708
-8.674
-8.278
-9.191
-9.565
-12.618
-7.937
-9.035
-7.126
-9.599
-10.089
-7.121
-5.934
-6.369
-8.130
-10.386
-7.274
-6.319
-7.061
-7.792
-11.745
-8.528
-8.774
-9.963
-10.798
-12.066
-8.079
-7.228
-9.107
-8.797
-8.946
-9.220
-7.286
-8.536
-8.060
-6.943
-6.538
-6.604
-5.657
-8.086
-7.328
-6.670
-4.505
-6.144
-6.335
-10.444
-7.445
-6.696
-7.327
-10.029
-4.913
-2.230
-2.024
-8.411
-4.533
-6.845
-5.484
-2.983
-9.654
-4.271
-7.514
-7.084
-3.672
-11.880
-3.182
-5.204
-2.784
-2.798
-10.639
-2.380
-3.873
-8.004
-0.577
-10.537
-4.384
-7.923
-5.028
-2.317
-9.026
-5.117
-4.280
-5.346
-2.121
-9.972
-3.590
-6.250
-4.959
-4.378
-8.796
-4.716
-4.074
-4.051
-1.560
-8.363
-1.946
-10.447
-8.085
-5.125
-15.600
-8.319
-11.101
-7.648
-8.326
-6.684
-5.273
-5.986
-6.125
-6.242
-6.839
-4.857
-6.132
-6.659
-6.481
-4.720
-6.351
-9.173
-6.157
-6.479
-7.523
-6.795
-5.927
-6.364
-6.104
-6.568
-5.737
-5.105
-5.310
-4.487
-3.960
-4.042
-6.347
-11.495
-7.242
-12.281
-9.759
-6.627
-5.493
-5.253
-5.275
-3.039
-7.448
-6.008
-5.469
-9.471
-4.387
-8.906
-5.544
-6.211
-7.791
-3.653
-5.634
-8.783
-6.857
-8.196
-8.056
-3.793
-5.138
-4.346
-3.186
-5.708
-6.289
-7.133
-2.479
-5.469
-8.435
-6.584
-6.262
-4.196
-7.706
-8.431
-5.199
-6.822
-0.793
-3.612
-5.157
-5.689
-8.892
-4.226
-4.771
-7.721
-6.505
-4.041
-2.234
-7.027
-6.995
-7.533
-7.996
-5.908
-5.088
-7.464
-4.439
-3.665
-3.047
-5.511
-6.335
-6.739
-6.329
-2.700
-10.565
-9.239
0.405
1.786
-6.059
-0.641
-1.776
0.594
-0.479
-5.503
-2.225
-6.916
0.505
2.770
-6.334
-0.699
-3.907
-2.069
-1.404
-8.866
-1.319
-4.985
-2.324
0.261
-7.319
-0.099
-2.129
-0.736
0.156
-5.541
-0.874
-4.477
-0.495
-0.481
-7.673
-0.218
-5.740
-0.326
0.692
-5.257
-0.793
-3.120
0.694
-0.174
-6.251
-1.037
-4.824
-0.552
-2.448
-7.292
-1.651
-4.762
-7.497
-5.307
-9.032
-4.534
-6.189
-4.807
-3.898
-9.137
-1.571
-3.619
-6.108
-5.722
-7.647
-6.046
-5.635
-5.785
-6.021
-8.278
-4.883
-5.767
-5.985
-2.812
-8.470
-1.755
-2.463
-4.031
-5.322
-8.279
-4.325
-6.237
-7.374
-5.897
-8.104
-4.159
-4.560
-4.232
-6.291
-8.932
-3.630
-7.522
-6.172
-3.660
-8.884
-3.972
-3.408
-5.908
-4.325
-10.424
-4.673
-6.415
-0.802
-1.426
-1.960
-7.393
-5.919
-1.351
-2.806
-3.859
-6.672
-9.987
-1.732
-4.395
-2.109
-7.986
-9.342
-0.174
-2.701
-4.772
-4.347
-5.910
-0.204
-2.101
-5.381
-3.618
-7.085
-2.961
-5.278
-3.904
-5.317
-8.550
-3.272
-3.646
-3.275
-7.258
-6.731
-2.430
-1.265
-1.515
-4.213
-6.426
0.644
-1.989
-3.890
-3.875
-5.876
-1.215
-3.363
-3.778
-2.574
-6.551
-4.207
-1.262
-8.103
-5.105
-3.252
-0.640
-0.623
-7.001
-4.977
-5.119
-2.998
-0.467
-7.359
-5.399
-3.113
-1.336
-2.017
-6.627
-4.219
-4.514
-6.907
-2.860
-10.056
-3.529
-4.070
-1.723
-0.338
-6.066
-5.055
-2.280
-4.176
-1.622
-7.149
-4.121
-2.721
-0.981
-0.534
-6.477
-4.499
-3.399
-3.538
-0.244
-4.738
-5.062
-2.137
-4.573
-2.022
-6.635
-4.133
-3.190
-0.274
0.361
-0.723
-4.419
-4.046
-1.577
-0.438
-1.635
-2.849
-3.722
0.370
1.000
-2.675
-4.336
-4.020
-0.290
-1.286
-0.905
-5.358
-5.212
0.135
0.561
-0.022
-4.222
-4.301
-0.640
-1.961
-5.155
-3.290
-2.841
-1.983
-1.683
-5.968
-3.057
-4.508
-0.245
0.781
-1.647
-3.503
-1.732
-1.506
0.307
-4.939
-3.338
-3.887
-1.603
0.316
-4.031
-4.774
-4.490
-5.595
-6.945
-4.992
-6.407
-8.448
-7.856
-4.184
-11.723
-7.441
-5.759
-10.028
-4.767
-6.684
-7.151
-6.081
-5.068
-9.568
-7.791
-7.762
-7.781
-3.490
-5.572
-6.407
-6.288
-4.947
-6.512
-6.016
-2.308
-7.066
-6.412
-14.023
-8.384
-6.507
-9.067
-3.666
-2.431
-11.195
-4.311
-3.258
-14.385
-6.181
-5.853
-12.081
-3.887
-1.726
-13.260
-5.197
-5.031
-12.865
-3.082
-1.514
-10.919
-6.309
-3.190
-12.351
-4.805
-5.020
-12.991
-5.001
-2.241
-6.775
-8.401
-5.096
-9.695
-6.646
-3.744
-6.349
-6.577
-2.208
-7.083
-5.542
-1.781
-5.643
-6.144
-3.151
-6.850
-7.682
-4.229
-5.997
-8.475
-1.316
-7.108
-7.304
-3.118
-6.554
-4.439
-4.023
-6.602
-6.985
-1.786
-2.797
-2.120
-4.147
-2.148
-2.044
-4.005
-3.145
-1.987
-4.652
-1.358
-2.175
-5.873
-2.492
-3.218
-5.516
-0.325
-1.441
-4.142
-2.210
-2.955
-5.387
-2.456
-1.170
-4.439
-2.440
0.468
-2.130
-2.677
-2.179
-4.716
-3.766
-6.354
-6.539
-3.106
-4.430
-5.862
-4.306
-4.040
-5.742
-3.740
-3.881
-5.563
-4.811
-2.386
-4.175
-2.170
-5.287
-5.941
-4.198
-4.167
-4.764
-5.263
-5.448
-6.602
-3.979
-4.922
-5.911
-6.211
-4.085
-4.471
-5.166
-3.625
-7.320
-3.134
-1.967
-7.002
-6.370
-1.467
-4.629
-5.026
-2.427
-6.572
-4.499
-2.072
-7.360
-6.173
-3.174
-6.931
-6.960
0.118
-5.094
-8.210
-2.966
-6.575
-7.906
-3.436
-6.411
-5.096
-1.773
-6.572
