4.952
6.029
4.708
6.111
3.954
4.676
2.326
6.967
5.234
5.014
6.289
6.086
7.115
1.239
6.126
5.656
6.820
4.119
5.211
4.311
6.185
5.695
6.544
6.062
6.659
4.373
5.666
6.846
6.420
5.082
5.063
3.662
3.221
4.115
4.426
3.291
1.870
6.074
5.995
4.546
4.824
6.152
5.885
6.654
6.225
7.010
5.869
7.312
6.607
4.647
4.862
5.693
1.800
1.360
1.205
3.591
-1.524
3.082
5.042
2.928
2.105
2.531
1.597
3.055
2.423
2.465
1.909
2.025
2.322
1.581
4.042
3.640
4.379
0.399
4.032
4.474
2.894
2.348
4.413
2.812
0.665
2.562
1.892
-0.159
1.657
3.377
1.377
2.181
3.174
2.936
0.421
3.287
3.512
1.617
3.123
2.757
1.323
1.291
3.032
2.869
2.582
2.521
4.344
3.312
2.962
3.060
3.305
3.608
4.577
2.826
3.707
3.160
2.669
2.266
3.671
2.540
3.466
3.995
2.102
2.761
2.989
2.014
2.197
3.061
3.144
0.950
3.121
1.077
2.526
2.093
3.775
2.809
6.739
3.778
5.329
3.618
3.799
6.078
3.178
3.676
3.616
4.655
6.019
0.798
4.070
2.955
3.362
5.167
4.194
3.753
4.784
3.716
2.825
2.507
3.713
3.145
3.179
3.313
2.778
3.643
5.369
4.341
4.812
2.907
4.653
6.754
4.565
3.248
4.345
5.033
5.593
3.325
1.620
2.320
3.107
3.336
2.989
4.869
-0.022
2.753
3.195
6.191
6.555
5.829
6.733
7.031
6.274
6.544
4.878
0.852
-0.723
4.452
6.376
6.212
4.699
5.705
4.501
5.503
4.476
2.860
3.672
6.178
5.248
3.851
6.102
4.964
6.756
5.646
7.037
5.904
4.835
6.111
4.202
6.236
5.960
5.886
4.979
5.967
5.455
5.275
6.160
7.165
7.416
5.498
7.963
6.160
7.827
5.039
6.382
6.963
6.218
6.159
6.367
4.712
8.077
6.672
5.269
7.156
7.471
8.446
5.883
6.374
3.535
3.995
5.508
5.766
5.499
6.092
5.421
5.647
8.178
6.713
7.352
7.007
7.241
8.287
5.964
6.682
6.677
3.498
5.020
3.930
6.800
5.700
7.743
5.388
6.436
6.817
4.867
5.325
6.461
6.969
7.170
6.160
5.736
6.377
6.014
3.341
5.296
6.013
3.573
4.435
6.402
6.120
6.547
6.093
6.373
4.488
3.813
5.830
4.851
4.270
5.881
3.925
4.211
5.982
5.414
1.971
5.449
6.126
5.697
6.273
7.463
2.226
6.807
6.772
7.723
5.660
5.593
2.345
4.561
6.071
5.448
5.686
4.000
4.554
5.560
5.380
4.626
7.293
5.253
5.202
4.158
6.069
5.529
3.259
5.201
3.502
4.737
5.850
3.662
6.310
4.493
2.315
4.472
5.995
5.448
5.700
3.525
7.098
