-3.307
-1.440
-2.061
-2.738
-1.717
-1.796
-4.570
-1.181
-1.097
-0.797
-0.022
-2.291
-1.938
-3.486
0.168
-1.434
-2.512
-3.588
-0.874
-0.317
1.186
0.578
-0.881
-1.641
0.155
-1.430
-0.944
1.078
-0.908
-1.591
1.154
-1.430
-1.065
-0.400
2.326
-1.426
-0.955
1.813
0.890
0.597
-3.240
-0.340
-3.447
-4.534
0.088
-2.969
-3.405
1.212
-2.081
-3.587
1.536
-4.113
-5.167
0.369
-2.618
-2.433
1.766
-4.260
-2.593
0.826
-1.906
-2.588
1.260
-3.006
-2.553
-1.349
-3.967
-3.670
-0.686
-4.408
-0.829
-1.320
-5.833
-0.830
-1.282
-4.182
-3.206
-2.199
-4.345
-0.746
-3.029
-2.269
-3.847
-2.102
-2.083
-3.480
-0.248
-3.502
-3.953
-4.387
-2.733
-1.162
-1.240
-3.073
-1.429
-0.524
-3.177
-2.553
-0.006
-2.892
-3.194
-3.509
-2.413
-3.075
-3.448
-2.875
-3.511
-2.266
-3.736
-4.452
-3.455
-3.585
-2.894
-2.928
-4.396
-3.490
-4.011
-4.528
-3.859
-1.522
-2.734
-3.554
-1.672
-2.504
-4.106
-2.610
-3.330
-3.982
-2.267
-4.316
-3.159
-6.073
-4.422
-1.765
-2.666
-1.133
-4.375
-5.263
-4.371
-3.664
-4.050
-2.244
-4.436
-3.737
-3.060
-5.340
-5.522
-4.773
-3.341
-4.582
-2.179
-2.986
-3.830
-4.227
-4.797
-4.903
-3.779
-4.091
-4.542
-4.534
-0.979
-4.255
-0.104
-1.777
-4.768
0.442
-0.685
-2.559
-1.903
-0.586
-5.730
-2.556
-2.615
-3.453
-0.484
-2.353
-2.307
-0.999
-1.181
-4.338
-0.111
-3.802
-4.562
-1.263
-4.180
-4.991
-1.939
-2.964
-4.556
-2.325
-3.580
-4.926
-1.815
-3.180
-3.921
1.159
-3.381
-4.805
0.073
-2.323
-2.149
1.008
-5.222
-4.532
-0.351
-4.591
-4.410
-1.288
-4.610
-4.538
0.120
-3.987
-4.414
-2.320
-4.516
-4.449
-2.052
-3.392
-2.640
1.935
-2.540
-5.721
-3.519
-1.321
-3.466
-1.838
-1.493
-5.333
-1.350
-1.313
-3.737
-2.195
-0.971
-3.709
-3.122
-0.719
-4.704
-2.495
-1.362
-4.674
-3.198
-0.818
-3.762
-1.062
-1.706
-4.463
-1.765
-3.961
-4.516
-2.902
-0.622
-3.117
-3.098
0.656
-0.880
-0.254
-1.283
-3.626
-3.124
-0.903
-4.004
-3.846
-0.881
-2.139
-2.600
0.033
-3.854
-2.486
-0.403
-1.488
-3.373
-0.012
-2.785
-2.809
0.068
-4.149
-3.785
-1.451
-2.812
-1.206
-2.094
-2.817
-1.475
-2.484
-1.833
-3.219
-3.008
-2.431
-3.111
-0.168
-1.562
-3.162
-3.641
-1.625
-2.042
-2.589
-0.271
-3.571
-2.065
-2.443
-0.663
-2.334
0.118
-2.385
-0.479
-3.745
-0.048
-2.025
0.697
-2.876
0.007
-2.154
-1.748
-3.142
-0.873
-2.970
-3.207
-3.054
-2.447
-3.789
-4.365
-2.114
-2.904
-4.585
-4.220
-1.660
-2.437
-1.562
-3.895
-3.444
-4.306
-2.038
-2.893
-5.214
-3.024
-2.747
-2.721
-4.699
-5.026
-3.234
-2.685
-1.920
-1.881
-0.024
-2.033
-0.582
-2.293
-1.416
-1.126
-2.104
-1.367
-1.319
-3.847
-1.670
-2.095
-1.562
-1.077
-2.533
-3.023
-2.810
-1.211
-2.973
-0.814
-1.529
-2.319
-2.682
-1.976
-0.014
0.821
-1.462
-1.979
-2.952
-2.860
-1.489
-2.528
-1.649
-2.045
-1.990
-1.115
-0.813
-0.768
-3.875
-2.707
-2.121
-5.318
-1.268
-2.645
-2.255
-1.177
-2.334
-1.921
-3.061
-2.720
-2.683
-1.145
-1.779
-2.620
-1.627
-1.154
-4.287
-1.792
-2.412
-2.215
-3.752
-1.527
-3.343
-2.625
-3.070
-2.910
-2.188
-2.465
-2.908
-2.066
-3.371
-1.536
-4.844
-2.891
-2.300
-2.986
-4.125
-1.534
-2.864
-2.762
-4.546
-2.791
-4.432
-4.509
-3.590
-2.098
-2.515
-1.899
-5.334
-3.782
-3.776
-2.891
-6.102
-2.609
-3.454
-3.159
-2.967
-4.280
-4.916
-3.209
-2.206
0.036
-2.165
-2.196
-3.984
-2.842
-2.902
-1.826
-4.895
0.170
-3.407
-2.699
-5.474
-0.456
-3.386
-2.449
-4.106
-0.752
-2.977
-0.580
-4.173
-1.362
-2.751
-2.902
-5.041
-2.210
-3.094
0.395
-5.618
0.011
-3.792
-2.435
-4.734
-2.621
-1.526
-2.974
-4.142
-1.658
-1.288
-3.324
-1.427
-1.038
-4.578
-2.387
1.833
-2.313
-5.289
-2.803
-1.493
-2.765
-3.035
-2.740
-0.746
-2.702
-3.723
-3.358
-1.067
-0.350
-4.239
-4.287
-1.889
-2.440
-3.321
-4.197
0.357
-0.672
-2.745
-3.821
-0.362
-2.650
-5.135
-3.897
0.127
-3.950
-2.986
-3.706
-1.867
-2.715
0.888
-2.003
-3.398
-3.273
-0.816
0.460
-2.064
-3.928
-1.795
0.146
-2.552
-2.640
-1.211
-0.399
-3.026
-3.037
-0.745
0.555
-2.044
-3.410
-0.487
-1.046
-1.794
-4.215
-0.349
-0.413
-1.095
-3.444
-0.575
-0.985
-3.032
-3.003
0.041
0.093
-1.565
-2.519
-1.826
-1.369
-2.666
-0.776
-1.503
-3.429
-0.723
-2.019
-1.238
-2.125
-0.169
-0.310
-2.058
-3.018
0.469
-0.244
-2.458
-0.553
-0.224
0.389
-2.282
-1.323
-0.988
-0.596
-1.579
-1.390
-0.951
-0.577
-1.546
-1.535
-0.437
-0.885
-6.109
-1.704
-0.571
0.041
-2.646
-2.540
-3.080
-0.590
-2.716
-2.078
-1.424
-0.918
-3.102
-2.629
-2.373
-1.880
-4.179
-3.774
-4.319
-2.680
-2.781
-3.114
-2.651
0.858
-4.180
-2.819
-2.757
-1.259
-1.990
-2.539
-2.844
-2.100
-2.600
-2.792
-2.842
-2.874
-3.294
-4.451
-2.294
-1.540
-3.710
-2.598
-3.657
-1.020
-3.168
-2.710
-3.490
-2.488
-2.826
-1.535
-4.186
-2.047
-3.776
-1.319
-3.429
-1.702
-2.849
-1.208
-1.551
-3.079
-3.672
-0.842
-3.046
-1.654
-3.598
-0.905
-4.257
-2.915
-4.504
-2.090
-1.960
-1.723
-3.300
0.136
-1.772
-2.170
-1.686
-1.084
-1.658
-2.342
-2.515
-1.620
-3.632
-4.442
-3.279
-3.101
-1.827
-2.800
-4.130
0.592
-1.188
-2.891
-3.767
-2.574
-1.176
-3.131
-2.186
-2.154
-2.477
-2.861
-2.999
-2.056
-0.883
-3.176
-1.381
-3.976
-1.319
-2.376
-2.982
-2.096
-0.367
-2.856
-3.484
-1.940
-1.867
-2.692
-3.068
-2.543
-1.116
-3.677
-2.770
-3.511
-1.831
-3.340
-1.727
-2.192
-1.455
-2.455
-4.559
-2.492
-1.839
-1.342
-1.852
0.636
-4.794
-1.937
-0.002
-2.384
-4.502
-2.268
-1.893
0.136
-4.451
-3.942
-2.023
-1.612
-4.275
-3.095
-1.006
-1.521
-4.153
-2.546
0.543
-0.317
-2.598
-3.609
-2.800
-0.954
-5.195
-3.461
-1.987
0.364
-4.066
-3.139
-1.052
-0.352
-4.748
-3.350
-0.777
-1.638
-1.727
0.013
-2.968
-1.765
-2.718
0.048
-2.053
-3.771
-3.754
-0.729
-2.567
-2.817
-1.776
-2.124
-1.589
-4.140
-3.793
-0.393
-2.044
-3.564
-2.403
-0.863
-2.460
-3.704
-0.683
-0.090
-0.143
-3.462
-1.298
-2.497
-2.536
-3.765
-2.890
-0.391
-4.204
-2.757
-3.609
-0.480
-2.763
-2.679
-3.327
-2.384
-2.251
-2.620
-2.952
-1.802
-1.375
-3.181
-2.259
-2.156
-2.184
-2.796
-2.709
-2.055
-2.251
-3.198
-2.127
-3.368
-1.997
-4.351
-2.239
-3.071
-1.220
-2.267
-1.625
-2.436
-0.330
-3.903
0.781
-1.324
-2.279
-3.422
-0.969
-3.625
-0.625
-1.923
-0.152
-3.565
-0.611
-3.113
-0.058
-2.294
-0.286
-1.478
0.084
-1.838
-2.512
-2.297
-1.548
-1.077
-0.960
-0.812
-0.496
-2.511
-1.291
-3.402
-0.485
-2.196
-1.510
-2.589
-2.742
-3.037
-3.031
-3.883
-2.664
-3.799
-1.408
-2.394
-2.718
-3.421
-1.834
-3.047
-1.403
-1.549
-2.546
-2.105
-2.001
-2.282
-3.207
-1.919
-1.430
-3.495
-2.609
-4.735
-2.170
-3.577
-0.880
-3.200
-1.465
-1.629
-1.415
-2.595
-2.291
-2.668
0.034
-2.457
-0.333
-4.262
-0.940
-2.817
-2.308
-3.263
-1.867
-2.724
-1.418
-1.098
-2.214
-1.098
-2.635
-3.270
-3.789
-2.553
-2.625
0.209
-4.113
-3.460
-2.214
-0.044
-2.938
-1.306
-2.612
