-4.553
-5.256
-2.010
-4.869
-3.352
-3.980
-2.978
-4.907
-3.134
-5.733
-3.030
-3.848
-4.734
-4.867
-3.258
-6.552
-2.945
-3.276
-1.942
-3.776
-4.943
-2.833
-2.015
-2.097
-5.121
-3.583
-3.038
-3.601
-1.125
-2.744
-3.685
-3.645
-3.678
-2.222
-4.453
-3.377
-2.949
-3.075
-2.756
-4.467
-2.594
-0.651
-0.511
-4.297
-2.441
-2.633
-0.607
-2.009
-1.568
-3.634
-3.303
-1.729
-4.409
-3.273
-3.253
-4.364
-2.130
-4.094
-1.582
-3.115
0.192
-3.266
-1.768
-2.576
-0.487
-3.279
-1.422
-3.668
-0.469
-3.287
1.690
-1.630
0.640
-1.809
0.588
-2.289
-1.140
-2.518
-1.255
-1.259
-3.311
-4.602
-3.426
-3.276
-1.499
-5.142
-2.774
-1.647
-2.215
-5.123
-4.933
-2.394
-4.297
-3.853
-3.527
-4.027
-4.089
-5.061
-3.798
-1.700
-3.294
-3.753
-1.490
-1.376
-2.691
-1.413
-2.473
-3.266
-3.646
-3.577
-3.067
-0.281
-3.533
-4.370
-4.925
-2.108
-2.651
-4.334
-3.502
-1.849
-0.999
-3.653
-2.766
-3.558
-0.312
-3.548
-4.233
-3.966
-0.506
-4.206
-4.243
-3.932
-0.150
-1.708
-3.161
-4.072
-0.553
-3.062
-3.521
-4.714
-0.264
-3.661
-3.902
-3.387
-0.059
-2.554
-4.762
-4.608
-1.040
-3.816
-4.867
-4.312
-2.856
-2.867
-4.126
-2.511
-1.741
-1.852
-2.380
-2.898
-0.929
-1.894
-0.898
-3.073
-0.928
-3.275
-2.935
-2.640
0.572
-3.053
-2.752
-2.589
0.644
-3.193
-3.691
-1.992
0.883
-3.821
-3.116
-2.556
-1.790
-2.686
-3.139
-1.467
0.069
-1.743
-2.316
-1.708
-1.578
-3.197
-2.414
-2.087
-0.959
-1.634
-3.227
-2.415
-0.526
-2.626
-1.956
-3.036
-2.169
-0.121
-0.296
-2.482
-2.859
-2.402
-0.784
-1.240
-3.397
-3.644
-1.557
-2.569
-3.169
-2.506
-2.987
-1.455
-3.552
-3.427
-1.635
0.568
-4.024
-1.506
-2.463
-1.163
-2.513
-4.372
-2.160
-0.189
-1.403
-2.885
-2.047
1.198
-2.136
-2.997
-2.670
-1.329
-3.657
-2.694
-2.117
-2.201
-2.786
-0.427
-2.500
-4.972
-2.887
-2.039
-3.300
-2.785
-1.953
0.674
-2.167
-1.341
-3.193
-1.292
-2.239
-2.618
-2.023
-2.901
-2.253
-1.972
-2.145
0.131
-2.035
-3.583
-1.945
-2.780
-3.574
-1.638
-1.987
-2.315
-2.349
-1.838
-1.076
0.113
-2.294
-3.436
-3.583
-1.914
-3.127
-3.974
-4.347
-2.646
-0.124
-1.461
-2.179
-1.953
-0.321
-2.966
-3.621
-2.351
-1.160
-2.834
-3.253
-2.734
0.468
-1.439
-1.726
-3.805
-1.466
0.724
-3.903
-2.836
-1.337
-1.434
-3.354
-1.538
-1.786
-2.584
-1.526
-2.116
-0.171
-3.007
-0.913
-2.590
-2.320
-1.556
-1.631
-2.140
-1.559
-0.248
-2.636
-2.693
-2.079
-2.019
-3.387
-1.755
-1.510
-1.296
-2.198
-2.529
-5.439
-1.390
-2.870
-4.990
-2.616
-2.032
-2.375
-5.241
-3.432
-2.579
-3.565
-4.515
-3.646
-3.373
-3.538
-4.856
-1.451
-2.068
-2.361
-3.013
-3.575
-0.239
-2.267
-3.543
-1.489
-1.326
-3.510
-3.004
-3.715
-0.471
-0.344
0.400
-2.850
-2.896
-0.803
0.296
-3.397
-1.917
-0.728
0.385
-5.087
-4.253
0.757
-0.523
-4.654
-3.455
-0.698
0.617
-3.591
-0.325
-2.775
1.106
-3.315
-2.374
-2.047
-3.019
-3.876
-4.786
-0.116
0.115
-4.799
-1.814
0.019
-1.266
-3.510
-2.718
-1.120
-1.686
-5.072
-2.889
-4.054
-2.607
-3.749
-3.309
-3.619
-4.015
-2.355
-3.323
-2.614
-2.506
-3.940
-4.903
-2.875
-4.231
-4.455
-3.280
-3.864
-4.854
-2.801
-2.797
-3.346
-4.957
-3.422
-4.355
-3.255
-1.606
-4.449
-1.771
-2.272
-5.694
-3.069
-1.640
-2.233
1.119
-3.339
-4.447
-1.557
-2.065
-3.084
0.515
-1.275
-3.003
-2.413
-5.256
-3.576
-0.500
-3.016
-4.450
-1.766
-1.610
-3.305
-1.747
-3.985
-3.410
-1.625
-2.170
-3.145
-1.216
-1.845
-4.327
0.823
-4.562
-5.756
1.124
-1.468
-3.697
0.627
-1.388
-2.162
0.541
0.412
-2.515
-2.107
-2.728
-2.725
-0.214
-0.673
-1.637
-1.869
-2.464
-1.475
-1.961
-2.666
-2.388
-0.239
-0.091
-3.080
-0.195
-1.330
-3.112
-0.960
-1.552
-1.852
-0.170
-2.015
-2.617
-0.062
-2.770
-2.931
1.175
-0.543
-2.737
0.535
-3.367
-0.341
-1.964
-0.843
-3.715
-0.544
-1.715
-2.909
0.739
-1.683
-1.606
0.432
-1.077
-1.704
0.720
-3.018
-3.199
-2.254
-3.012
-0.741
-4.304
-4.015
-3.120
-3.801
-5.417
-2.197
-1.392
-3.493
-1.931
-3.724
-4.999
-2.738
-0.502
-3.644
-2.816
-1.190
-4.794
-1.500
-1.644
-3.176
-2.081
-1.904
-4.461
-2.697
-2.550
-4.644
-1.966
-0.369
-3.751
-2.606
0.276
-2.757
-1.942
1.431
-1.696
-0.908
-1.394
-2.929
-2.296
-1.240
-2.371
1.500
0.302
-0.147
-2.111
-0.319
-0.492
-1.366
-1.026
-1.129
0.643
0.188
-2.833
-1.419
-0.873
-1.471
-1.503
-3.176
-3.303
-4.496
-2.674
-1.212
-2.093
-1.657
-2.410
-2.638
-5.105
-3.422
-3.572
-3.701
-1.420
-2.194
-2.830
-2.088
-3.145
-1.833
-3.212
-1.989
-4.659
-3.870
-3.995
-2.516
-3.759
-3.365
-4.502
-3.107
-3.473
-1.364
-3.974
-3.887
-3.656
-1.671
-2.767
0.189
-2.701
-0.824
-3.724
-1.303
-1.630
-3.447
-3.609
-3.414
-2.661
-2.444
-4.304
-0.985
-3.723
-3.636
-3.310
-3.071
-0.353
-1.473
-3.823
-3.431
-3.328
-1.744
-2.189
-3.150
-2.591
-5.263
-0.608
-0.066
-4.611
-3.854
-3.903
-1.890
-2.420
-4.534
-3.175
-4.840
-1.837
-0.895
-2.541
-1.762
-2.990
-1.303
-1.507
-3.559
-3.132
-4.073
-0.936
-0.813
-1.408
-1.716
-3.824
0.670
-2.081
-2.610
-3.197
-2.678
-1.826
-1.785
-4.192
-3.206
-3.643
-1.542
-2.463
-2.965
-2.836
-5.308
-3.799
-2.979
-3.841
-2.907
-3.904
-3.174
-1.473
-4.367
-4.420
-4.696
-3.606
-0.458
-2.869
-2.368
-4.354
-4.721
-3.383
-0.272
-4.758
-1.270
-4.946
-0.541
-3.343
-3.384
-2.878
-4.151
-1.022
-2.098
-4.251
-3.963
-4.938
-2.924
-2.670
-3.379
-3.282
-3.682
-2.554
-2.959
-3.116
-2.702
-3.297
-3.083
-3.380
-3.145
-2.383
-5.335
-2.622
-3.725
-2.197
-6.104
-1.146
-1.998
-3.449
-1.507
-3.849
-1.743
-0.257
-3.289
0.027
-3.656
-1.124
-2.144
-4.195
-4.499
-3.318
-2.051
-1.815
-2.408
-2.466
-3.809
-2.334
-2.564
-0.837
-2.330
-3.790
-0.969
-2.412
-2.962
-3.265
-2.575
-2.566
-3.283
-3.096
-1.824
-3.705
-2.382
-0.922
-4.117
-2.180
-2.558
-3.571
-1.376
-4.078
-2.444
-4.341
-3.253
-0.568
-1.450
-4.082
-5.269
-1.405
-3.958
0.230
-3.336
-2.912
-0.319
-3.429
-0.560
-2.122
-1.686
-0.242
-2.863
-0.388
-2.175
-3.866
-2.889
-2.407
-1.165
-2.334
-0.010
-0.393
-4.274
-0.859
-2.738
-4.013
-1.465
-2.768
-1.133
0.179
-0.504
-3.509
-4.556
-1.988
-3.553
-4.699
0.120
-2.875
-2.450
-3.110
-4.859
-2.444
-4.248
-1.601
-3.675
-4.143
-1.544
-4.218
-0.247
3.269
-2.541
2.024
-1.394
-0.685
1.474
-2.713
-0.476
-2.412
-0.491
1.831
-2.599
0.348
-0.206
-0.581
1.049
-3.919
1.248
-1.806
-3.176
0.557
-3.414
0.109
-2.322
0.143
1.166
-1.814
-0.181
-1.518
0.137
0.754
-1.283
1.307
-2.853
-2.148
-0.626
-0.610
-1.095
-1.393
0.790
0.494
-2.098
-0.135
-1.988
-2.125
-0.806
-2.652
0.433
-2.334
-2.613
-4.434
-2.519
0.576
-2.063
-3.420
-3.849
-3.015
-0.075
-0.944
-1.946
-3.731
-2.185
-2.819
-3.482
-2.106
-3.988
-1.879
-1.101
-1.646
-3.639
-4.835
-2.880
-0.651
-2.328
-0.931
-5.583
-2.012
-1.575
-2.890
-2.447
-4.408
-3.359
-1.350
-1.648
-0.925
-3.797
-2.359
-0.717
-2.323
-0.730
-5.284
-2.285
-0.112
-1.213
-2.035
-4.967
-2.511
-0.868
-3.985
-2.204
-1.401
-1.986
-3.652
-4.463
-0.173
-1.303
-3.591
-3.142
-4.262
0.752
-1.250
-3.526
-2.352
-3.098
-0.775
-1.599
-3.963
-2.508
-3.492
-0.086
-0.872
-3.377
-1.904
-4.644
1.156
-2.182
-2.141
-1.345
-3.653
0.095
-1.770
-2.497
-1.909
-3.112
-1.474
-0.992
-3.058
-1.264
-4.152
0.371
-2.847
-2.768
-4.233
-3.187
0.447
-1.508
-2.476
-0.663
-4.050
-2.680
0.378
-0.957
-2.217
1.755
-3.216
-1.361
-2.054
-3.884
-1.354
-1.867
-0.353
-1.685
-3.788
-1.709
-1.739
-1.320
-2.979
-3.797
-2.486
-1.318
-0.238
-1.668
-1.144
-0.742
-0.035
0.682
-3.420
-1.180
-1.428
-0.733
-0.417
-1.482
-0.416
-0.642
-1.058
0.797
-4.116
-2.700
-1.405
-2.119
-1.169
-3.825
-2.994
-2.667
-1.880
-2.355
-2.643
-2.893
-1.298
-2.359
1.920
-1.349
-3.108
-2.993
-0.334
-1.136
-0.575
-2.036
-3.340
-0.179
0.670
1.003
-2.178
-0.626
0.212
0.426
0.155
-2.772
-2.536
-1.138
0.252
-0.703
-2.868
-3.850
-1.541
0.998
-0.373
-4.055
-2.384
-0.978
-0.996
-0.328
-2.018
-2.271
-0.595
2.210
-0.696
-1.532
-2.908
-1.199
2.552
-0.304
-1.198
-3.413
-2.526
-0.013
0.206
-2.891
-3.150
-4.393
-3.808
-2.596
-2.003
-4.821
-4.077
-1.915
-5.382
-2.348
-2.440
-4.760
-2.757
-5.758
-4.061
-2.238
-2.016
-4.118
-2.906
-5.909
-1.875
-2.920
-4.324
-1.911
-6.400
-5.295
-3.692
-4.339
-1.323
-4.074
-4.416
-4.040
-2.394
-3.280
-4.127
-2.441
-2.952
-4.541
-3.116
-1.654
-3.842
-0.155
-0.725
-4.526
-0.636
-0.344
-3.822
-1.829
-1.075
-4.695
-1.510
-2.194
-4.395
-3.265
-2.792
-4.574
-2.358
-2.971
-4.154
-1.953
-0.789
-1.220
-4.986
-2.270
-3.349
-5.002
-2.286
-2.192
-5.705
-1.697
-1.536
-4.597
-0.717
-3.814
-4.414
-3.373
-2.315
-5.761
-2.218
-2.940
-4.202
-1.693
-2.703
-4.185
-3.142
-3.156
-3.208
-3.018
-2.338
-4.187
-0.954
-1.738
0.559
-4.263
-2.479
-2.105
-6.173
-1.701
-0.221
-3.211
-0.611
-2.701
-4.111
-0.624
-0.906
-6.352
0.547
-1.500
-4.843
-0.848
0.339
-3.823
-1.712
-0.201
-4.009
-0.964
-0.855
-5.579
-0.488
-1.352
-2.732
-3.513
-3.328
-2.152
-2.270
-2.288
-2.352
-1.606
-3.093
-3.993
-1.862
-3.065
-3.336
-3.889
-2.345
-1.402
-0.983
-4.934
-2.961
-2.997
-3.067
-1.170
-1.600
-1.261
-1.305
-2.480
-3.674
-2.665
-3.737
-1.827
-0.901
-2.170
-0.705
-1.845
-1.534
-2.027
-2.813
-0.487
-0.308
-2.287
-0.277
-0.929
-0.325
-1.363
-0.703
-4.333
-2.063
-0.630
-3.541
-1.575
-0.339
-1.849
-0.811
-1.218
-1.435
-2.623
-1.071
-1.914
-0.556
0.333
-2.850
