-4.594
-5.251
-1.957
-4.695
-3.289
-3.800
-2.868
-4.949
-3.029
-5.522
-3.036
-3.710
-4.700
-4.761
-3.205
-6.303
-2.911
-3.037
-1.932
-3.721
-4.995
-2.763
-2.043
-2.171
-5.209
-3.449
-3.174
-3.330
-1.294
-2.864
-3.779
-3.648
-3.891
-2.232
-4.524
-3.346
-2.993
-3.127
-2.770
-4.575
-3.758
-0.625
-0.902
-4.314
-2.056
-2.552
-1.776
-2.086
-1.502
-3.624
-3.426
-1.711
-2.379
-3.265
-2.765
-4.393
-1.212
-3.965
-0.919
-3.085
-1.769
-3.051
-1.520
-2.381
-1.809
-3.039
-2.381
-3.521
-0.869
-3.154
-1.770
-1.503
-1.942
-1.644
-2.411
-2.108
-1.917
-2.375
-2.210
-1.161
-1.705
-4.590
-3.545
-3.191
-0.353
-4.999
-2.610
-1.715
-2.001
-4.919
-5.869
-2.712
-2.405
-3.536
-3.419
-4.396
-3.288
-4.837
-4.251
-1.946
-2.357
-3.783
-1.570
-1.302
-2.309
-1.714
-2.633
-3.589
-1.474
-3.633
-3.430
-0.406
-2.354
-4.447
-4.019
-1.254
-2.006
-4.475
-4.556
-1.653
-1.657
-3.977
-2.236
-4.235
-0.916
-3.638
-3.719
-4.955
-0.806
-4.024
-3.442
-5.351
-1.115
-2.178
-3.208
-5.439
-2.405
-3.176
-3.525
-6.267
-0.400
-3.841
-3.441
-5.063
-1.111
-2.561
-4.841
-5.463
-1.185
-4.127
-6.066
-4.959
-3.385
-2.605
-4.542
-3.540
-3.205
-2.298
-2.203
-3.664
0.488
-2.114
-1.471
-2.718
2.996
-3.018
-1.275
-2.741
3.843
-3.389
-2.543
-3.222
3.591
-3.275
-2.649
-2.897
4.935
-4.103
-2.631
-2.708
2.615
-2.694
-2.878
-2.579
2.887
-1.695
-2.304
-2.452
2.095
-3.175
-1.022
-1.654
2.026
-1.699
-2.973
-3.351
2.294
-2.614
-1.603
-2.802
-3.200
-0.297
-0.670
-2.742
-3.574
-2.448
-1.672
-0.696
-3.852
-3.064
-1.896
-0.892
-4.064
-2.356
-2.747
-1.515
-4.161
-3.303
-2.088
1.287
-3.040
-1.207
-2.759
-0.688
-4.274
-3.706
-2.080
-0.153
-2.738
-3.035
-2.413
1.151
-2.991
-2.462
-4.101
-1.943
-4.966
-2.636
-2.361
-1.787
-3.604
-0.729
-3.352
-2.699
-3.228
-2.890
-4.324
-0.746
-2.132
0.111
-2.616
-1.215
-3.011
-2.135
-2.115
-1.863
-2.397
-2.938
-3.253
-4.259
-1.675
-0.466
-4.061
-2.872
-2.436
-3.880
-4.698
-1.259
-1.673
-1.373
-2.203
-1.929
-1.842
-0.836
-4.237
-1.877
-4.197
-2.286
-4.463
-1.882
-4.879
-3.173
1.859
-2.206
-1.829
-1.887
0.302
-2.014
-3.949
-2.079
-0.315
-3.687
-3.922
-2.926
0.664
-2.568
-1.353
-3.599
2.201
-2.713
-3.955
-3.577
1.917
-3.013
-3.400
-2.446
-0.554
-3.558
-2.333
-1.937
1.570
-2.847
-1.497
-2.859
0.848
-2.155
-0.855
-1.578
-0.227
-1.999
-3.262
-3.893
-3.608
-3.125
-3.339
-2.192
-1.139
-2.697
-2.458
-3.230
-5.134
-1.103
-2.579
-5.482
-2.841
-2.175
-2.289
-5.376
-3.487
-2.067
-2.737
-5.323
-3.782
-2.084
-4.498
-5.505
-1.220
-3.498
-2.446
-3.954
-3.002
-1.346
-2.822
-4.238
-3.583
-2.989
-4.035
-4.044
-2.872
-1.806
0.770
2.217
-2.865
-3.429
0.440
2.268
-2.677
-1.796
0.940
2.928
-3.478
-2.192
1.904
1.160
-3.338
-1.890
0.861
2.080
-2.474
-0.160
-1.182
2.625
-2.940
-1.987
-1.962
-1.332
-2.701
-2.548
0.218
1.416
-3.178
-2.294
1.745
1.380
-2.817
-1.643
-0.699
0.939
-3.822
-3.324
-4.557
-2.869
-3.670
-3.952
-3.580
-4.406
-3.360
-3.534
-3.047
-2.269
-3.175
-5.118
-3.681
-3.948
-4.737
-3.336
-3.904
-4.749
-3.696
-2.682
-3.400
-5.218
-3.553
-4.688
-3.894
-1.828
-4.739
-2.090
-2.598
-5.800
-0.030
-1.652
-2.290
3.649
-2.686
-4.649
1.566
-1.648
-3.257
2.067
-1.508
-3.503
-0.091
-5.240
-3.834
1.311
-3.395
-4.621
0.659
-2.386
-3.674
0.256
-4.352
-3.588
0.287
-2.721
-3.188
1.605
-1.357
-4.086
0.913
-4.697
-5.897
0.081
-1.780
-3.452
-0.115
-0.990
-2.488
0.218
0.127
-3.044
-1.742
-3.083
-2.878
-0.937
-0.929
-1.621
-2.214
-2.553
-2.026
-3.088
-3.069
-2.131
-0.071
-0.389
-3.313
-2.204
-3.050
-3.526
-4.183
-1.571
-1.955
-3.211
-2.059
-2.579
-4.443
-2.488
-2.834
-4.049
-0.080
-2.762
-2.090
-2.257
-0.116
-4.322
-0.853
-3.517
-2.744
-1.496
-3.077
-4.438
-2.333
-1.577
-1.780
-0.401
-1.532
-3.470
-2.916
-3.211
-2.950
-4.925
-0.496
-3.431
-5.368
-2.916
-4.692
-6.371
-1.906
-3.976
-5.454
-1.603
-3.950
-5.968
-2.520
-4.003
-4.267
-2.737
-3.613
-5.746
-1.319
-2.046
-4.966
-2.003
-3.489
-5.923
-2.595
-4.521
-6.281
-1.758
-3.803
-3.233
-2.726
-4.072
-2.564
-1.839
-3.341
-1.355
-0.730
-4.146
-2.788
-2.369
-2.189
-1.715
1.440
-2.715
-1.767
-2.308
-2.452
-0.750
-1.261
-2.847
-0.902
0.503
-3.264
-2.197
-1.572
-2.273
-0.939
-1.866
-3.129
-3.401
-5.115
-2.674
-1.478
-2.180
-1.686
-2.331
-2.638
-5.248
-3.457
-3.566
-3.244
-1.420
-2.293
-2.902
-2.126
-3.062
-1.833
-3.032
-1.951
-4.371
-4.197
-3.995
-2.338
-3.768
-3.397
-4.791
-3.107
-3.189
-1.430
-3.773
-4.355
-3.656
-1.935
-2.909
0.248
-2.099
-0.824
-3.760
-1.486
-1.523
-3.460
-3.609
-3.579
-2.762
-2.482
-4.807
-0.985
-3.722
-3.827
-3.331
-3.003
-0.353
-1.633
-3.681
-3.698
-3.476
-1.744
-2.232
-2.818
-2.768
-4.780
-0.608
-0.147
-4.745
-3.930
-3.686
-1.890
-2.257
-4.148
-3.429
-4.439
-1.837
-1.192
-2.426
-1.876
-2.558
-1.303
-1.862
-3.190
-3.392
-3.862
-0.936
-0.693
-1.190
-1.821
-3.549
0.670
-2.049
-2.408
-3.229
-2.240
-1.826
-1.948
-3.996
-3.351
-3.004
-1.542
-2.828
-3.397
-2.635
-4.983
-3.799
-2.722
-4.108
-2.910
-3.829
-3.174
-1.354
-4.209
-4.470
-4.757
-3.606
-0.251
-2.886
-2.127
-4.249
-4.721
-2.826
-0.569
-4.706
-2.217
-4.946
-0.575
-3.409
-3.556
-3.438
-4.151
-0.566
-2.341
-4.277
-4.126
-4.938
-2.972
-2.701
-3.414
-3.032
-3.682
-2.453
-3.108
-2.930
-2.540
-3.297
-2.617
-3.840
-3.146
-3.172
-5.335
-2.666
-3.997
-2.305
-6.210
-1.146
-1.672
-3.357
-1.643
-3.746
-1.743
0.192
-3.284
-0.270
-3.302
-1.124
-1.996
-4.636
-4.627
-3.206
-2.051
-1.086
-2.533
-2.599
-3.159
-2.334
-1.927
-1.282
-2.181
-3.568
-0.969
-2.024
-3.047
-3.314
-2.343
-2.566
-2.702
-3.345
-1.889
-3.629
-2.382
-0.292
-3.924
-2.263
-2.778
-3.571
-1.202
-3.872
-2.563
-4.288
-3.253
-0.070
-1.582
-4.133
-5.415
-1.405
-4.353
0.288
-3.447
-3.205
-0.319
-3.585
-0.638
-2.061
-2.149
-0.242
-3.083
-0.734
-2.286
-4.518
-2.889
-2.334
-1.342
-2.192
-0.230
-0.393
-4.326
-1.070
-2.888
-3.870
-1.465
-2.658
-1.409
0.284
-1.385
-3.509
-5.060
-1.965
-3.572
-5.135
0.120
-2.921
-2.155
-3.139
-4.909
-2.444
-4.318
-1.699
-3.878
-4.296
-1.544
-4.478
-0.058
5.238
-2.541
2.024
-1.394
-1.273
2.854
-2.713
-0.476
-2.412
-0.855
4.416
-2.599
0.348
-0.206
-1.221
3.316
-3.919
1.248
-1.806
-2.927
1.995
-3.414
0.109
-2.322
0.513
3.010
-1.814
-0.181
-1.518
0.585
2.641
-1.283
1.307
-2.853
-2.913
1.877
-0.610
-1.095
-1.393
1.015
1.843
-2.098
-0.135
-1.988
-2.654
1.463
-2.652
0.433
-2.334
-3.202
-4.147
-2.519
0.576
-2.063
-4.395
-4.418
-3.015
-0.075
-0.944
-2.710
-4.789
-2.185
-2.819
-3.482
-2.480
-4.335
-1.879
-1.101
-1.646
-4.219
-4.791
-2.880
-0.651
-2.328
-1.928
-5.791
-2.012
-1.575
-2.890
-3.163
-4.654
-3.359
-1.350
-1.648
-1.713
-3.260
-2.359
-0.717
-2.323
-2.273
-5.060
-2.285
-0.112
-1.213
-2.857
-5.253
-2.511
-0.868
-3.985
1.796
-0.561
-1.986
-3.652
-4.463
3.749
-0.924
-3.591
-3.142
-4.262
3.380
-0.613
-3.526
-2.352
-3.098
2.177
-0.370
-3.963
-2.508
-3.492
2.992
0.222
-3.377
-1.904
-4.644
4.200
-0.895
-2.141
-1.345
-3.653
3.862
-0.171
-2.497
-1.909
-3.112
2.058
0.189
-3.058
-1.264
-4.152
2.572
-2.572
-2.768
-4.233
-3.187
2.976
-0.637
-2.476
-0.663
-4.050
-3.001
0.503
-0.957
-2.217
1.755
-2.785
-0.047
-2.054
-3.884
-1.354
-1.370
1.599
-1.685
-3.788
-1.709
-1.408
1.727
-2.979
-3.797
-2.486
-1.654
1.788
-1.668
-1.144
-0.742
-0.677
2.920
-3.420
-1.180
-1.428
-1.410
2.427
-1.482
-0.416
-0.642
-1.440
3.010
-4.116
-2.700
-1.405
-2.956
0.457
-3.825
-2.994
-2.667
-2.298
0.732
-2.643
-2.893
-1.298
-0.711
2.653
-1.349
-3.108
-2.993
-0.364
0.158
-0.575
-2.036
-3.340
0.537
2.456
1.003
-2.178
-0.626
0.891
1.810
0.155
-2.772
-2.536
0.042
1.046
-0.703
-2.868
-3.850
-1.062
1.697
-0.373
-4.055
-2.384
0.432
1.197
-0.328
-2.018
-2.271
-0.346
3.891
-0.696
-1.532
-2.908
-1.081
3.353
-0.304
-1.198
-3.413
-1.780
0.713
0.206
-2.891
-3.150
-4.393
-3.095
-2.103
-2.003
-5.059
-4.752
-1.915
-4.988
-4.160
-2.440
-5.257
-4.064
-5.758
-3.787
-2.102
-2.016
-4.072
-3.157
-5.909
-2.258
-2.151
-4.324
-2.561
-5.649
-5.295
-3.288
-4.572
-1.323
-4.017
-3.315
-4.040
-2.595
3.388
-4.127
-3.191
2.500
-4.541
-3.441
4.364
-3.842
-0.835
5.311
-4.526
-1.456
4.887
-3.822
-1.855
4.538
-4.695
-2.137
2.623
-4.395
-3.674
2.181
-4.574
-2.137
3.105
-4.154
-2.245
5.019
-1.220
-4.566
-2.432
-3.349
-4.539
-2.628
-2.192
-4.954
-2.025
-1.536
-3.800
-0.991
-3.814
-4.022
-3.154
-2.315
-5.421
-2.516
-2.940
-3.835
-2.023
-2.703
-3.625
-3.572
-3.156
-2.885
-3.393
-2.338
-4.108
-1.716
-3.166
0.472
-3.868
-4.195
-2.237
-5.975
-3.993
-0.221
-2.895
-4.107
-2.676
-3.780
-4.038
-0.882
-6.360
-3.963
-1.850
-4.299
-3.017
0.146
-3.525
-4.014
-0.202
-3.973
-3.076
-1.002
-5.469
-2.031
-1.477
-2.419
-1.199
-3.363
-1.944
0.001
-1.929
-2.301
-0.159
-3.110
-4.008
-0.764
-2.776
-3.216
-1.159
-1.984
-1.348
-0.322
-4.259
-2.862
-2.322
-2.610
-1.477
-0.149
-1.010
-1.164
-1.980
-3.404
-2.605
-0.330
-1.381
-1.046
-2.016
-0.825
-1.957
-2.948
-1.817
-3.154
-2.911
-0.256
-2.401
-0.764
-0.857
-0.351
-2.331
-0.664
-4.508
-2.700
-0.660
-3.960
-1.797
-0.481
-1.946
-2.566
-0.839
-1.724
-2.922
-1.215
-2.122
-3.049
0.428
-2.901
