-3.364
-1.468
-2.176
-2.705
-1.676
-1.752
-4.578
-1.267
-1.060
-0.665
-0.132
-2.315
-2.060
-3.453
0.143
-1.368
-2.595
-3.660
-0.877
-0.315
-2.075
-1.903
-1.781
-1.913
-2.566
-2.477
-2.881
-1.773
-1.762
-3.435
1.264
-1.116
-1.034
-0.494
2.311
-1.465
-0.755
1.865
1.013
0.684
-3.142
1.243
-4.113
-3.961
0.639
-3.268
-3.059
0.858
-2.992
-3.572
1.630
-5.203
-4.395
1.324
-3.652
-3.504
1.489
-4.751
-3.425
0.807
-2.648
-3.168
0.934
-4.206
-2.292
-1.120
-4.498
-2.991
-0.867
-5.156
-1.656
-1.369
-5.747
-0.602
-1.118
-4.704
-3.498
-2.036
-3.784
0.894
-2.795
-2.174
-3.543
-2.266
-1.261
-4.779
0.073
-2.488
-3.666
-3.956
-1.652
-1.520
-1.513
-3.495
-1.514
-0.475
-2.954
-3.595
-0.659
-2.243
-3.164
-3.282
-3.037
-3.220
-2.876
-3.836
-3.447
-3.410
-2.934
-4.373
-3.039
-3.944
-2.974
-2.100
-4.568
-3.676
-3.970
-4.682
-3.421
-2.232
-3.143
-3.350
-1.302
-3.426
-4.571
-1.559
-3.402
-3.859
-1.805
-5.228
-4.594
-5.953
-3.939
-1.973
-2.881
-1.129
-5.020
-5.095
-3.583
-4.172
-3.403
-0.928
-4.056
-3.516
-2.512
-4.851
-5.401
-4.559
-4.567
-4.838
-2.523
-3.427
-3.627
-3.608
-4.328
-4.572
-2.794
-4.309
-4.044
-4.126
-1.067
-3.945
1.683
-0.947
-4.268
3.964
0.879
-1.624
1.043
0.036
-3.992
1.153
-1.164
-2.596
0.987
-1.962
-2.228
0.861
-1.251
-2.343
2.131
-2.712
-3.996
2.437
-2.520
-4.468
0.567
-1.510
-3.350
0.764
-3.895
-3.850
-4.188
-3.825
-4.038
-4.637
-3.930
-4.407
-3.641
-1.683
-2.317
-2.658
-5.460
-3.722
-3.516
-4.140
-4.477
-3.497
-5.332
-4.123
-2.097
-4.236
-4.709
-4.091
-5.278
-4.442
-4.768
-5.068
-3.075
-3.107
-1.964
-4.388
-2.250
0.393
-1.890
-3.119
-1.116
-3.891
-3.449
-0.458
-3.702
-3.336
0.248
-2.504
-2.346
0.052
-1.738
-2.659
-0.506
-2.335
-4.287
-0.861
-3.312
-1.973
-0.034
-2.007
-2.860
-2.770
-1.933
-4.331
-0.596
-4.708
-3.393
-0.009
-2.979
-0.556
-1.100
-3.689
-2.181
-0.461
-3.746
-3.153
-0.605
-3.987
-2.102
0.300
-3.547
-3.005
-0.723
-2.294
-3.259
1.042
-3.373
-2.886
-0.809
-4.841
-2.611
-1.034
-2.907
-1.730
-1.572
-2.666
-0.749
-2.433
-1.881
-3.152
-3.622
-2.314
-3.417
-0.746
-0.780
-3.148
-2.449
-1.815
-1.971
-2.418
0.125
-3.870
-0.522
-2.652
-0.834
-2.691
0.023
-2.373
-0.117
-3.727
0.471
-2.308
0.975
-2.682
0.418
-2.374
-0.777
-2.954
-0.250
-2.932
-3.609
-2.915
-3.019
-3.797
-5.184
-2.671
-3.656
-4.379
-4.993
-1.572
-3.796
-2.259
-4.631
-3.092
-5.297
-1.940
-4.911
-4.840
-4.210
-2.172
-3.938
-3.897
-5.627
-2.945
-1.503
-2.085
-0.622
0.019
-1.627
-0.677
-1.608
-1.304
-0.361
-2.269
-0.155
-1.476
-3.007
-1.707
-0.834
-1.680
-0.883
-2.511
-2.413
-2.711
-2.450
-3.272
-1.630
-1.406
-2.873
-3.125
-3.264
0.396
-2.777
-1.871
-2.590
-3.846
-2.664
-1.246
-1.475
-2.662
-2.799
-2.380
-4.151
-1.717
-2.490
-3.800
-1.197
-2.034
-2.938
-0.786
-2.672
-2.353
-2.727
-2.224
-2.864
-3.237
-4.288
-2.783
-1.757
-1.933
-4.943
-1.601
-1.985
-4.000
-2.117
-1.913
-2.215
-3.783
-1.565
-3.404
-2.625
-2.895
-3.130
-1.843
-2.465
-2.673
-2.216
-2.945
-1.536
-4.668
-3.108
-2.270
-2.986
-3.840
-1.831
-2.567
-2.762
-4.066
-3.281
-4.466
-4.509
-3.546
-2.088
-2.195
-1.899
-4.996
-3.911
-3.620
-2.891
-5.817
-2.970
-3.485
-3.159
-2.816
-4.079
-4.977
-3.209
-2.074
0.128
-1.989
-2.196
-3.941
-2.502
-2.602
-1.826
-5.192
0.242
-3.167
-2.699
-5.469
-0.723
-3.302
-2.449
-4.156
-0.599
-2.645
-0.580
-4.611
-1.550
-2.548
-2.902
-5.078
-2.054
-2.947
0.395
-5.572
0.080
-3.625
-2.435
-5.233
-2.601
-1.280
-2.974
-4.678
-2.060
-1.271
-3.150
-1.427
-1.119
-4.588
-2.352
1.833
-1.999
-5.271
-3.174
-1.493
-2.737
-2.911
-2.452
-0.746
-2.503
-3.650
-3.602
-1.067
-0.462
-4.218
-4.974
-1.889
-2.352
-3.269
-4.050
0.357
-0.947
-2.787
-4.529
-0.362
-2.623
-5.137
-4.331
0.127
-3.776
-3.070
-3.847
-1.867
-2.689
1.242
-2.003
-3.249
-3.195
-0.347
0.460
-1.556
-3.986
-1.526
0.146
-2.215
-2.630
-0.593
-0.399
-3.012
-2.949
-0.048
0.555
-1.879
-3.383
-0.240
-1.046
-1.651
-4.211
-0.372
-0.413
-1.089
-3.387
-0.815
-0.985
-2.908
-2.990
0.410
0.093
-1.241
-2.488
-1.140
-1.369
-2.538
-1.173
-1.576
-2.852
-0.257
-1.991
-1.199
-1.594
0.130
-0.188
-2.218
-2.633
0.528
-0.091
-2.392
-0.696
-0.003
0.401
-2.244
-0.716
-0.773
-0.391
-1.591
-1.060
-0.591
-0.582
-1.600
-0.852
-0.297
-0.981
-6.141
-1.109
-0.251
0.132
-2.780
-1.789
-2.862
-0.579
-2.765
-1.896
-1.148
-1.571
-2.580
-2.629
-2.373
-2.129
-4.122
-3.774
-4.319
-2.875
-2.697
-3.114
-2.651
-0.000
-4.037
-2.819
-2.757
-1.399
-1.650
-2.539
-2.844
-1.841
-1.540
-2.792
-2.842
-2.259
-3.028
-4.451
-2.294
-1.453
-3.312
-2.598
-3.657
-1.910
-2.191
-2.710
-3.490
-3.085
-2.255
-1.535
-4.186
-1.439
-3.776
-1.319
-3.429
-0.882
-2.849
-1.208
-1.551
-1.646
-3.672
-0.842
-3.046
-0.736
-3.598
-0.905
-4.257
-2.280
-4.504
-2.090
-1.960
-1.473
-3.300
0.136
-1.772
-1.993
-1.686
-1.084
-1.658
-1.165
-2.515
-1.620
-3.632
-3.455
-3.279
-3.101
-1.827
-2.022
-4.130
0.592
-1.188
-3.655
-2.219
-2.574
-1.176
-3.853
-1.458
-2.154
-2.477
-3.548
-1.937
-2.056
-0.883
-3.949
-0.954
-3.976
-1.319
-2.645
-1.596
-2.096
-0.367
-3.571
-2.131
-1.940
-1.867
-2.346
-0.822
-2.543
-1.116
-3.472
-1.812
-3.511
-1.831
-3.915
-1.005
-2.192
-1.455
-3.165
-3.412
-2.492
-1.839
0.194
-1.852
0.636
-4.794
-1.589
-0.002
-2.384
-4.502
-0.444
-1.893
0.136
-4.451
-1.571
-2.023
-1.612
-4.275
-1.460
-1.006
-1.521
-4.153
-0.614
0.543
-0.317
-2.598
-1.385
-2.800
-0.954
-5.195
-1.843
-1.987
0.364
-4.066
-0.941
-1.052
-0.352
-4.748
-0.951
-0.777
-1.638
-1.727
-0.565
-1.036
-1.765
-2.718
-0.095
-0.852
-3.771
-3.754
-0.788
-1.401
-2.817
-1.776
-2.443
-1.586
-4.140
-3.793
-0.290
-0.029
-3.564
-2.403
-1.369
-1.132
-3.704
-0.683
-0.069
0.842
-3.462
-1.298
-2.775
-1.623
-3.765
-2.890
-0.944
-2.996
-2.757
-3.609
-0.736
-1.371
-2.679
-3.327
-2.384
-2.159
-2.620
-2.562
-1.802
-2.277
-3.181
-2.095
-2.156
-2.636
-2.796
-2.341
-2.055
-2.440
-3.198
-1.795
-3.368
-1.973
-4.351
-1.691
-3.071
-1.288
-2.267
-1.258
-2.436
-0.300
-3.903
0.949
-1.324
-1.852
-3.422
-0.552
-3.625
-0.590
-1.923
-0.369
-3.565
-0.673
-3.113
-0.189
-1.655
-1.746
-1.472
-1.366
-1.775
-2.624
-1.484
-1.763
-0.346
-1.063
-0.843
-1.685
-1.939
-2.062
-3.565
-1.246
-1.966
-2.400
-1.793
-3.135
-2.784
-2.882
-3.945
-2.311
-4.089
-0.987
-2.496
-2.084
-3.501
-1.567
-3.511
-0.903
-1.722
-2.329
-2.351
-1.540
-2.554
-3.113
-2.103
-1.090
-3.460
-2.810
-3.464
-2.471
-3.844
-1.392
-2.763
-1.883
-2.111
-1.544
-3.712
-2.362
-1.750
-0.084
-4.151
-0.556
-2.966
-1.203
-3.635
-2.845
-2.847
-2.262
-1.821
-1.407
-0.954
-1.827
-2.416
-2.360
-1.936
-3.395
-1.709
-2.848
-2.397
-3.919
-2.858
-2.255
-2.373
-3.079
-1.867
-2.205
