4.992
6.559
4.600
5.903
4.077
4.713
2.376
7.117
5.549
5.102
5.436
5.165
6.542
1.262
6.019
5.015
6.400
3.925
4.514
4.079
6.040
5.899
6.389
6.162
6.308
3.955
5.629
6.572
6.249
5.173
5.655
2.918
3.153
5.024
5.061
4.127
1.865
6.187
5.856
5.011
5.363
6.078
5.109
7.133
5.939
7.092
5.933
7.328
6.459
5.029
6.131
6.250
3.165
1.416
1.832
3.996
-0.754
4.100
5.128
3.067
3.296
3.152
2.014
3.765
5.204
4.503
1.785
4.250
2.917
3.030
4.942
4.092
5.065
0.902
4.000
5.264
3.220
3.660
5.590
3.049
3.750
5.374
5.037
3.416
4.254
4.344
3.372
4.851
4.511
4.978
2.343
6.109
4.791
1.884
2.649
4.343
4.472
4.720
4.858
3.092
4.251
2.968
6.279
4.440
2.865
3.008
4.107
2.488
4.156
3.512
4.498
3.755
3.559
2.630
4.059
2.891
4.160
5.198
2.248
3.601
4.013
3.288
3.050
4.870
3.662
2.706
3.908
3.034
3.582
3.442
4.706
3.202
7.254
3.995
6.052
5.417
4.888
6.335
4.472
4.919
3.202
5.121
5.968
0.774
4.048
3.058
3.091
4.667
4.945
3.538
4.970
5.939
4.241
5.140
5.100
2.776
4.773
5.399
3.924
5.869
5.155
4.281
4.857
3.274
5.063
7.028
4.861
3.705
4.520
5.283
6.329
4.646
0.839
4.980
4.203
4.844
4.623
5.086
1.593
3.655
3.355
5.465
6.073
5.704
6.652
7.223
6.257
6.175
5.220
1.310
-0.249
4.159
6.736
6.527
5.410
5.253
4.825
6.360
3.744
3.399
4.217
6.389
4.975
2.472
5.861
4.405
6.365
5.788
6.763
5.394
4.346
5.754
3.640
7.095
7.023
5.983
4.754
5.012
4.866
5.562
6.099
6.735
7.246
5.127
7.938
5.806
7.551
4.628
6.593
6.981
5.832
6.303
6.284
4.430
7.837
6.538
5.405
7.213
7.409
8.348
5.446
6.074
3.660
5.045
5.218
5.549
5.217
6.205
5.341
5.517
8.151
6.362
7.405
6.744
7.104
8.206
5.763
6.734
6.360
3.476
4.933
3.717
6.601
5.484
7.258
5.375
5.974
6.692
4.644
5.120
6.598
7.001
6.994
6.244
5.706
6.251
5.947
3.147
5.332
5.969
6.182
3.826
6.368
6.989
6.783
7.553
6.037
4.737
4.373
5.313
4.610
4.184
5.533
4.427
4.034
6.039
5.303
1.801
5.545
5.890
4.967
5.476
6.724
1.890
6.833
6.237
7.135
5.260
4.931
1.907
4.952
5.420
4.908
5.855
3.977
4.598
5.240
5.195
4.708
6.550
5.857
5.243
4.942
7.111
6.190
3.642
5.297
3.331
5.440
5.248
3.569
6.218
4.612
2.192
4.591
6.255
6.484
6.559
3.828
6.664
