-4.038
-5.031
-1.609
-4.812
-3.373
-3.941
-2.486
-4.976
-2.858
-5.751
-3.317
-3.865
-4.321
-4.959
-3.091
-6.199
-2.881
-3.394
-1.710
-3.708
-4.798
-2.738
-2.181
-2.052
-5.666
-3.485
-2.957
-3.504
-1.273
-2.280
-3.605
-3.334
-4.344
-2.004
-4.604
-3.364
-3.179
-2.898
-2.699
-4.208
-2.774
-0.695
-1.864
-4.232
-3.442
-2.520
-2.132
-2.020
-1.948
-3.425
-3.428
-1.656
-4.714
-3.367
-3.462
-4.401
-3.376
-4.282
-2.133
-3.208
-0.293
-3.316
-2.757
-2.588
-1.283
-3.274
-2.239
-3.728
-0.986
-3.428
0.850
-1.796
-0.404
-2.027
-0.037
-2.439
-1.662
-2.512
-0.320
-1.453
-2.382
-4.404
-4.279
-3.193
-1.538
-4.602
-2.980
-1.601
-2.463
-4.441
-6.140
-2.401
-1.842
-3.574
-3.448
-4.155
-4.010
-4.849
-5.042
-1.812
-3.477
-3.546
-2.433
-1.488
-3.544
-1.422
-2.989
-3.249
-2.206
-3.465
-3.569
-0.494
-3.382
-4.099
-4.880
-1.049
-2.563
-4.380
-5.156
-1.415
-2.976
-4.258
-2.421
-4.277
-1.767
-3.653
-3.555
-4.657
-2.544
-4.365
-3.537
-5.531
-2.007
-2.556
-3.556
-5.482
-2.258
-3.620
-3.758
-5.913
-1.697
-4.258
-3.785
-5.460
-2.607
-2.956
-4.960
-5.272
-1.478
-4.567
-6.076
-5.187
-3.636
-3.201
-4.327
-3.678
-3.269
-2.844
-2.109
-3.873
-0.978
-2.291
-1.684
-2.459
-0.425
-3.220
-1.877
-2.286
0.799
-3.541
-3.377
-3.303
-0.036
-2.975
-3.245
-3.111
0.961
-3.694
-3.593
-3.006
-0.565
-2.460
-3.316
-2.828
-0.509
-1.316
-2.697
-2.534
-0.820
-3.237
-1.439
-1.904
-0.823
-1.565
-3.111
-3.654
-0.076
-2.191
-1.791
-3.353
-2.573
-0.481
-0.474
-2.544
-3.287
-2.378
-1.995
-0.740
-2.609
-3.619
-1.823
-0.527
-3.758
-2.289
-2.242
-1.593
-4.147
-3.143
-1.730
1.072
-2.304
-0.875
-2.851
-0.913
-3.845
-3.679
-1.801
-0.366
-2.517
-3.078
-1.956
1.105
-2.096
-2.291
-3.824
-2.688
-4.594
-2.999
-2.547
-2.040
-3.698
-0.616
-2.515
-5.641
-3.260
-2.292
-3.129
-3.934
-2.535
0.101
-1.951
-2.984
-3.128
-1.801
-2.344
-2.836
-2.228
-3.644
-2.795
-2.898
-1.831
-0.898
-3.835
-4.898
-2.148
-3.628
-4.955
-2.182
-1.792
-1.702
-2.673
-1.826
-1.889
-0.296
-2.005
-4.396
-3.919
-2.468
-3.642
-4.835
-5.364
-2.733
-1.160
-2.369
-2.280
-1.744
-2.594
-2.538
-4.359
-1.759
-3.555
-2.868
-3.727
-2.948
-0.839
-1.576
-1.517
-3.781
-1.619
0.707
-4.186
-3.157
-2.173
-1.084
-3.228
-1.700
-3.051
-2.892
-2.627
-1.601
-0.610
-1.722
-1.549
-2.522
-3.011
-1.866
-0.964
-1.703
-2.569
-0.042
-2.790
-3.418
-2.078
-2.503
-2.963
-2.330
-2.428
-1.531
-1.763
-3.135
-4.694
-1.993
-2.690
-5.452
-3.266
-1.947
-1.966
-5.937
-3.852
-1.320
-2.077
-5.355
-4.025
-2.017
-4.571
-5.275
-1.686
-1.035
-2.214
-3.518
-3.214
-1.329
-2.716
-3.954
-2.383
-1.834
-4.006
-3.571
-2.796
-1.018
0.184
0.731
-2.879
-2.819
-1.015
0.819
-3.297
-2.036
-0.125
1.054
-4.307
-3.704
1.254
0.508
-3.991
-3.322
-0.111
1.185
-3.265
-0.751
-1.964
1.148
-3.242
-2.790
-2.913
-2.299
-2.731
-2.573
-0.100
0.682
-3.679
-2.433
1.223
0.464
-3.638
-1.870
-1.411
-0.233
-4.699
-2.917
-4.237
-2.731
-3.493
-3.379
-3.529
-4.419
-2.712
-3.669
-2.873
-1.299
-2.815
-5.067
-2.653
-4.101
-4.638
-3.238
-3.719
-4.663
-2.651
-2.539
-3.417
-4.498
-3.784
-4.383
-3.246
-1.819
-4.737
-1.874
-2.780
-5.659
-2.012
-1.905
-2.393
1.124
-2.463
-4.554
-0.648
-1.598
-3.347
-0.672
-1.616
-3.451
-2.641
-4.889
-3.834
-0.457
-3.015
-4.431
-1.546
-2.771
-3.491
-2.752
-3.850
-3.197
-2.838
-2.540
-3.030
-1.395
-0.899
-4.084
0.076
-4.044
-5.858
-0.877
-1.780
-2.974
-0.385
-1.062
-2.059
0.184
-0.056
-2.624
-3.107
-3.073
-2.155
-2.124
-1.125
-1.358
-1.660
-2.354
-1.716
-2.585
-2.971
-1.564
-0.677
0.022
-3.558
-2.441
-3.336
-3.476
-1.434
-1.408
-1.988
-1.323
-2.493
-2.778
-0.944
-2.606
-3.018
0.543
-0.331
-2.892
-0.591
-2.219
-0.474
-2.909
-0.916
-3.730
-1.450
-1.345
-3.321
-0.497
-2.365
-1.731
-0.194
-0.595
-1.709
0.108
-2.952
-3.391
-3.022
-5.197
-0.828
-4.278
-5.262
-3.009
-3.631
-6.715
-2.436
-1.254
-5.650
-1.878
-2.700
-5.898
-2.662
0.133
-4.289
-2.971
-1.256
-5.766
-1.438
-1.895
-5.017
-2.004
-1.794
-5.819
-2.547
-3.241
-6.469
-2.070
-0.405
-3.133
-2.977
0.085
-2.379
-2.021
-0.362
-1.519
-0.818
-2.268
-2.780
-2.517
-0.650
-1.998
1.322
-0.838
-1.847
-2.396
-0.802
-0.796
-1.261
-1.687
-0.851
0.392
0.009
-2.161
-1.473
-0.921
-0.688
-1.934
-3.014
-3.274
-5.108
-2.452
-1.632
-2.216
-1.584
-1.921
-2.512
-5.267
-3.664
-3.826
-2.995
-1.187
-2.568
-3.147
-2.496
-3.069
-1.908
-2.892
-2.519
-4.311
-4.621
-3.989
-2.012
-3.743
-3.249
-4.459
-2.939
-3.000
-1.651
-3.285
-4.265
-3.311
-2.163
-3.230
0.639
-2.238
-0.427
-4.141
-1.934
-1.175
-3.814
-3.781
-3.770
-3.092
-2.857
-4.599
-0.886
-4.159
-3.469
-3.070
-2.913
-0.054
-2.448
-2.872
-3.650
-3.853
-1.653
-2.610
-2.341
-3.067
-5.212
-0.713
-0.559
-4.475
-3.716
-3.739
-1.801
-2.496
-3.260
-3.430
-4.591
-1.843
-1.928
-2.023
-1.644
-2.857
-1.509
-2.650
-2.676
-3.342
-3.710
-1.149
-1.047
-0.547
-1.797
-4.057
0.610
-2.348
-2.113
-3.319
-2.574
-1.747
-2.455
-3.216
-3.213
-3.360
-1.556
-3.360
-3.303
-2.547
-5.362
-3.339
-2.421
-3.629
-2.893
-3.971
-3.001
-1.193
-4.241
-4.669
-4.167
-3.339
-0.314
-2.487
-2.401
-4.308
-4.475
-2.303
-0.825
-4.587
-2.028
-5.035
-0.523
-2.623
-3.496
-2.992
-4.094
-0.322
-2.420
-4.068
-4.085
-4.708
-2.821
-2.592
-3.263
-3.073
-3.854
-2.519
-2.875
-2.526
-2.648
-3.072
-2.030
-4.325
-2.957
-2.960
-4.850
-2.545
-3.887
-2.313
-6.233
-0.743
-1.764
-3.488
-1.963
-3.391
-2.263
0.347
-3.209
-0.568
-2.744
-1.116
-2.025
-4.723
-4.319
-3.105
-2.278
-0.626
-2.116
-2.982
-3.161
-2.336
-1.640
-1.597
-1.775
-3.463
-0.898
-2.065
-3.210
-3.499
-2.487
-2.927
-2.366
-3.473
-2.056
-3.303
-2.575
-0.170
-4.120
-2.251
-2.438
-3.886
-1.023
-3.863
-2.834
-4.054
-3.462
0.311
-1.881
-4.172
-5.653
-0.943
-4.725
-0.095
-3.388
-3.204
-0.337
-3.610
-0.684
-1.567
-1.997
0.010
-3.240
-1.082
-2.481
-4.461
-3.092
-2.254
-1.893
-2.347
-0.413
-0.228
-4.176
-1.267
-2.806
-3.284
-1.273
-2.402
-1.216
0.245
-1.421
-2.854
-5.216
-2.105
-3.543
-4.837
0.264
-2.807
-1.791
-3.269
-4.762
-2.398
-4.263
-1.943
-3.729
-4.225
-1.114
-4.372
0.045
2.535
-2.718
2.019
-1.575
-0.342
1.530
-2.848
-0.542
-2.368
-0.176
1.701
-2.758
0.421
-0.277
-0.277
1.084
-3.952
1.325
-1.802
-3.202
0.214
-3.464
0.156
-2.274
0.590
0.403
-1.884
-0.049
-1.426
0.564
0.926
-1.421
1.231
-2.822
-1.999
-1.001
-0.588
-1.044
-1.638
1.082
0.452
-2.200
-0.074
-1.761
-1.672
-0.921
-2.677
0.471
-2.563
-2.771
-4.509
-2.745
0.304
-2.053
-3.560
-3.917
-3.170
-0.227
-1.017
-2.010
-3.327
-2.132
-2.790
-3.471
-2.179
-3.814
-2.006
-1.131
-1.519
-3.609
-4.624
-2.927
-0.810
-2.185
-1.010
-5.091
-2.167
-1.637
-2.796
-2.485
-4.378
-3.374
-1.659
-1.504
-1.034
-3.688
-2.388
-0.713
-2.228
-0.727
-5.209
-2.278
-0.392
-1.246
-1.947
-4.282
-2.653
-0.947
-3.978
-2.232
-1.080
-1.700
-3.475
-4.290
-0.058
-0.344
-3.365
-2.917
-3.957
0.515
-1.098
-3.393
-2.218
-2.700
-0.375
-1.540
-3.894
-2.219
-3.281
-0.327
-0.039
-3.304
-1.492
-4.604
1.329
-1.626
-2.047
-1.125
-3.593
0.125
-1.464
-2.415
-1.846
-3.038
-1.422
-0.500
-3.048
-1.009
-4.001
0.441
-2.494
-3.073
-3.886
-3.033
0.554
-0.973
-2.611
-0.557
-4.071
-2.455
-0.487
-1.213
-2.388
1.752
-2.835
-1.564
-2.284
-3.880
-1.277
-2.055
-0.499
-1.846
-3.693
-1.595
-2.116
-1.903
-3.160
-3.714
-2.561
-1.519
-0.957
-1.998
-1.115
-0.675
-0.005
0.030
-3.419
-0.999
-1.336
-0.785
-0.713
-1.445
-0.264
-0.656
-1.134
0.532
-3.950
-2.416
-1.531
-2.247
-1.622
-4.133
-2.991
-2.644
-2.021
-2.889
-2.532
-2.791
-1.378
-2.209
1.115
-1.521
-3.046
-3.018
-0.130
-1.715
-0.723
-2.044
-3.581
0.249
0.175
0.896
-2.212
-0.623
0.377
0.031
0.162
-2.809
-2.571
-1.134
0.204
-0.782
-2.757
-3.696
-1.179
0.624
-0.625
-4.109
-2.334
-0.778
-1.010
-0.419
-1.992
-2.274
-0.279
1.606
-0.820
-1.703
-3.014
-0.952
1.813
-0.217
-1.303
-3.533
-2.280
-0.267
-0.291
-2.872
-3.138
-4.536
-3.088
-2.330
-2.029
-5.720
-4.072
-2.224
-5.346
-2.254
-2.295
-5.596
-2.257
-5.484
-4.165
-2.125
-2.096
-4.625
-2.649
-6.132
-2.467
-2.833
-4.440
-2.465
-6.407
-5.470
-3.093
-4.056
-1.820
-4.365
-4.594
-3.749
-2.917
-3.064
-4.336
-3.281
-2.767
-4.632
-3.452
-1.748
-3.613
-1.095
-0.678
-4.724
-1.598
-0.443
-4.075
-2.182
-1.261
-4.471
-2.425
-2.614
-4.090
-3.857
-2.598
-4.608
-2.534
-2.798
-4.288
-2.292
-0.829
-0.548
-4.358
-2.546
-3.083
-4.101
-2.339
-1.497
-4.398
-1.876
-0.765
-3.596
-0.925
-2.618
-3.561
-3.399
-2.399
-4.906
-2.071
-2.882
-3.534
-1.705
-2.383
-3.335
-3.196
-2.673
-2.519
-3.080
-1.845
-3.652
-0.761
-1.449
0.514
-3.866
-1.903
-2.169
-5.870
-1.306
-0.272
-2.529
0.611
-2.506
-3.334
-0.194
-0.725
-6.376
0.686
-1.635
-4.216
-0.830
0.193
-3.599
-1.080
-0.174
-3.888
-0.475
-1.067
-5.135
-0.340
-1.290
-2.381
-3.589
-3.557
-1.913
-2.783
-1.640
-2.381
-0.928
-2.794
-4.251
-1.737
-2.514
-3.415
-3.854
-1.846
-1.491
-1.112
-3.737
-2.940
-2.962
-2.394
-1.586
-1.964
-0.834
-1.443
-2.861
-3.040
-2.827
-3.419
-0.938
-1.113
-2.070
-0.920
-2.032
-1.272
-1.905
-3.140
-0.517
-0.382
-2.321
-0.580
-0.817
-0.288
-1.098
-0.778
-4.343
-2.152
-0.645
-3.801
-1.587
-0.593
-1.759
-0.869
-0.450
-1.415
-2.800
-1.168
-2.226
-0.770
0.530
-2.915
