-3.448
-1.539
-2.004
-2.873
-1.623
-2.241
-4.806
-1.487
-1.170
-1.079
0.252
-2.019
-1.623
-3.218
0.519
-1.154
-2.581
-3.522
-0.961
0.157
1.396
0.984
-0.159
-0.517
0.770
-0.091
-0.432
1.820
0.070
-0.722
0.886
-1.795
-1.144
-0.542
2.332
-1.567
-1.084
1.657
0.919
0.210
-4.054
0.955
-3.945
-4.900
-0.151
-3.440
-3.417
0.897
-3.070
-4.170
1.106
-5.042
-5.864
0.933
-3.881
-3.833
1.296
-4.764
-3.681
0.800
-2.916
-3.656
0.540
-4.208
-2.087
-1.338
-4.594
-3.891
-1.178
-4.798
-2.278
-1.313
-5.209
-1.742
-1.052
-4.435
-3.382
-2.290
-3.444
-0.398
-2.987
-1.729
-4.164
-2.733
-0.804
-5.689
-0.192
-2.559
-4.326
-4.411
-1.449
-2.141
-1.649
-3.070
-2.367
-0.594
-2.685
-2.970
-1.182
-2.010
-3.233
-3.460
-2.848
-2.922
-3.062
-3.829
-2.992
-3.647
-2.692
-4.337
-3.192
-3.658
-2.765
-2.128
-4.261
-3.031
-3.657
-4.461
-3.434
-2.453
-2.743
-3.240
-1.044
-3.412
-4.231
-1.196
-3.380
-3.426
-2.169
-5.196
-3.851
-6.205
-3.110
-1.390
-3.177
-0.631
-3.914
-5.623
-3.052
-4.221
-4.085
-0.787
-4.235
-3.971
-2.667
-4.939
-5.725
-4.619
-4.343
-5.251
-2.402
-3.017
-3.933
-3.527
-4.061
-4.692
-2.658
-3.186
-4.294
-3.877
-0.939
-3.883
-0.642
-0.966
-4.751
0.986
0.639
-2.199
-1.987
-0.311
-4.988
-1.445
-1.424
-3.576
-0.540
-2.240
-2.557
-1.658
-1.060
-3.484
1.278
-3.028
-4.282
-1.120
-2.554
-4.943
-1.573
-1.454
-4.403
-2.054
-3.837
-4.180
-0.191
-3.816
-3.856
1.429
-4.697
-4.682
1.237
-1.818
-2.281
2.055
-5.368
-4.114
0.072
-4.053
-4.084
0.434
-5.333
-4.435
1.691
-4.340
-4.182
0.082
-5.527
-4.110
-0.461
-5.325
-2.566
0.463
-2.178
-5.537
-3.278
-0.791
-2.900
-1.763
-1.743
-5.073
-0.569
-0.967
-3.435
-2.749
0.609
-2.748
-2.411
-0.001
-3.242
-1.788
-0.290
-3.681
-2.269
-0.227
-3.795
-1.381
-0.209
-3.085
-1.227
-2.561
-2.890
-1.624
-1.396
-2.981
-4.015
-0.676
-2.146
-1.285
-1.316
-4.089
-3.455
-0.476
-4.556
-3.917
-0.896
-2.745
-4.138
0.255
-4.178
-2.039
-1.517
-2.328
-3.552
0.245
-2.980
-3.626
-1.350
-4.045
-4.330
-1.171
-2.563
-2.184
-0.834
-2.627
-1.403
-2.405
-1.254
-3.282
-2.359
-2.504
-2.040
-0.778
-0.703
-3.337
-2.492
-1.858
-2.170
-2.409
1.065
-3.949
-0.910
-2.298
-0.590
-2.796
-0.430
-2.701
0.047
-3.609
0.754
-2.262
1.157
-2.492
0.290
-2.545
-0.355
-2.977
-0.010
-3.304
-3.483
-3.316
-2.820
-3.843
-5.121
-2.802
-3.805
-4.002
-5.172
-1.621
-3.684
-2.477
-4.577
-2.773
-5.226
-1.985
-4.203
-4.236
-4.202
-1.803
-2.880
-3.667
-5.345
-3.031
-1.765
-2.107
-0.933
0.055
-2.003
-0.522
-1.861
-1.010
-0.788
-2.144
-0.236
-1.463
-2.790
-1.754
-0.996
-1.836
-1.073
-2.343
-2.619
-2.639
-2.833
-3.435
-2.054
-1.625
-2.908
-3.209
-2.479
-0.044
-0.373
-2.079
-3.159
-4.283
-3.958
-1.603
-2.234
-3.064
-2.777
-2.536
-2.009
-1.766
-0.817
-3.914
-0.926
-1.818
-4.445
-0.681
-1.050
-2.429
0.265
-2.048
-3.080
-3.432
-2.663
-2.769
-1.258
-1.820
-2.869
-1.696
-1.087
-3.861
-2.161
-2.112
-1.889
-3.466
-1.546
-3.369
-2.517
-2.401
-2.952
-1.833
-2.163
-2.330
-2.384
-3.541
-1.390
-4.464
-3.318
-2.300
-2.807
-3.164
-1.797
-2.910
-2.510
-3.310
-3.480
-4.492
-4.218
-3.047
-1.792
-2.554
-1.632
-4.323
-3.788
-4.031
-2.810
-5.075
-2.700
-3.547
-2.856
-2.455
-4.492
-5.070
-3.632
-2.209
0.134
-2.085
-2.739
-3.993
-2.488
-2.256
-2.320
-5.478
0.337
-2.927
-3.292
-5.408
-0.720
-3.155
-2.744
-4.352
-0.441
-2.489
-0.609
-4.945
-1.831
-2.532
-3.014
-5.067
-1.838
-2.651
-0.086
-5.697
-0.763
-3.486
-2.784
-5.546
-2.357
-1.029
-2.991
-5.134
-1.919
-1.004
-3.032
-1.476
-0.936
-4.328
-2.182
1.493
-2.477
-5.419
-2.933
-2.048
-2.345
-2.832
-2.200
-0.946
-2.326
-3.553
-3.632
-1.219
-0.673
-3.900
-4.919
-1.940
-2.047
-3.099
-3.487
0.140
-1.411
-2.634
-4.128
-0.481
-2.651
-4.809
-3.837
-0.122
-3.933
-2.915
-3.332
-2.105
-3.101
0.687
-2.364
-3.136
-2.894
-0.682
0.155
-1.331
-3.951
-1.867
0.171
-1.843
-2.615
-0.744
-0.502
-2.837
-3.041
-0.268
0.221
-1.622
-3.233
-0.632
-1.393
-1.610
-3.911
-0.768
-0.723
-1.137
-3.044
-1.032
-0.892
-2.567
-3.186
0.386
-0.199
-1.069
-2.573
-1.273
-1.460
-2.399
-1.552
-1.235
-2.936
-0.155
-2.245
-0.866
-1.604
0.090
-0.243
-2.286
-2.274
0.075
-0.725
-2.003
-0.704
-0.304
0.268
-2.193
-0.552
-0.934
-0.401
-1.496
-1.096
-0.758
-0.369
-1.335
-0.742
-0.715
-1.411
-5.946
-0.746
-0.542
0.532
-2.934
-1.285
-3.190
-0.598
-2.839
-1.729
-1.450
-0.793
-2.839
-2.807
-2.405
-2.037
-3.855
-3.890
-4.199
-2.385
-3.038
-3.031
-2.493
1.049
-3.696
-2.846
-2.719
-0.929
-2.056
-2.517
-2.759
-1.772
-2.748
-2.955
-2.881
-2.764
-3.268
-4.646
-2.183
-1.138
-3.724
-2.683
-3.558
-0.812
-3.260
-2.701
-3.636
-2.235
-2.978
-1.553
-4.169
-2.186
-3.862
-1.004
-3.581
-1.587
-2.674
-1.041
-1.676
-3.260
-3.666
-0.477
-3.121
-1.745
-3.625
-0.459
-4.268
-2.877
-4.506
-1.877
-2.150
-1.711
-3.206
0.210
-1.785
-2.135
-1.640
-0.925
-1.705
-2.219
-2.618
-1.249
-3.569
-4.442
-3.346
-2.861
-1.925
-2.841
-4.008
0.797
-1.127
-2.494
-4.114
-2.769
-1.386
-2.753
-2.841
-2.479
-2.921
-2.611
-3.303
-2.101
-1.167
-2.703
-2.009
-4.229
-1.712
-1.782
-3.685
-2.272
-0.651
-2.460
-4.158
-2.251
-2.151
-2.138
-3.337
-2.809
-1.437
-3.261
-2.584
-3.558
-2.010
-3.003
-2.507
-2.436
-1.637
-2.110
-4.362
-2.789
-2.082
-0.756
-1.612
0.817
-4.793
-1.678
-0.078
-2.097
-4.400
-2.099
-1.972
0.189
-4.379
-3.736
-2.094
-1.178
-4.198
-2.793
-0.862
-1.207
-4.007
-2.682
0.539
-0.356
-2.584
-3.470
-2.708
-0.743
-5.144
-3.135
-1.972
0.545
-4.039
-3.097
-0.981
0.027
-4.806
-3.010
-0.774
-1.584
-1.706
-0.028
-2.953
-1.616
-2.600
0.124
-1.795
-3.703
-3.698
-0.473
-2.583
-2.444
-1.654
-2.202
-1.471
-3.940
-3.690
-0.253
-1.721
-3.290
-2.377
-0.863
-2.245
-3.595
-0.563
0.019
-0.116
-3.220
-1.288
-2.428
-2.467
-3.629
-2.987
-0.317
-3.792
-2.717
-3.602
-0.232
-3.005
-2.289
-3.331
-2.165
-2.319
-1.915
-2.826
-1.520
-1.206
-3.118
-2.255
-1.862
-2.193
-2.599
-3.128
-1.303
-2.156
-3.455
-2.157
-3.082
-1.826
-4.083
-2.360
-3.317
-1.392
-3.018
-1.076
-2.793
-0.393
-3.868
1.195
-1.787
-2.047
-3.372
-0.443
-3.669
-0.589
-2.087
-0.246
-3.511
-0.560
-3.327
-0.283
-1.904
-0.692
-1.748
-0.161
-1.873
-2.489
-1.527
-1.893
-0.398
-0.753
-0.823
-0.748
-1.960
-1.138
-3.779
-0.151
-2.196
-1.534
-1.506
-2.654
-2.100
-2.815
-3.732
-2.064
-3.946
-0.798
-2.356
-1.989
-3.649
-1.499
-3.612
-1.049
-1.841
-2.291
-2.378
-1.370
-2.366
-3.097
-1.976
-0.993
-2.925
-2.781
-4.574
-2.249
-2.871
-1.242
-2.460
-1.972
-1.363
-1.243
-2.218
-2.218
-2.332
-0.001
-2.352
-0.517
-4.513
-1.082
-2.524
-2.848
-3.689
-2.577
-3.236
-1.454
-1.375
-1.751
-1.491
-2.305
-3.518
-3.587
-3.132
-3.106
-0.520
-3.602
-3.851
-2.339
-0.330
-2.979
-1.889
-1.879
