-3.364
-1.468
-2.176
-2.705
-1.676
-1.752
-4.578
-1.267
-1.060
-0.665
-0.132
-2.315
-2.060
-3.453
0.143
-1.368
-2.595
-3.660
-0.877
-0.315
-2.075
-1.903
-1.781
-1.913
-2.566
-2.477
-2.881
-1.773
-1.762
-3.435
1.264
-1.116
-1.034
-0.494
2.311
-1.465
-0.755
1.865
1.013
0.684
-3.216
1.243
-4.113
-3.977
0.639
-3.268
-3.123
0.858
-2.992
-3.636
1.630
-5.203
-4.336
1.324
-3.652
-3.508
1.489
-4.751
-3.477
0.807
-2.648
-3.209
0.934
-4.206
-2.312
-1.120
-4.498
-2.999
-0.867
-5.156
-1.560
-1.369
-5.747
-0.618
-1.118
-4.704
-3.476
-2.036
-3.784
0.887
-2.795
-2.174
-3.501
-2.266
-1.261
-4.774
0.073
-2.488
-3.642
-3.956
-1.652
-1.382
-1.513
-3.495
-1.508
-0.475
-2.954
-3.600
-0.659
-2.243
-3.164
-3.282
-3.037
-3.220
-2.876
-3.836
-3.447
-3.410
-2.934
-4.373
-3.039
-3.944
-2.974
-2.100
-4.568
-3.676
-3.970
-4.682
-3.421
-2.232
-3.143
-3.350
-1.302
-3.426
-4.571
-1.559
-3.402
-3.859
-1.805
-5.228
-4.567
-5.953
-3.939
-2.032
-2.881
-1.129
-5.011
-5.095
-3.583
-4.156
-3.403
-0.928
-4.065
-3.516
-2.512
-4.904
-5.401
-4.559
-4.561
-4.838
-2.523
-3.380
-3.627
-3.608
-4.346
-4.572
-2.794
-4.341
-4.044
-4.126
-0.863
-3.969
-0.654
-0.897
-4.542
1.632
0.895
-1.984
-1.914
-0.162
-4.981
-1.489
-1.409
-3.290
-0.088
-2.171
-2.411
-1.159
-0.971
-3.217
1.042
-2.866
-4.097
-0.312
-2.623
-4.802
-1.369
-1.569
-3.953
-1.711
-4.091
-4.424
0.738
-3.686
-3.847
1.336
-4.135
-4.636
1.245
-1.941
-2.188
1.557
-5.601
-4.182
0.235
-4.222
-4.259
0.814
-5.345
-4.452
1.824
-4.338
-4.504
0.634
-5.308
-4.429
-0.294
-5.076
-2.764
0.105
-2.032
-5.492
-3.695
-0.664
-2.235
-2.107
-0.941
-4.681
-1.076
-1.025
-3.282
-3.174
0.465
-2.808
-3.122
-0.186
-3.018
-2.064
-0.438
-3.176
-2.330
-0.415
-3.720
-2.015
-0.236
-3.447
-1.409
-2.858
-2.835
-2.074
-1.298
-3.121
-4.180
-0.169
-2.266
-1.150
-1.253
-4.502
-2.976
-0.352
-4.364
-3.468
-0.530
-2.831
-3.956
0.385
-3.940
-1.871
-1.055
-1.910
-3.271
0.588
-3.151
-3.472
-0.833
-4.256
-4.272
-1.082
-2.557
-2.144
-0.832
-2.666
-1.634
-2.433
-1.513
-3.152
-2.935
-2.314
-2.651
-0.746
-0.872
-3.148
-2.517
-1.815
-2.053
-2.418
0.912
-3.870
-0.713
-2.652
-0.834
-2.691
0.023
-2.373
-0.117
-3.727
0.471
-2.308
0.975
-2.682
0.418
-2.374
-0.777
-2.954
-0.250
-2.932
-3.609
-2.915
-3.019
-3.797
-4.975
-2.671
-3.506
-4.379
-4.764
-1.572
-3.147
-2.259
-4.554
-3.092
-4.887
-1.940
-4.161
-4.840
-3.988
-2.172
-2.995
-3.897
-5.266
-2.945
-1.503
-2.085
-0.622
0.019
-1.627
-0.677
-1.608
-1.304
-0.361
-2.269
-0.155
-1.476
-3.007
-1.707
-0.834
-1.680
-0.883
-2.511
-2.413
-2.711
-2.450
-3.272
-1.630
-1.406
-2.873
-3.125
-3.264
0.396
-2.777
-1.871
-2.590
-3.846
-2.664
-1.246
-1.475
-2.662
-2.799
-2.380
-4.151
-1.717
-2.490
-3.800
-1.197
-2.034
-2.938
-0.786
-2.672
-2.353
-2.727
-2.224
-2.864
-3.237
-4.288
-2.783
-1.757
-1.933
-4.943
-1.601
-1.985
-4.000
-2.117
-1.913
-2.215
-2.290
-1.565
-3.404
-2.625
-2.408
-3.130
-1.843
-2.465
-1.928
-2.216
-2.945
-1.536
-3.961
-3.108
-2.270
-2.986
-3.316
-1.831
-2.567
-2.762
-3.614
-3.281
-4.466
-4.509
-3.101
-2.088
-2.195
-1.899
-3.975
-3.911
-3.620
-2.891
-4.905
-2.970
-3.485
-3.159
-2.816
-4.079
-4.977
-3.209
-2.574
0.128
-1.989
-2.196
-3.541
-2.502
-2.602
-1.826
-6.233
0.242
-3.167
-2.699
-5.576
-0.723
-3.302
-2.449
-4.068
-0.599
-2.645
-0.580
-5.202
-1.550
-2.548
-2.902
-5.070
-2.054
-2.947
0.395
-5.606
0.080
-3.625
-2.435
-5.457
-2.601
-1.280
-2.974
-4.752
-2.060
-1.271
-3.150
-1.427
-1.119
-4.588
-2.352
1.833
-1.999
-5.271
-3.174
-1.493
-2.737
-2.911
-2.452
-0.746
-2.503
-3.650
-3.602
-1.067
-0.462
-4.218
-4.974
-1.889
-2.352
-3.269
-4.050
0.357
-0.947
-2.787
-4.529
-0.362
-2.623
-5.137
-4.331
0.127
-3.776
-3.070
-3.847
-1.867
-2.689
1.242
-2.003
-4.495
-3.195
-0.347
0.460
-1.838
-3.986
-1.526
0.146
-2.616
-2.630
-0.593
-0.399
-3.558
-2.949
-0.048
0.555
-2.199
-3.383
-0.240
-1.046
-2.468
-4.211
-0.372
-0.413
-2.372
-3.387
-0.815
-0.985
-3.744
-2.990
0.410
0.093
-1.761
-2.488
-1.140
-1.369
-3.345
-1.173
-1.576
-2.852
0.684
-1.991
-1.199
-1.594
0.793
-0.188
-2.218
-2.633
0.990
-0.091
-2.392
-0.696
0.102
0.401
-2.244
-0.716
0.218
-0.391
-1.591
-1.060
0.575
-0.582
-1.600
-0.852
0.250
-0.981
-6.141
-1.109
0.793
0.132
-2.780
-1.789
-2.194
-0.579
-2.765
-1.896
-0.239
-0.918
-2.025
-2.629
-2.373
-1.880
-4.354
-3.774
-4.319
-2.680
-3.223
-3.114
-2.651
0.858
-3.722
-2.819
-2.757
-1.259
-1.594
-2.539
-2.844
-2.100
-2.269
-2.792
-2.842
-2.874
-3.952
-4.451
-2.294
-1.540
-3.691
-2.598
-3.657
-1.020
-2.610
-2.710
-3.490
-2.488
-2.355
-1.535
-4.186
-2.047
-3.776
-1.319
-3.429
-1.702
-2.849
-1.208
-1.551
-3.079
-3.672
-0.842
-3.046
-1.654
-3.598
-0.905
-4.257
-2.915
-4.504
-2.090
-1.960
-1.723
-3.300
0.136
-1.772
-2.170
-1.686
-1.084
-1.658
-2.342
-2.515
-1.620
-3.632
-4.442
-3.279
-3.101
-1.827
-2.800
-4.130
0.592
-1.188
-2.891
-2.177
-2.574
-1.176
-3.131
-1.526
-2.154
-2.477
-2.861
-2.530
-2.056
-0.883
-3.176
-1.277
-3.976
-1.319
-2.376
-2.380
-2.096
-0.367
-2.856
-2.518
-1.940
-1.867
-2.692
-1.392
-2.543
-1.116
-3.677
-2.410
-3.511
-1.831
-3.340
-0.904
-2.192
-1.455
-2.455
-3.174
-2.492
-1.839
-0.728
-1.852
0.636
-4.794
-2.513
-0.002
-2.384
-4.502
-1.703
-1.893
0.136
-4.451
-3.013
-2.023
-1.612
-4.275
-2.714
-1.006
-1.521
-4.153
-1.542
0.543
-0.317
-2.598
-2.466
-2.800
-0.954
-5.195
-3.140
-1.987
0.364
-4.066
-1.918
-1.052
-0.352
-4.748
-2.657
-0.777
-1.638
-1.727
0.013
-0.739
-1.765
-2.718
0.048
-0.755
-3.771
-3.754
-0.729
-1.296
-2.817
-1.776
-2.124
-0.205
-4.140
-3.793
-0.393
-0.107
-3.564
-2.403
-0.863
-0.425
-3.704
-0.683
-0.090
0.954
-3.462
-1.298
-2.497
-1.252
-3.765
-2.890
-0.391
-2.439
-2.757
-3.609
-0.480
-1.158
-2.679
-3.327
-2.384
-2.315
-2.620
-2.957
-1.802
-1.134
-3.181
-2.103
-2.156
-2.395
-2.796
-2.774
-2.055
-2.324
-3.198
-1.854
-3.368
-2.248
-4.351
-2.358
-3.071
-1.614
-2.267
-2.198
-2.436
0.356
-3.903
-0.427
-1.324
-1.582
-3.422
-0.467
-3.625
-0.914
-1.923
-0.168
-3.565
-0.284
-3.113
-0.067
-2.714
-0.228
-2.378
0.016
-2.117
-2.510
-1.782
-1.454
-0.862
-0.637
-2.014
-0.347
-2.562
-1.201
-3.485
-0.304
-2.873
-1.260
-2.534
-2.656
-4.314
-2.882
-4.470
-2.311
-3.060
-0.987
-4.178
-2.084
-3.246
-1.567
-3.624
-0.903
-2.997
-2.329
-2.161
-1.540
-3.807
-3.113
-2.600
-1.090
-3.460
-2.810
-3.464
-2.471
-3.844
-1.392
-2.763
-1.883
-2.111
-1.544
-3.712
-2.362
-1.750
-0.084
-4.151
-0.556
-2.966
-1.203
-3.635
-2.845
-2.847
-1.520
-1.821
-2.540
-0.954
-3.111
-2.416
-2.697
-1.936
-2.875
-1.709
-2.282
-2.397
-3.519
-2.858
-2.491
-2.373
-3.445
-1.867
-3.414
