-7.899
-4.922
-5.074
-6.249
-6.358
-6.579
-7.063
-7.192
-7.142
-7.223
-9.783
-7.752
-7.981
-8.285
-8.381
-7.195
-8.141
-4.839
-4.493
-4.400
-6.170
-7.304
-9.333
-4.961
-10.259
-6.390
-8.563
-6.592
-4.464
-5.703
-13.001
-6.807
-5.505
-2.022
-11.577
-7.573
-5.613
-5.265
-7.033
-6.115
-3.151
-1.455
-0.572
-7.232
-3.942
-6.262
-2.353
-6.097
-4.145
-5.816
-4.791
-4.920
-7.500
-5.262
-6.884
-8.732
-4.213
-6.134
-5.287
-9.469
-2.902
-6.594
-2.509
-6.208
-2.546
-6.029
-4.537
-6.309
-2.063
-4.988
-0.526
-3.360
-1.454
-3.284
-2.200
-5.637
-3.085
-7.088
0.395
0.108
-3.134
-9.391
-6.834
-4.627
0.793
-7.205
-1.954
-4.173
-0.153
-8.159
-7.066
-7.702
0.018
-8.214
-6.510
-9.975
-2.192
-7.624
-4.812
-8.235
0.838
-9.136
-1.437
-6.609
0.804
-8.792
-3.855
-6.575
-3.819
-12.624
-10.440
-4.114
-0.814
-9.983
-6.116
-7.822
-1.480
-8.579
-2.489
-4.985
1.716
-7.511
-4.936
-6.248
3.637
-8.600
-4.131
-12.086
3.764
-8.860
-3.991
-11.520
2.273
-8.645
-5.054
-8.625
3.731
-6.205
-2.458
-8.290
4.233
-6.160
-0.736
-7.632
4.121
-10.093
-6.640
-11.237
2.108
-11.776
-9.486
-8.880
-1.789
-7.983
-7.156
-7.926
2.966
-7.749
0.149
-7.008
4.175
-6.804
-4.271
-7.826
4.925
-4.825
-0.451
-4.938
5.203
-7.770
-1.768
-9.045
5.699
-7.099
-4.512
-8.487
3.665
-7.316
-6.462
-5.933
4.494
-4.668
-2.604
-7.059
4.996
-3.631
-1.675
-6.499
-0.157
-6.389
-7.064
-4.920
4.343
-5.871
-5.463
-6.055
4.006
-4.922
-2.511
-10.958
-3.225
-0.154
-2.104
-2.566
-7.114
-5.318
-6.181
-3.615
-5.830
-1.900
-3.600
-5.402
-5.318
-3.892
-8.504
-2.953
-3.021
-4.097
-3.450
1.290
-4.077
-1.480
-3.673
-1.623
-4.133
-6.057
-6.301
-0.510
-6.053
-5.265
-5.629
-1.636
-1.309
-3.335
-4.273
-2.901
-6.571
-4.476
-4.981
-3.388
-5.756
-5.321
-7.697
-9.008
-2.395
-3.056
-5.187
-3.896
-0.700
-2.008
-7.501
-4.426
0.825
2.313
-1.552
-0.885
-4.372
-6.497
-5.241
-4.142
-1.237
-1.864
-6.944
-4.224
-2.335
-1.872
-5.161
-4.240
-2.254
-3.211
-6.890
-5.172
-6.308
-5.529
-6.850
-8.751
-1.918
-2.549
-3.871
-3.866
-6.104
-6.850
1.670
-0.730
-0.021
-2.165
3.166
-0.739
-3.248
-1.962
0.887
-4.074
-1.858
-5.278
2.760
1.099
-1.982
-3.700
1.901
-0.081
-3.812
-5.758
2.342
-0.679
-2.521
-4.070
-3.049
-1.886
-5.766
-5.797
0.550
-2.415
-6.528
-7.722
-1.000
-4.766
-2.792
-2.730
-1.229
-0.606
-3.596
-6.840
-3.399
-1.137
-1.921
-3.932
-1.772
0.784
-1.739
-3.221
-3.183
-1.487
-3.069
-6.558
-4.884
-2.399
-4.688
-6.973
-4.690
-1.498
-4.280
-7.428
-3.794
-2.548
-4.149
-3.747
-0.581
0.865
-2.921
-7.418
-3.354
-1.401
-4.475
-5.768
-3.457
-2.035
-8.460
-8.323
-4.545
-2.888
5.240
0.450
0.087
0.288
6.426
3.148
-2.176
-0.985
5.308
-0.188
-4.256
-2.146
2.577
-4.210
-4.969
-2.256
5.023
2.913
-0.327
3.276
4.262
1.502
-1.207
-1.238
2.179
-1.332
-3.237
-0.359
2.364
0.486
-3.752
-4.583
4.156
1.803
-3.488
-0.438
-1.505
-2.649
-8.783
-7.316
-5.395
-7.024
-9.362
-3.614
-8.479
-8.834
-5.573
-8.446
-9.840
-3.907
-6.790
-10.802
-5.297
-10.042
-9.087
-6.537
-10.356
-10.440
-2.354
-6.321
-7.966
-4.907
-7.776
-7.387
-5.001
-9.028
-8.244
-3.407
-10.072
-11.978
1.558
-2.490
-7.756
5.165
-0.027
-10.600
2.513
-2.648
-7.808
4.953
-1.518
-9.664
-0.671
-5.997
-9.323
2.704
-1.546
-7.089
2.146
-3.391
-7.020
2.674
-3.484
-8.884
3.042
-1.039
-12.133
4.905
0.997
-10.274
6.004
-1.505
-9.295
2.670
-5.325
-8.295
3.255
-4.178
-9.490
5.242
-1.452
-7.655
2.390
-5.047
-9.631
5.329
1.309
-6.603
1.258
-6.380
-10.529
-3.001
-6.284
-2.537
4.863
-0.977
-9.497
5.956
-0.817
-6.698
5.488
-2.881
-2.701
5.037
0.395
-1.021
6.141
-3.118
1.108
6.025
-0.818
-1.417
4.488
-1.076
1.521
2.457
-3.226
-3.835
5.959
-2.211
-4.545
5.788
-4.829
-0.391
6.324
0.416
-0.497
6.950
-2.020
-0.506
-4.150
-7.185
5.585
-3.043
-8.127
4.852
-4.636
-7.388
5.705
0.595
-6.019
5.686
-2.739
-7.708
4.863
-1.419
-9.663
3.359
-0.783
-9.599
3.410
-0.100
-8.432
3.921
-2.413
-5.320
5.243
-4.352
-4.773
4.130
4.348
-1.033
-0.658
6.422
-2.030
-0.922
6.586
-2.640
1.493
4.669
-2.803
-1.535
5.311
0.012
-0.877
2.514
-2.985
-3.112
4.657
0.984
1.176
2.933
1.091
2.203
4.024
-1.887
0.271
1.608
-0.011
0.458
-5.360
-6.007
-7.164
-6.935
-3.041
-6.812
-4.578
-5.691
-8.643
-5.834
-8.352
-7.171
-5.576
-6.449
-5.288
-6.515
-5.149
-6.322
-5.775
-3.689
-5.485
-4.049
-7.157
-7.492
-5.384
-9.220
-6.623
-6.969
-6.940
-5.290
-4.166
-3.301
-5.946
-7.805
-2.218
-3.118
-0.713
-2.902
-5.154
-1.571
-4.402
-5.241
-7.012
-9.106
-4.141
-6.883
-4.384
-6.135
-4.964
-4.287
-5.523
-5.118
-4.812
-2.534
-3.080
-8.207
-5.247
-7.394
-4.299
-4.039
-6.824
-4.801
-8.418
-3.190
-1.611
-7.447
-4.658
-5.821
-3.791
-1.403
-6.163
-6.693
-7.357
-4.217
-3.220
-7.980
-6.552
-7.375
-4.915
-5.352
-7.399
-4.656
-6.338
-3.777
-0.731
-6.156
-5.309
-7.051
-2.036
-2.542
-6.838
-7.265
-5.769
-3.267
-4.829
-10.899
-6.521
-6.246
-5.848
-7.168
-6.377
-2.604
-2.824
-6.211
-3.444
-5.526
-4.646
-7.172
-9.725
-1.146
-6.748
-9.221
-8.272
-8.810
-4.124
-8.258
-6.271
-7.261
-11.440
-5.030
-3.283
-6.313
-5.375
-8.547
-2.454
-6.603
-6.185
-5.926
-9.165
-1.352
-6.123
-3.855
-5.071
-5.726
-0.915
-8.121
-5.325
-6.063
-9.574
-3.072
-5.755
-4.332
-4.621
-6.809
-3.118
-9.365
-8.310
-4.928
-9.367
-6.002
-6.535
-3.846
-6.322
-2.980
5.324
-6.599
-2.715
-3.268
-2.735
5.047
-5.387
-1.735
-4.848
-1.332
3.705
-7.880
-3.988
-4.584
-4.703
5.053
-3.423
-4.766
-4.264
-4.833
4.016
-3.632
-1.883
-4.323
-2.412
4.304
-5.481
-4.521
-5.494
-9.174
-1.943
-6.221
-2.846
-5.226
-3.648
7.079
-5.679
-4.426
-4.139
-6.222
4.179
-3.204
-2.951
-3.389
-2.148
7.329
-5.846
-10.162
-6.753
-6.209
-7.883
-6.140
-8.646
-6.421
-6.488
-10.212
-4.021
-5.896
-4.780
-1.835
-2.004
-5.952
-8.684
-8.413
-8.786
-7.048
-2.836
-4.218
-1.242
-2.789
-4.054
-5.879
-5.041
-5.844
-5.092
-3.504
-5.232
-2.581
-2.787
-4.983
-3.192
-5.039
-6.593
-7.263
-5.213
-5.211
-7.819
-8.013
-6.708
-7.142
-8.511
-5.554
-7.486
-6.730
-5.717
-7.130
0.785
6.318
-5.911
1.910
-6.174
2.453
4.351
-8.295
-2.582
-7.704
1.422
6.241
-4.997
-1.022
-6.080
-2.031
2.381
-8.218
-0.517
-7.626
-2.250
3.776
-8.448
1.738
-4.049
1.980
5.567
-7.175
0.108
-7.833
3.131
5.425
-7.415
-0.227
-6.697
-2.953
5.030
-2.911
-1.137
-4.502
2.831
4.115
-7.360
-1.502
-6.237
0.873
5.799
-6.126
0.733
-1.254
-8.183
-6.765
-12.101
-0.297
-3.671
-7.211
-6.922
-9.342
-1.875
-3.939
-8.330
-5.523
-10.701
-3.843
-2.186
-8.548
-9.682
-12.294
-3.835
-3.766
-8.233
-4.315
-11.238
-0.409
-4.789
-6.194
-8.119
-10.516
-3.550
-4.137
-7.129
-5.508
-9.340
-4.060
-2.575
-5.292
-4.183
-8.491
2.005
-5.655
-6.758
-7.085
-10.035
-3.176
-3.767
-8.502
-9.849
-13.145
-5.173
-10.868
-0.554
-1.549
-6.819
-7.045
-10.682
1.485
-0.090
-7.998
-5.112
-10.954
0.062
-2.380
-9.085
-6.175
-9.845
-0.410
-0.871
-9.698
-7.262
-9.653
1.750
0.114
-12.019
-5.360
-10.813
-0.211
-3.999
-8.207
-5.413
-11.901
0.196
2.434
-4.053
-4.892
-5.949
-1.499
0.649
-8.056
-5.396
-9.790
-2.372
-2.535
-9.829
-6.964
-10.698
-1.078
1.208
-6.827
-5.624
-8.392
-5.523
0.659
-5.727
-5.517
-2.377
-0.593
3.211
-8.595
-5.926
-7.782
-3.560
2.561
-8.398
-5.924
-3.989
-1.528
2.560
-6.963
-5.488
-7.783
-0.309
1.602
-5.741
-2.817
-2.823
-0.145
4.055
-7.640
-4.331
-4.698
-2.171
3.256
-6.620
-4.710
-4.681
0.829
0.922
-10.009
-5.181
-7.503
-2.775
-1.682
-11.126
-6.366
-6.720
-2.617
0.393
-10.631
-5.165
-7.925
-2.871
6.206
-0.034
-5.982
-8.846
-1.383
5.705
0.199
-5.869
-5.936
-1.128
5.929
-0.027
-6.773
-7.568
-1.843
5.555
2.214
-5.459
-5.736
-1.256
4.412
-2.030
-5.364
-9.516
0.715
3.647
-2.855
-6.869
-8.843
0.378
2.254
-4.044
-4.708
-6.718
-0.885
6.821
-3.588
-5.207
-9.209
-3.101
4.432
-3.290
-5.626
-9.082
-5.560
3.218
-1.869
-7.439
-8.970
-5.212
-7.287
-5.077
-4.886
-9.659
-8.811
-2.214
-9.533
-6.818
-3.378
-10.132
-5.515
-9.425
-8.719
-6.492
-6.562
-7.676
-6.552
-8.290
-5.674
-4.860
-6.308
-5.263
-6.316
-8.052
-7.095
-5.944
-5.027
-6.652
-6.548
-12.949
-6.926
-4.849
-14.946
-7.926
-8.579
-12.813
-7.042
-4.726
-12.553
-6.264
-4.761
-13.176
-8.198
-5.374
-12.045
-7.061
-5.357
-13.531
-8.969
-3.753
-14.610
-9.658
-6.992
-14.780
-5.962
-6.575
-11.880
-4.562
-2.349
-7.720
-11.454
-3.762
-6.991
-12.647
-6.584
-6.763
-9.550
-4.169
-4.526
-8.606
-3.430
-7.561
-6.126
-4.874
-3.592
-10.254
-4.949
-5.684
-11.182
-5.275
-6.780
-8.954
-5.087
-6.703
-11.292
-7.729
-7.028
-10.791
-6.432
-1.652
-3.561
-9.832
-2.158
-3.452
-8.826
-4.297
-3.601
-9.194
0.575
-4.605
-8.503
-1.916
-3.228
-10.045
-1.165
-1.374
-6.620
-1.955
-1.754
-8.287
-0.538
-2.704
-9.673
-1.849
0.471
-8.006
0.467
-1.890
-7.682
-6.522
-4.782
-6.435
-4.071
-2.798
-6.942
-1.345
-3.655
-7.384
-3.702
-7.167
-8.707
-5.449
-4.209
-5.009
-0.862
-6.135
-7.567
-4.716
-3.934
-3.142
-4.142
-3.765
-3.233
-4.179
-5.124
-6.098
-7.511
-2.242
-6.649
-5.777
-4.071
-6.198
-3.368
-4.080
-5.821
-5.329
-1.766
-6.737
-5.903
-2.361
-7.869
-3.156
-3.574
-8.556
-3.948
-3.473
-8.654
-5.504
1.192
-7.894
-6.032
1.018
-9.015
-6.192
-3.202
-8.096
-1.566
-1.209
-7.712
