-8.270
-6.525
-1.309
-8.602
-2.530
-6.325
-6.569
-5.248
-4.524
-1.751
-4.261
-5.337
-4.147
-2.078
-1.988
-4.330
-4.955
-4.151
-5.128
-3.298
-1.058
-2.354
-3.052
-1.135
-2.579
-0.327
0.054
-0.995
-1.249
-1.548
0.998
2.820
1.376
3.979
2.164
-0.381
-2.338
3.054
1.565
0.954
-6.062
0.220
-8.872
-4.143
1.731
-6.582
-5.145
0.996
-7.717
-5.163
1.502
-8.538
-5.651
0.880
-7.529
-5.493
1.109
-7.395
-5.660
-0.413
-6.595
-3.354
0.130
-6.550
-2.533
-2.151
-6.427
-2.999
-2.504
-9.393
-0.010
-2.466
-7.371
1.008
-0.654
-6.645
-1.931
-3.775
-5.930
2.030
-4.389
-3.416
-2.602
-3.867
-1.741
-3.626
-0.366
-3.451
-5.319
-4.334
-3.347
3.345
-1.699
-5.548
-0.447
-0.393
-5.378
-0.593
-1.820
-6.272
-6.393
-5.062
-5.098
-9.003
-4.404
-9.816
-8.026
-7.762
-7.513
-7.775
-3.233
-10.528
-6.807
-3.833
-8.619
-6.162
-4.297
-7.744
-9.921
-7.098
-7.016
-7.084
-5.135
-9.773
-9.523
-4.311
-11.459
-5.444
-3.628
-8.889
-10.318
-12.075
-8.074
-6.435
-5.864
-4.502
-9.725
-9.545
-6.862
-6.484
-9.489
-6.182
-4.550
-8.151
-5.443
-7.558
-11.038
-6.360
-4.676
-7.548
-3.574
-7.269
-8.420
-6.664
-7.027
-8.887
-6.207
-5.538
-10.174
-7.359
0.197
-3.199
2.415
1.742
-4.339
3.575
2.513
-3.335
-1.875
-0.331
-5.666
-0.941
2.645
-1.186
2.773
0.460
-3.594
0.982
3.378
-1.712
3.929
-1.959
-5.827
1.817
0.038
-6.840
2.055
0.810
-5.828
0.098
-1.965
-2.899
2.268
-3.109
-4.453
1.740
-3.996
-6.293
3.382
-2.294
-3.700
2.686
-3.089
-5.255
4.824
-1.699
-1.955
2.770
-1.656
-3.681
5.183
-0.806
-2.863
2.422
-1.950
-0.551
1.564
-4.316
-4.091
3.830
-1.339
-5.982
-3.143
0.836
-3.277
-3.425
0.726
-4.026
-1.023
-0.955
-1.468
-1.122
-0.465
-4.199
-2.930
0.180
-5.789
-5.081
0.311
-6.598
-5.839
0.563
-1.765
0.947
-1.445
-6.700
-4.408
-0.866
-7.887
-4.722
4.715
-3.378
-0.998
4.405
-1.302
0.136
2.684
-2.867
-2.722
-0.647
-2.829
-3.520
2.561
-1.125
-2.177
2.419
-1.377
-3.403
4.948
-0.057
-1.925
1.730
-0.267
-1.245
1.341
-4.868
-2.515
2.685
1.437
2.204
1.728
-9.170
0.052
-10.741
-1.241
-6.236
1.649
-6.104
-0.841
-3.471
0.444
-6.785
1.544
-6.844
1.576
-7.364
0.688
-8.856
0.220
-9.319
-1.496
-6.508
3.251
-9.528
-0.276
-11.828
0.758
-8.898
-1.424
-8.592
-1.239
-9.517
0.438
-9.148
-0.346
-8.092
-3.650
-9.654
-3.767
-10.541
-8.640
-7.663
-6.741
-7.992
-7.885
-6.543
-5.567
-6.228
-5.928
-7.702
-6.101
-4.587
-5.812
-9.203
-7.342
-5.630
-7.796
-8.434
-6.265
-9.776
-2.533
-1.168
-6.777
-1.466
-6.113
-4.233
-4.480
-3.496
-5.768
-4.634
-2.829
0.043
-7.087
-1.952
-4.965
-0.302
-3.776
-2.324
-8.469
-4.401
-2.283
-4.496
-1.424
-1.031
-3.467
-2.227
0.109
-0.203
1.338
-5.362
0.156
-0.436
-1.504
-0.330
-2.781
-4.050
-3.696
-4.415
-3.078
-2.548
-2.143
-3.646
-0.779
-2.438
-3.991
0.438
-1.405
-4.689
-0.579
-4.951
-4.949
-3.882
0.014
-0.751
-2.517
-4.308
-4.009
-1.244
0.031
-3.095
-7.027
-2.228
-5.886
-4.725
-6.436
-8.137
-9.233
-5.105
-6.316
-4.966
-6.507
-2.725
-7.695
-6.916
-8.489
-6.841
-6.145
-6.579
-9.658
-4.031
-7.308
-5.654
-6.793
-4.626
-6.880
-9.073
-10.549
-6.361
-4.487
-3.521
-5.800
-3.547
-4.883
-5.491
-6.390
-4.111
-4.494
-3.841
-7.218
-5.104
-8.718
-8.047
-8.318
-9.832
-6.887
-5.515
-7.320
-10.527
-7.318
-5.356
-2.471
-7.192
-7.201
-4.638
-5.409
-7.200
-4.133
-3.748
-1.018
-6.364
-5.296
-6.681
-5.937
-9.744
-4.593
-1.981
-5.150
-6.596
-5.338
-5.608
-0.701
-9.530
-5.681
-7.939
-7.124
-10.590
-6.211
-2.435
-6.325
-6.363
-1.634
-5.903
-3.025
-4.846
-2.863
-8.883
-5.345
-1.665
-4.700
-9.611
-6.131
-7.040
-3.615
-5.608
-4.038
-5.148
-4.892
-6.035
-6.859
-4.864
-0.826
-6.082
-5.577
-6.511
-3.917
-5.029
-5.303
-3.642
-3.317
-7.380
-7.954
-5.086
-1.359
-6.655
-6.228
-1.860
-5.238
-5.873
-5.696
-5.720
-5.282
-1.274
-2.041
-4.034
-6.631
-0.825
-0.565
-1.374
-10.520
-3.609
-1.572
-5.833
-9.796
-4.218
-0.783
-5.657
-6.799
-1.608
2.160
-2.392
-9.630
-4.637
-2.638
-5.162
-10.610
-2.464
-1.463
-6.463
-8.595
-2.700
0.761
-3.796
-6.798
-1.769
-0.561
-3.361
-7.728
-4.502
-3.472
-5.685
-2.615
-4.232
-4.181
-0.631
-2.569
-2.799
-1.161
1.018
-2.105
-6.824
-5.037
-1.569
-1.836
-5.065
-3.839
-1.554
-0.817
-5.184
-1.048
-1.563
-4.087
-4.317
-3.861
-2.085
-1.773
-4.290
-1.725
-2.668
-5.240
-8.998
-3.786
-2.777
-5.397
-5.590
-1.174
-7.098
-0.680
-7.112
-2.502
-1.434
-5.082
-1.552
-8.361
-6.325
-7.730
-7.244
-8.592
-9.434
-9.463
-4.112
-8.723
-7.410
-2.536
-2.647
-7.077
-9.051
-8.039
-0.634
-7.433
-4.950
-7.235
0.150
-6.336
-4.927
-8.241
-4.634
-8.982
-9.298
-5.807
-4.907
-7.660
-7.448
-8.643
-0.972
-8.285
-6.605
-8.836
-2.816
-6.637
-3.542
-5.169
-7.559
-3.117
-5.022
-5.761
-6.663
-1.187
-1.418
-8.027
-10.107
-1.773
-6.683
-3.983
-7.715
-3.347
-4.300
-7.597
-5.833
-1.043
-3.563
-3.176
-7.445
-2.777
-6.424
-3.648
-5.104
-3.216
-5.785
-6.781
-6.552
-3.088
-5.923
-3.349
-7.518
-3.258
-6.930
-6.475
-7.831
-3.689
-4.305
-5.876
-3.552
-5.098
-3.664
-6.003
-4.202
-6.087
-4.244
-8.698
-1.997
-4.242
-1.539
-5.699
-1.798
-6.628
-1.923
-7.335
-4.475
-6.374
-1.537
-6.430
-3.562
-5.422
-2.009
-3.182
-0.739
-6.256
-2.120
-7.259
-1.852
-5.038
-4.230
-8.240
-1.760
-3.825
-3.105
-8.724
-5.554
-6.039
-4.889
-0.285
-9.125
-1.462
-10.535
0.056
-3.801
-4.512
-8.427
2.081
-9.357
-3.602
-11.091
-0.923
-6.704
-2.064
-10.522
0.721
-6.297
-4.346
-7.932
0.178
-5.248
-1.623
-9.773
0.891
-6.876
-3.330
-9.517
3.372
-4.973
-1.461
-11.501
-2.016
-7.780
-2.520
-10.202
-1.476
-5.698
-3.808
-6.491
-1.886
-1.982
-8.240
-7.568
-1.264
-0.253
-8.283
-6.940
-2.661
-2.071
-6.607
-7.373
-7.674
-4.957
-8.154
-7.860
-2.225
-0.680
-9.583
-6.960
-1.859
-1.559
-9.999
-2.804
-2.611
1.735
-6.555
-3.990
-4.793
-1.500
-7.790
-7.459
-1.184
-2.863
-8.179
-6.756
-4.325
-2.619
-8.545
-8.245
-8.157
-3.508
-5.077
-1.857
-3.839
1.059
-6.762
-2.653
-6.887
-1.993
-7.458
-3.677
-9.548
-1.941
-9.282
-2.341
-9.156
-4.568
-9.747
-2.655
-3.607
0.171
-5.280
-2.599
-3.869
-4.354
-5.385
0.778
-1.122
-2.308
-5.651
-3.140
-3.442
-4.713
-8.147
-4.046
-7.079
-1.139
-4.828
-3.467
-8.540
-3.437
-7.524
-2.343
-8.354
-4.130
-9.192
-5.532
-4.593
-2.626
-7.870
-3.599
-7.802
-4.348
-9.491
-2.463
-9.957
-3.826
-6.400
-5.108
-3.831
-4.867
-3.758
-5.880
-2.084
-1.131
-2.643
-4.572
-4.919
-3.180
-2.755
-4.204
-1.326
-2.795
-3.753
-1.957
-2.389
-2.956
-4.889
-2.793
-1.840
-3.774
-5.183
-3.972
-6.252
-2.762
-6.841
-5.725
-4.708
-3.924
-3.945
-4.433
-4.807
-1.668
-5.045
-4.806
-4.062
-2.148
-7.452
-7.150
-4.465
-4.474
-6.640
-5.482
-6.085
-1.778
-1.335
-4.493
-3.931
-5.263
-5.992
-5.000
-3.671
-5.612
-5.285
-3.057
-3.928
-5.373
-1.138
-0.966
