-6.034
-5.467
-5.943
-4.843
-3.188
-4.373
-4.340
-4.795
-6.561
-6.707
-6.318
-5.279
-6.942
-5.338
-5.780
-5.443
-7.547
-3.708
-4.696
-3.901
-5.045
-5.391
-6.388
-3.443
-6.912
-4.478
-7.378
-5.861
-5.251
-3.249
-5.924
-5.018
-2.666
-1.388
-5.286
-4.185
-5.582
-2.775
-2.962
-3.678
-1.039
-2.743
-0.329
-4.767
-1.222
-4.787
-1.559
-5.610
-2.228
-7.822
-4.812
-5.165
-1.629
-3.378
-0.617
-6.669
0.235
-2.846
-1.686
-7.076
2.503
-3.465
1.890
-3.106
4.857
-2.744
3.343
-4.131
3.531
-4.582
5.300
-1.075
4.541
-3.538
2.952
-4.275
3.138
-3.565
2.664
-2.562
3.993
-2.109
2.402
2.887
2.745
-0.170
2.596
1.511
4.020
0.142
3.696
3.123
4.538
0.778
2.246
2.084
3.323
0.232
2.443
4.295
3.888
0.108
3.126
2.065
2.568
-0.813
2.424
1.694
2.609
-2.627
1.089
1.098
3.706
0.737
3.483
3.711
4.348
0.353
3.983
3.910
4.706
0.329
3.061
1.925
4.019
-0.086
1.794
0.220
4.582
-0.006
2.424
-0.400
4.129
0.803
2.793
1.767
3.143
0.044
1.985
-0.210
4.144
-0.615
2.478
0.177
3.370
-0.777
0.254
-1.494
4.253
0.320
2.623
1.593
2.875
0.011
1.554
-0.194
3.267
0.187
2.786
1.125
4.044
-0.857
1.576
-0.441
3.856
0.197
2.032
-0.095
4.942
0.682
3.627
1.049
3.959
-0.640
1.557
-0.026
5.828
-0.029
2.536
0.563
4.876
-0.007
2.322
-0.090
4.329
0.388
2.636
0.196
4.179
-1.273
1.109
-1.206
4.265
-0.369
1.524
0.104
2.691
-0.566
0.931
-3.645
0.338
1.947
2.435
3.648
1.335
0.402
2.118
5.299
1.404
0.377
2.375
4.784
0.783
-0.289
0.951
5.098
1.216
-0.165
2.248
4.909
0.756
0.220
0.600
3.139
0.662
-3.137
-0.727
3.003
0.597
-0.326
1.635
4.004
0.358
-1.451
-0.729
3.416
1.178
-0.044
1.763
2.896
3.541
6.242
0.576
2.211
3.231
4.062
1.645
3.770
3.589
5.346
0.123
1.866
3.632
4.126
1.575
2.349
3.085
3.896
-0.148
1.459
3.776
5.385
-0.702
1.636
3.445
5.417
1.570
2.879
2.276
2.895
0.082
1.589
2.879
5.598
0.888
2.715
3.054
5.379
1.009
2.914
0.008
-0.641
5.089
2.207
2.126
0.891
5.123
2.832
1.802
1.963
3.834
1.795
2.946
1.128
5.070
3.728
3.064
2.080
4.273
3.577
0.429
0.345
4.828
1.667
3.077
2.778
4.955
4.404
1.832
0.621
5.825
2.305
1.552
0.716
3.576
1.904
3.635
2.742
4.966
3.944
3.442
3.973
0.779
2.364
3.455
3.628
2.072
1.920
3.998
2.363
0.772
1.806
3.478
2.416
-0.283
1.177
0.915
0.952
-0.713
0.391
3.303
3.556
0.807
1.660
4.658
3.604
1.752
3.046
2.428
1.942
0.541
2.031
3.235
2.354
-0.790
1.135
2.460
2.942
0.473
2.139
4.884
3.765
2.289
3.136
4.720
1.595
0.691
3.175
5.399
2.742
1.733
3.478
4.638
1.808
1.517
3.425
3.614
2.689
2.162
3.698
3.375
2.069
1.482
1.977
4.868
0.477
0.124
1.998
3.604
1.370
0.212
2.217
3.983
2.241
0.362
2.506
4.027
1.563
0.584
3.022
-0.784
-2.004
-2.907
-0.206
-3.275
-2.478
0.244
-2.292
-3.295
-0.391
-3.185
-2.165
-0.865
-2.925
-2.397
-2.347
-5.330
-5.719
-0.530
-3.596
-1.052
0.442
-1.604
-0.975
-0.603
-2.112
-2.259
0.582
-2.299
-3.701
2.696
1.463
-1.303
4.123
1.622
-2.505
3.506
0.708
-1.394
4.478
2.314
0.050
2.696
-0.037
-2.714
3.482
1.917
-1.866
2.080
0.174
-2.019
0.320
-2.050
-4.410
4.821
1.575
-1.844
2.344
1.030
-4.486
3.450
0.699
-0.101
3.296
0.029
1.451
3.536
0.934
0.261
2.830
0.235
-1.506
2.090
-2.210
-2.000
3.463
-0.236
-1.211
1.668
-2.394
-0.909
0.380
-1.880
-0.422
4.062
1.387
0.197
2.328
-1.263
-1.731
0.343
-1.293
-1.233
1.523
0.112
-0.376
0.122
-1.674
-0.430
-2.028
-1.109
-2.721
0.432
-0.470
0.661
1.047
0.082
-1.131
1.612
-0.223
-1.796
2.438
1.501
-0.027
1.207
0.569
-0.895
2.390
1.166
0.336
-3.588
-2.061
-0.031
-1.423
-1.294
0.211
-1.485
-0.779
0.327
-0.547
-3.738
-1.038
-1.799
-0.312
-0.179
-0.014
-3.391
-1.098
-1.002
-1.731
-0.416
-1.168
-1.010
-3.346
2.280
0.403
1.074
0.525
1.496
1.527
2.100
0.870
-0.868
3.886
2.595
1.168
1.953
-0.082
-0.473
1.373
-0.447
-1.502
2.931
1.566
-0.440
1.028
-0.031
0.070
3.880
2.930
2.261
1.105
0.769
1.104
2.919
0.390
0.161
0.716
-0.258
-1.602
-6.420
-4.491
-5.991
-8.235
-5.664
-7.047
-4.542
-4.969
-7.700
-7.062
-7.914
-6.786
-6.669
-7.524
-7.158
-6.223
-5.015
-4.035
-8.181
-7.309
-6.222
-6.017
-5.781
-9.250
-5.980
-9.126
-6.960
-8.562
-8.834
-7.932
-5.527
-4.335
-5.385
-6.089
-3.764
-4.742
-2.501
-3.136
-5.225
-4.156
-5.449
-3.405
-5.319
-9.670
-4.839
-5.723
-3.766
-4.837
-6.825
-6.270
-7.343
-6.501
-7.238
-6.172
-7.877
-9.360
-5.962
-7.324
-5.197
-7.938
-7.378
-4.749
-4.793
-3.577
-6.182
-8.115
-5.432
-5.608
-4.699
-6.731
-8.416
-6.087
-7.376
-6.741
-8.403
-9.263
-6.396
-6.623
-5.981
-7.670
-6.649
-7.269
-6.550
-6.461
-6.755
-5.211
-5.159
-5.591
-4.278
-6.731
-5.319
-4.779
-3.705
-4.402
-4.773
-8.087
-5.510
-6.170
-5.340
-8.310
-4.236
-1.010
-2.185
-6.607
-2.706
-5.281
-3.144
-2.390
-7.523
-2.402
-5.418
-4.378
-3.558
-8.953
-1.548
-4.036
-1.095
-2.897
-8.414
-1.533
-2.311
-5.635
-1.123
-8.178
-2.795
-5.218
-2.879
-2.224
-7.001
-3.117
-3.605
-3.625
-2.528
-8.169
-2.027
-4.479
-3.139
-3.950
-6.926
-2.451
-3.263
-2.422
-1.872
-6.904
-1.315
-7.311
-5.237
-3.490
-11.855
-5.502
-8.132
-5.196
-7.576
-4.529
-3.327
-4.333
-4.035
-5.006
-4.368
-3.051
-4.004
-3.997
-4.933
-2.738
-4.226
-6.101
-3.715
-4.517
-5.282
-4.547
-3.877
-4.301
-4.526
-4.427
-3.936
-2.857
-3.184
-3.229
-1.492
-2.564
-4.892
-7.867
-5.676
-9.333
-6.844
-4.744
-3.475
-4.917
-3.159
-2.272
-5.110
-3.553
-4.354
-6.388
-3.162
-6.278
-3.095
-5.599
-5.233
-2.117
-3.083
-6.455
-5.220
-4.392
-5.829
-2.923
-3.792
-3.422
-2.097
-5.199
-4.507
-5.400
-2.794
-3.041
-6.346
-4.828
-4.442
-3.698
-5.130
-6.931
-3.631
-4.777
-0.835
-2.007
-4.167
-3.600
-6.481
-3.632
-2.084
-5.701
-4.058
-2.027
-2.064
-4.309
-5.026
-5.813
-6.132
-5.905
-3.191
-6.041
-3.974
-3.643
-3.189
-3.773
-5.223
-4.667
-5.010
-3.275
-7.344
-7.442
0.744
1.363
-5.980
-0.177
-2.203
1.383
0.721
-5.474
-1.526
-6.356
0.711
3.046
-6.466
-0.151
-4.195
-0.867
-0.818
-9.092
-0.066
-4.931
-1.770
0.159
-8.083
1.081
-2.463
0.171
0.368
-5.774
-0.118
-4.337
0.659
-0.215
-7.683
0.627
-5.290
0.661
1.050
-5.527
-0.002
-2.923
1.872
0.630
-6.294
-0.532
-4.269
0.536
-2.063
-6.735
-0.712
-4.324
-7.340
-5.400
-9.627
-4.192
-5.193
-4.593
-3.920
-9.961
-1.853
-2.832
-5.829
-5.992
-8.688
-5.809
-5.298
-4.758
-6.311
-9.406
-4.087
-5.540
-4.993
-2.904
-8.078
-1.683
-1.871
-3.449
-5.056
-8.607
-3.520
-5.265
-6.111
-5.587
-9.323
-3.655
-3.668
-4.029
-5.806
-9.375
-3.537
-6.395
-6.091
-3.865
-9.669
-3.538
-2.916
-5.651
-4.369
-11.073
-4.537
-6.462
-0.357
-1.838
-1.070
-7.023
-6.534
-0.289
-2.433
-3.096
-6.498
-9.969
-0.840
-4.845
-1.236
-7.435
-8.999
0.680
-2.564
-4.027
-3.668
-6.124
0.718
-2.405
-4.126
-3.292
-6.665
-2.017
-5.631
-2.685
-4.880
-8.102
-1.892
-3.634
-1.882
-6.719
-6.612
-1.827
-1.383
-1.383
-4.053
-6.523
1.648
-0.978
-2.864
-3.391
-5.996
-0.461
-3.203
-3.412
-2.352
-6.028
-3.223
-1.302
-8.663
-4.173
-2.638
0.266
-0.502
-6.668
-4.340
-4.299
-2.433
-0.514
-8.765
-4.669
-2.947
-0.886
-2.237
-7.089
-3.657
-4.392
-5.681
-1.577
-11.334
-2.805
-3.371
-0.418
-0.368
-6.245
-4.255
-1.993
-2.758
-1.857
-7.072
-3.380
-2.502
0.049
-0.474
-6.211
-4.158
-3.858
-2.670
-0.400
-4.873
-5.071
-2.639
-2.855
-2.469
-7.091
-3.330
-2.916
-0.106
0.881
-0.535
-4.128
-4.290
-0.700
-0.103
-1.417
-2.506
-3.364
0.791
0.634
-1.811
-3.763
-4.077
0.398
-1.042
0.631
-4.705
-4.847
0.896
-0.054
0.550
-4.016
-4.234
0.431
-1.933
-4.776
-3.378
-2.675
-0.523
-1.272
-4.681
-2.080
-4.207
0.280
0.800
-1.199
-2.977
-2.014
-0.737
0.842
-4.074
-2.926
-4.667
-1.115
-0.166
-3.505
-4.180
-4.688
-3.658
-4.931
-3.612
-4.989
-6.568
-5.694
-2.972
-8.583
-4.964
-3.757
-7.435
-4.278
-5.391
-5.246
-4.868
-3.356
-7.524
-5.810
-5.993
-5.591
-2.576
-3.787
-4.283
-4.940
-3.725
-4.880
-5.242
-1.899
-5.283
-5.185
-12.377
-6.919
-5.510
-8.435
-3.764
-2.204
-10.121
-4.066
-2.603
-12.277
-5.677
-4.838
-9.862
-3.588
-1.175
-11.822
-4.751
-4.422
-11.618
-4.018
-1.729
-9.116
-5.132
-2.132
-10.910
-5.085
-4.630
-12.052
-4.755
-1.921
-4.595
-6.720
-4.152
-7.420
-4.890
-3.396
-5.095
-4.940
-2.405
-5.251
-4.195
-1.752
-4.809
-4.817
-3.017
-5.205
-5.973
-3.654
-3.698
-5.906
-1.231
-5.449
-5.543
-3.240
-4.639
-3.688
-3.571
-3.879
-5.243
-1.731
-2.135
-2.015
-3.830
-1.842
-2.658
-3.583
-2.982
-2.475
-4.436
-1.216
-2.843
-5.319
-1.433
-3.402
-5.035
-0.101
-1.985
-3.917
-1.787
-3.267
-5.649
-1.855
-1.829
-3.950
-1.782
-0.177
-2.408
-1.685
-2.903
-3.626
-3.324
-6.428
-6.094
-2.711
-4.856
-5.239
-3.491
-4.713
-5.537
-3.307
-3.713
-5.388
-4.198
-2.155
-3.369
-1.716
-4.663
-5.687
-3.194
-4.245
-4.536
-4.464
-4.562
-6.070
-3.419
-5.137
-5.523
-5.383
-4.085
-3.929
-5.439
-3.679
-7.214
-3.005
-1.331
-6.133
-6.581
-1.487
-4.417
-4.360
-2.490
-5.929
-4.104
-1.230
-7.330
-5.837
-2.692
-6.852
-6.348
-0.543
-4.940
-8.076
-2.329
-6.593
-7.837
-3.023
-6.587
-4.385
-2.211
-6.469
