2.714
6.164
4.293
3.603
4.295
3.663
1.392
5.388
6.869
6.642
4.288
6.075
4.587
0.014
1.735
3.234
4.960
2.111
0.332
2.492
6.589
3.064
6.624
5.204
5.703
6.522
5.624
6.324
6.738
4.545
3.404
4.242
4.498
3.744
2.570
2.739
2.227
5.177
3.670
3.661
6.775
6.591
8.126
7.435
7.457
8.733
8.017
7.398
7.822
7.441
5.289
6.300
4.338
4.784
4.248
4.794
2.278
7.465
4.752
6.688
3.697
4.620
4.205
4.896
3.839
3.836
4.590
3.481
4.106
5.114
3.491
3.857
2.571
2.430
0.720
2.751
3.082
2.605
3.404
5.272
7.473
6.483
7.035
5.490
5.297
6.107
7.128
6.267
6.466
6.596
5.619
6.134
5.238
3.436
5.001
4.259
4.397
5.158
4.698
3.896
5.940
5.002
6.274
5.208
5.753
6.169
6.421
6.329
5.397
5.224
5.324
5.641
4.498
3.492
5.632
6.855
3.701
3.486
3.991
5.779
5.705
5.714
3.975
4.800
4.189
0.363
6.116
1.763
5.040
4.024
3.909
4.035
5.039
3.733
4.358
3.734
4.781
2.562
2.725
2.687
3.605
4.282
3.011
2.244
2.650
3.900
2.682
2.658
4.193
2.820
6.465
6.382
6.499
5.224
4.755
6.406
5.072
5.963
5.041
6.172
6.619
5.133
4.668
4.135
4.227
6.613
5.704
6.061
4.552
4.492
3.833
3.449
1.479
4.406
2.862
2.888
4.829
3.322
2.099
2.470
1.023
6.602
5.898
5.995
5.467
5.130
3.478
4.693
3.956
1.018
-1.377
2.795
4.339
4.580
4.028
6.260
3.202
5.427
2.012
2.394
3.306
6.975
3.156
1.140
4.790
2.762
7.001
8.386
6.209
7.724
3.468
5.355
4.442
5.454
5.221
5.126
4.307
6.739
5.368
6.307
4.575
5.066
5.569
2.947
5.622
4.300
3.733
3.979
3.960
4.568
0.168
2.884
3.058
3.656
5.762
5.526
4.356
5.655
5.233
7.172
7.575
5.124
5.806
5.495
6.142
8.315
4.831
6.963
5.975
4.650
7.000
6.173
7.852
5.726
7.502
8.755
4.047
4.376
5.333
2.003
5.698
4.653
5.483
7.093
6.565
8.089
5.850
6.209
6.001
3.382
4.325
6.662
5.830
5.622
4.480
4.270
5.967
3.979
5.828
5.649
6.640
3.968
5.396
6.648
5.247
6.756
5.648
5.459
3.699
4.067
4.928
5.697
4.745
3.514
5.063
6.314
3.408
3.417
5.884
4.284
3.722
6.554
5.873
-1.192
3.955
2.841
4.616
2.594
1.440
2.782
5.396
4.053
2.783
1.700
2.486
4.168
3.558
3.824
2.396
5.151
5.394
4.526
4.972
3.204
4.321
2.053
4.742
4.204
3.452
2.985
2.549
5.439
2.355
2.126
4.379
6.783
1.754
4.115
1.756
4.924
