3.305
7.449
2.825
5.994
5.605
5.954
2.961
7.302
4.445
5.604
8.217
6.884
7.425
-0.193
6.698
7.634
5.681
5.313
3.466
6.710
7.870
7.833
4.789
6.659
8.730
6.847
6.951
7.570
7.003
7.323
3.643
4.993
5.099
3.342
4.877
1.274
0.195
6.415
4.194
3.820
7.295
6.499
5.479
6.991
6.311
6.487
6.171
5.298
6.092
2.046
6.429
4.908
2.322
3.447
0.405
1.854
-3.788
6.093
4.484
2.860
-0.734
-1.556
-5.955
-0.077
0.147
-0.186
-1.123
-2.039
0.533
-1.575
2.125
-1.447
0.529
0.867
-5.667
2.436
-5.127
0.912
-7.850
0.529
3.403
5.032
0.697
-0.449
3.742
1.142
3.596
2.140
3.322
3.500
2.083
4.280
2.934
2.322
5.345
4.501
2.717
1.021
2.788
3.975
1.820
1.727
1.899
1.581
-0.627
-0.130
-2.262
0.823
-0.897
-2.166
3.987
3.796
3.122
2.481
3.383
2.590
4.354
1.952
3.833
3.513
0.746
-1.550
0.337
4.030
2.574
0.854
2.427
1.553
2.444
2.103
-0.406
1.715
2.078
1.531
-0.007
-0.705
1.985
2.738
0.558
-0.255
5.028
0.307
5.215
0.832
-5.385
4.507
-8.425
4.356
-12.998
3.413
2.624
3.711
0.709
1.516
3.206
1.768
2.089
2.321
2.157
1.935
4.969
3.881
3.039
0.102
3.630
7.082
1.877
5.968
4.983
3.055
2.885
3.028
0.658
1.967
1.736
2.348
3.828
3.057
-0.667
3.997
3.811
5.879
7.143
6.163
6.803
7.079
5.244
7.072
6.126
3.297
-6.004
2.856
4.536
4.466
3.902
4.730
3.957
6.470
0.502
1.635
3.656
3.915
0.328
0.209
1.350
2.817
3.258
2.183
4.260
2.371
4.959
6.628
4.770
6.989
6.377
5.500
5.220
5.744
6.549
5.799
7.213
9.667
5.799
6.130
6.672
4.807
7.945
2.848
2.915
8.698
9.123
9.220
8.818
7.319
10.153
9.170
8.323
9.137
11.819
12.191
4.068
3.006
0.306
2.810
3.118
3.051
4.702
4.236
3.344
4.004
10.877
9.232
11.932
6.489
11.438
12.647
8.222
9.116
8.698
3.858
2.234
1.487
4.173
2.233
3.527
4.311
3.230
3.353
0.912
1.488
3.258
5.234
3.708
1.080
4.192
4.547
4.661
2.900
2.097
3.732
6.472
5.471
8.911
7.602
8.991
9.169
8.206
7.898
5.099
7.407
6.692
6.085
6.385
6.523
7.194
7.979
6.487
3.349
8.324
6.679
7.262
7.608
8.955
1.916
6.797
7.571
6.736
6.298
4.673
4.693
3.067
1.419
2.288
3.793
0.004
2.908
3.516
4.503
3.065
3.336
7.303
7.331
7.051
6.990
7.099
6.185
4.725
3.265
7.253
4.637
5.671
9.033
5.605
4.519
5.237
7.181
7.266
6.852
5.457
9.091
