-10.943
-7.804
-7.882
-9.229
-9.273
-9.583
-10.037
-10.241
-10.123
-10.274
-12.984
-10.842
-11.032
-11.415
-11.466
-10.244
-11.205
-7.714
-7.253
-7.243
-9.070
-10.361
-12.497
-7.845
-13.501
-9.379
-11.662
-9.597
-7.221
-8.642
-16.472
-9.827
-8.348
-4.690
-14.929
-10.650
-8.466
-8.173
-10.005
-9.084
-5.708
-3.863
-2.314
-10.169
-5.692
-9.110
-4.095
-8.930
-6.571
-8.624
-6.968
-7.646
-7.799
-8.019
-6.580
-11.807
-4.576
-8.971
-6.418
-12.611
0.094
-9.473
-0.283
-9.052
0.840
-8.856
-0.848
-9.162
0.292
-7.719
2.204
-5.943
1.405
-5.860
1.559
-8.428
-0.264
-10.012
1.631
-2.158
-8.824
-12.423
-9.520
-7.790
-5.423
-9.982
-4.431
-7.286
-5.853
-11.108
-9.760
-10.074
-6.030
-11.390
-8.999
-12.674
-8.739
-10.431
-7.275
-11.024
-5.072
-12.368
-3.714
-10.322
-4.919
-11.784
-6.269
-9.414
-8.956
-15.788
-12.927
-7.754
-6.775
-13.037
-8.388
-10.865
-6.753
-11.450
-5.212
-8.412
-6.422
-10.474
-6.924
-9.500
-4.390
-11.579
-6.480
-14.542
-4.189
-11.918
-6.252
-13.819
-6.153
-11.728
-6.983
-11.268
-4.749
-9.127
-4.772
-11.575
-4.578
-9.036
-2.830
-10.746
-4.025
-13.382
-8.624
-14.175
-5.322
-15.018
-11.444
-11.877
-9.420
-11.274
-9.538
-11.659
-5.283
-10.690
-2.273
-10.365
-0.053
-9.726
-6.496
-11.193
-1.458
-7.646
-2.911
-8.423
-0.241
-10.897
-3.833
-12.672
0.476
-9.966
-6.932
-11.331
-0.253
-10.174
-8.763
-9.477
-1.186
-7.557
-4.757
-10.252
0.079
-6.405
-4.288
-9.723
-4.165
-9.319
-9.587
-8.300
-0.219
-8.781
-7.774
-9.570
0.005
-7.703
-5.295
-13.611
-8.374
-2.340
-5.008
-4.516
-12.270
-7.801
-9.387
-5.327
-9.810
-4.344
-6.880
-7.248
-9.989
-6.197
-11.511
-4.680
-8.125
-6.398
-6.564
-0.362
-9.201
-3.643
-6.682
-3.356
-8.485
-8.548
-9.440
-2.507
-11.492
-7.635
-8.772
-3.412
-6.406
-5.713
-7.021
-4.742
-12.437
-6.792
-8.204
-5.100
-8.689
-7.595
-11.329
-12.324
-6.009
-6.533
-9.294
-7.205
-3.653
-4.674
-11.320
-8.205
-2.435
-0.415
-5.341
-4.414
-7.505
-9.030
-8.744
-7.934
-4.373
-4.831
-10.948
-7.802
-5.372
-4.504
-9.276
-7.490
-5.528
-6.084
-10.675
-8.795
-9.164
-7.582
-10.651
-11.849
-4.876
-4.720
-7.851
-7.115
-9.669
-9.834
-2.097
-3.879
-3.661
-5.142
-1.052
-3.311
-6.746
-5.060
-2.892
-6.844
-5.622
-8.577
-1.460
-1.783
-5.572
-6.658
-2.382
-2.855
-7.497
-8.980
-1.860
-3.380
-6.053
-7.343
-7.274
-5.099
-9.397
-9.241
-3.385
-5.331
-10.113
-10.953
-5.031
-7.471
-6.199
-5.849
-5.090
-4.071
-6.951
-9.650
-7.680
-4.455
-5.250
-6.979
-5.992
-2.645
-5.006
-6.012
-7.335
-4.836
-6.460
-9.429
-8.655
-6.164
-7.968
-9.843
-8.226
-5.564
-7.675
-10.110
-7.627
-6.096
-7.371
-6.512
-3.906
-3.177
-6.382
-10.490
-7.550
-4.747
-7.824
-8.540
-7.077
-5.792
-11.796
-11.258
-8.019
-6.790
1.477
-2.814
-4.125
-2.834
2.456
-0.341
-6.770
-3.900
1.142
-3.572
-8.433
-5.520
-1.361
-7.565
-8.952
-5.872
1.263
-0.290
-4.681
-0.202
0.231
-2.125
-5.032
-4.641
-1.807
-4.781
-6.961
-4.236
-1.467
-3.158
-8.280
-7.252
0.394
-1.473
-7.428
-4.154
-5.159
-6.181
-12.320
-11.094
-9.502
-10.440
-12.636
-8.096
-11.919
-12.078
-9.529
-11.886
-13.143
-7.609
-10.202
-14.161
-9.250
-13.508
-12.346
-10.608
-13.827
-13.777
-6.755
-9.725
-11.159
-9.392
-11.205
-10.547
-9.609
-12.478
-11.453
-7.850
-13.539
-15.405
-3.984
-5.831
-10.937
-0.533
-3.327
-13.947
-2.785
-5.991
-10.992
-1.012
-4.843
-12.957
-6.370
-9.396
-12.596
-2.910
-4.872
-10.231
-3.535
-6.747
-10.158
-3.041
-6.841
-12.131
-2.899
-4.357
-15.570
-0.809
-2.287
-13.603
0.609
-4.830
-12.566
-3.409
-8.713
-11.507
-2.774
-7.547
-12.773
-0.889
-4.776
-10.830
-3.552
-8.431
-12.922
-1.014
-1.969
-9.717
-4.600
-9.786
-13.872
-8.560
-9.687
-5.413
-1.351
-4.293
-12.780
0.000
-4.130
-9.818
-0.528
-5.717
-7.983
-0.633
-2.412
-5.691
0.129
-5.444
-2.576
0.613
-3.780
-6.451
-0.913
-3.620
-2.014
-3.305
-6.108
-10.066
0.075
-5.165
-8.903
0.150
-7.707
-7.934
1.178
-2.767
-4.318
1.447
-4.686
-4.673
-8.193
-10.270
-3.123
-7.572
-11.164
-4.773
-9.397
-10.138
-4.052
-4.176
-8.944
-3.970
-7.288
-10.737
-4.282
-5.771
-12.601
-5.449
-5.039
-12.808
-5.820
-4.244
-11.493
-3.559
-7.100
-8.254
-3.241
-9.124
-7.910
-5.252
-0.849
-3.737
-4.104
1.587
-4.792
-6.130
0.956
-5.055
-3.099
-0.426
-5.463
-6.026
0.563
-3.260
-3.603
-2.560
-5.944
-7.564
-0.307
-1.903
-3.018
-2.319
-1.594
-0.030
-0.701
-5.134
-2.784
-3.592
-2.785
-3.630
-8.147
-8.918
-10.388
-8.971
-7.076
-9.729
-7.375
-8.846
-10.937
-9.929
-11.406
-10.176
-8.726
-8.742
-9.371
-9.405
-7.992
-9.506
-8.177
-7.571
-8.284
-6.804
-10.380
-9.988
-8.993
-12.351
-9.584
-10.184
-9.168
-9.281
-6.847
-5.995
-9.113
-9.831
-6.036
-5.707
-3.199
-5.928
-7.095
-5.507
-7.105
-8.091
-10.228
-11.391
-7.916
-9.806
-7.165
-9.311
-7.055
-8.259
-8.325
-7.959
-7.927
-3.349
-7.269
-11.248
-8.098
-10.628
-5.407
-8.210
-9.742
-7.616
-11.700
-4.199
-5.710
-10.420
-7.461
-8.982
-4.532
-5.662
-9.022
-9.659
-10.590
-5.138
-7.604
-11.001
-9.508
-10.609
-5.870
-9.665
-10.368
-7.459
-9.523
-4.611
-4.964
-9.015
-8.165
-10.270
-2.805
-6.961
-9.757
-10.277
-8.928
-4.481
-8.899
-14.179
-9.474
-9.427
-7.516
-11.236
-9.255
-5.242
-5.846
-8.438
-6.861
-8.329
-7.449
-10.396
-12.111
-4.411
-9.659
-12.390
-11.547
-11.762
-7.120
-11.304
-9.203
-10.489
-14.205
-8.081
-5.886
-9.249
-8.516
-11.139
-5.568
-9.501
-9.111
-9.092
-11.865
-4.486
-8.978
-6.594
-8.198
-7.801
-4.240
-11.154
-8.182
-9.236
-11.975
-6.401
-8.578
-7.109
-7.727
-9.120
-6.203
-12.508
-11.407
-8.048
-11.897
-9.164
-9.427
-6.584
-9.507
-3.446
0.172
-9.497
-5.362
-6.311
-3.227
-0.039
-8.177
-4.304
-7.964
-1.985
-1.326
-10.892
-6.738
-7.688
-5.588
0.315
-6.038
-7.578
-7.353
-5.748
-0.920
-6.266
-4.464
-7.415
-2.963
-0.568
-8.279
-7.314
-8.641
-10.687
-6.521
-9.085
-5.504
-8.360
-4.130
1.895
-8.495
-7.210
-7.223
-6.892
-0.972
-5.801
-5.618
-6.437
-2.504
2.142
-8.677
-13.407
-9.958
-8.765
-11.655
-8.997
-11.770
-9.610
-8.976
-14.163
-6.689
-8.799
-7.893
-3.301
-6.407
-8.793
-11.810
-11.695
-11.086
-11.140
-5.400
-6.986
-4.190
-4.671
-8.161
-8.713
-7.875
-9.007
-6.989
-7.641
-8.008
-5.217
-5.808
-6.844
-7.180
-7.798
-9.552
-10.492
-7.208
-9.326
-10.826
-11.086
-9.911
-9.790
-12.385
-8.359
-10.516
-9.934
-7.818
-11.347
-2.075
-2.784
-8.252
5.000
-8.577
-2.081
-3.610
-11.001
0.759
-10.336
-3.104
-2.035
-7.199
2.402
-8.469
-6.653
-6.196
-10.912
1.499
-10.247
-5.782
-4.046
-11.177
2.855
-6.133
-1.230
-3.017
-9.710
2.861
-10.485
0.446
-2.667
-9.986
2.298
-9.178
-7.190
-2.522
-4.794
1.316
-6.654
-0.965
-4.565
-9.923
1.749
-8.649
-2.648
-2.912
-8.500
3.561
-2.919
-11.029
-11.410
-15.388
-5.965
-5.698
-10.154
-11.220
-12.208
-7.262
-6.007
-11.162
-9.719
-13.774
-8.048
-3.992
-12.002
-13.114
-15.611
-10.238
-5.808
-11.068
-8.893
-14.393
-5.065
-6.984
-10.227
-11.748
-13.560
-9.398
-6.235
-10.118
-9.156
-12.205
-8.889
-4.438
-8.587
-9.089
-11.226
-3.027
-7.980
-10.646
-11.140
-13.007
-8.323
-5.809
-11.054
-13.470
-16.591
-10.854
-13.974
0.309
-5.838
-9.300
-8.491
-13.760
1.209
-4.424
-10.659
-6.366
-14.073
-0.199
-6.869
-11.911
-8.023
-12.799
0.202
-5.306
-12.618
-8.529
-12.577
1.410
-4.773
-15.294
-6.391
-13.911
-0.518
-8.425
-10.899
-8.152
-15.162
0.755
-1.867
-6.111
-5.414
-8.318
-0.467
-3.819
-10.725
-6.613
-12.735
-2.853
-5.529
-12.769
-9.930
-13.779
-0.318
-3.230
-9.309
-6.384
-11.127
-8.890
-5.158
-8.041
-5.602
-4.211
-2.166
-2.477
-11.347
-5.465
-10.426
-5.135
-3.730
-11.120
-5.227
-6.065
-3.245
-4.401
-9.465
-4.857
-10.427
-3.980
-5.450
-8.057
-2.474
-4.723
-3.342
-0.886
-10.246
-4.430
-6.879
-5.113
-2.681
-9.070
-4.530
-6.860
-2.657
-5.396
-12.976
-5.608
-10.105
-5.637
-8.782
-14.264
-6.935
-9.204
-4.230
-7.457
-13.694
-4.661
-10.590
-3.870
3.528
-1.478
-6.314
-11.650
-4.551
4.103
-1.209
-7.013
-8.303
-3.316
3.986
-1.470
-7.430
-10.180
-5.594
3.068
1.113
-5.850
-8.073
-2.601
3.137
-3.778
-7.680
-12.420
-2.366
1.455
-4.730
-7.852
-11.646
-1.312
-1.469
-6.100
-6.044
-9.203
-3.606
3.729
-5.575
-5.085
-12.067
-5.615
2.075
-5.231
-6.896
-11.921
-7.719
0.791
-3.594
-8.444
-11.792
-8.008
-10.197
-7.911
-7.653
-12.798
-11.946
-4.750
-12.659
-9.792
-6.015
-13.316
-8.384
-12.584
-11.767
-9.440
-9.474
-10.624
-9.505
-11.351
-8.428
-7.676
-9.198
-7.977
-9.249
-11.093
-9.986
-8.848
-7.806
-9.500
-9.500
-16.413
-9.801
-7.664
-18.582
-10.897
-11.695
-16.265
-9.927
-7.532
-15.983
-9.074
-7.569
-16.659
-11.195
-8.232
-15.431
-9.949
-8.213
-17.045
-12.041
-6.480
-18.218
-12.796
-9.980
-18.402
-8.744
-9.529
-15.251
-7.208
-4.963
-10.731
-14.766
-6.490
-9.940
-16.074
-9.539
-9.693
-12.678
-6.930
-7.262
-11.643
-6.131
-10.559
-8.924
-7.691
-6.247
-13.450
-7.772
-8.520
-14.467
-8.125
-9.711
-12.025
-7.922
-9.627
-14.588
-10.777
-9.980
-14.039
-9.375
0.509
-6.012
-12.885
0.193
-5.892
-11.755
-2.370
-6.056
-12.169
1.832
-7.167
-11.393
0.940
-5.644
-13.125
0.314
-3.592
-9.278
0.692
-4.013
-11.150
1.891
-5.064
-12.707
0.153
-1.552
-10.834
2.540
-4.164
-10.471
-9.176
-7.364
-9.070
-7.403
-5.169
-9.640
-4.829
-6.116
-10.137
-7.746
-10.002
-11.622
-7.284
-6.729
-7.469
-5.443
-8.860
-10.342
-7.375
-6.425
-5.371
-6.421
-6.238
-5.474
-7.617
-7.742
-8.692
-10.886
-4.553
-9.311
-8.539
-6.577
-8.804
-7.995
-6.586
-8.380
-8.465
-4.026
-9.410
-7.549
-4.685
-10.681
-6.015
-6.026
-11.452
-6.817
-5.915
-11.563
-7.297
-0.754
-10.709
-7.720
-0.946
-11.968
-9.723
-5.615
-10.936
-4.714
-3.410
-10.505
