-11.345
-9.454
-3.803
-11.705
-5.125
-9.237
-9.502
-8.071
-7.286
-4.281
-7.094
-8.249
-6.972
-4.750
-4.654
-7.169
-7.839
-6.976
-8.025
-6.060
-4.789
-5.622
-6.436
-5.963
-6.055
-4.331
-3.449
-4.758
-5.956
-4.791
-1.186
0.803
-0.774
2.067
0.086
-2.692
-4.827
1.058
-0.567
-1.234
-10.099
-3.296
-11.946
-8.714
-1.619
-9.963
-9.211
-2.212
-10.241
-9.656
-1.920
-10.710
-10.565
-2.451
-10.946
-10.491
-2.344
-9.676
-9.989
-3.899
-9.493
-8.243
-3.128
-9.063
-7.620
-5.327
-9.679
-7.804
-5.362
-12.261
-6.134
-5.280
-10.734
-5.196
-3.520
-10.130
-8.486
-6.667
-9.295
-3.330
-7.346
-6.904
-8.887
-6.768
-5.432
-9.339
-3.056
-7.051
-10.334
-7.214
-6.783
-2.970
-4.405
-8.969
-6.448
-3.071
-8.299
-7.896
-4.733
-10.039
-9.567
-7.797
-9.021
-12.263
-7.108
-12.970
-11.225
-10.060
-10.953
-10.906
-5.884
-13.929
-9.877
-6.448
-11.876
-9.244
-7.232
-11.061
-13.157
-9.468
-10.919
-10.185
-7.734
-13.032
-12.726
-6.973
-14.720
-8.490
-5.894
-11.970
-14.708
-15.293
-11.536
-10.794
-8.799
-7.670
-14.156
-12.742
-10.251
-11.536
-12.616
-9.468
-9.002
-11.236
-8.321
-11.751
-13.916
-9.550
-9.771
-10.718
-6.561
-11.031
-11.268
-9.822
-11.679
-11.954
-9.237
-11.106
-13.114
-10.203
-3.606
-6.654
-1.927
-2.151
-7.604
-0.369
-1.331
-6.489
-5.417
-3.870
-8.535
-4.703
-1.212
-4.280
-1.100
-3.127
-6.376
-3.073
-0.511
-5.120
-0.181
-5.708
-8.930
-1.705
-3.812
-9.988
-1.782
-3.044
-9.067
-3.591
-5.607
-6.127
-0.221
-6.922
-7.404
-1.221
-7.806
-9.573
0.305
-6.012
-6.800
-0.178
-6.873
-8.458
1.759
-5.432
-4.986
-0.172
-5.464
-6.884
2.357
-4.562
-5.875
-0.490
-5.520
-3.302
-0.798
-7.963
-7.197
1.131
-4.546
-10.200
-6.567
-2.332
-7.704
-6.280
-2.318
-7.973
-4.721
-3.796
-5.617
-4.302
-3.636
-8.571
-6.022
-3.267
-9.957
-8.249
-3.051
-10.723
-9.041
-2.663
-6.190
-2.330
-4.679
-11.180
-7.527
-4.069
-11.819
-8.414
1.025
-8.000
-4.045
0.682
-5.964
-2.766
-0.750
-7.009
-5.864
-4.267
-7.342
-6.231
-1.160
-5.809
-4.710
-1.231
-6.016
-5.835
1.234
-4.430
-4.618
-1.727
-4.669
-4.038
-2.355
-8.984
-5.968
-0.765
-3.016
-0.810
-2.945
-12.434
-5.607
-14.096
-6.484
-9.329
-3.343
-9.188
-5.543
-6.402
-4.310
-9.910
-3.868
-9.972
-3.497
-10.523
-3.619
-12.101
-4.194
-12.591
-4.821
-9.616
0.005
-12.813
-3.581
-15.247
-2.529
-12.146
-4.748
-11.822
-4.559
-12.801
-2.855
-12.410
-3.652
-11.293
-7.011
-12.946
-7.129
-13.885
-13.209
-11.090
-11.434
-11.425
-12.626
-9.951
-10.077
-9.631
-10.321
-11.130
-10.657
-7.963
-10.608
-12.656
-11.408
-9.023
-12.753
-11.874
-10.665
-13.237
-5.451
-4.577
-9.535
-5.603
-9.378
-7.162
-7.797
-9.105
-9.023
-8.851
-6.141
-5.528
-10.151
-7.523
-8.131
-3.947
-7.344
-6.557
-11.802
-9.055
-6.555
-7.299
-6.229
-3.878
-7.547
-5.350
-4.245
-3.388
-3.055
-7.995
-4.159
-3.566
-5.657
-3.692
-6.930
-7.067
-7.878
-7.465
-7.544
-5.552
-6.874
-8.049
-5.136
-4.052
-8.968
-1.892
-6.262
-8.166
-5.322
-6.039
-9.607
-7.598
-4.815
-3.948
-6.974
-5.760
-8.323
-2.638
-5.047
-6.157
-9.963
-5.222
-7.999
-8.544
-9.320
-11.406
-11.458
-9.056
-9.189
-8.088
-8.424
-6.567
-10.690
-10.129
-10.739
-10.580
-9.002
-9.776
-12.073
-7.747
-10.269
-8.807
-8.575
-8.500
-9.802
-12.386
-12.751
-10.051
-7.197
-6.576
-7.676
-7.468
-7.629
-8.637
-8.434
-7.895
-7.205
-6.910
-9.764
-8.649
-11.804
-11.122
-11.368
-13.137
-9.811
-8.387
-10.338
-13.960
-10.280
-8.215
-4.993
-10.959
-10.152
-7.440
-7.912
-11.118
-6.811
-6.479
-3.391
-9.890
-8.078
-9.647
-8.832
-13.097
-7.313
-4.570
-7.783
-10.131
-8.124
-8.488
-3.417
-12.967
-8.497
-11.006
-10.221
-14.074
-9.074
-5.060
-8.645
-10.068
-4.091
-8.806
-6.056
-6.645
-5.428
-12.025
-8.484
-3.822
-7.429
-12.812
-9.306
-9.762
-6.247
-8.488
-7.117
-7.818
-7.638
-8.948
-10.069
-7.262
-3.210
-8.999
-8.727
-8.433
-6.576
-7.862
-8.441
-5.927
-5.923
-10.402
-11.214
-7.398
-3.791
-9.618
-9.408
-3.989
-8.014
-8.774
-8.852
-7.817
-8.136
-4.225
-4.409
-7.744
-9.593
-3.755
-2.992
-4.874
-13.794
-6.668
-4.255
-9.398
-13.012
-7.305
-3.276
-9.415
-9.774
-4.573
0.168
-6.152
-12.833
-7.743
-5.253
-8.857
-13.890
-5.469
-4.298
-9.864
-11.714
-5.716
-1.688
-7.575
-9.773
-4.742
-2.850
-7.230
-10.778
-7.602
-6.121
-9.224
-5.158
-7.001
-7.266
-4.653
-5.109
-5.453
-4.106
-3.160
-4.604
-9.801
-8.162
-5.430
-4.311
-7.901
-6.908
-5.567
-3.201
-8.029
-3.987
-5.424
-6.762
-7.092
-6.931
-5.963
-4.242
-7.063
-4.696
-6.832
-8.017
-12.149
-6.853
-6.614
-8.188
-8.468
-4.120
-10.916
-3.052
-10.112
-5.509
-5.565
-9.090
-5.171
-9.009
-8.751
-10.695
-10.494
-11.957
-12.325
-11.881
-7.051
-11.130
-9.998
-5.824
-6.922
-8.492
-11.885
-10.595
-4.331
-8.405
-7.169
-9.444
-2.649
-8.084
-7.143
-9.387
-7.972
-11.294
-12.169
-8.354
-8.756
-9.936
-10.042
-11.939
-3.871
-9.295
-9.072
-12.736
-6.438
-8.156
-5.551
-7.953
-10.152
-3.419
-7.252
-8.629
-9.119
-1.814
-3.108
-10.354
-13.089
-3.582
-9.162
-6.659
-10.332
-4.481
-6.423
-9.931
-8.162
-1.627
-5.574
-6.285
-10.021
-3.405
-8.864
-6.747
-7.323
-3.902
-8.130
-9.166
-8.991
-4.181
-8.288
-5.400
-10.105
-3.657
-9.446
-8.060
-10.466
-3.368
-6.428
-10.260
-9.488
-7.315
-5.276
-10.877
-9.786
-8.455
-6.286
-11.831
-8.112
-6.329
-3.387
-10.028
-7.315
-9.079
-4.002
-10.595
-9.848
-8.786
-4.976
-10.204
-8.936
-7.689
-4.714
-7.198
-7.118
-8.650
-2.799
-9.938
-6.452
-7.247
-5.957
-11.472
-7.839
-5.848
-4.094
-13.529
-10.771
-8.400
-6.979
-6.662
-11.958
-2.387
-13.591
-3.943
-5.820
-6.510
-11.168
-3.074
-12.225
-4.167
-14.231
-6.440
-9.167
-4.035
-13.576
-4.810
-8.698
-4.619
-10.599
-5.093
-7.488
-3.380
-12.715
-3.958
-9.364
-4.185
-12.421
-0.781
-7.172
-2.829
-14.702
-8.971
-10.407
-3.675
-13.208
-6.624
-8.007
-5.641
-8.941
-6.303
-8.797
-10.937
-10.179
-4.716
-7.215
-10.987
-9.457
-6.524
-8.483
-9.055
-9.956
-11.766
-10.835
-10.838
-10.516
-5.644
-7.532
-12.485
-9.481
-6.159
-8.999
-12.964
-4.702
-5.284
-4.987
-8.995
-6.065
-7.567
-8.506
-10.419
-10.054
-5.562
-9.200
-10.867
-9.247
-7.483
-9.840
-11.288
-10.958
-11.207
-6.215
-7.860
-4.431
-6.515
-1.281
-9.692
-5.292
-9.827
-4.578
-10.447
-6.398
-12.718
-4.522
-12.429
-4.954
-12.292
-7.361
-12.934
-5.294
-6.263
-2.018
-8.081
-5.056
-6.548
-6.980
-8.195
-1.353
-3.564
-4.737
-8.484
-5.649
-6.084
-7.373
-11.196
-6.643
-10.035
-3.455
-7.589
-6.008
-11.570
-6.139
-10.456
-4.956
-11.366
-6.887
-12.285
-8.403
-7.242
-5.262
-10.836
-6.313
-10.761
-7.123
-12.614
-5.086
-13.125
-6.559
-9.224
-7.945
-6.311
-7.309
-6.230
-8.447
-4.378
-3.113
-4.997
-6.978
-7.515
-5.414
-5.120
-6.565
-3.540
-4.982
-6.225
-4.041
-4.716
-5.162
-7.482
-4.980
-3.685
-6.081
-8.664
-6.303
-9.586
-4.946
-9.473
-8.273
-7.442
-6.250
-7.563
-6.821
-8.506
-3.717
-9.293
-7.241
-7.783
-4.255
-11.250
-9.873
-7.822
-7.022
-10.792
-8.137
-9.907
-4.040
-6.520
-7.043
-8.592
-7.895
-10.089
-7.605
-8.587
-8.281
-9.511
-5.455
-6.970
-8.017
-5.700
-3.142
