5.425
9.284
4.977
7.929
7.567
7.892
5.104
9.147
6.486
7.566
2.256
1.415
2.613
-0.206
2.936
2.705
1.062
3.814
3.187
3.580
9.295
9.261
6.472
8.186
10.083
8.358
8.453
9.020
8.501
8.794
7.890
9.301
6.905
6.710
9.087
4.936
3.936
11.286
8.339
6.877
9.946
8.891
7.876
9.435
8.869
8.902
8.595
7.704
8.466
4.601
9.602
7.973
5.441
6.457
3.658
5.378
-0.481
9.110
7.787
5.809
2.073
2.505
-1.825
2.591
2.038
1.783
1.333
-0.154
2.411
2.394
7.406
3.285
5.989
5.657
-1.724
6.676
-0.615
5.286
-4.005
5.027
4.682
6.792
3.584
3.189
6.549
4.917
4.986
4.745
5.918
5.523
4.972
8.693
6.328
5.315
9.534
8.022
5.469
4.380
6.394
7.490
6.241
5.985
6.362
5.432
3.913
4.122
2.036
5.682
3.342
2.320
7.967
7.322
6.138
5.682
6.998
6.018
7.783
5.013
6.643
6.783
3.980
1.722
3.578
7.210
5.778
4.087
5.633
4.774
5.650
5.315
4.000
4.814
3.729
3.452
1.209
2.444
5.740
4.956
3.793
2.516
7.329
2.869
7.505
3.365
-2.510
6.837
-5.383
6.695
-9.703
5.803
8.679
9.310
5.830
5.775
9.879
6.525
7.805
7.422
7.496
9.716
7.248
6.221
5.426
2.655
5.984
9.242
4.329
8.190
7.260
5.441
6.464
6.591
3.991
5.559
5.194
6.019
7.226
6.810
3.206
7.689
5.777
7.692
8.861
7.955
8.547
8.802
7.104
8.796
7.920
5.301
-2.975
5.492
7.097
7.030
6.491
7.283
6.544
8.946
3.243
4.325
7.458
11.125
7.862
7.213
8.119
8.265
10.239
9.909
10.859
8.905
-0.956
2.460
-1.634
-0.623
-0.714
-2.063
-2.736
0.155
1.032
-0.005
8.610
10.864
7.807
7.930
8.475
6.585
9.404
4.847
5.143
10.069
9.163
9.247
8.899
7.597
10.056
9.204
8.469
9.175
11.502
11.824
8.385
8.485
5.794
7.651
9.555
7.830
9.730
10.126
7.901
10.173
10.744
9.314
11.661
6.928
11.232
12.284
8.435
9.213
8.849
4.640
7.432
6.144
8.862
6.462
9.684
8.789
9.367
7.997
6.005
5.794
7.561
9.751
8.816
6.510
8.289
8.504
7.672
6.465
7.109
7.981
7.913
7.000
10.136
8.944
10.210
10.373
9.494
9.213
6.660
8.766
8.437
7.875
8.153
8.281
8.901
9.628
8.247
5.343
9.947
8.425
0.935
0.112
3.339
-1.879
0.657
0.226
1.675
2.384
0.736
1.325
7.004
5.705
7.054
7.247
4.344
6.972
8.670
9.049
7.649
7.742
8.474
8.500
8.247
8.192
8.290
7.464
6.144
4.825
8.429
6.065
6.690
9.683
6.632
5.665
6.304
8.034
8.110
7.741
6.499
9.735
