4.176
-4.922
5.130
-6.249
4.202
-6.579
4.214
-7.192
4.327
-7.223
3.357
-7.752
2.480
-8.285
3.983
-7.195
2.799
-4.839
3.283
-4.400
1.075
-7.304
0.767
-4.961
1.536
-6.390
1.645
-6.592
3.298
-5.703
-0.735
-6.807
2.983
-2.022
-0.186
-7.573
1.421
-5.265
3.081
-6.115
-3.151
-1.455
-0.572
-7.232
-3.942
-6.262
-2.353
-6.097
-4.145
-5.816
-4.791
-4.920
-7.500
-5.262
-6.884
-8.732
-4.213
-6.134
-5.287
-9.469
-2.902
-6.594
-2.509
-6.208
-2.546
-6.029
-4.537
-6.309
-2.063
-4.988
-0.526
-3.360
-1.454
-3.284
-2.200
-5.637
-3.085
-7.088
0.395
0.108
1.216
-9.391
-6.588
-4.627
4.085
-7.205
-1.607
-4.173
3.579
-8.159
-6.837
-7.702
1.401
-8.214
-6.195
-9.975
1.795
-7.624
-4.604
-8.235
3.022
-9.136
-0.961
-6.609
3.977
-8.792
-3.559
-6.575
-1.108
-12.624
-10.103
-4.114
2.138
-9.983
-5.779
-7.822
2.258
-8.579
-2.235
-4.985
1.612
-7.511
-4.667
-6.248
3.505
-8.600
-4.092
-12.086
3.691
-8.860
-3.848
-11.520
3.072
-8.645
-4.693
-8.625
3.362
-6.205
-2.340
-8.290
4.797
-6.160
-0.545
-7.632
3.953
-10.093
-6.439
-11.237
1.407
-11.776
-9.137
-8.880
-1.184
-7.983
-6.997
-7.926
2.883
-7.749
0.299
-7.008
2.613
-6.804
-4.001
-7.826
4.804
-4.825
-0.342
-4.938
3.312
-7.770
-1.518
-9.045
5.228
-7.099
-4.370
-8.487
1.873
-7.316
-6.306
-5.933
3.947
-4.668
-2.261
-7.059
4.496
-3.631
-1.653
-6.499
-0.058
-6.389
-6.786
-4.920
3.345
-5.871
-5.196
-6.055
2.519
-4.922
-2.507
-10.958
0.984
-0.154
-1.926
-2.566
-2.128
-5.318
-6.046
-3.615
-1.777
-1.900
-3.301
-5.402
-1.674
-3.892
-8.353
-2.953
2.051
-4.097
-3.293
1.290
0.325
-1.480
-3.516
-1.623
-0.843
-6.057
-6.144
-0.510
-2.005
-5.265
-5.483
-1.636
1.910
-3.335
-4.007
-2.901
-1.375
-4.476
-4.882
-3.388
-5.999
-4.900
-7.860
-4.946
-0.545
-2.537
-6.592
-2.984
0.148
-1.863
-7.792
-3.064
1.331
2.489
-1.665
0.283
-3.917
-5.678
-5.020
-1.368
-0.298
-1.430
-7.756
-2.787
-1.826
-1.527
-5.717
-0.640
-1.445
-2.690
-7.700
-3.607
-6.675
-5.176
-6.253
-4.665
-2.062
-1.720
-4.308
0.454
-5.677
-6.032
-0.984
5.417
0.727
-1.185
0.737
4.457
-2.931
-1.634
-1.005
1.690
-0.962
-4.048
0.142
4.240
-1.482
-2.486
-1.251
5.383
-3.386
-4.485
-0.781
5.860
-1.194
-3.467
-4.943
0.399
-5.418
-4.917
-2.452
4.097
-6.194
-6.777
-3.945
3.077
-2.110
-2.378
-3.310
4.692
-2.770
-5.706
-4.596
3.803
-1.332
-2.904
-3.291
5.272
-0.737
-3.048
-4.201
3.513
-1.916
-6.134
-5.298
2.165
-3.952
-6.439
-4.842
2.548
-3.643
-6.356
-4.914
2.990
-3.764
-3.412
-0.702
5.113
-2.031
-5.768
-4.665
2.407
-3.657
-5.514
-3.262
2.386
-7.876
-7.940
-5.179
2.197
4.872
2.718
-1.675
2.675
5.530
5.396
-3.579
-1.148
4.317
2.401
-5.102
-3.217
2.542
-2.013
-5.540
-3.295
4.608
4.692
-0.935
1.165
3.588
3.253
-1.818
-1.959
1.957
0.207
-3.714
-2.374
2.348
1.834
-5.569
-3.059
3.983
3.304
-3.894
-1.016
-1.957
-1.499
-9.745
-6.800
0.289
-7.024
-9.362
2.427
-8.479
-8.834
0.680
-8.446
-9.840
1.439
-6.790
-10.802
-0.215
-10.042
-9.087
-0.687
-10.356
-10.440
2.152
-6.321
-7.966
0.035
-7.776
-7.387
-1.441
-9.028
-8.244
0.788
-10.072
-11.978
0.440
-2.490
-7.756
2.819
-0.027
-10.600
2.385
-2.648
-7.808
2.907
-1.518
-9.664
-1.728
-5.997
-9.323
2.731
-1.546
-7.089
0.966
-3.391
-7.020
1.560
-3.484
-8.884
2.011
-1.039
-12.133
2.156
0.997
-10.274
4.176
-1.505
-9.295
2.672
-5.325
-8.295
1.073
-4.178
-9.490
3.839
-1.452
-7.655
1.332
-5.047
-9.631
3.002
1.309
-6.603
1.597
-6.380
-10.529
-3.728
-6.284
-2.537
2.964
-0.977
-9.497
5.458
-0.817
-6.698
-0.695
-2.881
-4.976
0.574
0.395
-2.813
-0.197
-3.118
0.127
0.821
-0.818
-3.530
-0.097
-1.076
0.657
-3.672
-3.226
-6.941
-0.162
-2.211
-5.843
0.508
-4.829
-4.929
2.489
0.416
-1.517
2.491
-2.020
-1.851
-5.354
-7.185
-0.389
-4.724
-8.127
-1.946
-7.599
-7.388
-1.266
-1.521
-6.019
-1.189
-4.390
-7.708
-1.483
-2.537
-9.663
-2.584
-1.188
-9.599
-2.934
-0.705
-8.432
-0.800
-4.157
-5.320
-0.501
-7.019
-4.773
-2.398
-0.460
-1.033
-1.315
3.165
-2.030
-3.227
2.211
-2.640
-0.366
0.334
-2.803
-3.128
3.005
0.012
-0.842
-0.958
-2.985
-4.580
1.620
0.984
-0.290
-2.604
1.091
2.530
1.347
-1.887
-0.069
-3.204
-0.011
-0.867
3.549
-6.007
-7.164
-6.935
-6.437
1.572
-4.578
-5.691
-8.643
-9.614
1.666
-7.171
-5.576
-6.449
-8.471
1.626
-5.149
-6.322
-5.775
-5.914
1.210
-4.049
-7.157
-7.492
-6.328
1.571
-6.623
-6.969
-6.940
-8.417
3.711
-3.301
-5.946
-7.805
-4.767
3.404
-0.713
-2.902
-5.154
-4.497
2.624
-5.241
-7.012
-9.106
-6.187
1.997
-4.384
-6.135
-4.964
-6.515
2.532
-5.118
-4.812
-2.534
-7.500
1.726
-5.247
-7.394
-4.299
-8.257
1.330
-4.801
-8.418
-3.190
-5.079
1.770
-4.658
-5.821
-3.791
-5.855
2.332
-6.693
-7.357
-4.217
-8.338
0.538
-6.552
-7.375
-4.915
-10.548
2.177
-4.656
-6.338
-3.777
-5.622
1.584
-5.309
-7.051
-2.036
-7.984
0.622
-7.265
-5.769
-3.267
-8.945
-1.091
-6.521
-6.246
-5.848
-11.244
1.701
-2.604
-2.824
-6.211
-5.030
0.642
-4.646
-7.172
-9.725
-0.192
-3.535
-9.221
-8.272
-8.810
-2.170
-3.209
-6.271
-7.261
-11.440
-3.344
1.057
-6.313
-5.375
-8.547
-0.945
-0.541
-6.185
-5.926
-9.165
0.501
0.907
-3.855
-5.071
-5.726
-1.152
-1.492
-5.325
-6.063
-9.574
-2.794
-1.526
-4.332
-4.621
-6.809
-2.357
-2.104
-8.310
-4.928
-9.367
-6.034
5.122
-3.846
-6.322
-2.980
-3.257
5.086
-2.715
-3.268
-2.735
-4.287
4.875
-1.735
-4.848
-1.332
-4.564
2.558
-3.988
-4.584
-4.703
-1.591
1.991
-4.766
-4.264
-4.833
-2.999
4.037
-1.883
-4.323
-2.412
-3.174
1.213
-4.521
-5.494
-9.174
-8.100
3.803
-2.846
-5.226
-3.648
-1.146
2.574
-4.426
-4.139
-6.222
-4.036
6.426
-2.951
-3.389
-2.148
-1.223
-1.260
-10.162
-6.753
-6.209
-9.926
-0.238
-8.646
-6.421
-6.488
-13.182
4.534
-5.896
-4.780
-1.835
-7.115
1.310
-8.684
-8.413
-8.786
-10.860
1.861
-4.218
-1.242
-2.789
-7.593
2.731
-5.041
-5.844
-5.092
-7.453
4.321
-2.581
-2.787
-4.983
-7.255
1.389
-6.593
-7.263
-5.213
-8.807
-1.260
-8.013
-6.708
-7.142
-10.738
0.989
-7.486
-6.730
-5.717
-11.138
0.243
0.485
-5.911
1.910
-6.174
2.010
-0.218
-8.295
-2.582
-7.704
1.047
0.317
-4.997
-1.022
-6.080
-2.132
-1.797
-8.218
-0.517
-7.626
-2.763
-0.258
-8.448
1.738
-4.049
1.562
-0.507
-7.175
0.108
-7.833
2.723
0.241
-7.415
-0.227
-6.697
-3.432
0.425
-2.911
-1.137
-4.502
2.610
-1.729
-7.360
-1.502
-6.237
0.353
1.086
-6.126
0.733
-1.254
-8.705
-6.797
-12.101
-0.297
-3.671
-7.642
-6.168
-9.342
-1.875
-3.939
-8.881
-4.729
-10.701
-3.843
-2.186
-8.962
-8.264
-12.294
-3.835
-3.766
-8.678
-3.855
-11.238
-0.409
-4.789
-6.700
-6.935
-10.516
-3.550
-4.137
-7.713
-4.798
-9.340
-4.060
-2.575
-5.538
-4.408
-8.491
2.005
-5.655
-7.245
-6.906
-10.035
-3.176
-3.767
-8.893
-9.204
-13.145
-5.173
-10.868
-1.019
-5.606
-6.819
-7.045
-10.682
1.335
-3.976
-7.998
-5.112
-10.954
-0.171
-7.023
-9.085
-6.175
-9.845
-0.837
-5.213
-9.698
-7.262
-9.653
1.389
-2.789
-12.019
-5.360
-10.813
-0.248
-9.459
-8.207
-5.413
-11.901
0.053
-2.368
-4.053
-4.892
-5.949
-1.732
-3.372
-8.056
-5.396
-9.790
-2.636
-3.675
-9.829
-6.964
-10.698
-1.355
-2.587
-6.827
-5.624
-8.392
-6.074
-1.996
-5.727
-5.517
-2.377
-1.246
-0.736
-8.595
-5.926
-7.782
-4.303
-0.762
-8.398
-5.924
-3.989
-2.427
-2.762
-6.963
-5.488
-7.783
-1.005
-2.159
-5.741
-2.817
-2.823
-0.764
2.573
-7.640
-4.331
-4.698
-3.085
-0.509
-6.620
-4.710
-4.681
0.120
-3.187
-10.009
-5.181
-7.503
-3.726
-4.753
-11.126
-6.366
-6.720
-3.601
-5.343
-10.631
-5.165
-7.925
-3.133
2.037
-0.034
-5.982
-8.846
-1.628
2.283
0.199
-5.869
-5.936
-1.628
2.618
-0.027
-6.773
-7.568
-2.065
3.439
2.214
-5.459
-5.736
-1.551
1.212
-2.030
-5.364
-9.516
0.547
-0.019
-2.855
-6.869
-8.843
-0.089
-3.195
-4.044
-4.708
-6.718
-1.212
1.362
-3.588
-5.207
-9.209
-3.628
0.636
-3.290
-5.626
-9.082
-6.147
0.085
-1.869
-7.439
-8.970
2.994
-7.287
-5.077
0.784
-9.659
-8.811
2.609
-9.533
-6.818
3.267
-10.132
-5.515
2.623
-8.719
-6.492
3.426
-7.676
-6.552
0.351
-5.674
-4.860
1.551
-5.263
-6.316
2.045
-7.095
-5.944
1.746
-6.652
-6.548
-0.649
-6.926
-4.849
-3.820
-7.926
-8.579
-2.468
-7.042
-4.726
-1.805
-6.264
-4.761
-2.380
-8.198
-5.374
-1.118
-7.061
-5.357
-1.411
-8.969
-3.753
-2.035
-9.658
-6.992
-1.814
-5.962
-6.575
-1.662
-4.562
-2.349
1.694
-11.454
-3.762
0.861
-12.647
-6.584
3.370
-9.550
-4.169
2.499
-8.606
-3.430
0.645
-6.126
-4.874
2.811
-10.254
-4.949
2.794
-11.182
-5.275
2.402
-8.954
-5.087
0.078
-11.292
-7.729
2.179
-10.791
-6.432
-1.652
-3.561
-9.832
-2.158
-3.452
-8.826
-4.297
-3.601
-9.194
0.575
-4.605
-8.503
-1.916
-3.228
-10.045
-1.165
-1.374
-6.620
-1.955
-1.754
-8.287
-0.538
-2.704
-9.673
-1.849
0.471
-8.006
0.467
-1.890
-7.682
-6.522
-4.782
-6.435
-4.071
-2.798
-6.942
-1.345
-3.655
-7.384
-3.702
-7.167
-8.707
-5.449
-4.209
-5.009
-0.862
-6.135
-7.567
-4.716
-3.934
-3.142
-4.142
-3.765
-3.233
-4.179
-5.124
-6.098
-7.511
-2.242
-6.649
-5.777
-4.071
-6.198
-3.368
-4.080
-5.821
-5.329
-1.766
-6.737
-5.903
-2.361
-7.869
-3.156
-3.574
-8.556
-3.948
-3.473
-8.654
-5.504
1.192
-7.894
-6.032
1.018
-9.015
-6.192
-3.202
-8.096
-1.566
-1.209
-7.712
