-22.708
-15.343
-17.159
-17.701
-19.743
-18.783
-21.360
-20.333
-20.547
-19.767
-26.366
-21.456
-23.374
-21.961
-23.462
-20.148
-22.912
-15.583
-15.753
-14.750
-19.147
-22.190
-26.080
-16.788
-27.388
-18.272
-23.873
-19.607
-13.603
-17.129
-33.426
-19.603
-16.744
-9.311
-29.413
-21.139
-17.382
-17.286
-21.332
-18.346
-13.005
-5.841
-8.722
-17.285
-14.018
-14.046
-10.919
-14.761
-14.467
-14.790
-15.542
-11.710
-20.916
-12.016
-19.621
-19.047
-15.103
-14.541
-17.310
-20.346
-11.412
-14.923
-11.010
-14.674
-11.112
-14.145
-14.664
-15.408
-9.669
-13.084
-7.438
-9.904
-8.402
-9.361
-10.648
-14.522
-11.718
-16.516
-5.364
-2.851
-18.475
-24.915
-18.660
-14.276
-9.416
-20.890
-8.694
-13.957
-10.700
-22.927
-19.683
-20.610
-11.033
-22.428
-18.180
-26.083
-17.978
-21.685
-15.116
-21.639
-9.728
-23.722
-7.306
-18.533
-9.337
-24.331
-13.326
-18.458
-17.592
-32.540
-26.085
-12.947
-12.641
-26.790
-17.836
-21.206
-12.481
-25.145
-10.484
-16.260
-12.584
-20.089
-15.760
-18.528
-8.509
-22.747
-13.625
-30.179
-7.592
-22.991
-13.776
-29.526
-9.829
-22.188
-15.032
-23.389
-6.694
-17.084
-10.264
-22.576
-6.452
-16.350
-5.947
-21.142
-6.592
-24.699
-18.515
-28.297
-8.976
-29.080
-24.287
-24.939
-15.235
-19.836
-19.412
-20.668
-7.627
-19.597
-4.908
-19.992
-0.400
-21.158
-13.539
-23.225
-3.593
-17.060
-6.715
-16.946
0.518
-21.377
-9.012
-24.326
-1.449
-21.375
-14.636
-23.350
-2.682
-21.573
-18.102
-18.227
-4.089
-15.271
-10.335
-20.257
-2.302
-14.672
-8.554
-19.216
-10.949
-19.161
-20.298
-16.546
-0.995
-18.516
-16.107
-18.125
-2.513
-16.225
-11.176
-28.449
-13.179
-6.139
-9.192
-11.010
-22.848
-17.412
-18.131
-13.607
-17.157
-9.719
-12.312
-17.268
-16.934
-13.987
-22.997
-11.875
-14.625
-14.158
-12.284
-3.509
-17.593
-10.118
-13.186
-9.872
-14.749
-18.077
-18.367
-6.521
-19.485
-16.159
-17.680
-9.527
-10.701
-12.553
-13.821
-12.204
-22.171
-14.429
-15.218
-12.955
-15.193
-13.343
-17.171
-18.330
-9.394
-9.799
-14.418
-9.244
-5.320
-7.862
-15.890
-10.176
-2.640
0.714
-6.287
-5.096
-12.331
-15.811
-12.849
-11.556
-7.475
-6.853
-17.020
-10.752
-8.738
-5.607
-13.336
-10.312
-8.393
-9.996
-16.757
-13.412
-15.771
-13.613
-15.222
-18.808
-7.973
-7.457
-10.995
-8.017
-16.770
-15.715
-4.629
-2.736
-4.628
-6.310
-0.672
-3.483
-11.619
-7.813
-4.204
-8.009
-8.809
-14.141
-2.327
-0.405
-9.819
-10.310
-4.557
-1.003
-12.604
-12.592
-3.863
-2.167
-9.591
-11.128
-11.131
-4.823
-18.455
-14.382
-6.876
-5.098
-19.005
-17.816
-9.656
-7.317
-10.011
-8.699
-9.038
-2.997
-11.126
-15.060
-11.477
-5.845
-9.389
-10.108
-9.103
-1.303
-8.163
-9.344
-10.354
-6.652
-9.928
-14.891
-12.255
-6.430
-13.189
-15.953
-13.152
-7.024
-12.978
-16.629
-11.572
-7.447
-11.921
-9.578
-5.020
-1.520
-10.337
-17.347
-11.581
-6.432
-12.784
-14.342
-9.185
-6.671
-21.589
-17.943
-12.981
-7.402
4.738
-3.449
-5.914
-2.848
5.528
1.384
-9.838
-3.818
3.195
-6.468
-13.135
-10.822
-0.363
-11.958
-12.669
-9.896
3.411
1.905
-4.672
1.264
1.707
-1.936
-7.178
-5.940
-1.212
-8.081
-10.065
-6.354
-3.009
-4.879
-12.189
-9.883
3.028
-0.602
-9.317
-5.483
-9.058
-9.728
-20.268
-16.858
-18.552
-19.208
-24.697
-16.598
-21.811
-24.122
-17.993
-21.243
-26.318
-14.532
-18.279
-27.882
-17.233
-24.273
-24.380
-22.097
-25.483
-27.161
-13.739
-17.556
-21.859
-19.454
-19.480
-19.721
-19.393
-23.116
-22.241
-13.935
-24.599
-30.989
-9.325
-9.633
-21.476
-0.108
-5.546
-27.518
-7.292
-10.170
-22.249
-1.012
-7.609
-24.906
-13.799
-16.148
-24.420
-5.091
-7.701
-19.889
-9.235
-10.886
-19.589
-5.925
-11.077
-23.735
-7.644
-6.508
-30.148
-1.142
-3.542
-26.034
2.243
-8.172
-24.255
-10.999
-16.100
-21.842
-8.639
-13.816
-24.731
-2.754
-8.257
-20.923
-9.335
-15.361
-24.207
-4.851
-3.864
-18.640
-13.496
-17.339
-26.252
-21.540
-18.040
-9.281
-3.971
-6.803
-24.527
0.836
-6.593
-18.568
-4.050
-8.345
-11.137
-0.544
-2.756
-8.328
-0.375
-10.019
-3.179
-1.460
-6.041
-10.248
-1.874
-5.599
-2.714
-9.132
-8.415
-15.849
-1.915
-8.106
-14.286
-2.555
-10.896
-11.350
2.330
-2.392
-7.391
3.352
-7.510
-7.122
-11.371
-15.087
-3.774
-13.033
-15.950
-6.189
-15.424
-15.461
-4.890
-6.194
-12.232
-5.019
-12.716
-14.913
-4.865
-8.459
-19.539
-7.637
-7.897
-17.527
-8.385
-6.473
-17.188
-3.393
-10.277
-10.984
-2.971
-14.540
-12.600
-6.527
-1.769
-4.568
-5.752
3.788
-7.361
-9.337
2.799
-9.462
-4.233
-2.433
-9.609
-9.369
1.465
-3.053
-6.455
-3.121
-7.096
-12.241
0.929
-1.633
-4.863
-6.189
-2.205
1.059
0.505
-6.533
-3.809
-9.570
-3.229
-4.119
-17.468
-17.739
-18.916
-23.067
-20.599
-20.085
-16.070
-15.424
-26.308
-27.510
-24.408
-21.189
-14.846
-21.679
-24.416
-20.421
-16.702
-16.764
-20.086
-18.494
-17.708
-15.720
-19.705
-23.917
-20.471
-25.261
-19.743
-17.816
-23.177
-25.167
-14.419
-12.130
-16.143
-25.302
-16.926
-12.746
-8.647
-9.766
-19.471
-16.299
-15.939
-17.257
-18.043
-27.590
-19.605
-21.585
-15.784
-16.375
-17.964
-20.712
-17.925
-16.375
-14.200
-12.665
-23.290
-23.567
-15.965
-20.082
-16.030
-23.577
-20.699
-15.198
-22.483
-12.567
-16.703
-22.013
-16.109
-16.206
-15.780
-19.996
-18.909
-19.403
-19.354
-15.320
-24.125
-22.742
-19.289
-20.319
-17.399
-28.548
-22.216
-15.223
-17.739
-14.992
-18.289
-19.450
-16.469
-19.577
-10.647
-23.840
-20.080
-19.715
-17.423
-12.968
-25.171
-29.452
-19.265
-17.386
-19.108
-31.103
-19.243
-12.149
-10.020
-22.119
-17.597
-18.196
-16.097
-17.749
-28.661
-7.064
-20.887
-26.240
-20.858
-26.310
-11.061
-24.134
-20.193
-19.985
-31.795
-12.770
-13.767
-19.367
-15.360
-26.130
-8.505
-20.334
-18.793
-14.509
-28.112
-6.182
-18.868
-14.441
-14.487
-19.972
-8.994
-23.705
-17.803
-16.273
-28.408
-11.855
-17.692
-16.411
-13.279
-23.134
-11.669
-25.218
-24.338
-12.930
-28.829
-19.346
-20.697
-12.802
-16.442
-14.588
-13.179
-20.504
-10.139
-10.986
-13.235
-14.606
-18.028
-8.701
-13.449
-10.163
-16.085
-23.027
-13.890
-12.383
-18.172
-9.220
-13.625
-15.937
-13.047
-18.535
-12.906
-13.760
-9.975
-13.146
-13.481
-12.941
-17.768
-15.462
-16.177
-27.038
-23.603
-19.939
-9.974
-14.885
-15.046
-7.555
-18.584
-14.137
-11.391
-21.362
-14.540
-13.266
-10.507
-10.544
-12.538
-8.325
-19.068
-26.352
-19.284
-20.123
-26.850
-19.075
-23.870
-19.035
-21.231
-34.143
-15.630
-16.666
-14.737
-11.472
-21.636
-18.576
-22.930
-22.129
-26.800
-29.677
-12.858
-14.314
-7.549
-13.853
-22.285
-18.101
-15.085
-16.569
-18.499
-22.860
-17.526
-11.003
-9.684
-17.768
-22.774
-17.409
-18.701
-20.345
-19.085
-25.449
-23.419
-21.252
-19.986
-21.602
-28.895
-17.991
-20.212
-19.245
-19.888
-30.303
-3.456
-2.325
-17.154
-2.035
-17.336
-0.249
-3.586
-23.384
-10.398
-19.470
-1.585
-1.767
-15.164
-7.457
-16.620
-8.560
-5.283
-21.903
-6.345
-20.704
-10.266
-4.619
-20.981
-2.784
-12.698
-1.849
-4.302
-18.980
-4.915
-20.459
-0.089
-2.772
-21.087
-6.468
-17.755
-11.398
-2.344
-11.561
-8.596
-13.985
0.332
-5.077
-19.395
-8.644
-17.024
-4.330
-1.521
-17.316
-4.391
-7.028
-21.777
-18.348
-30.231
-5.629
-13.732
-19.004
-16.406
-24.073
-8.342
-13.648
-21.700
-14.297
-25.491
-12.169
-9.783
-21.981
-21.596
-28.325
-11.825
-12.598
-22.430
-11.442
-28.095
-6.029
-15.038
-18.121
-18.778
-26.020
-11.073
-14.475
-19.560
-12.442
-22.465
-12.876
-9.134
-15.912
-14.363
-22.992
0.337
-16.992
-18.512
-18.320
-24.738
-9.875
-12.304
-21.401
-22.693
-30.919
-13.789
-26.514
-5.987
-14.305
-19.594
-18.441
-25.519
-2.317
-12.641
-22.818
-15.497
-26.399
-6.019
-16.892
-24.185
-17.173
-23.058
-7.442
-13.788
-24.619
-20.504
-23.987
-1.944
-9.750
-30.199
-16.059
-26.141
-5.600
-19.332
-22.235
-14.944
-27.388
-5.949
-7.354
-14.704
-15.209
-16.110
-8.406
-9.609
-21.560
-15.346
-23.665
-11.131
-11.624
-25.890
-19.634
-26.266
-8.091
-7.043
-19.429
-16.607
-21.221
-15.232
-6.436
-16.040
-15.790
-8.821
-7.582
-3.493
-22.304
-18.180
-20.638
-13.978
-3.545
-21.725
-17.155
-11.341
-9.847
-6.595
-17.912
-16.875
-19.676
-7.198
-7.902
-15.926
-12.116
-10.835
-6.454
3.368
-19.044
-13.068
-12.895
-10.869
-3.005
-16.668
-14.269
-12.898
-6.282
-7.869
-24.985
-16.546
-19.497
-11.842
-11.002
-27.306
-17.453
-17.712
-12.891
-12.160
-26.521
-15.923
-19.373
-11.697
0.999
-5.386
-16.917
-22.768
-9.460
0.800
-5.876
-17.866
-16.966
-9.336
1.601
-6.657
-18.803
-19.542
-8.660
3.978
-1.619
-15.826
-15.820
-8.368
-1.331
-9.959
-15.731
-23.161
-4.715
-2.197
-10.532
-18.963
-21.302
-5.830
-7.659
-13.370
-14.363
-17.255
-8.508
-0.436
-14.262
-15.644
-22.784
-12.185
-2.983
-13.029
-16.625
-22.502
-17.063
-1.481
-8.450
-19.937
-21.807
-17.329
-23.101
-16.293
-15.691
-27.608
-23.686
-10.584
-27.085
-19.507
-13.296
-28.364
-16.655
-26.934
-24.447
-20.130
-20.331
-23.164
-19.169
-23.894
-19.388
-16.578
-20.291
-19.296
-18.841
-22.934
-22.077
-18.649
-17.829
-20.263
-19.309
-34.357
-19.665
-16.988
-38.987
-21.552
-24.956
-33.999
-19.443
-15.830
-33.597
-18.620
-15.873
-35.285
-22.294
-18.215
-32.382
-19.224
-17.438
-35.104
-23.866
-14.136
-38.025
-25.017
-21.889
-38.464
-16.831
-20.262
-32.073
-14.554
-11.432
-23.913
-29.746
-13.643
-22.098
-31.661
-19.830
-22.122
-26.848
-14.167
-16.415
-24.317
-12.248
-23.400
-18.456
-16.249
-14.865
-28.231
-15.624
-18.103
-29.536
-16.851
-21.575
-24.806
-16.066
-20.950
-28.756
-22.573
-22.076
-28.735
-19.327
-8.590
-13.733
-25.428
-9.036
-11.753
-23.211
-13.762
-13.167
-24.210
-4.994
-13.183
-22.517
-9.337
-12.706
-25.634
-7.596
-7.572
-18.364
-8.085
-9.382
-22.676
-6.860
-10.434
-24.370
-8.921
-5.119
-22.100
-4.046
-9.981
-20.928
-17.684
-14.825
-18.395
-13.068
-10.367
-18.486
-7.461
-11.983
-18.924
-12.375
-19.471
-21.354
-15.430
-13.973
-16.059
-6.412
-17.228
-19.100
-13.653
-11.823
-10.269
-13.189
-13.654
-12.333
-13.014
-14.117
-16.081
-19.726
-10.191
-18.919
-14.130
-12.578
-17.191
-9.769
-12.882
-15.943
-14.063
-8.010
-18.675
-14.819
-10.206
-22.095
-10.039
-11.946
-20.943
-11.371
-11.164
-21.205
-14.510
-3.006
-20.849
-15.376
-2.428
-23.696
-15.637
-11.226
-21.001
-6.856
-7.383
-20.403
