-23.238
-19.103
-9.268
-24.431
-11.006
-19.084
-20.061
-16.457
-15.531
-9.876
-16.952
-16.745
-14.444
-12.011
-10.422
-14.700
-16.510
-15.404
-16.852
-13.231
-9.011
-9.943
-12.904
-7.741
-11.066
-7.469
-6.336
-8.967
-8.528
-10.362
-1.388
2.666
-0.481
4.047
-0.264
-3.131
-7.295
2.484
-1.875
-0.410
-17.238
-4.770
-23.896
-15.332
-1.216
-19.724
-16.813
-3.209
-21.934
-19.229
-2.432
-22.977
-19.315
-2.959
-21.274
-19.225
-3.687
-20.876
-17.012
-5.788
-18.896
-13.035
-4.670
-18.528
-12.049
-9.175
-18.881
-13.724
-10.445
-24.758
-10.793
-10.758
-21.161
-7.709
-6.566
-18.902
-15.351
-13.235
-18.212
-5.060
-15.371
-12.512
-15.518
-13.195
-10.078
-16.068
-6.844
-14.568
-19.305
-14.437
-14.346
-5.034
-9.693
-18.045
-12.986
-5.972
-17.273
-13.080
-7.925
-19.370
-19.691
-15.641
-15.723
-24.735
-13.753
-24.936
-22.405
-21.041
-20.136
-22.429
-11.583
-26.953
-20.686
-12.251
-22.820
-18.714
-13.075
-20.226
-27.183
-19.289
-19.082
-20.771
-16.194
-24.078
-26.328
-13.762
-28.856
-17.512
-12.600
-23.551
-26.781
-30.938
-21.857
-17.771
-18.410
-13.733
-25.413
-26.025
-19.366
-20.152
-26.049
-18.086
-16.370
-22.854
-16.170
-20.237
-28.563
-19.077
-17.318
-20.592
-11.970
-19.414
-25.167
-20.665
-18.994
-24.593
-18.385
-18.539
-27.172
-19.296
-3.642
-10.169
1.252
-0.524
-11.628
2.549
1.059
-10.421
-6.072
-4.186
-14.015
-6.901
-0.243
-6.194
0.837
-3.099
-10.671
-1.976
2.276
-7.501
2.710
-7.399
-13.736
-0.347
-4.549
-16.177
-0.457
-1.867
-14.713
-2.977
-8.858
-9.304
0.636
-9.668
-12.985
0.293
-11.622
-15.641
2.989
-8.731
-10.929
2.888
-9.402
-14.228
5.077
-6.642
-8.063
3.133
-9.236
-11.321
6.446
-5.959
-8.106
0.302
-7.320
-4.220
1.771
-11.510
-11.186
5.990
-7.419
-12.954
-8.899
-2.053
-9.650
-7.105
-2.769
-10.261
-4.418
-7.154
-7.928
-4.077
-3.472
-10.701
-6.969
-4.633
-14.967
-11.418
-2.189
-16.809
-10.857
-2.668
-7.521
-2.678
-6.860
-17.539
-11.230
-6.335
-18.450
-12.654
3.642
-11.442
-2.277
2.035
-6.992
-0.007
1.327
-9.503
-7.615
-6.915
-9.608
-6.290
-0.603
-7.706
-4.001
0.029
-7.509
-6.111
4.904
-4.916
-4.249
-0.643
-5.157
-2.056
-1.620
-13.113
-5.114
0.852
-1.854
3.647
-1.530
-25.591
-11.202
-27.901
-14.628
-17.930
-4.138
-18.351
-7.506
-12.280
-6.338
-19.861
-6.619
-20.346
-4.329
-21.474
-2.366
-24.203
-5.949
-25.324
-7.826
-19.461
1.984
-25.833
-6.168
-29.877
-3.558
-24.740
-7.908
-23.741
-7.332
-26.320
-4.272
-24.516
-6.048
-22.851
-11.724
-26.051
-11.032
-28.417
-29.664
-21.582
-23.181
-21.419
-27.867
-19.016
-22.569
-17.842
-20.538
-19.784
-21.919
-14.964
-23.840
-23.005
-23.661
-17.826
-28.290
-21.072
-21.499
-25.269
-10.892
-7.962
-14.793
-8.256
-15.566
-11.670
-10.802
-13.296
-13.955
-14.595
-8.545
-8.324
-16.726
-11.794
-14.081
-5.287
-9.486
-10.192
-18.469
-16.201
-7.709
-10.741
-10.094
-5.612
-9.972
-8.965
-4.077
-5.403
-2.080
-14.434
-3.765
-5.737
-3.950
-6.023
-6.806
-11.522
-10.961
-10.890
-10.537
-8.421
-10.356
-13.669
-5.673
-7.083
-15.187
-3.105
-11.354
-12.474
-6.780
-11.080
-15.034
-10.956
-6.970
-6.218
-9.425
-10.518
-11.837
-4.779
-6.117
-11.075
-20.860
-9.013
-20.584
-21.180
-19.332
-21.330
-26.880
-23.403
-19.150
-15.099
-21.699
-17.084
-21.833
-20.152
-25.305
-24.734
-18.911
-19.072
-28.291
-19.520
-20.464
-16.462
-21.525
-23.678
-19.724
-24.160
-30.338
-24.382
-15.963
-12.448
-20.254
-20.809
-15.944
-15.914
-20.882
-18.928
-15.656
-11.970
-23.852
-20.240
-25.285
-22.898
-24.725
-26.770
-21.292
-18.882
-22.953
-31.571
-21.803
-18.485
-12.708
-25.686
-21.942
-15.739
-18.572
-27.166
-15.027
-15.905
-9.634
-24.050
-17.229
-20.971
-20.505
-28.930
-16.262
-11.770
-19.158
-25.101
-17.827
-19.055
-8.520
-28.896
-18.753
-23.287
-22.523
-31.356
-19.436
-11.360
-21.213
-22.845
-9.761
-17.708
-8.882
-19.488
-13.003
-24.713
-14.871
-12.184
-16.868
-25.113
-16.176
-23.226
-14.464
-17.986
-12.161
-19.862
-16.801
-16.985
-17.353
-18.292
-8.391
-17.636
-14.743
-22.116
-15.237
-16.154
-14.563
-16.023
-14.181
-20.874
-20.150
-19.625
-9.473
-19.236
-16.126
-12.083
-18.347
-17.039
-15.793
-20.987
-15.635
-8.043
-10.980
-14.848
-19.768
-7.000
-8.800
-9.614
-27.253
-13.446
-10.410
-16.481
-25.978
-13.942
-8.489
-18.870
-20.232
-9.020
-2.019
-11.292
-26.074
-14.324
-12.739
-17.556
-29.307
-10.533
-10.799
-17.987
-23.035
-10.689
-6.290
-14.851
-19.566
-9.291
-8.217
-16.162
-22.008
-14.685
-13.918
-16.764
-12.719
-15.012
-15.768
-12.955
-12.284
-11.897
-8.410
-11.141
-11.245
-19.466
-15.401
-11.406
-11.035
-16.102
-13.659
-13.601
-8.881
-17.255
-8.105
-15.119
-15.940
-15.499
-14.204
-15.767
-10.795
-15.254
-9.238
-18.136
-18.001
-24.861
-11.663
-15.495
-17.479
-18.512
-7.783
-25.459
-8.294
-20.230
-11.404
-15.567
-14.209
-9.326
-21.425
-17.686
-20.321
-22.937
-22.166
-22.621
-23.887
-15.513
-22.040
-19.525
-10.089
-15.314
-18.602
-23.171
-20.510
-8.871
-19.959
-16.040
-19.836
-8.212
-17.715
-14.493
-22.080
-18.624
-22.929
-23.214
-16.865
-18.574
-20.360
-19.638
-22.751
-10.066
-22.306
-18.438
-22.879
-13.219
-19.152
-12.167
-16.126
-21.112
-11.699
-16.226
-15.424
-18.904
-7.491
-8.525
-19.215
-25.931
-8.483
-19.737
-12.368
-21.136
-12.052
-13.043
-19.645
-18.021
-7.824
-13.214
-10.381
-21.090
-10.427
-18.145
-11.980
-16.488
-11.554
-18.675
-18.382
-17.995
-11.112
-17.549
-11.682
-21.674
-11.313
-19.907
-18.549
-21.526
-12.955
-14.652
-18.223
-13.994
-14.440
-14.603
-17.491
-12.832
-15.065
-14.602
-24.463
-12.332
-12.844
-10.322
-18.584
-12.035
-18.079
-9.911
-21.290
-15.412
-16.426
-10.207
-19.294
-13.477
-14.889
-11.178
-12.157
-9.043
-17.366
-10.932
-20.102
-8.511
-15.112
-14.570
-22.602
-10.540
-13.136
-12.553
-22.404
-14.750
-16.792
-14.006
-12.691
-24.097
-7.675
-25.883
-9.037
-12.869
-14.211
-21.628
-9.726
-25.172
-12.501
-26.698
-16.993
-19.109
-8.651
-25.735
-10.896
-17.487
-14.097
-20.668
-14.081
-16.332
-8.494
-24.938
-11.790
-20.075
-11.020
-23.778
-7.940
-15.412
-7.500
-27.169
-20.551
-20.259
-9.840
-25.138
-16.532
-16.878
-12.805
-18.095
-8.185
-15.940
-20.449
-20.474
-7.209
-13.228
-21.103
-20.039
-9.538
-13.810
-17.385
-19.766
-17.955
-17.807
-20.414
-20.923
-8.963
-14.374
-24.334
-19.626
-8.766
-14.297
-24.608
-11.205
-9.606
-8.187
-18.192
-13.426
-13.715
-14.320
-21.001
-20.418
-6.875
-17.390
-20.149
-18.358
-13.275
-18.811
-21.704
-22.594
-24.548
-13.844
-18.057
-10.775
-15.978
-3.933
-21.785
-11.702
-22.009
-10.099
-22.753
-14.330
-27.631
-10.481
-26.673
-10.834
-25.867
-15.939
-27.927
-11.823
-14.162
-5.466
-17.285
-11.487
-15.578
-15.540
-18.537
-3.866
-9.041
-10.419
-18.492
-12.459
-14.422
-15.381
-24.747
-13.318
-22.313
-8.313
-17.232
-12.993
-25.153
-12.650
-23.054
-9.906
-24.800
-13.629
-25.705
-16.539
-16.492
-11.765
-22.700
-12.576
-23.339
-14.870
-26.799
-10.091
-28.621
-13.379
-20.485
-15.980
-12.750
-14.303
-13.280
-16.660
-9.211
-8.221
-10.261
-15.009
-14.038
-11.312
-9.802
-13.200
-6.862
-10.051
-12.056
-9.419
-9.312
-10.881
-14.128
-10.682
-9.523
-14.384
-15.790
-13.631
-17.063
-11.473
-18.245
-17.607
-14.120
-14.784
-12.819
-14.394
-14.378
-8.811
-14.502
-15.523
-12.969
-10.772
-20.172
-18.438
-12.263
-13.313
-16.909
-15.401
-16.294
-9.854
-5.749
-14.609
-11.191
-15.543
-15.436
-13.504
-12.505
-15.149
-13.821
-12.427
-11.846
-15.521
-6.065
-7.627
