-6.205
-6.635
-3.855
-6.136
-4.334
-5.343
-5.554
-6.138
-4.624
-7.235
-3.925
-5.206
-6.522
-5.630
-4.760
-7.901
-4.387
-4.100
-3.266
-5.542
-5.980
-4.707
-3.182
-3.005
-4.987
-4.518
-3.929
-4.434
-1.243
-4.698
-5.108
-4.856
-3.946
-3.531
-4.958
-4.255
-3.821
-4.559
-3.205
-5.847
-6.253
-2.816
-4.572
-8.355
-6.398
-5.734
-3.869
-4.962
-4.236
-7.711
-7.295
-4.139
-8.767
-5.872
-7.074
-8.964
-5.113
-7.644
-4.944
-6.407
-3.073
-7.381
-6.288
-6.572
-3.437
-7.323
-5.791
-8.252
-3.746
-7.570
-1.576
-5.192
-1.335
-5.444
-1.361
-6.426
-5.334
-6.590
-4.769
-3.554
-5.219
-8.302
-5.185
-6.150
-2.852
-8.678
-4.350
-3.826
-3.788
-9.240
-7.119
-4.891
-6.507
-6.741
-5.316
-7.220
-6.235
-8.785
-5.663
-3.902
-5.197
-7.423
-2.702
-3.439
-4.409
-5.051
-3.963
-6.135
-5.656
-7.286
-4.725
-1.879
-5.509
-8.522
-7.108
-4.483
-4.358
-8.771
-5.283
-4.115
-2.199
-6.679
-4.339
-6.552
-1.301
-5.887
-6.222
-7.133
-1.556
-7.706
-6.234
-7.085
-1.090
-3.658
-4.846
-7.285
-1.617
-5.070
-5.308
-8.201
-1.239
-5.098
-5.797
-6.307
-0.971
-4.970
-6.899
-8.049
-2.253
-6.269
-7.035
-7.626
-4.625
-4.740
-6.083
-5.058
-3.168
-2.171
-3.844
-5.611
-2.108
-4.626
-1.942
-5.860
-2.106
-6.709
-4.556
-5.242
-0.147
-6.567
-4.321
-5.170
-0.053
-5.885
-5.526
-4.319
0.259
-8.658
-4.788
-5.123
-3.233
-6.029
-4.817
-3.570
-0.804
-5.676
-3.761
-3.913
-2.956
-6.166
-3.887
-4.453
-2.147
-5.134
-4.931
-4.922
-1.582
-6.691
-3.300
-5.808
-3.727
-1.630
-1.170
-5.017
-4.629
-6.374
-1.796
-3.246
-5.331
-6.492
-2.787
-5.142
-5.033
-5.830
-4.623
-3.552
-5.534
-7.793
-2.888
-0.667
-6.150
-5.110
-3.950
-3.136
-4.176
-8.665
-3.562
-1.746
-2.727
-6.304
-3.416
0.232
-3.684
-7.521
-4.216
-3.373
-5.671
-5.508
-3.507
-4.616
-5.214
-2.133
-3.849
-7.831
-5.355
-3.764
-4.858
-4.874
-4.051
0.108
-3.430
-2.921
-5.782
-2.721
-3.520
-4.648
-4.149
-5.624
-3.537
-3.775
-4.318
-1.026
-3.263
-5.953
-4.040
-4.280
-5.204
-3.323
-4.098
-4.325
-3.658
-3.593
-2.826
-1.434
-3.589
-5.754
-6.327
-4.380
-4.640
-6.482
-7.393
-5.322
-0.852
-3.084
-4.367
-3.947
-1.101
-5.119
-6.381
-4.951
-2.159
-4.940
-5.866
-4.613
-0.107
-3.053
-3.734
-5.906
-2.545
-0.129
-6.774
-4.578
-2.382
-3.048
-6.007
-4.601
-2.948
-4.603
-3.454
-4.556
-0.912
-5.174
-2.599
-5.287
-3.622
-3.212
-3.602
-4.172
-2.663
-1.444
-5.005
-4.368
-3.318
-3.838
-6.053
-3.130
-2.601
-2.861
-4.393
-3.727
-7.555
-2.987
-5.331
-7.043
-3.995
-3.856
-4.640
-7.657
-5.024
-4.595
-6.301
-7.212
-5.294
-5.669
-6.264
-7.875
-2.526
-3.904
-4.620
-5.254
-5.204
-1.431
-4.489
-5.717
-2.574
-2.902
-6.225
-5.676
-5.382
-1.744
-1.804
-0.723
-4.291
-5.024
-2.446
-0.768
-4.980
-3.700
-2.341
-0.997
-7.112
-6.859
-0.268
-1.912
-6.566
-5.781
-2.299
-0.222
-5.225
-1.548
-5.199
0.477
-4.877
-4.318
-4.182
-5.449
-5.584
-7.579
-1.485
-1.773
-6.749
-3.560
-1.298
-2.358
-5.123
-4.783
-2.888
-3.776
-7.093
-5.014
-7.051
-4.861
-7.226
-6.006
-6.162
-7.548
-4.667
-6.153
-5.334
-4.878
-7.015
-7.801
-5.396
-6.855
-8.231
-5.965
-6.916
-8.408
-5.292
-5.372
-6.843
-8.319
-5.836
-7.426
-5.929
-3.467
-8.526
-3.846
-4.593
-8.860
-5.669
-4.189
-4.492
0.210
-6.175
-6.941
-3.546
-4.223
-4.921
-0.638
-3.309
-5.041
-4.747
-8.892
-5.512
-2.062
-5.795
-7.467
-3.839
-3.362
-5.709
-3.814
-6.338
-6.509
-3.642
-4.891
-6.250
-3.068
-4.452
-7.270
-0.206
-7.068
-10.011
0.216
-3.443
-7.582
-0.481
-3.278
-3.942
-0.601
-0.577
-5.935
-4.318
-5.351
-6.169
-1.661
-2.073
-4.729
-3.985
-5.249
-4.147
-4.114
-4.674
-5.190
-1.696
-1.034
-5.899
-1.635
-3.485
-5.226
-2.685
-3.127
-1.950
-1.579
-3.746
-3.211
-1.429
-4.757
-3.602
0.302
-1.775
-3.158
-0.593
-5.556
-0.961
-4.091
-2.176
-4.032
-2.104
-3.344
-3.266
-0.307
-3.301
-1.244
-0.738
-2.490
-1.560
-0.334
-5.089
-3.762
-4.497
-5.081
-0.575
-7.367
-6.425
-3.091
-6.662
-8.303
-2.174
-3.290
-5.726
-2.096
-6.555
-7.743
-2.757
-2.044
-5.928
-2.967
-3.008
-7.468
-1.679
-3.644
-5.301
-1.934
-4.007
-7.022
-2.740
-4.911
-7.267
-1.768
-1.859
-6.071
-3.277
-0.955
-4.740
-2.010
0.662
-3.319
-1.496
-3.292
-4.971
-2.710
-3.077
-4.223
0.905
-0.920
-1.244
-2.027
-1.788
-1.706
-2.411
-2.778
-2.559
-0.250
-1.079
-4.842
-1.682
-2.564
-3.018
-2.420
-7.518
-6.133
-5.803
-9.861
-2.328
-3.139
-4.436
-3.868
-9.810
-6.738
-5.507
-6.671
-6.069
-7.929
-4.629
-4.930
-5.112
-4.979
-8.133
-5.669
-5.513
-10.239
-4.922
-12.398
-4.402
-6.519
-6.965
-6.164
-10.896
-6.910
-3.333
-8.592
-5.020
-12.047
-3.604
-5.197
-2.074
-4.332
-6.358
-7.672
-4.129
-4.526
-5.110
-11.517
-4.524
-4.412
-5.214
-5.146
-7.068
-7.086
-6.047
-6.030
-5.567
-6.335
-3.405
-6.613
-6.170
-4.932
-7.984
-3.864
-5.310
-4.974
-7.795
-5.650
-1.453
-7.351
-6.845
-6.228
-9.193
-4.770
-6.878
-5.421
-6.954
-7.949
-1.642
-4.743
-3.655
-4.902
-7.321
-1.977
-7.097
-6.424
-6.383
-6.849
-2.502
-3.901
-4.517
-5.845
-3.600
-3.311
-5.175
-5.689
-5.274
-8.550
-2.228
-6.792
-5.532
-5.222
-7.419
-4.375
-5.319
-7.642
-7.734
-12.191
-4.894
-7.157
-6.793
-5.897
-10.418
-3.053
-7.116
-7.386
-7.273
-11.924
-1.470
-6.888
-7.270
-6.973
-13.561
-5.664
-2.394
-9.063
-2.962
-13.731
-1.037
-6.081
-6.174
-4.611
-11.862
-2.717
-4.019
-8.475
-5.625
-13.919
-5.100
-6.541
-6.664
-5.661
-11.506
-2.864
-5.210
-7.030
-4.473
-10.892
-6.142
-6.763
-5.980
-3.391
-15.649
-5.727
-7.529
-4.199
-8.517
-7.178
-5.662
-6.178
-3.229
-6.331
-7.240
-2.743
-5.162
-1.319
-5.733
-7.212
-4.556
-6.491
-8.216
-4.936
-8.626
-5.749
-4.017
-5.484
-6.510
-9.291
-6.022
-2.485
-6.797
-6.658
-7.167
-4.895
-5.244
-7.192
-4.412
-9.918
-5.210
-5.912
-4.744
-5.974
-9.160
-3.463
-7.394
-4.410
-4.373
-11.625
-3.864
-7.179
-3.710
-6.824
-10.969
-3.634
-3.153
-7.201
-7.079
-8.079
-5.780
-0.387
-5.931
-4.368
-5.096
-5.853
-3.325
-5.082
-3.109
-5.766
-5.662
-3.264
-4.687
-5.597
-10.213
-4.910
-3.789
-5.254
-1.436
-6.368
-7.718
-3.603
-4.820
-6.602
-7.672
-7.005
-3.815
-1.163
-1.369
-11.481
-9.517
-4.851
-6.858
-6.390
-4.655
-5.355
-4.894
-5.222
-7.416
-9.339
-7.045
-3.793
-5.106
-6.301
-8.228
-6.940
-3.619
3.721
-3.941
0.992
-4.973
-3.452
0.744
-4.721
-2.902
-7.345
-3.178
2.383
-4.441
-1.292
-3.789
-2.983
0.828
-5.960
-0.250
-6.451
-5.950
0.563
-4.669
-2.678
-6.965
-2.118
0.827
-2.541
-1.987
-5.253
-2.368
-0.675
-2.765
0.091
-7.951
-4.703
-0.107
-1.698
-3.265
-5.246
-0.721
-0.222
-2.744
-0.988
-6.488
-5.305
-1.734
-3.832
-1.534
-5.921
-5.268
-6.689
-3.560
-1.616
-7.621
-6.227
-5.910
-4.693
-1.756
-5.604
-4.945
-6.339
-3.338
-6.225
-9.207
-5.379
-6.596
-3.539
-4.231
-7.226
-7.492
-7.072
-4.662
-3.533
-7.997
-2.994
-8.979
-3.745
-4.029
-8.844
-5.084
-6.618
-5.083
-3.846
-6.646
-3.457
-6.411
-4.369
-3.116
-8.338
-3.306
-7.836
-4.373
-1.302
-6.314
-5.294
-7.745
-3.788
-3.502
-10.345
-3.324
-3.030
-3.609
-7.186
-10.916
-2.018
-4.099
-6.261
-6.739
-10.661
-1.205
-3.503
-6.003
-5.337
-9.147
-3.793
-3.974
-6.285
-5.176
-9.308
-1.434
-2.730
-5.345
-4.684
-10.822
0.873
-3.468
-3.285
-3.468
-9.359
-2.131
-3.851
-4.174
-3.802
-8.225
-3.014
-2.408
-4.570
-3.937
-10.375
-1.537
-5.489
-4.102
-8.112
-8.512
-1.171
-2.557
-3.860
-2.465
-9.996
-6.478
-1.407
-1.440
-5.566
0.626
-6.819
-2.647
-2.995
-8.955
-4.905
-4.559
-1.229
-2.010
-7.249
-5.705
-4.063
-2.078
-3.286
-7.178
-6.599
-3.586
-2.330
-2.097
-3.663
-4.599
-2.810
0.199
-4.526
-3.849
-6.409
-2.702
-1.442
-2.143
-2.941
-3.720
-4.898
-0.053
-6.834
-7.114
-5.071
-3.973
-2.448
-4.776
-5.883
-7.955
-5.245
-3.180
-3.677
-6.708
-4.510
-5.338
1.533
-2.052
-5.545
-7.981
-3.409
-3.031
-2.103
-4.560
-8.714
-3.866
-0.919
-1.277
-4.855
-4.965
-2.315
-0.333
-1.681
-5.131
-8.019
-3.100
-1.636
-1.720
-5.554
-9.751
-5.068
0.452
-1.711
-7.132
-7.339
-3.311
-2.596
-1.784
-4.837
-6.835
-3.991
1.777
-2.089
-2.905
-8.458
-4.187
1.363
-2.288
-2.598
-8.889
-5.134
-0.919
0.306
-5.745
-8.385
-6.129
-7.042
-5.507
-2.101
-7.609
-6.069
-2.498
-8.494
-4.754
-3.635
-7.176
-5.178
-7.554
-6.104
-5.478
-2.865
-6.792
-5.479
-7.041
-4.043
-6.700
-6.105
-5.080
-10.444
-6.343
-6.728
-8.246
-1.737
-6.860
-7.032
-6.677
-4.379
-6.342
-5.875
-4.753
-6.359
-6.561
-5.888
-4.149
-6.301
-2.439
-3.142
-5.966
-2.670
-2.806
-5.939
-3.825
-3.187
-6.962
-3.444
-4.221
-7.155
-5.338
-6.728
-7.045
-4.452
-6.038
-5.923
-4.125
-3.073
-3.191
-7.893
-4.409
-4.913
-8.733
-5.201
-4.401
-9.841
-3.740
-4.098
-7.387
-2.245
-6.296
-7.654
-5.771
-3.445
-10.219
-5.367
-4.760
-7.287
-3.843
-4.425
-7.225
-6.430
-5.414
-5.806
-6.109
-4.674
-7.622
-3.369
-5.326
-0.360
-5.423
-5.558
-3.509
-8.558
-4.906
-1.890
-4.963
-3.632
-4.623
-5.998
-4.307
-2.284
-7.868
-2.170
-2.887
-6.599
-3.828
-1.307
-5.736
-4.181
-1.657
-5.310
-3.596
-1.754
-7.707
-3.031
-3.257
-4.058
-8.320
-4.136
-3.225
-6.722
-2.982
-2.994
-4.655
-4.145
-5.569
-4.979
-3.922
-3.858
-7.926
-3.281
-2.220
-3.961
-6.410
-3.596
-6.446
-3.431
-1.857
-4.842
-1.536
-1.494
-6.053
-4.490
-3.218
-7.781
-2.621
-2.636
-5.343
-0.645
-2.953
-4.878
-2.188
-3.620
-2.665
-0.297
-3.587
-3.498
-1.359
-1.701
-4.981
-0.743
-5.627
-4.865
-0.884
-4.790
-4.335
-0.183
-3.515
-4.242
-1.200
-2.989
-6.323
-1.448
-3.167
-3.501
0.658
-3.749
