-4.247
-2.874
-3.321
-3.947
-3.602
-2.213
-4.896
-1.866
-1.965
-2.041
-1.586
-3.844
-3.517
-4.855
-1.288
-2.536
-3.795
-5.960
-2.222
-2.298
-1.451
-2.020
-3.843
-5.085
-3.478
-5.090
-4.844
-0.431
-3.483
-5.797
0.014
-3.876
-3.843
-3.452
-0.575
-2.992
-3.271
0.109
-2.093
-0.365
-5.126
-1.227
-6.394
-6.816
-0.678
-5.712
-5.342
0.764
-4.446
-5.579
1.180
-7.343
-7.643
-0.317
-5.211
-4.072
1.475
-7.553
-4.281
0.269
-4.196
-4.275
0.826
-5.764
-4.230
-2.521
-7.135
-5.688
-1.671
-7.764
-1.977
-4.124
-9.797
-1.978
-3.564
-7.441
-5.083
-4.810
-7.673
-1.868
-5.943
-4.713
-5.920
-3.648
-4.448
-5.440
-2.260
-6.472
-6.057
-8.077
-5.374
-2.412
-2.267
-5.859
-2.761
-2.302
-6.009
-4.228
-1.232
-5.602
-6.249
-5.293
-4.918
-6.196
-5.213
-5.578
-7.602
-3.697
-6.805
-8.670
-5.223
-6.589
-5.630
-4.547
-7.746
-7.404
-5.936
-7.935
-6.600
-2.743
-5.376
-6.442
-2.936
-5.048
-7.523
-4.140
-6.226
-8.323
-3.699
-7.633
-5.020
-8.972
-6.463
-3.200
-5.211
-2.245
-6.609
-7.878
-6.399
-5.681
-6.542
-3.670
-6.688
-6.442
-4.716
-7.870
-9.729
-6.914
-5.258
-7.415
-3.586
-4.795
-7.007
-6.214
-7.160
-8.106
-5.639
-6.237
-8.363
-6.608
-2.691
-6.603
-0.828
-3.805
-6.960
-0.139
-2.280
-3.578
-3.097
-2.142
-8.412
-3.919
-4.975
-4.384
-1.307
-4.610
-3.858
-1.956
-2.974
-6.206
-0.836
-6.633
-6.090
-2.289
-7.161
-6.668
-3.142
-5.462
-6.913
-3.628
-6.323
-7.559
-3.562
-5.765
-6.523
0.459
-6.045
-7.491
-1.010
-4.567
-3.921
0.255
-8.615
-7.285
-1.583
-7.734
-6.540
-2.850
-7.760
-7.369
-0.945
-6.890
-6.649
-4.245
-7.629
-6.696
-3.882
-6.061
-4.855
1.508
-4.801
-7.911
-5.866
-3.058
-5.068
-3.594
-2.480
-7.421
-2.934
-3.159
-5.409
-4.076
-2.715
-5.374
-5.329
-2.404
-6.629
-4.482
-3.220
-6.591
-5.432
-2.481
-5.441
-2.544
-3.699
-6.324
-3.494
-6.373
-6.391
-5.032
-2.193
-4.627
-5.297
-0.409
-1.807
-1.451
-3.116
-5.269
-5.332
-2.585
-5.745
-6.309
-2.555
-3.393
-4.624
-1.278
-5.557
-4.470
-1.887
-2.573
-5.668
-1.341
-4.209
-4.906
-1.229
-5.929
-6.227
-3.350
-4.243
-2.739
-4.300
-5.770
-3.431
-4.787
-3.934
-5.473
-5.582
-5.043
-5.728
-2.264
-3.553
-5.624
-6.471
-3.579
-4.227
-5.370
-1.742
-6.206
-4.260
-4.846
-2.425
-4.707
-1.302
-3.863
-2.140
-6.918
-1.541
-3.996
-0.467
-6.090
-1.877
-4.139
-4.172
-6.345
-2.934
-5.176
-5.833
-5.425
-5.400
-6.417
-7.488
-5.057
-5.436
-8.015
-7.284
-4.167
-4.782
-3.795
-6.828
-6.777
-7.405
-4.081
-5.421
-8.573
-5.606
-5.326
-5.179
-7.959
-8.416
-6.214
-4.643
-2.467
-3.566
-0.563
-3.771
-1.002
-4.119
-2.283
-2.555
-2.804
-2.878
-1.343
-6.200
-1.987
-3.853
-1.741
-2.489
-3.213
-5.096
-3.501
-3.037
-5.028
-2.481
-3.096
-4.587
-4.640
-4.108
-1.066
-0.192
-3.005
-4.111
-5.001
-5.345
-3.041
-4.880
-3.255
-4.204
-3.713
-2.903
-2.137
-2.416
-5.711
-5.131
-3.299
-8.786
-2.080
-5.044
-3.079
-2.989
-4.368
-4.030
-4.725
-5.149
-3.884
-2.944
-2.983
-5.009
-2.992
-2.957
-5.834
-2.938
-3.921
-9.011
-7.063
-2.979
-4.811
-8.957
-4.786
-5.387
-3.707
-9.205
-5.758
-2.742
-4.518
-7.036
-7.813
-4.437
-3.635
-10.494
-6.909
-2.709
-4.338
-9.648
-7.814
-4.290
-5.989
-13.123
-6.129
-3.946
-3.736
-7.939
-9.157
-5.737
-4.482
-9.781
-10.059
-4.717
-3.955
-10.252
-6.003
-7.544
-8.493
-10.850
-4.842
-2.020
-5.446
-7.864
-5.335
-3.853
-4.996
-7.845
-8.120
-2.091
-6.076
-9.214
-8.680
-1.568
-6.014
-9.037
-7.270
-2.493
-4.810
-5.771
-6.960
-4.400
-5.105
-10.138
-8.652
-4.847
-6.487
-3.440
-8.756
-1.109
-6.878
-8.961
-7.560
-4.161
-3.897
-9.756
-6.165
-4.589
-3.267
-5.819
-7.183
-2.586
-8.230
-5.018
-0.594
-5.092
-8.261
-4.697
-7.630
-4.863
-5.815
-4.430
-5.617
-5.745
-6.398
-5.469
-6.274
-3.224
-7.191
-6.417
-7.735
-5.046
-6.795
-7.609
-3.658
-2.052
-5.779
-6.559
-4.982
-5.093
-8.922
-6.264
-4.173
-7.237
-5.891
-6.601
-7.952
-4.896
-0.085
-8.330
-5.133
-6.997
-2.116
-2.964
-5.073
-7.453
-2.908
-4.064
-5.481
-5.660
-2.676
-4.497
-5.674
-5.991
-2.399
-2.899
-4.379
-6.696
-1.525
-5.946
-3.837
-8.467
-1.226
-4.900
-3.580
-6.193
-1.722
-6.582
-5.887
-4.981
-1.662
-4.260
-3.755
-4.696
-3.603
-6.383
-5.830
-1.466
-4.102
-6.085
-3.493
-3.216
-4.473
-3.850
-3.119
-1.744
-4.500
-5.582
-2.191
-0.117
-4.647
-2.039
-2.824
-0.261
-5.308
-4.223
-3.368
-1.530
-4.739
-3.405
-3.468
-1.536
-4.494
-3.906
-2.761
-2.070
-9.323
-3.782
-4.559
-0.977
-5.054
-5.158
-6.139
-1.560
-5.724
-4.329
-4.281
-3.384
-4.814
-6.239
-6.939
-4.360
-6.149
-8.088
-10.797
-5.608
-4.137
-7.169
-7.941
0.313
-6.729
-6.586
-7.819
-3.222
-4.375
-5.224
-8.270
-5.150
-4.560
-6.725
-7.868
-6.533
-4.913
-8.300
-6.727
-4.185
-5.970
-5.318
-10.099
-3.586
-5.330
-6.562
-9.113
-5.305
-4.642
-4.495
-10.707
-4.548
-5.523
-3.478
-9.188
-3.659
-5.159
-3.607
-6.354
-4.743
-5.035
-3.131
-7.519
-3.051
-5.360
-3.808
-9.821
-6.558
-6.173
-5.522
-6.254
-4.020
-4.947
-1.651
-6.212
-5.127
-3.213
-2.795
-6.282
-4.385
-3.675
-3.982
-9.309
-8.242
-4.473
-6.824
-6.252
-5.872
-6.398
-1.400
-5.919
-7.106
-4.702
-3.813
-5.134
-7.464
-2.133
-3.083
-6.224
-6.400
-3.419
-3.490
-4.141
-7.081
-1.094
-5.793
-4.549
-6.307
-3.209
-3.987
-3.491
-6.328
-3.742
-3.088
-5.412
-6.030
-3.341
-3.999
-4.339
-7.891
-2.163
-4.893
-4.918
-6.792
-2.439
-3.450
-3.987
-5.446
-5.895
-3.286
-4.712
-2.983
-4.508
-1.982
-11.578
-4.041
-1.618
-5.263
-11.025
-5.293
-3.345
-1.440
-10.639
-6.430
-4.016
-4.722
-10.613
-5.821
-3.086
-4.351
-11.004
-5.347
-1.169
-2.092
-8.325
-6.349
-5.302
-2.642
-12.351
-6.261
-3.921
-1.684
-10.626
-5.313
-2.886
-1.994
-11.211
-6.158
-3.272
-4.656
-7.045
-1.158
-4.933
-2.851
-8.065
-1.837
-3.772
-5.162
-9.461
-2.889
-4.535
-4.910
-7.418
-3.275
-3.355
-5.853
-9.824
-2.423
-3.536
-5.335
-7.248
-2.990
-4.015
-5.750
-5.178
-1.702
-1.702
-5.182
-5.523
-4.585
-3.345
-5.418
-7.900
-1.366
-6.215
-3.827
-9.084
-2.068
-4.520
-4.541
-9.128
-4.531
-4.904
-5.302
-5.664
-3.541
-4.099
-5.040
-5.328
-4.622
-5.385
-4.985
-5.587
-4.760
-4.804
-5.040
-5.004
-5.669
-5.154
-6.815
-5.046
-3.628
-3.042
-2.103
-4.289
-3.886
-2.236
-5.883
-1.207
-1.994
-3.678
-4.822
-2.596
-5.757
-2.031
-3.194
-1.135
-5.491
-1.949
-3.969
-1.448
-4.583
-0.118
-3.477
-0.246
-4.399
-4.140
-5.242
-2.839
-2.906
-1.484
-2.210
-0.632
-5.247
-2.447
-6.242
-1.892
-4.241
-3.289
-5.912
-4.567
-5.132
-4.126
-5.440
-3.999
-5.470
-2.915
-3.587
-3.915
-4.185
-2.465
-3.687
-2.820
-2.656
-3.350
-3.165
-3.639
-3.533
-4.528
-2.877
-2.182
-7.743
-3.741
-8.825
-3.569
-7.589
-1.798
-6.740
-2.055
-4.722
-2.829
-6.139
-4.034
-6.274
-1.170
-6.351
-0.759
-8.394
-1.668
-7.016
-3.091
-5.500
-3.238
-5.372
-3.307
-3.026
-4.157
-2.319
-4.638
-5.734
-6.197
-5.672
-3.668
-2.710
-6.443
-6.323
-3.990
-2.395
-4.751
-3.529
-4.590
