-12.033
-8.150
-9.601
-10.683
-8.577
-8.732
-14.520
-7.738
-7.315
-6.506
-5.419
-9.892
-9.369
-12.225
-4.857
-7.952
-10.466
-12.648
-6.946
-5.796
-1.735
-2.895
-5.205
-6.606
-3.575
-5.892
-5.599
-1.326
-5.179
-6.543
-2.093
-6.390
-6.422
-5.186
-0.124
-7.073
-5.721
-0.848
-2.360
-3.136
-7.302
-1.442
-10.198
-8.732
-2.545
-8.168
-7.292
-2.143
-7.410
-8.073
-0.735
-11.127
-9.389
-1.293
-9.523
-7.967
-0.992
-10.531
-7.928
-2.237
-6.875
-7.475
-2.006
-9.201
-6.094
-5.757
-10.776
-7.207
-5.295
-11.712
-4.896
-7.308
-12.374
-3.265
-6.842
-11.154
-7.714
-8.628
-9.321
-0.828
-10.004
-6.695
-7.930
-8.943
-5.262
-9.706
-4.099
-7.259
-7.973
-12.121
-6.000
-4.635
-7.492
-9.291
-4.652
-5.247
-7.760
-7.884
-5.729
-6.999
-11.150
-9.706
-8.557
-11.320
-8.964
-10.018
-11.457
-9.939
-8.154
-13.136
-9.261
-9.982
-10.613
-7.546
-11.180
-11.880
-10.961
-10.613
-11.407
-7.788
-8.620
-11.211
-6.090
-8.448
-13.901
-6.559
-9.035
-12.229
-7.007
-11.833
-9.393
-15.840
-10.904
-5.406
-9.832
-5.774
-10.100
-14.221
-10.255
-8.921
-10.906
-5.405
-8.520
-11.166
-8.299
-9.781
-14.785
-12.037
-9.290
-13.955
-8.319
-7.513
-11.205
-10.301
-9.070
-13.215
-8.815
-9.088
-12.238
-11.246
-4.571
-8.701
-2.877
-3.870
-8.963
0.448
-1.230
-4.740
-5.073
-2.661
-8.290
-4.186
-4.819
-6.244
-3.109
-5.551
-5.964
-4.091
-4.259
-6.330
-0.259
-7.226
-8.617
-2.268
-6.261
-9.372
-4.597
-4.936
-7.627
-4.519
-8.048
-8.933
-0.152
-8.444
-9.460
-0.942
-9.194
-9.420
0.077
-5.007
-6.572
-0.336
-10.826
-8.797
-1.198
-9.068
-9.979
-0.642
-10.726
-9.329
1.248
-9.056
-10.765
-0.929
-11.330
-9.950
-1.935
-10.884
-7.947
-2.132
-5.098
-10.107
-6.700
-1.405
-5.441
-4.262
-4.132
-9.739
-3.999
-2.694
-7.385
-6.586
-2.269
-6.236
-6.092
-1.712
-5.876
-3.991
-3.491
-6.476
-4.890
-4.395
-7.918
-4.954
-2.125
-6.527
-3.746
-6.871
-5.905
-4.350
-4.801
-7.990
-9.041
-2.887
-6.597
-4.560
-4.399
-8.869
-5.813
-3.818
-8.515
-6.743
-4.198
-6.913
-8.381
-2.743
-8.484
-5.387
-3.878
-5.667
-6.406
-1.646
-6.921
-7.262
-4.154
-9.205
-8.626
-4.309
-6.615
-5.100
-5.374
-9.419
-4.974
-8.972
-6.068
-10.354
-8.857
-8.744
-8.440
-5.731
-4.734
-10.345
-7.154
-7.784
-6.769
-8.943
-2.568
-11.734
-3.836
-9.394
-5.559
-9.468
-3.953
-8.858
-4.216
-11.459
-3.114
-8.733
-2.170
-9.451
-3.214
-8.860
-5.453
-9.973
-4.466
-9.932
-10.758
-9.899
-9.654
-11.593
-11.773
-9.002
-9.304
-12.201
-11.206
-6.943
-9.313
-8.229
-10.892
-9.790
-11.886
-7.631
-11.174
-13.065
-10.173
-8.066
-9.361
-11.298
-12.622
-9.514
-4.596
-8.192
-3.365
-4.182
-4.916
-5.509
-4.301
-6.703
-2.707
-8.543
-2.188
-7.032
-6.753
-7.472
-3.463
-7.420
-3.767
-9.004
-5.957
-9.384
-7.241
-7.315
-5.731
-4.303
-7.902
-6.713
-7.000
-1.777
-2.689
-4.617
-8.150
-8.050
-9.061
-4.154
-6.773
-5.897
-7.473
-5.876
-6.239
-4.354
-4.618
-11.459
-5.517
-8.095
-10.711
-5.716
-5.102
-8.702
-3.202
-8.456
-8.303
-10.388
-7.517
-9.522
-4.875
-7.902
-8.370
-7.270
-5.037
-11.841
-8.443
-7.730
-11.184
-11.669
-7.377
-10.551
-12.087
-10.079
-10.397
-7.597
-11.734
-9.555
-8.633
-9.682
-9.686
-13.572
-10.354
-8.406
-12.882
-11.913
-7.890
-8.968
-12.390
-12.516
-10.690
-12.559
-16.241
-11.400
-8.386
-8.263
-10.488
-14.189
-11.906
-10.959
-12.674
-15.645
-10.088
-10.704
-13.264
-10.109
-12.229
-15.488
-13.376
-8.377
-4.108
-9.331
-11.142
-12.130
-9.185
-10.594
-10.326
-14.658
-3.888
-11.757
-12.250
-15.133
-5.750
-12.036
-11.700
-12.572
-5.511
-10.682
-7.579
-13.512
-7.347
-10.483
-12.697
-14.326
-8.319
-11.304
-5.429
-15.353
-4.200
-12.702
-11.669
-14.699
-9.376
-7.868
-12.857
-13.535
-8.331
-7.850
-10.070
-9.447
-6.515
-14.685
-8.560
-2.259
-8.215
-16.092
-10.116
-9.592
-9.638
-11.231
-8.750
-7.944
-9.186
-12.752
-10.926
-8.653
-5.248
-13.923
-13.522
-10.465
-8.896
-11.968
-11.773
-5.512
-6.184
-10.974
-12.680
-7.098
-9.418
-15.818
-12.305
-6.020
-11.644
-11.557
-11.389
-10.416
-10.774
-1.761
-10.717
-11.044
-11.816
-4.767
-5.285
-7.597
-13.446
-6.998
-5.977
-8.855
-10.651
-5.232
-7.179
-10.447
-11.309
-4.201
-5.076
-8.165
-12.202
-4.564
-8.606
-7.827
-13.908
-4.814
-7.211
-6.752
-12.211
-5.652
-8.471
-10.315
-11.392
-3.334
-6.094
-6.912
-10.359
-6.268
-9.319
-9.591
-6.619
-8.479
-9.506
-4.633
-8.198
-7.702
-7.127
-3.719
-4.719
-9.803
-9.092
-3.086
-4.530
-10.160
-5.427
-4.192
-3.580
-9.856
-5.466
-5.545
-5.110
-8.511
-6.116
-5.297
-5.479
-8.529
-5.722
-4.736
-6.248
-17.886
-6.208
-4.491
-4.099
-10.961
-7.494
-9.641
-5.473
-10.929
-7.698
-6.502
-5.376
-6.458
-8.779
-10.303
-6.916
-8.610
-11.035
-13.814
-7.908
-6.631
-9.691
-10.276
-3.174
-8.233
-9.245
-10.916
-5.241
-4.958
-8.950
-11.031
-6.603
-4.453
-9.276
-10.825
-7.819
-6.338
-12.565
-9.843
-6.545
-6.774
-8.999
-12.587
-5.141
-6.735
-8.864
-12.219
-7.412
-6.580
-6.945
-13.701
-4.412
-13.010
-5.999
-11.804
-4.718
-11.105
-5.443
-8.046
-7.608
-12.796
-5.588
-11.268
-6.202
-12.643
-5.663
-13.883
-6.652
-14.504
-7.402
-9.103
-4.722
-12.032
-3.165
-8.598
-4.889
-8.717
-5.647
-8.372
-5.854
-10.419
-7.258
-12.448
-9.222
-11.989
-9.317
-8.647
-6.468
-13.736
-2.273
-7.283
-8.167
-6.868
-10.540
-5.643
-8.220
-5.831
-9.679
-8.071
-8.003
-6.447
-9.477
-5.236
-8.414
-5.111
-13.420
-5.728
-6.805
-5.672
-9.558
-4.268
-7.934
-6.694
-9.239
-6.839
-6.856
-3.902
-10.477
-5.366
-9.083
-5.190
-12.465
-7.352
-8.484
-4.966
-9.756
-6.255
-7.800
-7.972
-10.372
-6.966
-2.344
-9.057
-3.035
-14.839
-3.755
-5.258
-8.722
-14.498
-2.778
-9.142
-3.603
-13.711
-5.064
-9.408
-6.983
-13.473
-4.911
-7.321
-7.008
-13.359
-3.920
-4.139
-4.071
-10.194
-4.173
-11.005
-5.683
-15.684
-4.852
-9.334
-3.314
-13.312
-3.484
-7.413
-4.702
-14.658
-4.545
-6.849
-6.613
-8.198
-2.815
-4.310
-8.880
-10.704
-2.814
-3.397
-13.000
-12.812
-4.294
-4.686
-11.040
-8.640
-7.325
-4.575
-13.757
-13.121
-3.145
-2.274
-12.573
-10.083
-4.290
-4.462
-12.861
-6.668
-2.975
-1.048
-12.365
-7.826
-7.050
-5.078
-12.988
-11.277
-4.505
-6.688
-10.916
-12.651
-4.051
-4.339
-10.757
-12.146
-10.633
-9.120
-11.131
-10.382
-9.405
-6.800
-12.316
-8.703
-10.153
-9.277
-11.504
-10.021
-9.939
-9.138
-12.352
-8.214
-12.711
-8.988
-14.787
-9.204
-12.084
-7.386
-10.386
-7.325
-10.744
-5.410
-13.841
-2.912
-8.395
-8.513
-12.825
-5.915
-13.255
-5.990
-9.660
-5.548
-13.128
-6.156
-12.173
-5.189
-8.121
-5.022
-7.753
-4.542
-8.360
-9.503
-7.777
-7.428
-5.503
-5.824
-6.497
-5.255
-8.687
-6.932
-11.938
-5.170
-8.741
-7.049
-8.396
-9.789
-9.610
-10.117
-11.834
-9.007
-12.109
-6.427
-9.058
-8.563
-10.983
-7.556
-11.003
-6.263
-7.577
-9.040
-8.781
-7.503
-9.170
-10.568
-8.307
-6.628
-8.979
-9.977
-12.193
-9.318
-8.864
-7.216
-8.577
-8.171
-6.303
-7.512
-7.772
-9.106
-8.371
-4.668
-8.881
-5.587
-11.798
-6.847
-8.439
-10.046
-10.060
-8.611
-9.109
-6.974
-5.863
-7.777
-5.619
-8.798
-9.618
-10.780
-9.065
-9.734
-4.470
-11.784
-10.401
-8.598
-4.212
-10.175
-7.006
-8.502
