4.871
7.027
4.590
7.400
3.008
4.677
-0.477
9.289
5.849
5.252
7.622
7.359
9.478
-2.316
7.637
6.259
8.899
3.603
5.920
3.683
7.549
6.798
8.395
7.278
8.751
3.738
7.052
8.549
8.073
5.196
6.074
2.029
2.291
4.654
5.141
2.931
-0.633
7.828
7.153
5.170
6.217
7.919
6.608
9.147
8.085
9.616
7.349
9.859
8.804
5.731
7.721
8.810
2.262
0.714
0.401
3.813
-5.564
4.394
6.504
2.103
0.636
3.102
0.438
1.626
2.473
2.990
0.252
1.660
0.629
2.445
5.284
4.122
4.502
-2.016
2.881
5.410
1.894
1.168
5.159
2.805
3.334
5.833
4.513
3.550
3.434
4.157
1.918
5.684
3.874
3.962
1.352
6.552
5.849
0.803
2.458
3.678
5.189
4.628
5.056
2.576
3.865
3.326
7.099
4.960
2.430
2.780
4.462
2.025
4.524
3.334
4.762
1.930
1.713
1.365
1.525
0.823
3.086
4.427
0.137
1.517
3.947
2.179
1.579
4.423
3.014
0.763
3.002
0.893
2.621
2.388
4.916
3.719
9.327
4.362
6.378
5.680
4.284
8.304
4.066
4.252
3.440
5.273
6.787
-3.004
3.451
2.268
1.933
5.682
4.471
3.586
5.855
7.308
3.995
5.510
5.077
2.298
5.832
6.510
3.779
6.864
6.076
4.144
5.101
1.825
4.731
9.160
5.094
2.916
4.341
5.692
6.768
4.541
-0.819
5.472
4.231
4.760
4.699
5.125
-0.137
2.824
1.471
6.975
8.352
7.095
8.773
9.614
7.573
8.372
4.979
-3.750
-4.874
5.136
9.169
8.487
6.361
7.023
5.524
8.290
3.822
3.163
3.578
8.212
6.341
1.986
7.270
5.088
9.071
7.392
9.606
7.459
5.487
7.195
3.665
8.571
8.618
7.554
5.354
6.933
6.593
6.230
7.283
9.497
10.051
5.822
11.256
7.282
10.957
4.810
7.770
9.053
7.520
7.398
7.827
4.426
11.338
8.453
5.571
9.447
10.094
12.097
4.867
5.110
2.911
1.978
3.993
4.083
4.029
5.158
3.623
4.240
11.237
8.207
9.728
8.778
9.423
11.394
7.047
8.266
8.039
1.718
5.604
2.890
8.072
6.281
9.352
6.023
6.913
7.256
4.873
6.259
7.874
8.438
9.132
7.497
6.759
8.008
7.032
2.159
5.333
7.027
5.825
3.935
8.653
9.054
8.829
10.019
8.441
6.010
4.144
5.874
4.547
4.188
6.797
3.893
3.647
7.395
5.894
-0.499
6.587
6.951
6.431
7.648
10.161
-0.898
8.775
8.703
10.710
6.354
6.213
-0.647
5.989
6.476
5.880
6.815
3.509
4.458
5.794
5.601
4.938
8.550
6.688
6.063
4.940
8.789
7.482
2.994
6.122
2.119
5.722
6.451
2.600
7.927
4.455
-0.351
4.432
7.882
7.256
7.633
3.088
9.100
