-14.552
-15.909
-9.153
-14.769
-11.880
-12.935
-11.017
-15.289
-11.347
-16.463
-11.362
-12.752
-14.770
-14.905
-11.707
-18.063
-11.106
-11.371
-9.101
-12.773
-15.373
-10.810
-9.328
-9.599
-15.813
-12.216
-11.643
-11.973
-7.794
-11.017
-12.884
-12.623
-13.113
-9.723
-14.409
-12.005
-11.274
-11.557
-10.816
-14.523
-9.280
-5.588
-6.653
-12.607
-9.986
-8.769
-6.956
-8.310
-7.419
-11.199
-10.748
-7.727
-13.177
-10.265
-10.852
-12.663
-9.722
-11.751
-7.871
-10.045
-4.424
-10.002
-8.959
-8.544
-6.212
-9.932
-8.115
-10.639
-5.938
-9.990
-1.984
-6.588
-3.913
-7.368
-3.750
-8.180
-7.109
-8.477
-6.014
-6.374
-4.686
-13.448
-10.185
-8.959
-2.581
-14.264
-8.479
-6.062
-5.375
-14.120
-14.430
-7.904
-6.262
-11.451
-9.956
-10.511
-7.317
-13.776
-11.475
-5.971
-5.914
-11.812
-6.579
-5.705
-6.016
-7.850
-8.519
-8.512
-4.584
-11.628
-9.976
-3.443
-5.766
-13.231
-11.051
-5.665
-5.200
-13.263
-12.031
-5.749
-4.795
-12.170
-7.794
-9.994
-4.093
-11.691
-10.504
-11.587
-3.595
-12.239
-9.997
-11.894
-4.049
-8.806
-9.570
-11.770
-6.088
-10.749
-10.148
-13.720
-2.981
-11.839
-9.995
-11.653
-4.146
-9.526
-12.553
-11.873
-4.157
-12.485
-14.789
-11.073
-7.647
-9.775
-12.007
-9.450
-7.315
-8.844
-7.735
-9.069
-1.854
-8.555
-6.398
-7.438
2.048
-10.586
-6.040
-7.998
3.405
-11.121
-8.356
-8.471
3.000
-10.967
-8.550
-8.108
5.202
-12.652
-8.516
-7.523
1.433
-9.786
-8.968
-7.737
1.877
-7.950
-7.919
-7.060
0.432
-10.425
-5.578
-5.467
0.194
-7.853
-9.140
-8.282
0.962
-9.722
-6.638
-7.546
-7.379
-4.696
-4.935
-6.198
-7.690
-8.995
-6.765
-2.794
-8.187
-9.873
-7.175
-3.608
-8.827
-8.443
-8.727
-3.954
-8.831
-10.480
-7.525
0.592
-7.086
-6.435
-8.751
-3.246
-9.075
-11.149
-7.510
-1.737
-6.558
-10.080
-8.118
0.688
-7.105
-9.032
-11.201
-4.930
-10.214
-9.192
-8.023
-5.142
-8.306
-4.202
-5.873
-9.593
-7.030
-7.818
-8.486
-7.040
-4.966
-2.674
-5.432
-5.821
-7.129
-6.107
-4.879
-5.591
-6.004
-6.924
-6.068
-6.805
-4.717
-3.471
-8.026
-7.903
-5.777
-8.653
-9.998
-6.494
-5.919
-4.679
-6.332
-3.753
-4.891
-4.173
-6.388
-9.724
-9.243
-6.506
-8.197
-8.785
-10.879
-8.191
-0.647
-2.913
-5.669
-5.995
-3.800
-2.430
-9.185
-6.022
-4.430
-4.323
-8.647
-7.553
-2.441
-2.468
-4.375
-8.479
-1.656
1.403
-9.490
-8.756
-1.700
-0.722
-7.863
-7.206
-4.295
-4.643
-6.337
-6.273
-1.096
-2.553
-4.868
-7.236
-3.396
-1.844
-3.492
-4.648
-5.162
-0.911
-6.410
-9.180
-6.679
-7.465
-7.230
-6.786
-4.820
-3.902
-4.883
-8.324
-10.934
-5.922
-5.319
-11.057
-7.114
-4.657
-6.076
-10.882
-9.004
-4.405
-6.127
-11.099
-8.555
-5.826
-9.274
-11.302
-5.276
-3.941
-5.808
-9.043
-7.485
-3.700
-6.096
-9.335
-7.409
-6.045
-7.897
-9.423
-7.134
-4.491
-2.122
2.017
-6.395
-6.455
-2.937
2.533
-6.751
-4.551
-2.382
3.666
-7.649
-6.667
-0.118
-0.315
-7.864
-5.437
-2.095
2.058
-6.412
-3.237
-5.206
2.414
-6.388
-6.281
-6.650
-3.599
-6.855
-5.581
-2.726
0.573
-7.408
-5.045
-0.470
0.771
-7.589
-4.147
-4.285
0.106
-8.581
-6.371
-10.574
-9.372
-11.350
-9.411
-10.704
-12.763
-8.487
-10.619
-10.153
-6.611
-9.945
-14.131
-8.818
-11.393
-13.400
-8.912
-11.311
-13.423
-8.683
-9.022
-10.831
-11.877
-10.653
-13.305
-9.601
-7.421
-13.404
-6.624
-8.865
-15.442
-4.078
-7.092
-8.698
2.320
-9.030
-13.229
-1.684
-7.085
-10.556
-0.398
-6.822
-11.028
-4.412
-13.815
-11.665
-1.784
-10.357
-13.176
-3.105
-8.466
-11.357
-4.288
-12.151
-11.191
-3.677
-9.094
-10.422
-1.865
-6.539
-12.149
-1.708
-12.797
-15.628
-3.116
-7.333
-10.930
-2.950
-5.851
-9.078
-2.718
-3.759
-10.147
-6.367
-9.773
-9.828
-4.791
-5.738
-7.412
-6.565
-8.780
-8.190
-7.949
-9.748
-8.393
-3.387
-4.725
-10.664
-6.522
-9.711
-11.072
-5.087
-2.785
-7.944
-4.923
-3.949
-9.134
-3.696
-4.967
-9.620
-1.737
-0.570
-9.481
-3.499
-4.860
-4.440
-7.656
-1.795
-10.920
-5.153
-2.615
-10.083
-2.714
-4.196
-7.225
-2.155
-1.534
-7.138
-1.836
-5.658
-10.338
-6.546
-9.546
-5.164
-9.155
-10.246
-9.776
-7.870
-11.704
-7.851
-3.402
-10.585
-7.273
-6.487
-11.637
-9.020
-1.575
-8.643
-9.434
-3.016
-11.004
-6.732
-5.543
-10.097
-8.035
-4.284
-10.995
-9.164
-7.172
-11.615
-7.568
-3.034
-7.169
-9.413
-1.145
-5.554
-7.722
-1.991
-3.663
-5.611
-5.711
-5.669
-8.733
-3.170
-4.303
-1.475
-3.816
-4.185
-8.618
-2.900
-3.778
-6.623
-5.199
-3.482
-3.260
-1.682
-5.372
-7.214
-2.792
-3.529
-7.775
-10.395
-12.240
-13.788
-12.194
-7.084
-8.563
-8.706
-8.520
-12.115
-14.556
-11.029
-12.581
-10.248
-9.431
-8.874
-9.957
-9.613
-9.904
-10.342
-10.234
-8.121
-14.238
-12.051
-15.108
-9.171
-11.628
-12.232
-13.174
-13.149
-10.398
-7.116
-13.005
-12.350
-14.360
-8.142
-9.971
-4.721
-8.081
-8.116
-11.665
-7.223
-8.369
-10.656
-14.257
-11.358
-9.686
-10.347
-13.205
-8.472
-11.536
-11.743
-12.095
-9.792
-7.079
-7.337
-11.462
-12.852
-10.686
-10.145
-8.635
-9.794
-10.935
-13.154
-7.641
-4.355
-13.514
-13.329
-11.084
-10.466
-8.514
-12.362
-12.297
-12.508
-10.350
-6.468
-9.039
-9.097
-8.949
-9.172
-7.945
-10.512
-12.221
-11.416
-8.363
-5.374
-6.652
-8.985
-10.825
-4.823
-8.114
-9.004
-11.886
-8.348
-10.326
-8.037
-12.068
-12.136
-9.794
-9.700
-9.741
-10.912
-10.661
-13.539
-14.675
-10.175
-12.285
-11.228
-11.355
-13.297
-7.420
-12.480
-14.443
-13.110
-14.251
-4.923
-9.925
-9.614
-12.150
-16.708
-10.139
-5.453
-14.929
-8.304
-17.204
-5.971
-10.936
-12.559
-10.614
-15.452
-5.920
-8.874
-14.044
-11.917
-17.186
-10.656
-9.570
-12.266
-9.846
-14.418
-9.367
-10.354
-11.269
-8.916
-13.568
-9.977
-11.768
-11.715
-10.112
-18.062
-10.062
-12.071
-9.982
-15.860
-8.827
-6.789
-10.835
-8.618
-11.197
-10.142
-3.137
-10.695
-5.787
-10.357
-8.777
-7.707
-13.304
-14.767
-10.176
-10.822
-6.123
-9.246
-10.588
-10.088
-11.446
-7.606
-6.831
-9.726
-10.861
-8.436
-7.873
-10.237
-12.061
-8.543
-11.958
-9.104
-10.813
-9.124
-10.976
-11.551
-4.034
-11.930
-9.895
-9.367
-14.174
-6.092
-11.831
-10.513
-12.223
-13.471
-3.624
-7.409
-13.749
-14.354
-9.399
-12.606
-3.799
-12.335
-10.175
-7.004
-11.399
-5.586
-9.479
-8.176
-6.834
-10.197
-5.773
-9.943
-12.658
-12.668
-8.819
-6.945
-9.748
-4.546
-7.167
-12.590
-6.421
-11.183
-11.432
-9.530
-9.378
-7.076
-4.647
-6.732
-14.035
-14.523
-8.148
-12.591
-13.826
-6.034
-9.811
-8.515
-11.701
-13.398
-11.687
-12.936
-7.634
-13.223
-12.239
-9.704
-13.049
-1.571
4.860
-10.473
0.669
-7.859
-3.661
1.126
-10.827
-4.034
-9.837
-2.263
2.964
-10.593
-2.210
-5.229
-2.835
1.342
-13.303
-0.436
-8.637
-7.041
-0.040
-12.266
-3.401
-9.529
-1.606
2.002
-8.979
-3.969
-8.119
-2.262
2.057
-7.888
-0.979
-10.878
-6.213
-0.887
-6.506
-4.997
-8.101
-1.469
1.035
-9.564
-3.538
-9.253
-5.643
-1.389
-10.701
-2.652
-9.719
-7.878
-9.160
-10.428
-2.026
-9.161
-9.272
-9.879
-11.447
-3.116
-7.184
-7.495
-9.860
-9.741
-8.815
-12.235
-7.200
-8.966
-9.113
-5.011
-8.361
-9.847
-9.935
-11.169
-4.110
-9.838
-5.854
-11.544
-9.386
-6.245
-10.880
-7.515
-10.152
-12.153
-5.642
-8.304
-4.637
-8.051
-10.100
-4.152
-9.680
-5.320
-11.229
-9.947
-2.635
-7.612
-7.824
-10.600
-10.412
-4.591
-13.129
-5.769
0.930
-9.333
-10.958
-13.913
-3.105
0.787
-12.630
-10.145
-13.655
-1.054
-0.269
-12.496
-8.860
-11.238
-3.727
0.334
-13.395
-8.973
-12.130
-2.582
1.490
-12.190
-7.884
-14.323
-0.919
0.356
-9.652
-7.057
-12.628
-1.955
1.781
-10.383
-8.097
-11.650
-4.453
1.617
-11.535
-6.659
-13.419
-3.276
-2.775
-10.940
-12.266
-11.683
-1.833
-0.177
-10.340
-5.979
-13.238
-6.749
-2.777
-7.219
-7.768
-1.376
-6.826
-2.983
-9.472
-11.326
-7.272
-4.040
-0.688
-8.715
-10.961
-7.641
-3.682
-0.895
-11.373
-10.885
-9.208
-2.837
-1.836
-8.679
-5.581
-5.721
-1.140
0.196
-12.278
-5.664
-6.955
-1.187
-1.334
-8.298
-4.628
-5.413
-2.383
0.006
-13.709
-8.431
-7.167
-4.712
-4.050
-13.110
-9.343
-9.513
-3.926
-3.450
-10.682
-9.318
-6.687
-5.180
2.381
-8.024
-9.538
-10.927
-2.508
-2.883
-6.435
-7.977
-11.894
-1.341
0.802
-3.194
-7.695
-5.967
-1.483
0.542
-4.934
-8.782
-10.161
-3.802
0.155
-6.698
-9.517
-12.479
-3.852
-0.328
-6.020
-11.430
-9.768
-3.106
0.190
-5.927
-7.768
-9.202
-1.954
2.506
-6.682
-6.434
-10.493
-3.173
1.540
-5.877
-5.679
-11.654
-6.455
-0.935
-4.830
-9.466
-11.407
-14.876
-10.998
-9.538
-9.830
-14.925
-12.899
-9.643
-14.783
-9.086
-10.751
-15.323
-9.619
-17.760
-12.383
-9.187
-9.856
-12.953
-10.206
-18.078
-9.326
-10.348
-14.731
-9.931
-17.739
-16.782
-11.384
-13.228
-8.393
-12.843
-12.973
-14.130
-10.000
-10.811
-14.314
-11.190
-10.250
-15.189
-11.691
-7.913
-13.714
-6.479
-5.966
-15.157
-7.721
-5.494
-13.671
-8.519
-6.457
-15.513
-9.083
-9.327
-14.880
-12.156
-10.128
-15.259
-9.083
-10.248
-14.371
-9.299
-6.169
-8.176
-13.940
-9.462
-12.672
-13.886
-9.273
-10.229
-14.715
-8.068
-8.842
-12.409
-6.304
-13.653
-12.852
-11.495
-10.487
-15.649
-9.064
-11.807
-12.478
-7.864
-11.308
-12.060
-10.769
-12.264
-10.579
-11.009
-10.538
-13.024
-6.697
-5.691
-3.376
-12.040
-6.169
-8.563
-16.144
-5.744
-4.703
-10.144
-1.871
-9.403
-11.867
-2.936
-5.969
-16.894
-1.380
-7.821
-12.879
-3.990
-4.000
-11.371
-4.939
-4.666
-12.243
-3.487
-6.199
-15.159
-3.283
-7.107
-9.216
-10.415
-10.720
-8.290
-8.076
-7.973
-8.986
-5.717
-10.234
-12.312
-6.842
-9.596
-10.768
-10.812
-8.079
-7.130
-5.386
-12.435
-10.079
-8.890
-9.278
-7.380
-7.063
-6.214
-6.770
-8.518
-10.798
-9.578
-9.964
-6.924
-6.542
-7.432
-5.860
-8.317
-5.584
-7.760
-10.648
-4.121
-4.770
-9.182
-4.681
-5.921
-5.188
-5.719
-5.550
-13.286
-6.993
-5.543
-12.219
-6.514
-5.202
-8.295
-4.671
-5.886
-7.862
-8.473
-6.607
-8.637
-4.585
-3.461
-10.156
