-6.004
-6.265
-6.198
-5.518
-3.584
-5.310
-4.698
-5.431
-6.948
-7.577
-6.473
-5.911
-7.134
-6.300
-6.089
-6.192
-7.653
-4.561
-4.931
-4.582
-5.557
-6.107
-6.913
-3.578
-8.027
-5.154
-8.440
-6.382
-6.330
-3.494
-6.359
-5.416
-2.949
-1.567
-6.092
-4.481
-6.464
-3.626
-3.825
-4.341
4.937
-2.612
3.725
-4.916
5.016
-4.649
3.989
-5.439
3.812
-7.432
0.747
-5.300
3.294
-3.285
2.929
-6.808
3.858
-2.945
2.853
-7.284
-1.574
-3.594
-1.963
-3.545
0.322
-2.847
0.628
-4.543
0.158
-4.861
0.789
-1.307
0.877
-3.712
-0.732
-4.402
0.776
-3.764
-2.557
-3.073
0.640
-2.365
1.405
2.852
-1.301
-0.716
1.442
1.208
1.909
-0.125
2.669
2.420
0.125
0.113
1.175
1.829
4.419
-0.151
0.851
1.896
-0.406
-0.758
1.736
1.490
1.064
-1.083
1.441
0.101
-1.740
-3.216
0.044
1.429
2.965
0.036
2.174
2.221
2.560
-0.189
2.501
3.157
-1.280
-0.488
2.057
2.339
-2.037
-0.515
0.826
-0.240
-2.452
-0.836
1.530
-0.987
0.587
0.265
1.545
0.200
-2.457
-0.773
0.961
-0.569
-1.728
-1.405
1.513
-0.245
-3.120
-1.392
-0.793
-2.236
-0.880
-0.378
1.528
1.365
-2.191
-0.396
0.869
-0.213
-1.336
-0.649
1.834
0.959
-2.975
-1.595
0.776
-0.559
-2.790
-0.434
1.013
-0.425
-1.499
-0.179
2.952
1.166
-2.862
-1.115
0.886
0.258
-2.632
-0.564
1.840
1.250
-3.895
-0.938
1.350
0.358
-2.941
-0.401
2.155
0.667
-4.392
-1.834
0.365
-0.759
-2.900
-1.045
0.695
0.140
-6.377
-1.134
0.589
-3.616
5.210
1.441
1.221
0.214
6.614
-0.111
0.954
2.103
4.791
-0.244
1.323
2.643
6.214
-0.600
0.090
2.509
6.724
-0.397
1.467
1.828
3.545
-0.011
-0.391
0.582
3.243
-3.500
-1.438
0.958
5.185
-0.562
0.857
0.816
4.329
-1.878
-1.987
0.513
3.897
-0.552
0.581
-0.777
3.897
7.989
-0.052
1.637
4.048
4.774
1.333
1.268
4.428
6.915
-0.022
1.638
4.887
5.175
1.579
1.113
4.444
6.110
-0.613
0.645
5.077
7.111
-1.092
1.253
4.503
6.634
1.377
1.726
3.870
4.374
-0.141
0.208
3.460
6.992
0.153
1.306
4.311
7.108
0.806
0.941
-0.428
-1.549
7.038
-0.924
1.630
0.224
6.798
1.122
1.138
1.083
5.095
0.437
3.602
0.933
6.377
1.487
3.669
2.124
5.325
1.372
0.162
-0.763
7.008
-0.664
3.953
2.657
6.352
1.176
2.387
0.188
7.801
0.110
2.679
0.034
4.970
-0.733
4.073
2.590
6.184
1.811
5.030
5.499
0.799
1.239
4.184
3.274
2.068
0.989
5.789
4.013
0.672
0.685
5.624
4.227
0.043
0.868
2.550
2.243
-1.480
-1.377
5.071
5.199
0.362
0.506
5.991
3.985
1.145
2.554
2.916
2.489
0.188
0.867
5.404
4.208
-0.613
0.398
4.013
3.722
0.075
0.462
2.754
2.998
1.529
5.718
1.568
0.202
-0.153
6.858
2.470
1.461
1.092
6.398
1.786
0.610
0.739
5.985
1.232
1.052
1.489
4.442
0.438
0.563
0.047
5.333
3.067
-0.673
-0.395
5.020
2.032
0.781
-0.504
3.102
1.241
1.066
-0.435
5.400
0.635
0.418
0.018
5.546
6.616
-1.927
-3.398
5.686
-1.998
-2.674
5.625
-1.212
-3.485
6.898
-1.441
-2.540
5.955
-2.067
-2.694
8.198
-2.992
-6.491
7.462
-1.837
-1.608
6.614
-0.697
-1.960
7.131
-1.085
-2.832
5.286
-0.249
-4.563
-3.764
3.657
-2.168
-2.034
4.784
-2.958
-1.068
4.253
-1.680
-2.654
4.516
-0.223
-2.824
4.202
-3.215
-3.579
3.496
-1.701
-2.964
2.903
-2.333
-3.401
2.793
-4.518
-2.022
6.099
-2.116
-3.790
5.165
-4.805
-1.562
1.024
-0.220
-0.442
0.445
1.124
-2.960
0.932
-0.064
-3.259
-0.021
-1.607
-1.277
-0.448
-2.380
-0.773
2.433
-1.826
0.139
-0.886
-1.518
-3.454
-1.851
-0.948
-1.716
2.031
0.079
-1.064
-0.442
-2.169
2.315
-2.208
1.498
3.151
-0.629
1.443
2.184
-1.574
0.883
0.110
-1.999
-0.913
2.539
-0.026
1.792
2.506
-0.750
1.583
1.353
-2.325
-0.732
4.287
2.138
1.766
2.224
-0.773
0.176
3.551
1.161
1.222
-2.712
3.091
0.858
0.029
3.447
2.387
-0.739
5.034
0.929
-1.759
2.620
0.680
-0.843
4.283
0.682
-0.869
1.795
1.408
-1.655
4.087
0.503
-1.242
1.771
-1.886
0.839
4.636
1.481
1.162
5.806
2.438
3.334
-0.262
1.113
5.198
3.638
3.297
3.052
-1.401
1.066
3.453
0.304
1.826
2.858
0.049
1.149
1.086
-0.953
0.578
4.317
2.613
3.455
4.073
1.165
2.852
1.747
1.089
1.237
2.433
-0.547
0.846
-6.638
-4.545
-2.038
-8.278
-2.513
-7.586
-4.321
-4.076
-7.967
-4.890
-8.210
-7.189
-3.879
-7.728
-5.957
-6.547
-5.186
-3.385
-8.629
-5.479
-6.480
-6.106
-3.676
-9.578
-6.416
-9.531
-6.806
-2.363
-8.738
-3.624
-5.560
-4.085
-1.974
-6.053
-3.494
-5.359
-2.784
-1.932
-5.435
-2.116
-5.689
-3.488
-2.105
-9.675
-4.771
-6.026
-4.035
-0.808
-6.899
-3.591
-8.040
-6.563
-5.026
-6.230
-3.271
-10.219
-6.609
-6.425
-5.347
-3.794
-8.180
-4.861
-4.563
-3.958
-1.979
-8.952
-5.697
-4.246
-4.768
-1.328
-9.160
-6.279
-5.473
-6.922
-2.408
-10.193
-6.735
-5.699
-6.040
-2.279
-7.363
-7.891
-5.651
-6.740
-2.269
-5.999
-5.408
-4.866
-4.661
-0.926
-5.928
-5.544
-4.673
-4.750
-2.258
-8.720
-5.294
-7.429
-5.483
-3.136
-5.261
-1.165
-2.713
-7.048
-3.282
-6.239
-3.440
-3.548
-7.770
-6.195
-6.078
-4.404
-4.669
-8.809
-7.183
-4.928
-0.896
-5.195
-8.631
-6.102
-2.719
-5.689
-5.489
-8.525
-7.625
-5.966
-2.630
-6.016
-7.129
-5.870
-4.326
-3.729
-4.114
-8.160
-6.260
-5.241
-2.951
-5.226
-6.994
-5.107
-4.017
-2.454
-3.917
-7.252
-6.372
-8.109
-4.881
-6.456
-11.971
-9.483
-8.662
-5.484
-2.955
-4.569
6.138
-5.021
-4.427
-3.088
-4.886
5.713
-4.329
-3.956
-2.093
-3.186
3.337
-6.783
-3.945
-5.175
-5.491
1.736
-4.387
-4.567
-3.843
-4.651
3.617
-3.413
-3.316
-4.042
-1.449
2.230
-5.493
-8.005
-8.574
-9.607
-2.658
-5.147
-3.920
-2.577
-3.481
6.698
-6.031
-3.715
-4.594
-6.932
5.252
-6.801
-3.452
-2.174
-5.310
6.336
-3.112
-6.599
0.517
-4.233
-5.442
-2.617
-4.025
4.109
-2.019
-3.357
-4.273
-5.471
5.013
-3.166
-3.034
-4.463
-4.486
4.779
-5.161
-3.762
-3.830
-5.093
0.339
-2.139
-3.106
-3.485
-6.601
4.490
-1.944
-2.005
-4.085
-2.072
3.080
-4.309
-2.339
-5.834
-6.267
6.301
-3.001
-3.282
-4.323
-4.358
1.747
-3.884
-4.492
-4.592
-5.367
2.304
-7.334
-5.039
0.914
1.098
-1.452
5.170
-2.316
-0.156
0.914
-1.199
4.528
-6.326
1.389
3.137
-1.620
7.353
-4.343
0.808
-0.681
-2.733
4.428
-5.142
-0.985
-0.079
-2.400
4.048
-2.358
1.093
0.048
-1.829
4.457
-4.196
-1.741
-0.173
-1.048
3.972
-5.057
0.564
1.137
-1.956
5.575
-2.813
-0.184
0.976
-1.176
4.558
-4.367
-0.180
-2.147
-1.367
4.708
-4.115
-6.508
-5.726
-6.538
-6.265
-4.960
-5.130
-4.104
-5.991
-4.727
-2.834
-4.544
-6.293
-6.211
-7.171
-5.483
-4.328
-6.389
-4.263
-4.680
-5.605
-2.978
-3.095
-4.374
-2.308
-1.672
-4.550
-5.233
-5.136
-4.613
-5.078
-4.202
-5.690
-5.801
-5.377
-3.688
-5.441
-5.715
-5.117
-5.232
-6.216
-5.513
-3.989
-6.227
-4.576
-2.925
-5.279
-4.215
-6.312
-5.180
-6.522
-1.635
-2.013
2.578
-3.151
-6.473
-2.794
-2.063
2.764
-2.265
-9.764
-2.073
-5.159
2.978
-3.570
-8.550
-0.212
-2.574
2.618
-0.058
-6.047
-1.486
-2.352
3.705
-0.924
-6.255
-1.565
-5.939
2.510
-2.902
-8.037
-2.593
-3.642
3.429
-3.423
-6.558
-1.342
-1.258
3.806
-1.564
-6.404
-1.130
-0.623
1.286
-0.474
-5.644
-0.493
-3.294
3.106
-1.381
-5.477
0.902
-1.457
-5.269
-2.498
-2.056
0.728
-0.242
-2.102
-1.621
-4.171
3.019
-0.607
-4.071
-2.614
-2.662
4.393
-2.559
-2.763
-1.780
-4.280
1.604
-1.458
-7.746
-2.542
-3.374
3.151
-0.314
-2.671
-2.352
-1.898
3.873
-2.184
-3.431
-1.319
-2.369
4.227
-0.387
-2.907
-1.051
-4.051
4.577
-0.687
-3.039
-2.045
-2.679
4.175
-2.762
-3.410
-1.870
-2.872
-0.005
0.442
0.286
-1.108
-4.435
-0.439
-0.519
-1.487
-0.265
-3.589
1.017
0.257
0.203
-0.462
-4.071
-1.802
-1.294
0.151
-1.586
-4.710
-0.081
-0.446
1.181
-2.004
-4.047
0.858
-2.151
-2.292
-2.248
-2.729
0.526
-1.420
-0.633
0.236
-4.076
1.752
0.523
0.672
1.012
-1.904
0.872
0.565
-1.040
0.403
-4.856
-0.351
-0.795
-1.826
-0.508
-4.881
6.593
-4.939
-3.047
2.484
-6.915
-3.570
3.026
-9.047
-4.421
2.872
-7.692
-2.173
3.717
-5.502
-2.494
6.491
-7.571
-5.510
5.218
-5.630
-3.969
2.402
-4.578
-3.597
6.971
-5.011
-1.911
3.377
-5.519
-3.845
-6.916
-6.993
-8.437
-5.202
-4.174
-5.097
-6.772
-4.787
-8.451
-8.703
-5.748
-9.639
-6.020
-3.636
-7.196
-8.823
-5.180
-9.318
-6.755
-4.809
-7.210
-5.778
-5.656
-6.144
-8.365
-5.887
-8.667
-8.778
-5.213
-9.508
-4.240
-6.819
5.965
-3.364
-5.429
4.754
-3.072
-4.910
6.767
-4.365
-4.383
7.091
-1.691
-5.448
5.521
-2.690
-6.623
7.059
-1.858
-5.413
6.643
-3.238
-6.086
6.498
-2.189
-4.196
4.829
-3.159
-4.724
6.118
0.643
-1.892
-3.698
0.946
-2.581
-3.351
-1.137
-2.573
-4.313
-0.726
-2.841
-5.191
-0.291
-3.365
-4.806
2.022
-1.911
-3.765
-1.399
-3.545
-5.849
-0.070
-1.744
-3.720
0.028
-0.194
-2.297
-1.783
-3.280
-3.627
-5.946
-6.644
-6.212
-2.021
-4.779
-5.203
-4.484
-4.728
-5.548
-4.349
-3.639
-5.468
-2.838
-2.152
-3.519
-6.123
-4.826
-5.713
-4.243
-4.161
-4.524
-4.729
-4.356
-6.092
-4.800
-5.170
-5.508
-5.580
-4.066
-4.054
4.807
-3.739
-7.270
3.384
-1.218
-6.017
3.409
-1.704
-4.470
3.352
-2.475
-5.945
3.292
-1.199
-7.257
6.130
-2.512
-6.981
3.785
-0.720
-5.167
5.233
-1.896
-6.567
3.950
-3.066
-6.573
4.483
-2.314
-6.434
