-7.177
-3.570
-4.966
-7.648
-3.413
-4.887
-6.072
-4.023
-4.302
-3.504
-2.316
-1.999
-4.055
-2.282
-2.945
-3.370
-4.317
-4.481
-3.009
-4.632
-1.985
-2.282
-2.857
-2.859
-3.425
-0.288
-2.731
-1.478
-2.103
-2.737
0.516
0.712
-0.104
-1.287
-0.332
-1.319
-0.634
0.214
1.208
-0.310
-1.862
0.277
-1.632
-1.196
2.259
0.145
-0.247
1.661
-0.207
1.204
2.814
-0.257
-2.692
1.905
-1.355
0.089
1.665
-2.055
0.686
1.899
-0.513
-0.230
2.585
-0.354
1.550
2.122
0.461
1.028
1.176
-0.936
-3.050
0.115
-1.421
1.915
1.696
1.500
0.205
-0.956
1.013
-0.414
0.306
2.892
1.470
1.979
2.974
0.411
1.439
2.704
-0.607
-0.780
1.735
0.376
2.280
2.417
-0.560
0.296
0.373
0.170
1.979
1.742
-2.789
-1.202
-0.800
-0.419
1.926
0.301
-0.779
0.709
-0.175
-0.745
0.847
0.681
-0.783
1.629
-0.475
-1.222
0.851
-1.525
-0.370
1.332
0.258
0.643
2.131
0.463
-2.370
0.239
-1.528
0.693
1.446
0.690
0.690
-1.318
-0.051
-0.114
-0.315
0.931
-0.589
-1.900
-0.029
-0.922
0.066
1.821
-3.004
-1.176
0.447
-1.356
-0.700
1.223
0.202
-1.469
0.186
-1.057
-1.521
0.212
0.631
-0.875
1.159
2.615
0.158
1.739
3.318
2.743
4.278
2.351
0.381
3.676
3.272
1.499
3.272
2.219
0.005
2.192
2.550
2.799
1.302
2.768
-0.200
3.824
3.513
1.836
5.447
2.865
1.177
3.410
2.823
0.635
2.487
3.879
1.340
3.443
2.422
0.455
2.762
0.838
-0.836
0.546
0.161
-0.236
2.080
2.421
1.118
2.328
-0.630
-1.721
0.154
1.328
-0.091
1.907
-3.408
-3.590
-1.499
1.858
0.842
0.859
0.671
0.471
1.410
0.054
-0.413
1.907
1.567
-0.330
3.607
1.396
0.250
3.281
3.220
-0.051
3.670
2.188
-0.068
3.096
2.508
0.360
3.381
1.478
0.059
3.737
3.567
1.453
4.197
4.266
2.438
4.344
0.955
0.223
3.752
2.259
0.013
2.806
0.842
0.419
4.475
2.240
1.004
3.250
3.781
-0.026
3.094
-0.543
0.418
1.289
1.826
2.005
2.701
2.169
2.701
5.646
2.899
0.526
3.937
-0.122
2.029
1.990
-0.036
-0.409
3.141
1.533
0.406
3.886
-3.894
-1.511
-2.827
-0.802
-3.910
-0.880
-2.755
-0.400
-5.825
-1.043
-5.687
-3.997
-1.838
-1.180
-6.049
-4.845
-4.807
-1.270
-4.312
-2.490
2.511
-1.303
1.765
-0.817
2.642
-2.033
1.177
-1.487
1.998
-4.054
1.670
-2.894
2.570
-1.207
0.578
-5.186
1.127
-3.077
1.178
-5.193
-2.315
-1.689
-3.763
-2.495
-7.206
-2.865
-1.385
-0.467
-2.699
-1.305
-3.100
-2.375
-3.751
-3.519
-5.102
-1.995
-4.645
-2.624
-4.867
-2.890
0.571
1.280
0.523
1.725
-0.904
1.472
-1.202
1.238
-2.170
-1.554
1.141
1.645
0.224
1.083
0.764
1.412
0.408
0.498
-0.914
-0.698
0.249
1.950
1.329
-0.513
0.072
0.593
1.127
1.041
1.445
0.465
0.526
0.307
-0.718
1.615
-2.852
-0.622
-0.856
0.662
-2.633
-1.468
0.298
0.750
-0.695
-1.540
-1.490
-0.497
2.424
0.115
-0.821
-0.327
-1.092
0.026
1.697
1.262
-0.937
-0.829
-0.032
0.242
1.723
-0.278
-4.468
-4.036
-5.873
-1.691
-5.504
-5.911
-8.004
-4.711
-5.949
-4.962
-7.627
-3.679
-6.352
-4.592
-7.640
-4.610
-6.966
-7.207
-9.681
-4.925
-5.561
-4.573
-7.857
-3.900
-6.310
-4.636
-8.395
-5.886
-6.358
-5.360
-7.561
-4.528
-5.485
-6.723
-7.807
-5.901
-3.065
-4.149
-4.963
-4.505
-3.575
-6.513
-7.529
-6.340
-0.774
-4.345
-5.082
-5.021
-2.780
-3.859
-1.507
-4.979
0.105
-5.493
-3.708
-4.196
-4.057
-2.938
-5.829
-6.004
-1.597
-4.607
-4.430
-6.768
-2.998
-2.158
-6.637
-4.186
-2.360
-4.539
-4.028
-6.316
-0.827
-5.789
-4.548
-6.124
-3.136
-2.923
-6.828
-5.406
-1.623
-6.141
-4.348
-3.389
-2.959
-4.366
-4.419
-3.895
-3.134
-6.549
-6.783
-5.688
-5.116
-5.363
-7.285
-5.339
-5.370
-5.459
-3.785
-4.550
-4.234
-5.324
-3.811
-6.090
-4.204
-3.327
-3.798
-4.171
-4.584
-4.651
-3.799
-3.974
-6.558
-6.080
-4.882
-4.441
-4.570
-6.154
-5.276
-4.504
-6.291
-7.536
-2.138
-7.957
-7.776
-5.170
-2.062
-5.333
-8.770
-6.560
-0.003
-6.494
-9.562
-6.375
-3.867
-6.624
-8.172
-7.546
-3.045
-5.387
-7.750
-6.955
-3.063
-6.240
-7.828
-8.179
-2.969
-7.576
-7.248
-3.814
-0.965
-5.974
-7.352
-4.907
-0.749
-5.625
-4.786
-3.304
-4.080
-6.429
-1.830
-5.637
-3.178
-0.944
-3.903
-4.608
-4.722
-0.487
-4.401
-6.136
-2.534
-3.718
-3.595
-4.871
-3.338
-1.965
-1.329
-5.865
-4.936
-3.446
-3.366
-3.218
-3.315
-2.660
-3.319
-4.254
-3.268
-1.830
-2.525
-8.009
-5.195
-1.934
-4.983
-7.857
-4.112
-4.791
-1.181
-3.495
-4.401
-4.303
-1.962
-1.724
-1.818
-5.340
-3.282
-5.864
-5.061
-8.043
-2.734
-4.365
-6.015
-6.442
-2.768
-4.032
-3.888
-8.195
-4.050
-4.644
-5.511
-7.672
-3.069
-3.576
-5.158
-6.907
-3.290
-3.934
-7.107
-8.563
-1.536
-4.467
-6.072
-6.945
-1.622
-3.329
-4.900
-6.059
-3.014
-3.301
-5.027
-7.321
1.009
-2.722
0.797
-3.515
0.558
-2.768
0.627
-1.031
-1.162
-2.795
-0.200
-1.656
-1.779
-2.551
-0.222
-4.649
-1.486
-3.320
0.347
-1.896
1.239
-2.360
0.527
-1.935
-1.438
-2.755
-1.034
-2.718
-1.323
-3.135
0.574
-1.539
1.246
-0.881
0.402
-2.161
-0.131
-2.059
0.509
-2.445
-1.725
-4.798
-7.060
-2.822
-3.060
-2.184
-8.265
-3.639
-1.260
-2.431
-7.337
-2.638
-2.605
-1.819
-8.204
-4.363
-2.115
-4.705
-6.071
-2.426
-2.117
-4.016
-6.332
-2.854
-1.639
-3.370
-4.750
-2.517
-1.096
-1.690
-4.999
-2.133
-1.193
-0.997
-6.066
-1.523
-4.255
-3.739
-8.463
-3.131
-2.120
-2.641
-0.558
-5.590
-1.003
-1.741
-2.383
-6.556
-0.823
0.496
-0.368
-5.454
-3.522
-2.541
-1.704
-7.469
-3.036
-0.740
-1.605
-4.620
-3.101
-0.130
0.101
-6.333
-2.949
0.883
-0.667
-5.568
-0.916
0.178
-1.098
-5.884
-4.933
-1.193
-0.838
-8.103
-3.032
-1.522
-0.515
-4.309
-3.035
-4.433
-6.395
-6.871
-3.078
-2.058
-4.945
-5.296
-1.711
-0.813
-3.456
-2.896
-3.986
-1.599
-5.695
-3.855
-3.805
-2.521
-6.192
-3.924
-3.949
-2.788
-6.020
-4.460
-3.878
-2.829
-6.510
-3.779
-3.900
-4.009
-5.349
-3.561
-3.065
-3.512
-4.702
-3.815
-3.563
-2.343
-4.531
-3.999
-4.787
-6.007
-3.741
-4.310
-3.278
-1.564
-5.864
-6.462
-6.735
-5.899
-5.952
-6.397
-5.143
-4.866
-4.396
-4.817
-5.236
-3.321
-3.526
-5.094
-2.666
-1.486
-3.005
-4.594
-3.782
-0.980
-4.736
-0.685
-1.068
-3.745
-5.346
-1.175
-3.100
-3.935
-7.667
-1.725
-4.038
-1.554
-3.027
-0.706
-8.130
-5.171
-5.954
-4.592
-6.089
-5.668
-5.524
-4.453
-3.059
-3.659
-4.934
-4.281
-4.851
-5.040
-6.278
-1.350
-3.179
-5.271
-7.198
-6.895
-4.185
-3.482
-4.336
-4.007
-2.835
-2.215
-4.386
-4.929
-2.724
-2.806
-4.580
-4.901
-3.212
-3.157
-3.356
-3.418
-2.247
-0.512
-5.125
-3.867
-5.057
-5.047
-4.388
-1.468
-3.618
-1.840
-4.783
-3.199
-4.969
-4.303
-3.640
-3.034
-3.051
-1.145
-2.672
-2.170
-2.867
-0.809
-4.766
-3.749
-5.410
-3.056
-6.912
-2.364
-6.148
-2.521
-4.662
-1.603
-6.159
-2.925
-4.707
-1.854
-6.421
-3.398
-5.148
-0.989
-4.602
-1.938
-4.324
-3.101
