-8.270
-6.525
-1.309
-8.602
-2.530
-6.325
-6.569
-5.248
-4.524
-1.751
-4.261
-5.337
-4.147
-2.078
-1.988
-4.330
-4.955
-4.151
-5.128
-3.298
-0.468
-1.672
-2.199
-2.053
-1.917
0.247
0.630
-0.401
-1.702
-0.545
0.998
2.820
1.376
3.979
2.164
-0.381
-2.338
3.054
1.565
0.954
-6.106
-0.039
-8.283
-4.635
1.662
-6.248
-5.128
0.900
-6.533
-5.496
1.272
-7.015
-6.639
0.777
-7.257
-6.502
0.931
-5.953
-5.936
-0.622
-5.766
-4.192
0.023
-5.325
-3.329
-2.004
-5.957
-3.569
-2.228
-8.607
-1.680
-2.314
-7.040
-0.725
-0.636
-6.419
-4.196
-3.636
-5.563
1.298
-4.282
-3.109
-4.705
-3.732
-1.599
-5.155
-0.194
-3.261
-6.273
-4.157
-2.986
1.682
-1.480
-5.229
-2.097
-0.209
-4.541
-3.612
-1.793
-6.327
-6.399
-4.388
-5.282
-8.968
-3.669
-9.333
-7.980
-6.992
-7.264
-7.675
-2.609
-10.318
-6.695
-3.260
-8.211
-6.091
-3.801
-7.375
-9.820
-6.193
-7.229
-6.988
-4.509
-9.397
-9.410
-3.628
-11.130
-5.373
-2.792
-8.308
-10.998
-11.856
-8.173
-6.894
-5.667
-4.445
-10.396
-9.425
-7.003
-7.635
-9.305
-6.100
-4.877
-7.990
-5.182
-7.815
-10.543
-6.314
-5.665
-7.496
-3.374
-7.169
-8.020
-6.548
-7.776
-8.674
-6.026
-7.061
-9.780
-7.032
0.197
-3.314
1.231
1.742
-4.248
2.799
2.513
-3.153
-1.771
-0.331
-5.162
-1.156
2.645
-0.982
2.711
0.460
-3.041
0.483
3.378
-1.808
3.626
-1.959
-5.550
2.116
0.038
-6.590
1.572
0.810
-5.685
0.161
-1.965
-2.797
4.096
-3.109
-4.051
2.712
-3.996
-6.182
4.760
-2.294
-3.458
5.162
-3.089
-5.086
5.118
-1.699
-1.676
4.194
-1.656
-3.540
6.867
-0.806
-2.549
3.947
-1.950
-0.021
3.316
-4.316
-3.848
4.984
-1.243
-7.207
-2.416
0.931
-4.637
-1.983
0.945
-4.606
-0.681
-0.507
-2.617
-0.032
-0.350
-5.016
-2.271
0.013
-7.133
-3.838
0.225
-7.662
-4.930
0.606
-3.333
2.247
-1.374
-8.396
-3.620
-0.776
-8.644
-4.074
4.715
-4.759
-0.719
4.405
-2.481
0.970
2.684
-3.740
-1.867
-0.647
-4.443
-2.135
2.561
-2.811
-0.537
2.419
-2.971
-1.533
4.948
-1.147
-0.101
1.730
-1.403
0.377
1.341
-5.501
-2.392
2.685
0.417
2.869
1.861
-9.170
-0.711
-10.741
-1.609
-6.236
1.542
-6.104
-0.739
-3.471
0.594
-6.785
1.263
-6.844
1.561
-7.364
0.962
-8.856
0.529
-9.319
-1.496
-6.508
3.251
-9.528
-0.276
-11.828
0.758
-8.898
-1.424
-8.592
-1.239
-9.517
0.438
-9.148
-0.346
-8.092
-3.650
-9.654
-3.767
-10.541
-9.032
-7.663
-7.134
-7.992
-8.307
-6.543
-5.751
-6.228
-6.079
-7.702
-6.400
-4.587
-6.291
-9.203
-7.177
-5.630
-8.482
-8.434
-6.243
-9.776
-1.220
-1.761
-4.802
-2.730
-5.248
-4.201
-3.537
-6.035
-5.184
-5.795
-1.804
-2.659
-5.761
-4.541
-4.035
-1.167
-3.211
-3.630
-7.789
-5.987
-2.615
-3.322
-2.007
0.289
-3.842
-1.559
-0.120
0.359
1.158
-3.947
-0.062
0.239
-1.663
0.199
-3.065
-2.905
-4.009
-3.556
-3.456
-1.639
-2.632
-5.038
-1.154
-1.266
-4.640
0.773
-1.775
-5.148
-1.036
-3.141
-5.512
-4.612
-0.583
-1.167
-2.907
-2.878
-4.289
0.069
-0.369
-3.252
-7.027
-2.228
-5.886
-6.622
-6.436
-8.137
-9.233
-7.745
-6.316
-4.966
-6.507
-4.519
-7.695
-6.916
-8.489
-8.481
-6.145
-6.579
-9.658
-5.820
-7.308
-5.654
-6.793
-7.710
-6.880
-9.073
-10.549
-7.953
-4.487
-3.521
-5.800
-6.300
-4.883
-5.491
-6.390
-5.640
-4.494
-3.841
-7.218
-5.885
-8.718
-8.047
-8.318
-9.588
-6.887
-5.515
-7.320
-11.350
-7.318
-5.356
-2.471
-9.013
-7.201
-4.638
-5.409
-9.831
-4.133
-3.748
-1.018
-7.390
-5.296
-6.681
-5.937
-10.284
-4.593
-1.981
-5.150
-8.283
-5.338
-5.608
-0.701
-10.226
-5.681
-7.939
-7.124
-11.440
-6.211
-2.435
-6.325
-7.483
-1.634
-5.903
-3.025
-4.846
-2.863
-8.883
-5.345
-1.665
-4.700
-9.611
-6.131
-7.040
-3.615
-5.608
-4.038
-5.148
-4.892
-6.035
-6.859
-4.864
-0.826
-6.082
-5.577
-6.511
-3.917
-5.029
-5.303
-3.642
-3.317
-7.380
-7.954
-5.086
-1.359
-6.655
-6.228
-1.860
-5.238
-5.873
-5.696
-5.720
-5.282
-1.274
-2.041
-4.165
-6.631
-0.825
-0.565
-1.174
-10.520
-3.609
-1.572
-4.975
-9.796
-4.218
-0.783
-6.136
-6.799
-1.608
2.160
-2.264
-9.630
-4.637
-2.638
-5.216
-10.610
-2.464
-1.463
-5.257
-8.595
-2.700
0.761
-4.076
-6.798
-1.769
-0.561
-4.624
-7.728
-4.502
-3.472
-5.107
-2.615
-4.232
-4.181
-2.674
-2.569
-2.799
-1.161
-1.796
-2.105
-6.824
-5.037
-2.348
-1.836
-5.065
-3.839
-2.918
-0.817
-5.184
-1.048
-3.517
-4.087
-4.317
-3.861
-3.985
-1.773
-4.290
-1.725
-5.174
-5.240
-8.998
-3.786
-4.037
-5.397
-5.590
-1.174
-8.530
-0.680
-7.112
-2.502
-3.957
-5.315
-1.727
-5.814
-6.325
-6.849
-7.001
-8.543
-9.434
-8.551
-3.391
-7.938
-7.410
-1.937
-3.057
-5.260
-9.051
-7.377
-0.564
-5.312
-4.950
-5.980
0.847
-4.967
-4.927
-5.823
-4.172
-8.073
-9.298
-4.366
-5.168
-6.622
-7.448
-8.378
-0.716
-6.081
-6.605
-9.000
-3.226
-4.932
-3.542
-5.130
-7.559
-0.484
-5.022
-5.551
-6.663
1.276
-1.418
-7.339
-10.107
-0.478
-6.683
-3.019
-7.715
-1.364
-4.300
-6.815
-5.833
1.410
-3.563
-3.095
-7.445
-0.270
-6.424
-3.714
-5.104
-0.848
-5.785
-6.149
-6.552
-1.051
-5.923
-2.067
-7.518
-0.753
-6.930
-5.067
-7.831
-0.388
-4.305
-6.927
-5.119
-5.098
-2.230
-7.572
-5.550
-6.087
-3.134
-8.828
-3.714
-4.242
-0.362
-6.762
-3.035
-6.628
-0.983
-7.304
-5.472
-6.374
-1.888
-6.772
-4.734
-5.422
-1.615
-3.559
-2.849
-6.256
0.235
-6.460
-2.469
-5.038
-2.949
-8.277
-3.542
-3.825
-1.141
-9.940
-7.008
-6.039
-3.789
-2.462
-9.125
0.860
-10.535
0.139
-3.801
-3.340
-8.427
1.340
-9.357
-1.098
-11.091
-1.961
-6.704
-0.892
-10.522
-0.407
-6.297
-1.583
-7.932
-0.794
-5.248
-0.247
-9.773
-0.084
-6.876
-1.007
-9.517
3.225
-4.973
0.216
-11.501
-4.251
-7.780
-0.584
-10.202
-2.091
-5.698
-2.603
-6.491
-2.576
-4.550
-8.240
-7.568
-1.021
-2.950
-8.283
-6.940
-2.744
-4.373
-6.607
-7.373
-8.125
-7.093
-8.154
-7.860
-1.933
-3.440
-9.583
-6.960
-2.520
-4.714
-9.999
-2.804
-1.647
-0.834
-6.555
-3.990
-4.073
-4.179
-7.790
-7.459
-1.730
-5.002
-8.179
-6.756
-3.737
-5.691
-8.545
-8.245
-8.157
-3.508
-5.077
-1.857
-3.839
1.059
-6.762
-2.653
-6.887
-1.993
-7.458
-3.677
-9.548
-1.941
-9.282
-2.341
-9.156
-4.568
-9.747
-2.655
-3.607
0.171
-5.280
-2.599
-3.869
-4.354
-5.385
0.778
-1.122
-2.308
-5.651
-3.140
-3.442
-4.713
-8.147
-4.046
-7.079
-1.139
-4.828
-3.467
-8.540
-3.437
-7.524
-2.343
-8.354
-4.130
-9.192
-5.532
-4.593
-2.626
-7.870
-3.599
-7.802
-4.348
-9.491
-2.463
-9.957
-3.826
-6.400
-5.108
-3.831
-4.867
-3.758
-5.880
-2.084
-1.131
-2.643
-4.572
-4.919
-3.180
-2.755
-4.204
-1.326
-2.795
-3.753
-1.957
-2.389
-2.956
-4.889
-2.793
0.237
-3.774
-4.888
-3.972
-5.836
-2.762
-5.720
-5.725
-3.629
-3.924
-3.754
-4.433
-4.725
-1.668
-5.535
-4.806
-3.980
-2.148
-7.550
-7.150
-4.021
-4.474
-7.079
-5.482
-6.167
-1.778
-2.680
-4.493
-4.814
-5.263
-6.354
-5.000
-4.809
-5.612
-5.760
-3.057
-3.144
-5.373
-1.837
-0.966
