-7.899
-4.922
-5.074
-6.249
-6.358
-6.579
-7.063
-7.192
-7.142
-7.223
-9.783
-7.752
-7.981
-8.285
-8.381
-7.195
-8.141
-4.839
-4.493
-4.400
-6.170
-7.304
-9.333
-4.961
-10.259
-6.390
-8.563
-6.592
-4.464
-5.703
-13.001
-6.807
-5.505
-2.022
-11.577
-7.573
-5.613
-5.265
-7.033
-6.115
0.085
-1.455
3.418
-7.232
0.395
-6.262
1.776
-6.097
-0.705
-5.816
-1.255
-4.920
-2.361
-5.262
-1.780
-8.732
0.972
-6.134
-1.174
-9.469
3.822
-6.594
3.138
-6.208
4.174
-6.029
2.370
-6.309
3.744
-4.988
5.926
-3.360
4.772
-3.284
5.131
-5.637
3.163
-7.088
5.249
0.108
-4.270
-9.121
-6.291
-4.019
-0.611
-6.795
-1.352
-3.502
-1.126
-7.868
-6.513
-6.362
-1.511
-8.137
-5.835
-9.030
-4.290
-7.223
-4.028
-7.337
-0.253
-9.069
-0.761
-6.617
-0.127
-8.512
-3.117
-5.685
-4.596
-12.328
-9.739
-3.982
-2.162
-9.706
-5.246
-7.174
-2.020
-8.194
-2.043
-4.657
-2.150
-7.264
-3.724
-5.773
0.236
-8.317
-3.076
-10.946
0.416
-8.640
-2.947
-10.205
-1.715
-8.459
-3.869
-7.588
-0.226
-5.980
-1.463
-7.903
-0.043
-5.893
0.394
-7.051
0.717
-10.035
-5.338
-10.570
-0.891
-11.594
-8.267
-8.212
-5.256
-8.026
-6.214
-7.989
-0.705
-7.470
0.973
-6.660
4.601
-6.550
-3.309
-7.510
3.252
-4.569
0.380
-4.667
4.468
-7.667
-0.653
-9.028
5.439
-6.780
-3.625
-7.652
4.341
-6.978
-5.442
-5.750
3.435
-4.484
-1.658
-6.545
4.900
-3.386
-0.903
-6.002
0.182
-6.163
-6.382
-4.542
4.522
-5.651
-4.573
-5.845
4.681
-4.622
-1.887
-9.991
-4.171
0.488
-1.775
-0.659
-8.261
-4.716
-6.071
-1.491
-5.711
-1.421
-3.754
-3.462
-6.041
-3.188
-8.179
-0.827
-3.966
-3.379
-3.299
3.604
-5.061
-0.754
-3.413
0.531
-4.449
-5.428
-6.142
1.402
-7.587
-4.558
-5.471
0.474
-2.042
-2.726
-3.842
-0.891
-8.519
-3.754
-4.867
-1.258
-5.756
-4.239
-7.618
-7.993
-2.395
-3.195
-6.288
-3.295
-0.700
-1.369
-7.563
-4.742
0.825
2.814
-1.430
-0.710
-4.372
-5.649
-5.062
-4.065
-1.237
-1.524
-7.473
-4.240
-2.335
-1.202
-5.571
-3.372
-2.254
-2.755
-7.605
-4.786
-6.308
-4.226
-6.262
-7.974
-1.918
-1.415
-4.280
-2.495
-6.104
-6.438
-1.033
3.433
-0.021
-1.829
0.828
3.080
-3.248
-1.748
-1.322
0.091
-1.858
-5.203
0.637
3.858
-1.982
-3.318
-1.003
3.856
-3.812
-5.599
-0.608
3.937
-2.521
-3.992
-4.999
0.070
-5.766
-5.856
-2.565
2.211
-6.528
-7.537
-4.101
0.053
-2.792
-2.524
-3.359
2.438
-3.596
-6.257
-4.691
0.497
-1.921
-3.634
-3.022
2.411
-1.739
-2.684
-4.047
-0.032
-3.069
-6.041
-5.442
-1.113
-4.688
-6.447
-4.946
-1.050
-4.280
-6.709
-4.725
-0.892
-4.149
-3.175
-1.072
2.295
-2.921
-7.082
-4.679
-0.095
-4.475
-5.167
-3.216
-1.376
-8.460
-7.837
-5.017
-1.645
5.240
0.458
-1.482
1.820
6.426
2.887
-3.950
-0.210
5.308
-0.287
-5.147
-2.180
2.577
-4.209
-5.548
-2.654
5.023
2.937
-1.165
2.754
4.262
1.135
-1.712
-1.045
2.179
-1.475
-3.695
-1.038
2.364
0.120
-5.556
-3.064
4.156
1.775
-3.999
-0.857
-1.505
-2.850
-9.538
-7.443
-5.335
-7.024
-9.362
-3.874
-8.479
-8.834
-5.453
-8.446
-9.840
-3.674
-6.790
-10.802
-5.076
-10.042
-9.087
-6.521
-10.356
-10.440
-2.326
-6.321
-7.966
-5.083
-7.776
-7.387
-5.197
-9.028
-8.244
-3.455
-10.072
-11.978
1.403
-2.490
-7.756
5.160
-0.027
-10.600
2.441
-2.648
-7.808
4.379
-1.518
-9.664
-1.235
-5.997
-9.323
2.389
-1.546
-7.089
1.816
-3.391
-7.020
2.491
-3.484
-8.884
2.369
-1.039
-12.133
4.886
0.997
-10.274
5.848
-1.505
-9.295
1.621
-5.325
-8.295
2.217
-4.178
-9.490
4.250
-1.452
-7.655
1.402
-5.047
-9.631
4.391
1.309
-6.603
0.320
-6.380
-10.529
-3.919
-6.284
-2.537
3.777
-0.977
-9.497
5.295
-0.817
-6.698
5.259
-0.958
-4.976
4.565
2.323
-2.813
5.537
-0.196
0.127
5.851
0.736
-3.530
3.922
0.777
0.657
2.085
-1.298
-6.941
5.681
-0.319
-5.843
5.754
-2.882
-4.929
6.408
1.296
-1.517
6.645
0.204
-1.851
-4.287
-6.215
-0.389
-3.405
-6.350
-1.946
-5.014
-6.033
-1.266
0.472
-4.596
-1.189
-2.953
-6.514
-1.483
-1.583
-7.799
-2.584
-0.712
-8.347
-2.934
-0.115
-7.068
-0.800
-2.829
-3.797
-0.501
-4.728
-3.924
-2.398
3.711
1.542
-1.315
6.065
0.289
-3.227
5.922
0.563
-0.366
4.221
-0.328
-3.128
5.355
1.034
-0.842
2.034
-0.765
-4.580
4.176
2.718
-0.290
2.195
3.271
2.530
3.930
-0.314
-0.069
0.756
2.373
-0.867
-5.360
-6.007
-7.164
-6.935
-6.437
-6.812
-4.578
-5.691
-8.643
-9.614
-8.352
-7.171
-5.576
-6.449
-8.471
-6.515
-5.149
-6.322
-5.775
-5.914
-5.485
-4.049
-7.157
-7.492
-6.328
-9.220
-6.623
-6.969
-6.940
-8.417
-4.166
-3.301
-5.946
-7.805
-4.767
-3.118
-0.713
-2.902
-5.154
-4.497
-4.402
-5.241
-7.012
-9.106
-6.187
-6.883
-4.384
-6.135
-4.964
-6.515
-5.523
-5.118
-4.812
-2.534
-7.500
-8.207
-5.247
-7.394
-4.299
-8.257
-6.824
-4.801
-8.418
-3.190
-5.079
-7.447
-4.658
-5.821
-3.791
-5.855
-6.163
-6.693
-7.357
-4.217
-8.338
-7.980
-6.552
-7.375
-4.915
-10.548
-7.399
-4.656
-6.338
-3.777
-5.622
-6.156
-5.309
-7.051
-2.036
-7.984
-6.838
-7.265
-5.769
-3.267
-8.945
-10.899
-6.521
-6.246
-5.848
-11.244
-6.377
-2.604
-2.824
-6.211
-5.030
-5.526
-4.646
-7.172
-9.725
-0.192
-6.748
-9.221
-8.272
-8.810
-2.170
-8.258
-6.271
-7.261
-11.440
-3.344
-3.283
-6.313
-5.375
-8.547
-0.945
-6.603
-6.185
-5.926
-9.165
0.501
-6.123
-3.855
-5.071
-5.726
-1.152
-8.121
-5.325
-6.063
-9.574
-2.794
-5.755
-4.332
-4.621
-6.809
-2.357
-9.365
-8.310
-4.928
-9.367
-6.034
-6.535
-3.846
-6.322
-2.980
-3.257
-6.599
-2.715
-3.268
-2.735
-4.287
-5.387
-1.735
-4.848
-1.332
-4.564
-7.880
-3.988
-4.584
-4.703
-1.591
-3.423
-4.766
-4.264
-4.833
-2.999
-3.632
-1.883
-4.323
-2.412
-3.174
-5.481
-4.521
-5.494
-9.174
-8.100
-6.221
-2.846
-5.226
-3.648
-1.146
-5.679
-4.426
-4.139
-6.222
-4.036
-3.204
-2.951
-3.389
-2.148
-1.223
-5.846
-10.162
-6.753
-6.209
-9.926
-6.140
-8.646
-6.421
-6.488
-13.182
-4.021
-5.896
-4.780
-1.835
-7.115
-5.952
-8.684
-8.413
-8.786
-10.860
-2.836
-4.218
-1.242
-2.789
-7.593
-5.879
-5.041
-5.844
-5.092
-7.453
-5.232
-2.581
-2.787
-4.983
-7.255
-5.039
-6.593
-7.263
-5.213
-8.807
-7.819
-8.013
-6.708
-7.142
-10.738
-5.554
-7.486
-6.730
-5.717
-11.138
1.550
1.731
-5.911
8.101
-6.174
2.013
0.345
-8.295
4.021
-7.704
0.448
2.241
-4.997
5.553
-6.080
-3.076
-2.078
-8.218
4.832
-7.626
-2.251
0.129
-8.448
6.063
-4.049
2.447
1.585
-7.175
5.888
-7.833
4.409
1.736
-7.415
5.422
-6.697
-3.793
1.589
-2.911
4.333
-4.502
3.126
-0.247
-7.360
4.884
-6.237
0.851
1.691
-6.126
6.590
-1.254
-7.776
-7.198
-12.101
-2.565
-3.671
-6.818
-7.075
-9.342
-3.818
-3.939
-8.072
-5.512
-10.701
-4.761
-2.186
-8.630
-9.094
-12.294
-6.774
-3.766
-7.922
-4.818
-11.238
-1.684
-4.789
-6.722
-7.730
-10.516
-5.976
-4.137
-6.983
-4.938
-9.340
-5.618
-2.575
-5.135
-5.004
-8.491
0.435
-5.655
-7.338
-7.003
-10.035
-4.940
-3.767
-7.420
-9.548
-13.145
-7.387
-10.868
4.391
-1.490
-6.819
-5.368
-10.682
5.633
-0.566
-7.998
-3.017
-10.954
3.922
-2.576
-9.085
-4.804
-9.845
4.103
-0.957
-9.698
-5.315
-9.653
5.480
-0.454
-12.019
-3.159
-10.813
3.918
-4.495
-8.207
-4.686
-11.901
4.804
2.089
-4.053
-2.148
-5.949
3.251
0.506
-8.056
-3.404
-9.790
1.125
-1.676
-9.829
-6.618
-10.698
3.549
0.982
-6.827
-3.228
-8.392
-6.167
-0.452
-5.727
-2.709
-2.377
0.898
2.397
-8.595
-2.578
-7.782
-2.567
1.538
-8.398
-2.518
-3.989
-0.747
1.146
-6.963
-2.080
-7.783
-0.798
-0.493
-5.741
0.423
-2.823
-0.280
3.755
-7.640
-1.580
-4.698
-2.561
2.647
-6.620
-1.969
-4.681
0.259
-0.162
-10.009
-2.707
-7.503
-3.191
-3.153
-11.126
-4.037
-6.720
-1.890
-1.593
-10.631
-1.847
-7.925
-0.692
7.307
-0.034
-3.246
-8.846
-1.030
7.492
0.199
-3.996
-5.936
0.019
7.665
-0.027
-4.414
-7.568
-2.016
6.448
2.214
-2.848
-5.736
1.048
6.585
-2.030
-4.525
-9.516
1.508
4.974
-2.855
-4.764
-8.843
2.463
2.684
-4.044
-3.048
-6.718
-0.375
7.610
-3.588
-2.134
-9.209
-2.407
5.754
-3.290
-3.801
-9.082
-4.576
4.368
-1.869
-5.323
-8.970
-5.212
-7.287
-5.077
-4.886
-9.659
-8.811
-2.214
-9.533
-6.818
-3.378
-10.132
-5.515
-9.425
-8.719
-6.492
-6.562
-7.676
-6.552
-8.290
-5.674
-4.860
-6.308
-5.263
-6.316
-8.052
-7.095
-5.944
-5.027
-6.652
-6.548
-12.949
-6.926
-4.849
-14.946
-7.926
-8.579
-12.813
-7.042
-4.726
-12.553
-6.264
-4.761
-13.176
-8.198
-5.374
-12.045
-7.061
-5.357
-13.531
-8.969
-3.753
-14.610
-9.658
-6.992
-14.780
-5.962
-6.575
-11.880
-4.562
-2.349
-7.720
-11.454
-3.762
-6.991
-12.647
-6.584
-6.763
-9.550
-4.169
-4.526
-8.606
-3.430
-7.561
-6.126
-4.874
-3.592
-10.254
-4.949
-5.684
-11.182
-5.275
-6.780
-8.954
-5.087
-6.703
-11.292
-7.729
-7.028
-10.791
-6.432
4.554
-3.561
-9.832
4.229
-3.452
-8.826
1.591
-3.601
-9.194
5.917
-4.605
-8.503
4.998
-3.228
-10.045
4.354
-1.374
-6.620
4.742
-1.754
-8.287
5.977
-2.704
-9.673
4.188
0.471
-8.006
6.645
-1.890
-7.682
-5.414
-4.782
-6.435
-3.590
-2.798
-6.942
-0.940
-3.655
-7.384
-3.942
-7.167
-8.707
-3.468
-4.209
-5.009
-1.572
-6.135
-7.567
-3.561
-3.934
-3.142
-2.579
-3.765
-3.233
-3.810
-5.124
-6.098
-7.175
-2.242
-6.649
-4.759
-4.071
-6.198
-4.199
-4.080
-5.821
-4.683
-1.766
-6.737
-3.740
-2.361
-7.869
-2.161
-3.574
-8.556
-2.987
-3.473
-8.654
-3.481
1.192
-7.894
-3.916
1.018
-9.015
-5.977
-3.202
-8.096
-0.822
-1.209
-7.712
