5.425
9.284
4.977
7.929
7.567
7.892
5.104
9.147
6.486
7.566
9.784
8.553
9.053
2.022
8.382
9.245
7.443
7.104
5.399
8.393
9.295
9.261
6.472
8.186
10.083
8.358
8.453
9.020
8.501
8.794
7.616
8.763
9.265
7.459
8.898
5.642
4.720
10.507
8.070
7.971
9.670
8.912
7.940
9.380
8.732
8.900
8.599
7.768
8.524
4.668
9.734
8.027
5.498
6.519
3.403
4.867
-0.954
9.227
7.504
5.965
4.001
3.168
-1.683
4.863
4.981
4.460
3.650
2.507
5.378
2.970
6.156
2.491
4.518
4.865
-1.840
6.475
-1.286
4.910
-4.080
4.518
7.021
8.602
3.859
2.987
6.947
4.761
6.636
5.658
6.715
6.605
5.723
8.618
6.386
5.180
9.899
8.105
5.746
4.326
6.730
7.746
5.744
5.620
5.781
5.429
3.091
3.833
1.610
4.576
2.776
1.359
7.139
6.951
6.288
5.659
6.545
5.766
7.499
5.139
6.987
6.673
3.980
1.722
3.578
7.210
5.778
4.087
5.633
4.774
5.650
5.315
4.598
6.760
7.264
6.615
4.931
3.996
6.981
7.877
5.352
4.548
7.329
2.869
7.505
3.365
-2.510
6.837
-5.383
6.695
-9.703
5.803
6.642
8.198
4.861
6.177
7.771
6.300
6.582
6.936
6.686
6.099
7.248
6.221
5.426
2.655
5.984
9.242
4.329
8.190
7.260
5.441
6.269
6.216
4.430
5.274
5.401
5.620
7.391
6.353
2.642
7.638
5.777
7.692
8.861
7.955
8.547
8.802
7.104
8.796
7.920
5.301
-2.975
5.492
7.097
7.030
6.491
7.283
6.544
8.946
3.243
4.325
7.458
11.125
7.862
7.213
8.119
8.265
10.239
9.909
10.859
8.905
6.677
8.210
6.503
8.541
7.980
7.174
6.917
7.398
8.137
7.449
8.610
10.864
7.807
7.930
8.475
6.585
9.404
4.847
5.143
10.069
9.163
9.247
8.899
7.597
10.056
9.204
8.469
9.175
11.502
11.824
7.843
6.505
3.896
5.980
6.486
6.622
8.243
7.502
7.066
7.593
10.744
9.314
11.661
6.928
11.232
12.284
8.435
9.213
8.849
4.640
6.895
5.812
8.520
6.596
8.044
9.020
8.092
7.861
5.201
5.778
6.701
8.746
7.202
4.682
7.777
8.103
8.012
6.275
5.598
7.258
7.913
7.000
10.136
8.944
10.210
10.373
9.494
9.213
6.660
8.766
8.437
7.875
8.153
8.281
8.901
9.628
8.247
5.343
9.947
8.425
8.842
9.161
10.400
3.922
8.414
9.127
8.358
7.955
6.459
6.478
7.188
5.491
6.385
7.935
4.035
7.024
7.650
8.665
7.185
7.464
8.474
8.500
8.247
8.192
8.290
7.464
6.144
4.825
8.429
6.065
6.690
9.683
6.632
5.665
6.304
8.034
8.110
7.741
6.499
9.735
