-8.270
-6.525
-1.309
-8.602
-2.530
-6.325
-6.569
-5.248
-4.524
-1.751
-4.261
-5.337
-4.147
-2.078
-1.988
-4.330
-4.955
-4.151
-5.128
-3.298
0.362
-1.199
-1.485
-1.881
-1.344
1.130
1.021
0.323
-1.137
0.169
0.998
2.820
1.376
3.979
2.164
-0.381
-2.338
3.054
1.565
0.954
-6.117
0.331
-7.189
-4.471
1.802
-5.016
-4.824
1.256
-4.199
-4.353
1.667
-4.696
-5.492
1.018
-6.516
-5.061
1.191
-3.600
-5.747
-0.315
-3.990
-2.652
0.359
-3.597
-2.468
-2.073
-5.016
-2.675
-2.216
-6.997
0.129
-2.466
-5.324
1.211
-0.654
-5.214
-0.701
-3.775
-4.399
2.823
-4.389
-2.565
-1.684
-3.867
-1.544
-2.858
-0.366
-2.138
-4.298
-4.334
-1.884
3.768
-1.699
-4.224
0.729
-0.393
-3.192
0.255
-1.820
-5.684
-6.393
-5.026
-5.843
-9.003
-4.407
-9.192
-8.026
-7.328
-6.583
-7.775
-3.078
-9.389
-6.807
-3.580
-7.549
-6.162
-4.298
-6.728
-9.921
-6.889
-7.504
-7.084
-4.903
-8.345
-9.523
-4.216
-10.187
-5.444
-3.279
-7.215
-9.973
-12.075
-7.971
-6.475
-5.864
-4.292
-8.657
-9.545
-6.653
-5.744
-9.489
-6.103
-3.743
-8.151
-5.125
-6.340
-11.038
-6.139
-3.883
-7.548
-3.331
-7.026
-8.420
-6.478
-6.661
-8.887
-5.958
-4.793
-10.174
-7.050
0.197
-2.887
1.570
1.742
-3.957
3.233
2.513
-2.589
-2.330
-0.331
-3.769
-1.413
2.645
-1.013
1.939
0.460
-1.936
0.333
3.378
-1.454
2.539
-1.959
-4.937
0.764
0.038
-5.809
1.542
0.810
-5.050
-0.100
-1.965
-2.708
2.551
-3.109
-3.594
1.711
-3.996
-6.393
3.225
-2.294
-3.272
3.115
-3.089
-4.946
4.864
-1.699
-1.416
2.738
-1.656
-3.806
5.021
-0.806
-2.298
2.399
-1.950
0.173
1.709
-4.316
-3.416
4.018
-1.063
-4.969
-3.053
0.982
-3.152
-3.050
1.663
-3.748
-0.563
0.424
-1.685
-0.750
0.069
-4.295
-2.611
-0.116
-4.871
-4.927
-0.037
-5.877
-5.840
0.833
-0.969
1.279
-0.663
-6.270
-4.364
-0.340
-6.450
-4.312
4.715
-3.446
-1.153
4.405
-1.092
0.196
2.684
-3.112
-2.452
-0.647
-1.883
-3.631
2.561
-0.766
-2.332
2.419
-0.999
-3.585
4.948
-0.211
-1.642
1.730
0.345
-1.159
1.341
-4.821
-2.522
2.685
1.186
2.104
1.610
-9.170
0.074
-10.741
-1.216
-6.236
1.591
-6.104
-0.914
-3.471
0.384
-6.785
1.594
-6.844
1.552
-7.364
0.580
-8.856
0.033
-9.319
-1.496
-6.508
3.251
-9.528
-0.276
-11.828
0.758
-8.898
-1.424
-8.592
-1.239
-9.517
0.438
-9.148
-0.346
-8.092
-3.650
-9.654
-3.767
-10.541
-8.624
-7.663
-6.701
-7.992
-7.897
-6.543
-5.525
-6.228
-5.877
-7.702
-6.045
-4.587
-5.711
-9.203
-7.306
-5.630
-7.669
-8.434
-6.314
-9.776
-2.533
-1.761
-6.777
-2.730
-6.113
-4.201
-4.480
-6.035
-5.768
-5.795
-2.829
-2.659
-7.087
-4.541
-4.965
-1.167
-3.776
-3.630
-8.469
-5.987
-1.132
-4.496
-0.935
-1.031
-2.762
-2.227
0.444
-0.203
1.840
-5.362
0.254
-0.436
-1.205
-0.330
-2.613
-4.050
-3.232
-4.415
-2.479
-2.548
-1.723
-5.038
-1.082
-1.266
-3.256
0.773
-1.588
-5.148
-1.403
-3.141
-4.503
-4.612
0.443
-1.167
-2.870
-2.878
-4.116
0.069
-0.021
-3.252
-7.027
-2.228
-5.886
-4.109
-6.436
-8.137
-9.233
-5.249
-6.316
-4.966
-6.507
-2.053
-7.695
-6.916
-8.489
-5.583
-6.145
-6.579
-9.658
-3.612
-7.308
-5.654
-6.793
-3.445
-6.880
-9.073
-10.549
-4.653
-4.487
-3.521
-5.800
-2.330
-4.883
-5.491
-6.390
-2.954
-4.494
-3.841
-7.218
-2.405
-8.718
-8.047
-8.318
-8.346
-6.887
-5.515
-7.320
-9.171
-7.318
-5.356
-2.471
-6.727
-7.201
-4.638
-5.409
-6.609
-4.133
-3.748
-1.018
-4.738
-5.296
-6.681
-5.937
-6.831
-4.593
-1.981
-5.150
-5.533
-5.338
-5.608
-0.701
-7.944
-5.681
-7.939
-7.124
-10.040
-6.211
-2.435
-6.325
-5.526
-1.634
-5.903
-3.025
-4.846
-2.863
-8.883
-5.345
-1.665
-4.700
-9.611
-6.131
-7.040
-3.615
-5.608
-4.038
-5.148
-4.892
-6.035
-6.859
-4.864
-0.826
-6.082
-5.577
-6.511
-3.917
-5.029
-5.303
-3.642
-3.317
-7.380
-7.954
-5.086
-1.359
-6.655
-6.228
-1.860
-5.238
-5.873
-5.696
-5.720
-5.282
-1.274
-2.041
-4.115
-6.631
-0.825
-0.565
-0.166
-10.520
-3.609
-1.572
-4.943
-9.796
-4.218
-0.783
-4.754
-6.799
-1.608
2.160
-2.447
-9.630
-4.637
-2.638
-4.550
-10.610
-2.464
-1.463
-5.655
-8.595
-2.700
0.761
-3.577
-6.798
-1.769
-0.561
-2.645
-7.728
-4.502
-3.472
-4.316
-2.615
-4.232
-4.181
-0.318
-2.569
-2.799
-1.161
0.340
-2.105
-6.824
-5.037
-2.430
-1.836
-5.065
-3.839
-3.061
-0.817
-5.184
-1.048
-1.326
-4.087
-4.317
-3.861
-2.337
-1.773
-4.290
-1.725
-3.044
-5.240
-8.998
-3.786
-3.612
-5.397
-5.590
-1.174
-6.442
-0.680
-7.112
-2.502
-1.322
-5.333
-1.915
-8.361
-6.325
-6.529
-7.276
-8.592
-9.434
-8.418
-4.358
-8.723
-7.410
-1.761
-2.383
-7.077
-9.051
-7.511
-0.874
-7.433
-4.950
-5.981
-0.219
-6.336
-4.927
-5.379
-4.571
-8.982
-9.298
-4.109
-4.794
-7.660
-7.448
-8.437
-1.619
-8.285
-6.605
-9.118
-3.326
-6.637
-3.542
-5.679
-7.559
-3.117
-5.022
-5.964
-6.663
-1.187
-1.418
-7.421
-10.107
-1.773
-6.683
-3.114
-7.715
-3.347
-4.300
-7.085
-5.833
-1.043
-3.563
-3.514
-7.445
-2.777
-6.424
-4.186
-5.104
-3.216
-5.785
-6.474
-6.552
-3.088
-5.923
-2.360
-7.518
-3.258
-6.930
-5.306
-7.831
-3.689
-4.305
-7.915
-3.378
-5.098
-3.664
-8.673
-4.021
-6.087
-4.244
-9.783
-1.731
-4.242
-1.539
-7.812
-1.660
-6.628
-1.923
-7.973
-4.127
-6.374
-1.537
-7.686
-3.368
-5.422
-2.009
-4.537
-0.385
-6.256
-2.120
-6.724
-1.937
-5.038
-4.230
-8.981
-1.706
-3.825
-3.105
-10.754
-5.631
-6.039
-4.889
-0.009
-9.125
-1.462
-10.535
0.475
-3.801
-4.512
-8.427
2.496
-9.357
-3.602
-11.091
-0.383
-6.704
-2.064
-10.522
1.042
-6.297
-4.346
-7.932
0.433
-5.248
-1.623
-9.773
0.920
-6.876
-3.330
-9.517
3.511
-4.973
-1.461
-11.501
-1.374
-7.780
-2.520
-10.202
-0.896
-5.698
-3.808
-6.491
-3.216
-2.022
-8.240
-7.568
-1.341
-0.216
-8.283
-6.940
-2.888
-2.122
-6.607
-7.373
-8.322
-5.371
-8.154
-7.860
-2.406
-0.770
-9.583
-6.960
-3.131
-1.654
-9.999
-2.804
-1.927
1.679
-6.555
-3.990
-4.246
-1.479
-7.790
-7.459
-2.391
-2.647
-8.179
-6.756
-4.094
-2.717
-8.545
-8.245
-8.157
-3.508
-5.077
-1.857
-3.839
1.059
-6.762
-2.653
-6.887
-1.993
-7.458
-3.677
-9.548
-1.941
-9.282
-2.341
-9.156
-4.568
-9.747
-2.655
-3.607
0.171
-5.280
-2.599
-3.869
-4.354
-5.385
0.778
-1.122
-2.308
-5.651
-3.140
-3.442
-4.713
-8.147
-4.046
-7.079
-1.139
-4.828
-3.467
-8.540
-3.437
-7.524
-2.343
-8.354
-4.130
-9.192
-5.532
-4.593
-2.626
-7.870
-3.599
-7.802
-4.348
-9.491
-2.463
-9.957
-3.826
-6.400
-5.108
-3.831
-4.867
-3.758
-5.880
-2.084
-1.131
-2.643
-4.572
-4.919
-3.180
-2.755
-4.204
-1.326
-2.795
-3.753
-1.957
-2.389
-2.956
-4.889
-2.793
0.230
-3.774
-4.925
-3.972
-5.875
-2.762
-5.702
-5.725
-3.638
-3.924
-3.784
-4.433
-4.926
-1.668
-5.665
-4.806
-4.124
-2.148
-7.616
-7.150
-4.246
-4.474
-7.344
-5.482
-6.383
-1.778
-3.229
-4.493
-5.300
-5.263
-6.759
-5.000
-5.254
-5.612
-6.152
-3.057
-3.372
-5.373
-2.225
-0.966
