-7.899
-4.922
-5.074
-6.249
-6.358
-6.579
-7.063
-7.192
-7.142
-7.223
-9.783
-7.752
-7.981
-8.285
-8.381
-7.195
-8.141
-4.839
-4.493
-4.400
-6.170
-7.304
-9.333
-4.961
-10.259
-6.390
-8.563
-6.592
-4.464
-5.703
-13.001
-6.807
-5.505
-2.022
-11.577
-7.573
-5.613
-5.265
-7.033
-6.115
2.314
-1.455
5.344
-7.232
2.644
-6.262
4.095
-6.097
1.480
-5.816
0.893
-4.920
-0.434
-5.262
-0.313
-8.732
2.980
-6.134
0.599
-9.469
3.372
-6.594
2.767
-6.208
3.491
-6.029
1.649
-6.309
3.022
-4.988
5.452
-3.360
4.245
-3.284
4.351
-5.637
2.611
-7.088
4.913
0.108
0.994
-9.391
-6.588
-4.100
3.904
-7.205
-1.607
-3.027
3.177
-8.159
-6.837
-4.809
1.782
-8.214
-6.195
-7.845
1.332
-7.624
-4.604
-6.015
3.809
-9.136
-0.961
-6.697
4.119
-8.792
-3.559
-4.929
-1.174
-12.624
-10.103
-4.740
2.243
-9.983
-5.779
-6.381
1.951
-8.579
-2.235
-3.918
1.696
-7.511
-4.667
-4.339
3.973
-8.600
-4.092
-9.366
3.808
-8.860
-3.848
-7.779
3.074
-8.645
-4.693
-6.246
4.143
-6.205
-2.340
-7.291
4.993
-6.160
-0.545
-5.754
5.126
-10.093
-6.439
-9.859
2.086
-11.776
-9.137
-7.427
-0.483
-7.983
-6.997
-8.233
3.655
-7.749
0.299
-6.501
3.084
-6.804
-4.001
-6.845
5.378
-4.825
-0.342
-4.333
4.812
-7.770
-1.518
-8.424
6.003
-7.099
-4.370
-6.979
2.629
-7.316
-6.306
-5.547
4.408
-4.668
-2.261
-5.608
4.981
-3.631
-1.653
-5.565
-0.237
-6.389
-6.786
-4.773
3.798
-5.871
-5.196
-5.371
2.944
-4.922
-2.507
-8.329
-2.448
-0.154
-1.926
3.095
-5.824
-5.318
-6.046
1.682
-5.026
-1.900
-3.301
0.196
-5.437
-3.892
-8.353
2.794
-1.833
-4.097
-3.293
6.471
-3.399
-1.480
-3.516
4.080
-3.910
-6.057
-6.144
3.642
-5.801
-5.265
-5.483
3.821
-0.556
-3.335
-4.007
1.943
-4.814
-4.476
-4.882
2.439
-5.756
-0.418
-7.795
-8.160
-2.395
-2.809
-4.870
-3.737
-0.700
1.123
-7.811
-3.914
0.825
4.055
-1.856
-0.533
-4.372
-2.864
-5.781
-3.389
-1.237
0.436
-6.859
-3.757
-2.335
1.668
-5.412
-3.230
-2.254
-0.863
-6.279
-4.926
-6.308
-0.483
-8.065
-7.597
-1.918
2.091
-3.668
-3.024
-6.104
-5.581
5.269
-0.260
-0.021
-1.344
5.373
-0.250
-3.248
-1.471
4.009
-3.890
-1.858
-4.900
4.249
1.410
-1.982
-2.411
4.719
0.468
-3.812
-5.438
6.029
-0.300
-2.521
-3.497
-1.226
-1.690
-5.766
-6.009
5.022
-2.115
-6.528
-6.766
3.151
-4.303
-2.792
-1.339
2.130
0.040
-3.596
-3.839
-2.417
0.163
-1.921
-1.485
-0.502
1.808
-1.739
-0.256
-2.206
-0.062
-3.069
-3.837
-3.782
-1.265
-4.688
-4.619
-3.679
-0.667
-4.280
-4.246
-2.685
-1.463
-4.149
-1.370
0.818
1.730
-2.921
-4.983
-2.001
-0.787
-4.475
-2.710
-3.138
-0.907
-8.460
-6.210
-3.291
-1.838
5.240
1.014
0.743
0.426
6.426
2.416
-1.663
-1.284
5.308
-1.207
-4.391
-2.229
2.577
-4.667
-5.357
-2.351
5.023
2.314
-0.539
3.002
4.262
0.366
-1.422
-1.533
2.179
-2.332
-3.637
-0.736
2.364
-0.616
-2.879
-4.772
4.156
1.741
-3.502
-0.447
-1.505
-3.284
-8.284
-7.673
-5.286
-7.024
-9.362
-3.510
-8.479
-8.834
-5.510
-8.446
-9.840
-3.918
-6.790
-10.802
-5.198
-10.042
-9.087
-6.455
-10.356
-10.440
-2.287
-6.321
-7.966
-4.854
-7.776
-7.387
-4.935
-9.028
-8.244
-3.328
-10.072
-11.978
1.507
-2.490
-7.756
5.108
-0.027
-10.600
2.525
-2.648
-7.808
4.889
-1.518
-9.664
-0.669
-5.997
-9.323
2.619
-1.546
-7.089
2.079
-3.391
-7.020
2.603
-3.484
-8.884
2.959
-1.039
-12.133
4.780
0.997
-10.274
6.054
-1.505
-9.295
2.953
-5.325
-8.295
3.461
-4.178
-9.490
5.305
-1.452
-7.655
2.597
-5.047
-9.631
5.466
1.309
-6.603
1.338
-6.380
-10.529
-2.840
-6.284
-2.537
5.011
-0.977
-9.497
6.122
-0.817
-6.698
5.408
-2.881
-4.976
5.376
0.395
-2.813
6.307
-3.118
0.127
5.990
-0.818
-3.530
4.798
-1.076
0.657
3.010
-3.226
-6.941
5.399
-2.211
-5.843
6.595
-4.829
-4.929
5.965
0.416
-1.517
6.830
-2.020
-1.851
-1.683
-7.185
-0.389
-0.350
-8.127
-1.946
-1.967
-7.388
-1.266
2.875
-6.019
-1.189
-0.220
-7.708
-1.483
0.679
-9.663
-2.584
1.308
-9.599
-2.934
1.508
-8.432
-0.800
0.044
-5.320
-0.501
-1.936
-4.773
-2.398
4.882
-1.033
-1.315
6.988
-2.030
-3.227
7.175
-2.640
-0.366
5.164
-2.803
-3.128
4.927
0.012
-0.842
2.974
-2.985
-4.580
5.096
0.984
-0.290
3.572
1.091
2.530
4.313
-1.887
-0.069
2.715
-0.011
-0.867
-5.360
-6.007
-7.164
-6.935
-0.376
-6.812
-4.578
-5.691
-8.643
-3.402
-8.352
-7.171
-5.576
-6.449
-2.625
-6.515
-5.149
-6.322
-5.775
-1.517
-5.485
-4.049
-7.157
-7.492
-2.055
-9.220
-6.623
-6.969
-6.940
-1.981
-4.166
-3.301
-5.946
-7.805
0.827
-3.118
-0.713
-2.902
-5.154
1.045
-4.402
-5.241
-7.012
-9.106
-1.017
-6.883
-4.384
-6.135
-4.964
-1.813
-5.523
-5.118
-4.812
-2.534
-1.933
-8.207
-5.247
-7.394
-4.299
-3.720
-6.824
-4.801
-8.418
-3.190
-1.857
-7.447
-4.658
-5.821
-3.791
-1.414
-6.163
-6.693
-7.357
-4.217
-2.977
-7.980
-6.552
-7.375
-4.915
-5.055
-7.399
-4.656
-6.338
-3.777
-0.628
-6.156
-5.309
-7.051
-2.036
-2.249
-6.838
-7.265
-5.769
-3.267
-4.190
-10.899
-6.521
-6.246
-5.848
-6.669
-6.377
-2.604
-2.824
-6.211
2.059
-5.526
-4.646
-7.172
-9.725
2.857
-6.748
-9.221
-8.272
-8.810
-0.438
-8.258
-6.271
-7.261
-11.440
0.670
-3.283
-6.313
-5.375
-8.547
2.797
-6.603
-6.185
-5.926
-9.165
3.141
-6.123
-3.855
-5.071
-5.726
4.586
-8.121
-5.325
-6.063
-9.574
1.804
-5.755
-4.332
-4.621
-6.809
2.647
-9.365
-8.310
-4.928
-9.367
0.467
-6.535
-3.846
-6.322
-2.980
3.915
-6.599
-2.715
-3.268
-2.735
3.935
-5.387
-1.735
-4.848
-1.332
2.956
-7.880
-3.988
-4.584
-4.703
4.422
-3.423
-4.766
-4.264
-4.833
3.143
-3.632
-1.883
-4.323
-2.412
3.572
-5.481
-4.521
-5.494
-9.174
-1.111
-6.221
-2.846
-5.226
-3.648
4.775
-5.679
-4.426
-4.139
-6.222
2.000
-3.204
-2.951
-3.389
-2.148
5.976
-5.846
-10.162
-6.753
-6.209
-6.820
-6.140
-8.646
-6.421
-6.488
-8.695
-4.021
-5.896
-4.780
-1.835
-1.959
-5.952
-8.684
-8.413
-8.786
-6.402
-2.836
-4.218
-1.242
-2.789
-3.973
-5.879
-5.041
-5.844
-5.092
-2.850
-5.232
-2.581
-2.787
-4.983
-1.725
-5.039
-6.593
-7.263
-5.213
-4.782
-7.819
-8.013
-6.708
-7.142
-8.251
-5.554
-7.486
-6.730
-5.717
-6.752
0.733
6.361
-5.911
1.910
-6.174
1.067
4.424
-8.295
-2.582
-7.704
-0.500
6.029
-4.997
-1.022
-6.080
-3.718
2.346
-8.218
-0.517
-7.626
-2.921
3.638
-8.448
1.738
-4.049
1.933
5.738
-7.175
0.108
-7.833
4.096
5.484
-7.415
-0.227
-6.697
-4.790
4.909
-2.911
-1.137
-4.502
2.525
4.124
-7.360
-1.502
-6.237
-0.072
5.806
-6.126
0.733
-1.254
-8.234
-6.325
-12.101
-0.297
-3.671
-7.363
-6.490
-9.342
-1.875
-3.939
-8.666
-5.198
-10.701
-3.843
-2.186
-9.185
-9.267
-12.294
-3.835
-3.766
-8.412
-4.068
-11.238
-0.409
-4.789
-7.624
-7.593
-10.516
-3.550
-4.137
-7.563
-4.960
-9.340
-4.060
-2.575
-5.495
-4.227
-8.491
2.005
-5.655
-8.200
-6.733
-10.035
-3.176
-3.767
-7.758
-9.434
-13.145
-5.173
-10.868
5.364
-0.927
-6.819
-7.045
-10.682
6.792
-0.055
-7.998
-5.112
-10.954
4.883
-2.048
-9.085
-6.175
-9.845
4.677
-0.401
-9.698
-7.262
-9.653
6.333
0.527
-12.019
-5.360
-10.813
5.266
-3.585
-8.207
-5.413
-11.901
5.971
2.422
-4.053
-4.892
-5.949
4.386
0.879
-8.056
-5.396
-9.790
1.708
-2.102
-9.829
-6.964
-10.698
4.459
1.617
-6.827
-5.624
-8.392
-6.669
1.363
-5.727
-5.517
-2.377
0.735
4.172
-8.595
-5.926
-7.782
-2.935
3.596
-8.398
-5.924
-3.989
-1.313
3.872
-6.963
-5.488
-7.783
-1.646
2.477
-5.741
-2.817
-2.823
-0.863
4.781
-7.640
-4.331
-4.698
-3.393
4.253
-6.620
-4.710
-4.681
-0.349
2.131
-10.009
-5.181
-7.503
-4.044
-0.113
-11.126
-6.366
-6.720
-2.492
1.897
-10.631
-5.165
-7.925
-0.268
5.882
-0.034
-5.982
-8.846
-1.237
5.329
0.199
-5.869
-5.936
-0.255
5.837
-0.027
-6.773
-7.568
-2.347
5.114
2.214
-5.459
-5.736
1.579
4.235
-2.030
-5.364
-9.516
1.174
3.482
-2.855
-6.869
-8.843
2.365
2.740
-4.044
-4.708
-6.718
-0.712
6.614
-3.588
-5.207
-9.209
-2.457
4.345
-3.290
-5.626
-9.082
-4.718
3.362
-1.869
-7.439
-8.970
-5.212
-7.287
-5.077
-4.886
-9.659
-8.811
-2.214
-9.533
-6.818
-3.378
-10.132
-5.515
-9.425
-8.719
-6.492
-6.562
-7.676
-6.552
-8.290
-5.674
-4.860
-6.308
-5.263
-6.316
-8.052
-7.095
-5.944
-5.027
-6.652
-6.548
-12.949
-6.926
-4.849
-14.946
-7.926
-8.579
-12.813
-7.042
-4.726
-12.553
-6.264
-4.761
-13.176
-8.198
-5.374
-12.045
-7.061
-5.357
-13.531
-8.969
-3.753
-14.610
-9.658
-6.992
-14.780
-5.962
-6.575
-11.880
-4.562
-2.349
-7.720
-11.454
-3.762
-6.991
-12.647
-6.584
-6.763
-9.550
-4.169
-4.526
-8.606
-3.430
-7.561
-6.126
-4.874
-3.592
-10.254
-4.949
-5.684
-11.182
-5.275
-6.780
-8.954
-5.087
-6.703
-11.292
-7.729
-7.028
-10.791
-6.432
5.163
-3.561
-9.832
4.860
-3.452
-8.826
2.129
-3.601
-9.194
6.294
-4.605
-8.503
5.609
-3.228
-10.045
4.793
-1.374
-6.620
5.556
-1.754
-8.287
6.700
-2.704
-9.673
4.671
0.471
-8.006
7.281
-1.890
-7.682
-5.481
-4.782
-6.435
-3.694
-2.798
-6.942
-1.070
-3.655
-7.384
-4.211
-7.167
-8.707
-3.592
-4.209
-5.009
-1.745
-6.135
-7.567
-3.699
-3.934
-3.142
-2.661
-3.765
-3.233
-3.974
-5.124
-6.098
-7.304
-2.242
-6.649
-4.758
-4.071
-6.198
-4.399
-4.080
-5.821
-4.686
-1.766
-6.737
-3.617
-2.361
-7.869
-2.020
-3.574
-8.556
-2.849
-3.473
-8.654
-3.218
1.192
-7.894
-3.763
1.018
-9.015
-6.010
-3.202
-8.096
-0.678
-1.209
-7.712
