4.686
5.810
4.558
5.875
3.931
4.641
2.249
6.597
5.062
5.038
6.197
5.987
7.086
1.134
6.002
5.466
6.673
4.131
5.631
4.054
5.829
4.910
5.956
5.406
6.544
4.641
5.270
6.397
6.573
4.218
5.007
3.520
3.177
4.434
4.618
3.566
2.054
6.240
5.831
5.029
5.452
6.362
5.754
6.749
6.607
7.053
5.907
7.194
6.831
4.863
6.097
6.697
2.939
1.996
1.967
4.175
-1.067
4.062
5.616
3.271
3.202
3.525
2.316
3.899
4.006
3.676
2.139
3.214
3.171
2.514
5.007
4.195
4.982
0.866
4.272
5.238
3.348
3.036
5.252
3.414
1.482
3.347
2.691
0.698
2.360
3.848
2.009
3.007
3.654
3.561
1.204
4.520
4.259
1.953
3.242
3.576
2.602
2.598
3.884
3.215
3.494
3.001
5.472
4.034
3.272
3.378
3.925
3.529
4.830
3.348
3.996
3.836
3.022
2.779
4.072
3.109
3.353
4.353
2.537
3.458
3.926
3.127
2.722
4.202
3.741
2.007
3.539
2.320
3.257
2.960
4.725
3.725
7.678
4.414
6.286
5.031
4.765
7.044
4.420
4.505
3.672
4.446
5.715
0.416
3.999
3.236
3.058
5.108
4.374
3.960
5.213
4.990
3.653
3.832
4.562
3.270
4.234
4.507
3.541
4.860
4.830
3.658
4.044
2.158
4.487
6.601
4.245
3.031
4.017
4.813
6.223
4.180
1.492
3.668
3.857
4.215
3.963
5.264
0.832
3.352
3.094
6.294
6.281
5.635
6.480
6.574
5.811
6.306
4.628
0.381
-0.370
4.972
6.945
6.374
5.202
5.909
4.972
6.260
4.193
3.585
3.795
6.405
5.064
3.332
5.622
5.079
6.633
5.633
6.854
6.172
4.612
5.923
4.180
6.261
5.965
6.150
4.607
5.926
5.733
5.345
6.029
7.337
7.237
5.609
7.737
6.249
7.768
5.130
6.107
6.935
6.300
5.714
6.267
4.556
8.046
6.495
5.103
6.553
7.112
8.096
5.960
5.769
3.587
3.505
5.366
5.591
4.956
5.613
5.293
5.082
8.046
7.064
6.998
7.457
6.815
8.026
5.917
6.636
6.444
3.617
5.263
4.207
6.781
5.707
7.713
5.518
6.513
6.921
4.824
4.807
6.340
6.536
7.044
5.816
5.837
6.457
6.165
3.727
4.813
6.303
4.686
4.224
6.820
6.446
6.818
6.803
6.678
5.078
4.316
5.519
4.620
4.233
5.569
3.978
4.093
6.027
5.216
1.763
5.298
5.808
5.773
6.177
7.490
2.112
6.670
6.692
7.604
5.415
5.769
2.345
5.081
5.924
5.322
5.751
4.030
4.533
5.422
5.620
4.521
6.990
5.011
4.897
4.252
5.983
5.542
3.180
5.279
3.459
4.914
5.855
3.364
6.216
3.992
2.014
4.089
5.985
5.062
5.521
3.494
6.768
