-4.663
-5.170
-2.185
-4.736
-3.273
-3.911
-3.366
-4.880
-3.142
-5.621
-3.031
-3.824
-4.840
-4.612
-3.359
-6.282
-3.030
-3.098
-1.996
-3.911
-4.882
-3.019
-2.161
-2.112
-4.825
-3.409
-3.070
-3.298
-0.998
-3.029
-3.816
-3.585
-3.627
-2.284
-4.328
-3.268
-2.978
-3.169
-2.590
-4.484
-2.642
-0.487
-1.454
-4.238
-2.881
-2.454
-1.252
-1.945
-1.465
-3.673
-3.364
-1.464
-4.475
-2.829
-3.302
-4.513
-2.329
-3.843
-1.835
-2.961
-0.351
-3.339
-2.605
-2.726
-0.881
-3.310
-2.220
-3.876
-0.934
-3.456
0.759
-1.814
0.409
-1.980
0.461
-2.562
-1.818
-2.726
-1.286
-1.028
-2.831
-4.577
-3.739
-3.230
-1.258
-4.907
-2.815
-1.624
-2.366
-4.983
-5.710
-2.509
-3.474
-3.524
-3.460
-4.252
-4.226
-4.896
-4.329
-1.789
-3.513
-3.822
-1.775
-1.283
-3.151
-1.843
-2.648
-3.434
-2.959
-3.700
-3.427
-0.254
-3.464
-4.530
-4.658
-1.511
-2.599
-4.646
-4.380
-1.638
-1.709
-3.807
-2.437
-3.986
-0.808
-3.333
-3.876
-4.584
-1.301
-4.125
-3.821
-4.835
-0.664
-1.863
-3.290
-4.938
-1.180
-2.870
-3.572
-5.661
-0.613
-3.304
-3.772
-4.451
-0.962
-2.444
-4.880
-5.152
-1.092
-3.811
-5.672
-4.788
-3.185
-2.429
-4.398
-3.119
-2.375
-1.532
-2.260
-3.374
-0.813
-2.062
-1.210
-2.847
-0.571
-3.201
-2.020
-2.632
0.930
-3.388
-2.828
-2.963
0.725
-3.080
-3.231
-2.532
1.268
-4.346
-3.091
-2.678
-1.117
-2.747
-3.062
-2.116
0.063
-2.001
-2.442
-2.110
-1.391
-3.140
-1.649
-1.827
-0.816
-1.880
-3.154
-3.007
-0.272
-2.859
-1.782
-2.968
-2.333
-0.089
-0.451
-2.587
-3.129
-2.722
-1.411
-0.850
-3.320
-3.226
-1.688
-1.500
-3.392
-2.514
-2.698
-1.456
-3.971
-3.636
-1.801
1.117
-3.443
-1.556
-2.684
-0.846
-3.218
-4.145
-1.990
-0.102
-1.904
-3.077
-2.157
1.315
-2.157
-3.023
-3.518
-1.760
-4.303
-2.656
-2.240
-1.980
-3.161
-0.585
-2.525
-5.085
-2.962
-2.065
-3.311
-3.062
-2.053
0.834
-2.078
-1.591
-3.142
-1.338
-2.250
-2.644
-2.136
-3.282
-2.421
-2.142
-1.923
-0.063
-2.644
-3.759
-1.974
-2.677
-4.082
-1.662
-1.860
-1.998
-2.421
-1.810
-1.276
-0.146
-2.257
-3.537
-3.778
-2.278
-3.359
-4.124
-4.728
-2.973
-0.328
-1.602
-2.055
-1.935
-0.952
-2.997
-3.871
-2.426
-1.838
-2.768
-3.494
-2.595
0.193
-1.284
-1.507
-3.540
-1.449
0.749
-3.924
-2.810
-1.504
-1.414
-3.298
-2.187
-2.138
-2.604
-1.835
-2.110
-0.173
-2.738
-1.070
-2.799
-2.474
-1.548
-1.286
-1.953
-1.793
-0.089
-2.781
-2.714
-2.063
-2.024
-3.315
-1.672
-1.767
-1.331
-2.089
-2.154
-5.332
-1.592
-2.819
-4.805
-2.814
-1.971
-2.238
-5.161
-3.642
-2.370
-3.092
-4.758
-3.831
-3.067
-4.025
-5.129
-1.445
-1.900
-2.304
-3.137
-3.537
-0.503
-2.482
-3.553
-1.737
-1.323
-3.734
-3.356
-3.482
-0.635
-0.139
0.624
-2.790
-2.914
-0.782
0.596
-3.348
-1.833
-0.385
0.653
-4.869
-4.238
1.179
-0.075
-4.483
-3.528
-0.341
1.001
-3.496
-0.386
-2.422
1.390
-3.251
-2.511
-2.363
-2.795
-3.476
-4.302
-0.082
0.112
-4.494
-1.992
0.635
-0.267
-3.557
-2.521
-1.227
-1.184
-5.022
-2.947
-4.041
-2.663
-3.877
-3.251
-3.498
-4.450
-2.490
-3.498
-2.935
-1.680
-3.449
-4.974
-2.601
-3.945
-4.850
-3.284
-3.910
-4.904
-2.651
-2.694
-3.628
-4.877
-3.417
-4.568
-3.414
-1.613
-4.957
-1.709
-2.463
-5.713
-2.508
-1.784
-2.249
1.525
-2.947
-4.410
-1.091
-1.749
-2.987
0.201
-1.422
-3.148
-2.502
-5.324
-3.509
-0.550
-3.278
-4.526
-1.671
-2.044
-3.432
-2.418
-4.008
-3.573
-2.024
-2.605
-3.286
-1.182
-1.567
-4.170
0.687
-4.399
-6.125
0.426
-1.613
-3.800
0.529
-1.076
-2.145
0.511
0.393
-3.054
-2.364
-2.977
-2.975
-0.918
-0.695
-1.839
-1.713
-2.589
-1.921
-2.211
-2.750
-2.280
-0.241
0.024
-3.330
-1.045
-2.462
-3.233
-1.095
-1.498
-1.618
-0.603
-2.042
-2.537
-0.296
-2.655
-2.840
1.007
-0.275
-2.569
0.252
-2.901
-0.372
-2.401
-0.775
-3.377
-0.840
-1.561
-2.772
0.361
-1.917
-1.089
0.376
-0.733
-1.266
0.664
-2.982
-3.101
-2.375
-3.857
-0.362
-4.333
-4.629
-2.656
-3.664
-5.951
-1.781
-1.177
-4.369
-1.626
-3.344
-5.489
-2.356
-0.140
-3.943
-2.532
-1.069
-5.275
-1.221
-1.626
-3.958
-1.667
-1.735
-5.137
-2.351
-2.735
-5.426
-1.507
-0.324
-3.549
-2.639
0.354
-2.652
-1.657
0.919
-1.513
-0.884
-1.689
-2.868
-2.221
-0.803
-2.087
1.231
-0.122
-0.743
-1.860
-0.312
-0.514
-1.653
-1.243
-0.959
0.267
0.311
-2.552
-1.350
-0.781
-1.163
-1.869
-3.525
-3.322
-4.688
-2.671
-1.090
-1.746
-1.751
-2.219
-2.578
-4.731
-3.199
-3.629
-3.501
-1.533
-2.278
-2.727
-2.278
-3.113
-1.770
-3.001
-2.302
-5.091
-3.906
-3.923
-2.162
-3.644
-3.525
-4.532
-3.146
-3.425
-1.325
-4.183
-3.941
-3.644
-1.759
-2.761
0.179
-2.275
-0.748
-4.103
-1.491
-1.635
-3.456
-3.443
-3.072
-2.313
-2.539
-4.245
-1.189
-3.890
-3.638
-3.210
-3.213
-0.593
-1.553
-3.640
-3.524
-3.411
-1.766
-2.008
-2.792
-2.649
-5.120
-0.570
0.016
-4.517
-3.824
-3.864
-2.054
-2.265
-4.045
-3.153
-4.596
-1.759
-0.755
-2.337
-1.630
-2.777
-1.300
-1.316
-3.505
-3.384
-3.998
-0.996
-0.625
-1.362
-1.854
-3.749
0.626
-1.749
-2.525
-3.101
-2.699
-1.923
-1.410
-3.932
-3.089
-3.168
-1.438
-2.589
-3.097
-3.246
-5.206
-3.781
-2.533
-4.065
-3.198
-3.869
-3.022
-1.165
-4.183
-4.378
-4.770
-3.683
-0.006
-3.295
-2.849
-4.466
-4.543
-2.788
-0.495
-4.958
-1.913
-4.653
-0.103
-3.338
-3.425
-3.142
-3.758
-0.515
-2.120
-4.507
-3.962
-4.696
-2.774
-3.031
-3.436
-3.276
-3.467
-1.854
-2.937
-3.217
-2.614
-3.141
-2.778
-3.761
-3.105
-2.650
-5.473
-2.773
-4.072
-2.093
-6.220
-1.311
-2.106
-3.400
-1.441
-3.885
-1.475
-0.037
-3.039
-0.037
-3.375
-1.198
-1.998
-4.232
-4.640
-3.150
-2.026
-1.666
-2.259
-2.686
-3.599
-2.356
-2.300
-0.954
-2.676
-3.911
-1.067
-2.098
-2.919
-3.577
-2.477
-2.618
-2.611
-3.276
-1.996
-3.707
-2.335
-0.541
-4.049
-2.110
-2.686
-3.548
-1.265
-3.957
-2.171
-4.413
-3.221
-0.424
-1.306
-4.113
-5.302
-1.673
-3.935
0.557
-3.304
-3.012
-0.232
-3.437
-0.785
-2.110
-1.919
-0.482
-3.053
-0.744
-2.246
-4.219
-2.857
-2.339
-1.341
-2.356
-0.211
-0.619
-4.424
-1.104
-2.634
-4.003
-1.523
-3.096
-1.403
0.385
-0.928
-3.462
-5.462
-1.939
-3.637
-4.821
0.027
-2.862
-2.200
-2.913
-4.998
-2.459
-4.240
-1.617
-3.340
-4.268
-1.732
-4.284
-0.778
3.399
-2.593
2.080
-1.224
-0.898
1.428
-3.061
-0.527
-2.489
-0.707
2.283
-2.865
0.472
-0.387
-0.669
1.238
-4.154
1.265
-1.958
-3.025
0.882
-3.290
-0.174
-2.331
0.006
1.059
-1.585
-0.024
-1.382
-0.098
0.434
-1.539
1.412
-2.891
-2.056
-0.017
-0.699
-0.923
-1.277
0.834
0.475
-1.821
0.375
-2.069
-2.262
-0.789
-2.564
0.409
-1.832
-2.522
-4.594
-2.405
0.401
-2.569
-3.257
-3.996
-3.143
0.081
-1.410
-2.087
-4.020
-2.111
-2.832
-3.573
-2.330
-4.336
-2.144
-1.318
-2.268
-3.836
-4.916
-3.086
-0.867
-2.786
-0.866
-6.071
-2.272
-1.449
-3.274
-2.362
-4.524
-3.451
-1.301
-2.029
-1.052
-4.206
-2.718
-0.714
-2.954
-0.892
-5.485
-2.693
0.225
-1.787
-2.254
-5.134
-2.503
-0.940
-4.218
-1.553
-1.512
-2.145
-3.546
-4.648
-0.124
-1.827
-4.089
-3.152
-4.480
0.570
-1.736
-3.963
-2.269
-3.498
-1.069
-2.133
-4.297
-2.260
-3.675
0.112
-1.006
-3.562
-1.797
-4.607
1.617
-1.972
-2.033
-1.096
-3.689
-0.058
-2.072
-2.636
-1.483
-3.074
-1.100
-0.989
-3.064
-1.242
-4.334
0.303
-3.285
-2.751
-4.146
-3.182
0.482
-1.220
-2.505
-0.421
-4.109
-2.994
-0.269
-0.762
-2.327
2.096
-3.349
-1.431
-1.940
-4.357
-1.153
-1.906
-0.350
-1.309
-3.638
-1.574
-1.677
-1.269
-2.458
-3.615
-2.163
-1.286
-0.979
-1.398
-1.106
-0.875
-0.386
0.594
-3.254
-1.177
-1.839
-0.659
-0.529
-1.258
-0.495
-0.457
-1.677
0.650
-4.598
-3.103
-1.187
-1.787
-1.385
-3.558
-2.773
-2.857
-2.183
-2.215
-2.455
-3.041
-0.936
-2.405
1.780
-1.217
-2.682
-2.927
-0.744
-1.653
-0.917
-1.845
-3.307
-0.836
0.118
0.125
-2.022
-0.975
-0.069
0.343
-0.404
-2.383
-2.804
-0.987
-0.275
-0.739
-2.579
-3.945
-1.914
0.970
-0.683
-3.724
-2.499
-0.988
-1.227
-0.617
-1.939
-2.260
-1.078
2.065
-0.937
-0.993
-3.099
-1.430
1.930
-0.869
-0.724
-3.428
-2.388
-0.052
0.549
-2.670
-3.156
-4.433
-3.383
-2.587
-1.621
-4.905
-3.806
-1.699
-5.053
-2.255
-2.351
-4.873
-2.486
-5.709
-3.636
-2.438
-1.859
-4.032
-2.771
-5.685
-2.041
-3.174
-4.395
-2.479
-6.552
-5.099
-3.409
-4.493
-1.178
-3.978
-4.140
-4.329
-2.379
-3.233
-4.210
-2.837
-3.031
-4.652
-3.312
-1.716
-4.089
-0.698
-0.797
-4.480
-1.158
-0.560
-4.030
-1.746
-1.016
-4.852
-1.828
-2.212
-4.709
-3.335
-3.091
-4.833
-2.120
-2.962
-4.222
-2.052
-0.835
-1.343
-4.559
-2.281
-3.312
-4.746
-2.433
-2.342
-5.296
-1.659
-1.804
-3.920
-0.665
-3.902
-4.107
-3.279
-2.253
-5.712
-2.382
-3.044
-3.901
-1.600
-2.762
-3.748
-3.258
-3.334
-2.878
-3.196
-2.569
-4.150
-1.044
-2.057
0.385
-3.880
-2.330
-2.291
-6.323
-1.850
-0.670
-3.265
-0.533
-3.060
-4.116
-0.999
-1.122
-6.123
0.240
-1.821
-4.649
-1.078
-0.255
-3.950
-1.457
-0.534
-3.892
-0.891
-0.911
-5.666
-0.596
-1.838
-2.648
-4.134
-3.080
-2.017
-2.991
-1.876
-2.042
-1.575
-2.985
-4.062
-1.968
-2.689
-2.864
-4.080
-2.085
-1.267
-1.199
-4.529
-2.585
-3.053
-2.401
-1.164
-1.967
-0.812
-0.825
-2.786
-3.243
-2.274
-3.862
-1.476
-1.406
-2.222
-0.308
-1.895
-1.686
-1.455
-2.718
-0.419
0.092
-2.380
-0.810
-0.695
-0.597
-1.687
-0.284
-4.250
-1.971
-0.346
-3.606
-1.589
0.061
-2.145
-1.193
-0.540
-1.808
-2.882
-0.880
-2.085
-0.862
0.869
-2.656
