-3.326
-1.647
-2.209
-2.795
-2.049
-1.678
-4.371
-1.195
-1.135
-0.938
-0.349
-2.444
-2.143
-3.492
-0.047
-1.406
-2.655
-3.966
-1.074
-0.634
0.907
0.446
-0.766
-1.530
-0.260
-1.368
-1.250
1.412
-0.600
-1.808
1.412
-1.168
-1.066
-0.670
1.679
-0.924
-0.743
1.729
0.508
1.002
-3.614
0.698
-3.847
-4.773
0.362
-3.162
-3.460
1.190
-2.598
-3.822
1.658
-4.795
-5.664
1.019
-3.264
-3.029
1.762
-4.620
-2.934
1.006
-2.357
-3.031
1.093
-3.735
-2.415
-1.121
-4.339
-3.735
-0.780
-4.887
-1.386
-1.423
-5.845
-1.189
-1.109
-4.527
-3.346
-2.069
-4.036
-0.282
-2.856
-2.127
-4.070
-1.921
-1.480
-4.413
-0.056
-2.930
-4.223
-4.216
-2.050
-1.560
-1.033
-3.268
-1.712
-0.383
-3.030
-2.767
-0.246
-2.456
-3.145
-3.464
-2.734
-3.102
-3.210
-3.438
-3.618
-3.084
-3.251
-4.548
-3.192
-3.772
-2.809
-2.389
-4.502
-3.681
-3.962
-4.652
-3.404
-1.981
-2.934
-3.272
-1.330
-3.020
-4.325
-1.888
-3.367
-4.095
-2.030
-4.946
-3.474
-5.684
-3.962
-1.485
-2.708
-0.918
-4.349
-4.854
-3.795
-4.027
-3.465
-1.409
-4.497
-3.465
-2.813
-5.266
-5.557
-4.748
-3.751
-4.574
-2.353
-3.021
-3.681
-3.887
-4.697
-4.537
-3.214
-3.737
-4.312
-4.315
-0.856
-3.947
-0.125
-1.356
-4.378
0.890
0.066
-1.804
-1.802
-0.316
-5.175
-2.083
-2.078
-2.728
-0.381
-2.258
-2.108
-1.066
-1.025
-3.481
0.520
-3.443
-3.806
-1.058
-3.547
-4.354
-1.707
-2.348
-4.121
-2.140
-3.807
-4.540
-1.383
-3.420
-3.875
1.385
-3.778
-4.638
0.439
-2.121
-2.032
1.382
-5.456
-4.338
-0.235
-4.482
-4.041
-0.717
-4.995
-4.493
0.544
-4.186
-4.183
-1.625
-4.944
-4.173
-1.578
-4.167
-2.664
1.819
-2.353
-5.742
-3.459
-1.011
-3.271
-1.836
-0.935
-5.340
-1.174
-1.194
-3.677
-2.316
-0.345
-3.402
-2.986
-0.487
-4.256
-2.364
-0.957
-4.402
-3.026
-0.621
-3.817
-1.070
-1.081
-4.062
-1.692
-3.352
-4.017
-2.767
-0.831
-3.136
-3.404
0.389
-1.274
-0.374
-1.213
-3.829
-3.212
-0.589
-4.267
-3.999
-0.680
-2.381
-2.986
0.297
-4.042
-2.485
-0.629
-1.736
-3.444
0.331
-2.877
-3.110
-0.250
-4.231
-4.002
-1.240
-2.777
-1.474
-1.254
-2.823
-1.458
-2.413
-1.538
-3.086
-2.876
-2.433
-2.755
-0.625
-1.055
-3.130
-2.958
-1.681
-2.014
-2.584
0.600
-3.730
-1.194
-2.496
-0.689
-2.579
0.111
-2.161
-0.154
-3.833
0.392
-2.103
1.030
-2.924
0.233
-2.227
-1.119
-3.210
-0.463
-2.897
-3.437
-2.975
-2.947
-3.771
-4.832
-2.638
-3.334
-4.502
-4.663
-1.693
-2.954
-2.027
-4.373
-3.343
-4.781
-1.887
-3.708
-4.906
-3.665
-2.315
-2.856
-4.183
-5.287
-3.136
-2.193
-1.971
-1.329
-0.103
-1.861
-0.605
-1.996
-1.519
-0.769
-2.223
-0.798
-1.133
-3.502
-1.588
-1.538
-1.423
-0.941
-2.555
-2.783
-2.765
-1.719
-3.114
-1.096
-1.439
-2.489
-2.869
-2.069
0.235
0.597
-1.598
-2.317
-3.373
-3.174
-1.362
-2.308
-2.070
-2.182
-2.134
-1.392
-1.122
-0.780
-4.444
-2.008
-2.425
-5.094
-1.253
-2.017
-2.419
-0.657
-3.048
-2.290
-3.672
-2.766
-3.032
-1.157
-2.194
-2.758
-2.046
-1.030
-4.549
-1.634
-2.040
-2.241
-3.816
-1.283
-3.251
-2.432
-2.619
-2.930
-1.902
-2.343
-2.772
-1.597
-2.963
-1.361
-4.667
-2.677
-2.174
-2.927
-3.794
-1.353
-2.618
-2.605
-4.179
-2.659
-4.304
-4.332
-3.413
-1.910
-2.194
-1.764
-5.170
-3.556
-3.362
-2.697
-5.948
-2.624
-3.054
-2.890
-2.931
-4.157
-4.983
-3.096
-2.187
-0.091
-2.225
-1.769
-3.538
-2.245
-2.454
-1.618
-5.156
0.018
-3.118
-2.397
-5.444
-0.438
-3.211
-2.156
-4.207
-0.660
-2.464
-0.527
-4.451
-1.721
-2.489
-2.790
-5.178
-2.192
-3.067
0.612
-5.547
0.258
-3.652
-2.257
-5.026
-2.332
-1.326
-2.651
-4.292
-2.068
-1.141
-3.359
-1.299
-0.908
-4.646
-2.599
2.019
-2.234
-5.152
-3.052
-1.483
-2.585
-2.910
-2.469
-0.577
-2.739
-3.563
-3.591
-0.868
-0.681
-4.115
-4.766
-1.637
-2.422
-3.406
-4.422
0.444
-0.631
-2.809
-4.457
-0.173
-2.567
-5.167
-4.220
0.218
-3.905
-3.040
-4.003
-1.670
-2.578
1.088
-1.886
-2.989
-3.369
-0.517
0.759
-1.834
-4.072
-1.516
0.330
-2.367
-2.698
-0.810
-0.043
-2.967
-2.995
-0.388
0.837
-1.870
-3.439
-0.279
-0.729
-1.584
-4.432
-0.291
-0.158
-1.189
-3.288
-0.688
-0.977
-2.935
-2.778
0.150
0.254
-1.278
-2.353
-1.441
-1.017
-2.720
-0.661
-1.558
-3.270
-0.572
-1.709
-1.408
-1.775
-0.244
-0.177
-2.135
-2.927
0.234
0.417
-2.224
-0.668
-0.267
0.598
-2.345
-1.300
-0.905
-0.257
-1.756
-1.322
-0.816
-0.392
-1.680
-1.292
-0.443
-0.781
-5.936
-1.396
-0.897
0.223
-2.635
-2.210
-3.045
-0.365
-2.813
-2.110
-1.436
-0.993
-3.080
-2.767
-2.269
-1.830
-4.136
-3.980
-4.492
-2.639
-2.780
-3.318
-2.823
1.267
-4.386
-2.975
-2.785
-1.063
-2.506
-2.315
-3.005
-2.199
-2.877
-3.025
-2.843
-3.109
-3.243
-4.361
-2.183
-1.563
-3.997
-2.386
-3.963
-1.112
-3.476
-2.912
-3.560
-2.439
-3.027
-1.600
-4.418
-1.982
-3.855
-1.084
-3.605
-1.452
-3.263
-1.099
-1.933
-2.517
-3.537
-0.733
-2.742
-1.208
-3.676
-1.024
-4.084
-3.146
-4.412
-2.221
-1.925
-1.615
-3.328
0.235
-1.867
-2.255
-1.862
-0.726
-1.855
-2.023
-2.437
-1.401
-3.684
-4.492
-3.130
-3.162
-1.929
-2.833
-4.399
0.546
-1.586
-3.320
-3.463
-2.552
-1.709
-3.568
-1.626
-2.043
-2.721
-3.040
-2.542
-2.172
-1.204
-3.429
-0.795
-4.082
-1.562
-2.757
-2.500
-2.444
-0.727
-2.993
-2.934
-1.949
-2.124
-2.790
-2.483
-2.657
-1.383
-3.973
-1.685
-3.423
-1.905
-3.394
-1.665
-2.214
-1.380
-2.469
-4.222
-2.244
-1.839
-1.412
-2.535
0.335
-4.991
-2.244
-0.369
-2.244
-4.685
-3.000
-2.009
0.317
-4.488
-4.240
-2.376
-1.685
-4.416
-3.595
-1.496
-1.511
-4.597
-3.287
0.007
-0.140
-2.992
-4.119
-3.291
-0.607
-5.408
-3.898
-2.308
0.330
-4.338
-3.433
-1.410
-0.079
-4.760
-3.858
-1.537
-1.701
-2.194
0.285
-3.210
-1.683
-2.891
0.039
-2.180
-3.627
-3.742
-0.703
-2.867
-3.083
-2.354
-1.506
-1.845
-4.104
-3.972
-0.381
-2.078
-3.607
-2.436
-0.827
-2.513
-3.912
-1.104
0.032
-0.472
-3.500
-1.429
-2.178
-2.217
-3.730
-2.827
0.034
-4.197
-2.574
-3.531
-0.268
-3.008
-2.845
-3.485
-2.596
-2.310
-2.923
-2.926
-1.924
-1.359
-3.290
-2.318
-2.506
-2.455
-3.030
-2.848
-2.373
-2.264
-3.379
-2.098
-3.620
-2.258
-4.571
-2.361
-2.818
-1.112
-1.909
-1.431
-2.511
-0.270
-4.007
0.892
-1.205
-1.702
-3.364
-0.501
-3.809
-0.391
-1.933
0.024
-3.658
-0.410
-2.931
0.010
-1.806
0.256
-1.382
0.423
-1.818
-2.230
-1.863
-1.257
-0.473
-0.333
-0.592
0.062
-2.145
-0.921
-3.505
-0.179
-1.921
-1.243
-2.186
-2.418
-3.304
-2.837
-3.927
-2.538
-4.020
-1.490
-2.440
-2.383
-3.129
-1.480
-2.920
-1.427
-1.670
-2.250
-2.195
-2.058
-2.415
-3.152
-1.920
-1.154
-3.672
-2.638
-4.736
-2.420
-3.543
-1.081
-3.040
-1.425
-1.736
-1.678
-2.704
-2.623
-2.850
-0.254
-2.880
-0.236
-4.488
-0.935
-3.157
-2.344
-2.978
-2.238
-2.757
-1.873
-1.001
-2.450
-0.685
-2.897
-2.984
-4.127
-2.824
-2.650
-0.458
-4.466
-3.370
-2.592
-0.306
-3.298
-1.421
-2.796
