4.992
6.559
4.600
5.903
4.077
4.713
2.376
7.117
5.549
5.102
5.436
5.165
6.542
1.262
6.019
5.015
6.400
3.925
4.514
4.079
6.040
5.899
6.389
6.162
6.308
3.955
5.629
6.572
6.249
5.173
5.655
2.918
3.153
5.024
5.061
4.127
1.865
6.187
5.856
5.011
-2.793
-0.700
-0.140
-0.495
-2.525
-0.593
0.111
1.245
-2.644
-2.167
6.131
6.250
3.165
1.416
1.832
3.996
-0.754
4.100
5.128
3.067
-3.599
-3.051
-1.728
-2.278
-3.156
-2.806
-0.633
-2.049
-4.049
-2.334
4.942
4.092
5.065
0.902
4.000
5.264
3.220
3.660
5.590
3.049
3.427
4.496
3.877
4.056
3.835
3.824
2.215
5.204
3.953
3.769
0.506
-0.285
1.426
-0.998
0.354
-0.477
1.863
0.658
1.023
0.147
3.033
3.334
4.484
4.073
2.092
2.410
3.625
1.935
2.948
3.146
3.600
0.323
0.141
0.681
-0.524
0.111
1.693
2.262
-0.135
0.282
-3.378
-0.803
-3.250
-4.450
-4.826
-2.414
-2.411
-2.560
-3.057
-1.499
1.233
1.389
2.033
1.068
-0.753
0.053
0.440
1.246
-0.224
-0.242
3.202
5.121
5.968
0.774
4.048
3.058
3.091
4.667
4.945
3.538
-1.855
-0.230
-2.461
-1.870
-2.056
-1.034
-0.117
-1.710
-3.059
-1.115
5.155
4.281
4.857
3.274
5.063
7.028
4.861
3.705
4.520
5.283
-0.610
-1.018
-1.283
-0.326
-0.034
-0.782
-0.682
-0.495
-2.381
-2.443
3.355
5.465
6.073
5.704
6.652
7.223
6.257
6.175
5.220
1.310
-0.249
4.159
6.736
6.527
5.410
5.253
4.825
6.360
3.744
3.399
0.734
0.224
-0.762
-2.452
-1.477
-0.168
0.058
-0.288
-0.755
-0.689
4.346
5.754
3.640
7.095
7.023
5.983
4.754
5.012
4.866
5.562
6.099
6.735
7.246
5.127
7.938
5.806
7.551
4.628
6.593
6.981
5.832
6.303
6.284
4.430
7.837
6.538
5.405
7.213
7.409
8.348
0.236
0.683
1.283
0.783
-0.368
-0.393
-0.614
1.574
0.234
0.178
8.151
6.362
7.405
6.744
7.104
8.206
5.763
6.734
6.360
3.476
-0.002
-2.551
0.588
-0.772
-0.393
-0.275
-1.112
-1.403
-1.074
-0.058
2.863
1.952
1.609
2.425
2.746
2.799
2.588
0.758
0.834
2.315
6.182
3.826
6.368
6.989
6.783
7.553
6.037
4.737
4.373
5.313
4.610
4.184
5.533
4.427
4.034
6.039
5.303
1.801
5.545
5.890
4.967
5.476
6.724
1.890
6.833
6.237
7.135
5.260
4.931
1.907
4.708
4.521
4.707
5.464
3.968
4.043
4.750
5.078
4.161
6.205
5.066
5.105
4.910
7.064
5.699
3.461
4.669
3.034
5.378
4.468
3.569
6.218
4.612
2.192
4.591
6.255
6.484
6.559
3.828
6.664
