-3.448
-1.539
-2.004
-2.873
-1.623
-2.241
-4.806
-1.487
-1.170
-1.079
0.252
-2.019
-1.623
-3.218
0.519
-1.154
-2.581
-3.522
-0.961
0.157
1.396
0.984
-0.159
-0.517
0.770
-0.091
-0.432
1.820
0.070
-0.722
0.886
-1.795
-1.144
-0.542
2.332
-1.567
-1.084
1.657
0.919
0.210
-3.738
0.955
-3.945
-3.375
-0.151
-3.440
-2.603
0.897
-3.070
-2.630
1.106
-5.042
-3.038
0.933
-3.881
-5.016
1.296
-4.764
-3.965
0.800
-2.916
-2.981
0.540
-4.208
-3.497
-1.338
-4.594
-2.880
-1.178
-4.798
-2.629
-2.212
-5.209
-1.901
-3.373
-4.435
-1.365
-2.393
-3.444
-1.755
-2.116
-1.729
-4.256
-2.067
-0.804
-3.975
-1.747
-2.559
-0.548
-2.639
-1.449
-2.305
-3.558
-3.070
-0.125
-1.147
-2.685
-2.980
-3.458
-2.010
-5.002
-3.460
-2.848
-5.766
-3.062
-3.829
-3.476
-3.647
-2.692
-4.101
-3.192
-3.658
-5.104
-2.128
-4.261
-2.849
-3.657
-4.461
-3.773
-2.453
-2.743
-2.071
-1.044
-3.412
-4.591
-1.196
-3.380
-3.340
-2.169
-5.196
-2.005
-2.142
-3.110
-3.834
-0.484
-0.631
-1.488
-2.409
-3.052
-3.277
-3.834
-0.787
-3.126
-3.438
-2.667
-3.074
-1.935
-4.619
-2.471
-2.960
-2.402
-3.246
-3.064
-3.527
-2.786
-2.146
-2.658
-2.854
-0.785
-3.877
-1.764
-2.838
-0.661
-0.661
-2.783
1.090
0.363
-0.687
-1.366
-0.096
-1.428
-1.012
-1.269
-1.124
-2.098
-1.142
-2.030
-1.698
-1.127
-1.399
-0.355
-2.741
-2.773
-0.254
-1.385
-3.043
-1.926
-1.096
-1.911
-1.484
-1.683
-3.420
1.003
-3.117
-4.356
0.710
-4.056
-3.440
0.739
-0.664
-2.642
0.877
-3.447
-3.233
0.241
-3.007
-4.481
0.956
-3.866
-3.900
1.780
-3.040
-5.128
0.168
-5.024
-4.220
-0.829
-4.565
-3.870
-1.058
-1.158
-2.883
-3.563
1.194
-1.266
-2.201
-1.227
-4.282
-0.933
0.458
-3.350
-3.027
-0.423
-2.210
-2.972
0.748
-0.888
-1.877
-0.981
-1.988
-1.915
-1.937
-3.098
-2.608
0.850
-1.326
-1.468
-2.039
-1.585
-1.600
-1.808
-5.111
-4.493
-0.752
-4.216
-1.329
-0.929
-3.051
-2.449
-1.609
-2.940
-3.200
-2.054
-4.083
-3.992
-1.190
-4.250
-1.842
-0.775
-2.399
-3.513
-0.017
-3.135
-3.366
-1.575
-4.422
-4.341
-1.033
-3.124
-2.255
-0.406
-2.627
-1.086
-2.405
-2.788
-3.282
-2.192
-2.504
-0.968
-0.778
-4.008
-3.337
-3.026
-1.858
-0.084
-2.409
-0.794
-3.949
-3.543
-2.298
-0.639
-2.796
-1.001
-2.701
0.456
-3.609
-0.454
-2.262
-1.409
-2.492
-0.366
-2.545
-1.254
-2.977
-0.470
-3.304
-2.063
-3.316
-0.038
-3.843
-4.090
-4.280
-2.339
-3.689
-2.034
-3.958
-1.275
-4.509
-3.721
-4.297
-2.941
-5.036
-3.317
-5.329
-2.912
-4.250
-3.725
-5.164
-3.067
-4.600
-0.271
-2.107
-0.368
0.055
-0.463
-0.522
0.148
-1.010
-0.724
-2.144
0.022
-1.463
-0.932
-1.754
-0.121
-1.836
-1.435
-2.343
-2.051
-2.639
-1.101
-2.933
-2.701
-0.072
-1.433
-1.198
-2.549
-0.857
-0.950
-0.270
-2.901
-3.307
-2.288
-2.242
-2.225
-2.462
-1.641
-2.756
-1.241
-1.470
-5.009
-3.914
-5.394
-1.818
-3.233
-0.681
-3.879
-2.429
-3.847
-2.048
-5.001
-3.432
-4.410
-2.769
-4.729
-1.820
-4.078
-1.696
-4.433
-3.861
-2.161
-2.112
-1.889
-1.475
-1.546
-3.369
-2.517
-2.182
-2.952
-1.833
-2.163
-2.006
-2.384
-3.541
-1.390
-3.255
-3.318
-2.300
-2.807
-2.965
-1.797
-2.910
-2.510
-3.582
-3.480
-4.492
-4.218
-3.322
-1.792
-2.554
-1.632
-2.935
-3.788
-4.031
-2.810
-3.712
-2.700
-3.547
-2.856
-3.412
-4.492
-5.070
-3.632
-3.015
0.134
-2.085
-2.739
-3.013
-2.488
-2.256
-2.320
-5.875
0.337
-2.927
-3.292
-4.499
-0.720
-3.155
-2.744
-3.693
-0.441
-2.489
-0.609
-4.710
-1.831
-2.532
-3.014
-4.456
-1.838
-2.651
-0.086
-4.436
-0.763
-3.486
-2.784
-4.680
-2.357
-1.029
-2.991
-4.244
-1.919
-1.004
-3.032
-1.476
-0.936
-4.328
-2.182
1.493
-2.477
-5.419
-2.933
-2.048
-2.345
-2.832
-2.200
-0.946
-2.326
-3.553
-3.632
-1.219
-0.673
-3.900
-4.919
-1.940
-2.047
-3.099
-3.487
0.140
-1.411
-2.634
-4.128
-0.481
-2.651
-4.809
-3.837
-0.122
-3.933
-2.915
-3.332
-2.105
-3.101
0.687
-2.364
-4.942
-2.894
-0.682
0.155
-2.547
-3.951
-1.867
0.171
-3.278
-2.615
-0.744
-0.502
-3.937
-3.041
-0.268
0.221
-2.651
-3.233
-0.632
-1.393
-3.550
-3.911
-0.768
-0.723
-3.816
-3.044
-1.032
-0.892
-4.212
-3.186
0.386
-0.199
-2.702
-2.573
-1.273
-1.460
-4.147
-1.552
-1.235
-2.936
0.549
-2.245
-0.866
-1.604
0.374
-0.243
-2.286
-2.274
0.451
-0.725
-2.003
-0.704
-0.704
0.268
-2.193
-0.552
0.321
-0.401
-1.496
-1.096
0.704
-0.369
-1.335
-0.742
-0.061
-1.411
-5.946
-0.746
0.608
0.532
-2.934
-1.285
-1.157
-0.598
-2.839
-1.729
-0.363
-3.223
-3.346
-1.212
-2.405
-4.091
-3.436
-4.209
-4.199
-2.730
-3.004
-3.270
-2.493
-4.497
-3.109
-3.123
-2.719
-3.187
-2.459
-1.647
-2.759
-2.048
-1.766
-1.910
-2.881
-2.966
-1.558
-4.436
-2.183
-4.119
-1.974
-3.221
-3.558
-3.104
-4.309
-1.944
-3.636
-2.954
-4.017
-1.673
-4.169
1.477
-3.862
1.059
-3.581
0.757
-2.674
1.265
-1.676
-0.688
-3.666
0.465
-3.121
-1.541
-3.625
-0.123
-4.268
-0.137
-4.506
1.225
-2.150
0.466
-3.206
1.930
-1.785
0.433
-1.640
1.491
-1.705
-0.162
-2.618
0.693
-3.569
0.342
-3.346
-0.038
-1.925
0.075
-4.008
2.044
-1.127
-0.687
-4.728
-2.769
-0.262
-0.914
-4.546
-2.479
-0.934
-0.453
-4.345
-2.101
-1.988
-0.903
-4.646
-4.229
-1.298
-0.738
-3.539
-2.272
-1.408
-0.789
-4.338
-2.251
-1.392
-0.045
-2.034
-2.809
-0.074
-0.978
-2.604
-3.558
-1.928
-1.121
-3.931
-2.436
-0.358
-2.637
-4.027
-2.789
-1.259
-0.689
-1.612
-0.998
-4.793
0.270
-0.078
-3.380
-4.400
0.231
-1.972
-1.607
-4.379
-1.221
-2.094
-1.907
-4.198
-1.463
-0.862
-2.906
-4.007
-1.645
0.539
-1.119
-2.584
-0.643
-2.708
-1.301
-5.144
-0.900
-1.972
-2.713
-4.039
-0.197
-0.981
-0.507
-4.806
-1.280
-0.774
-2.616
-1.706
-1.133
-2.153
-1.616
-2.600
-1.153
-1.234
-3.703
-3.698
-1.338
-2.433
-2.444
-1.654
-2.823
-2.588
-3.940
-3.690
-0.144
-0.944
-3.290
-2.377
-1.315
-2.486
-3.595
-0.563
-0.153
-1.049
-3.220
-1.288
-1.801
-2.809
-3.629
-2.987
-2.839
-2.520
-2.717
-3.602
-2.650
-1.942
-2.289
-3.331
-2.165
-2.319
-1.915
-2.826
-1.520
-1.206
-3.118
-2.255
-1.862
-2.193
-2.599
-3.128
-1.303
-2.156
-3.455
-2.157
-3.082
-1.826
-4.083
-2.360
-3.317
-1.392
-3.018
-1.076
-2.793
-0.393
-3.868
1.195
-1.787
-2.047
-3.372
-0.443
-3.669
-0.589
-2.087
-0.246
-3.511
-0.560
-3.327
-0.283
-1.904
-0.692
-1.748
-0.161
-1.873
-2.489
-1.527
-1.893
-0.398
-0.753
-0.823
-0.748
-1.960
-1.138
-3.779
-0.151
-2.196
-1.534
-1.506
-2.654
-1.680
-2.815
-3.527
-2.064
-3.839
-0.798
-2.304
-1.989
-3.450
-1.499
-3.495
-1.049
-1.899
-2.291
-2.649
-1.370
-2.587
-3.097
-1.869
-0.993
-2.302
-2.781
-4.770
-2.249
-2.537
-1.242
-2.677
-1.972
-1.322
-1.243
-1.837
-2.218
-2.186
-0.001
-2.901
-0.517
-4.658
-1.082
-2.523
-2.848
-3.408
-2.795
-2.588
-1.350
-1.043
-1.510
-1.098
-1.775
-3.169
-3.459
-2.776
-2.789
-0.789
-3.063
-3.693
-1.799
-0.298
-3.111
-1.848
-2.053
