-4.038
-5.031
-1.609
-4.812
-3.373
-3.941
-2.486
-4.976
-2.858
-5.751
-3.317
-3.865
-4.321
-4.959
-3.091
-6.199
-2.881
-3.394
-1.710
-3.708
-4.798
-2.738
-2.181
-2.052
-5.666
-3.485
-2.957
-3.504
-1.273
-2.280
-3.605
-3.334
-4.344
-2.004
-4.604
-3.364
-3.179
-2.898
-2.699
-4.208
-2.774
-0.695
-1.864
-4.232
-3.442
-2.520
-2.132
-2.020
-1.948
-3.425
-3.428
-1.656
-4.714
-3.367
-3.462
-4.401
-3.376
-4.282
-2.133
-3.208
-0.293
-3.316
-2.757
-2.588
-1.283
-3.274
-2.239
-3.728
-0.986
-3.428
0.850
-1.796
-0.404
-2.027
-0.037
-2.439
-1.662
-2.512
-0.320
-1.453
3.868
-3.955
-4.279
-3.193
4.176
-2.079
-2.980
-1.601
2.849
-3.152
-6.140
-2.401
0.612
-2.888
-3.448
-4.155
5.810
-0.138
-5.042
-1.812
2.358
-2.776
-2.433
-1.488
2.667
-0.832
-2.989
-3.249
2.080
-1.115
-3.569
-0.494
3.793
-2.941
-4.880
-1.049
4.803
-0.802
-5.156
-1.415
-3.950
-3.124
-2.421
-4.277
-2.999
-4.078
-3.555
-4.657
-3.666
-3.045
-3.537
-5.531
-1.886
-2.118
-3.556
-5.482
-2.779
-4.575
-3.758
-5.913
0.138
-3.361
-3.785
-5.460
-1.077
-2.507
-4.960
-5.272
-2.320
-2.904
-6.076
-5.187
-1.330
-4.713
-4.327
-3.678
-1.973
-3.755
-2.109
-3.873
-2.206
-1.568
-1.684
-2.459
-1.383
-3.657
-1.877
-2.286
-3.060
-2.830
-3.377
-3.303
-1.056
-3.730
-3.245
-3.111
-1.739
-2.508
-3.593
-3.006
-3.178
-3.864
-3.316
-2.828
-1.997
-2.521
-2.697
-2.534
-2.019
-1.102
-1.439
-1.904
-3.105
-1.017
-3.111
-3.654
-3.639
-2.099
-1.791
-3.353
-1.002
2.452
-0.474
-2.544
0.438
3.047
-1.995
-0.740
-0.688
1.713
-1.823
-0.527
-2.190
3.312
-2.242
-1.593
-1.197
4.657
-1.730
1.072
-0.372
2.252
-2.851
-0.913
-2.821
3.509
-1.801
-0.366
-1.594
3.859
-1.956
1.105
-0.057
3.047
-3.824
-2.688
-1.863
1.681
-2.547
-2.040
-3.074
-2.068
-2.543
-5.166
-2.080
-3.995
-4.322
-3.058
-0.242
-1.488
-2.412
-2.608
-2.265
-2.723
-2.064
-2.208
-1.388
-2.181
-3.980
-2.573
-0.726
-1.606
-3.451
-4.114
-1.444
-3.975
-4.457
-2.971
-2.373
-1.095
-2.429
-1.258
-1.120
-2.148
-5.111
-4.701
-3.783
-3.104
-3.893
-4.228
-4.952
-3.826
4.680
-3.275
-2.125
-2.674
2.397
-1.900
-3.839
-2.163
2.509
-3.754
-3.072
-3.386
1.942
-2.035
-1.001
-3.540
4.125
0.126
-4.803
-4.203
5.497
-1.578
-3.134
-3.930
2.295
-3.599
-2.318
-3.270
3.041
-1.586
-1.334
-2.901
4.593
-2.194
0.116
-1.076
1.058
-0.949
-0.661
-4.764
-4.940
-3.675
-1.800
-3.660
0.037
-2.599
0.148
-4.865
-5.511
-2.161
0.354
-4.094
-3.000
-1.741
-1.771
-3.852
-3.760
-1.049
-1.102
-4.607
-4.273
-1.838
-2.708
-4.484
-1.358
-1.976
-1.234
-4.224
-3.963
-0.398
-0.621
-4.050
-4.241
-2.727
-1.697
-4.778
-3.231
-1.626
0.839
3.682
-3.058
-2.708
0.410
4.759
-3.499
-1.317
-0.005
5.112
-3.535
-2.215
1.033
1.640
-2.950
-1.674
0.489
3.786
-3.055
-0.197
-1.154
3.201
-3.528
-2.289
-1.965
1.244
-3.997
-1.500
0.170
2.369
-3.262
-1.607
1.155
3.238
-2.979
-0.902
-0.328
3.196
-3.003
-2.880
-2.865
-5.588
-3.493
-2.041
-5.058
-4.419
-1.626
-5.070
-2.873
-3.426
-5.154
-5.067
-2.850
-6.372
-4.638
-3.284
-3.871
-4.663
-2.705
-6.047
-3.417
-3.736
-5.460
-4.383
-1.330
-4.512
-4.737
-1.589
-3.401
-5.659
-2.030
2.697
-2.393
-2.086
4.769
-4.554
-1.942
4.081
-3.347
-1.135
4.003
-3.451
-4.044
3.791
-3.834
-1.185
3.864
-4.431
-2.150
3.500
-3.491
-0.325
4.397
-3.197
-1.597
3.399
-3.030
-2.440
5.082
-4.084
1.346
-0.324
-5.858
3.495
-1.370
-2.974
2.101
-2.022
-2.059
3.752
-1.575
-2.624
2.306
-1.418
-2.155
3.841
-1.103
-1.358
2.714
-3.675
-1.716
1.456
-4.814
-1.564
4.354
-1.602
-3.558
3.711
-3.834
-3.476
-1.876
1.692
-1.988
-1.671
0.658
-2.778
-1.352
2.168
-3.018
-0.689
2.345
-2.892
-0.267
0.124
-0.474
-1.416
1.207
-3.730
-2.137
2.137
-3.321
1.186
2.141
-1.731
0.439
0.997
-1.709
0.282
2.215
-3.391
4.814
-2.219
-0.828
5.106
-1.724
-3.009
5.798
-1.194
-2.436
5.624
-1.863
-1.878
3.677
-2.131
-2.662
4.374
-1.426
-2.971
4.930
-0.970
-1.438
1.426
-2.887
-2.004
6.359
-1.216
-2.547
5.432
-3.528
-2.070
-1.109
3.005
-2.977
-0.888
4.139
-2.021
-2.099
3.563
-0.818
-0.534
4.459
-2.517
-1.294
1.341
1.322
-1.323
1.835
-2.396
-1.779
1.933
-1.261
-2.435
3.229
0.392
-0.427
1.951
-1.473
-2.947
3.800
-1.934
-3.014
-3.274
-5.108
-2.452
0.354
-2.216
-1.584
-1.921
-2.512
-2.517
-3.664
-3.826
-2.995
-1.187
-2.060
-3.147
-2.496
-3.069
-1.908
-1.591
-2.519
-4.311
-4.621
-3.989
-4.207
-3.743
-3.249
-4.459
-2.939
-0.507
-1.651
-3.285
-4.265
-3.311
-1.957
-3.230
0.639
-2.238
-0.427
-3.383
-1.934
-1.175
-3.814
-3.781
-2.413
-3.092
-2.857
-4.599
-0.886
-2.274
-3.469
-3.070
-2.913
-0.054
0.849
-2.872
-3.650
-3.853
-1.653
-1.040
-2.341
-3.067
-5.212
-0.713
1.585
-4.475
-3.716
-3.739
-1.801
1.141
-3.260
-3.430
-4.591
-1.843
0.079
-2.023
-1.644
-2.857
-1.509
-1.098
-2.676
-3.342
-3.710
-1.149
1.100
-0.547
-1.797
-4.057
0.610
0.211
-2.113
-3.319
-2.574
-1.747
-0.956
-3.216
-3.213
-3.360
-1.556
-1.477
-3.303
-2.547
-5.362
-3.339
-5.108
-3.629
-2.893
-3.971
-3.001
-4.775
-4.241
-4.669
-4.167
-3.339
-3.263
-2.487
-2.401
-4.308
-4.475
-5.550
-0.825
-4.587
-2.028
-5.035
-4.933
-2.623
-3.496
-2.992
-4.094
-4.401
-2.420
-4.068
-4.085
-4.708
-5.965
-2.592
-3.263
-3.073
-3.854
-3.028
-2.875
-2.526
-2.648
-3.072
-5.400
-4.325
-2.957
-2.960
-4.850
-4.709
-3.887
-2.313
-6.233
-0.743
6.245
-3.488
-1.963
-3.391
-2.263
7.804
-3.209
-0.568
-2.744
-1.116
5.196
-4.723
-4.319
-3.105
-2.278
3.376
-2.116
-2.982
-3.161
-2.336
4.459
-1.597
-1.775
-3.463
-0.898
2.850
-3.210
-3.499
-2.487
-2.927
3.165
-3.473
-2.056
-3.303
-2.575
7.784
-4.120
-2.251
-2.438
-3.886
5.201
-3.863
-2.834
-4.054
-3.462
7.177
-1.881
-4.172
-5.653
-0.943
-1.797
-0.095
-3.388
-3.204
-0.337
-3.047
-0.684
-1.567
-1.997
0.010
0.295
-1.082
-2.481
-4.461
-3.092
-1.148
-1.893
-2.347
-0.413
-0.228
-1.995
-1.267
-2.806
-3.284
-1.273
-0.692
-1.216
0.245
-1.421
-2.854
-4.209
-2.105
-3.543
-4.837
0.264
-0.336
-1.791
-3.269
-4.762
-2.398
-4.449
-1.943
-3.729
-4.225
-1.114
-3.145
1.514
-0.123
-2.718
6.715
-1.575
-0.571
-1.840
-2.848
4.949
-2.368
1.242
-1.482
-2.758
7.074
-0.277
-0.112
-2.029
-3.952
6.685
-1.802
-0.359
-1.814
-3.464
3.444
-2.274
0.472
-0.488
-1.884
4.349
-1.426
-1.034
-0.163
-1.421
5.715
-2.822
-0.807
-3.659
-0.588
5.503
-1.638
-1.398
-0.275
-2.200
5.584
-1.761
-0.959
-2.898
-2.677
5.250
-2.563
-2.883
-4.105
-2.745
-3.261
-2.053
-4.127
-4.904
-3.170
-3.030
-1.017
-4.015
-4.366
-2.132
-5.469
-3.471
-3.241
-3.255
-2.006
-4.613
-1.519
-3.715
-4.375
-2.927
-3.037
-2.185
-4.230
-4.440
-2.167
-5.820
-2.796
-2.541
-4.290
-3.374
-6.174
-1.504
-2.296
-3.498
-2.388
-3.136
-2.228
-4.552
-5.366
-2.278
-3.415
-1.246
-4.169
-4.240
-2.653
-4.434
-3.978
-1.468
5.961
-1.700
-3.038
-4.290
-2.128
6.003
-3.365
-3.314
-3.957
-0.699
4.395
-3.393
-3.887
-2.700
-1.638
4.113
-3.894
-0.636
-3.281
-0.264
4.986
-3.304
-2.053
-4.604
-1.057
5.710
-2.047
-2.415
-3.593
-1.229
6.782
-2.415
-1.740
-3.038
-0.577
5.577
-3.048
-1.854
-4.001
-2.487
3.544
-3.073
-4.398
-3.033
-0.510
4.550
-2.611
-2.655
-4.071
0.386
-3.226
-1.213
-0.930
1.752
1.783
-2.092
-2.284
-2.435
-1.277
3.751
-1.139
-1.846
-2.141
-1.595
4.737
-1.516
-3.160
-0.759
-2.561
3.521
-2.930
-1.998
-0.903
-0.675
3.539
-2.064
-3.419
0.424
-1.336
5.054
-2.736
-1.445
-0.265
-0.656
4.756
-2.755
-3.950
-0.872
-1.531
3.364
-4.255
-4.133
-2.539
-2.644
4.245
-3.746
-2.532
-0.542
-1.378
0.541
1.830
-1.521
-1.462
-3.018
-0.031
-1.794
-0.723
-3.295
-3.581
1.037
0.203
0.896
-1.567
-0.623
-0.232
0.519
0.162
-0.974
-2.571
0.346
1.342
-0.782
-3.123
-3.696
0.778
-0.716
-0.625
-3.189
-2.334
0.407
1.538
-0.419
-1.072
-2.274
1.239
-0.069
-0.820
0.665
-3.014
1.178
-0.960
-0.217
-0.401
-3.533
-0.650
-0.079
-0.291
-1.917
-3.138
-4.536
-3.088
-2.330
-2.029
-5.720
-4.072
-2.224
-5.346
-2.254
-2.295
-5.596
-2.257
-5.484
-4.165
-2.125
-2.096
-4.625
-2.649
-6.132
-2.467
-2.833
-4.440
-2.465
-6.407
-5.470
-3.093
-4.056
-1.820
-4.365
-4.594
-3.749
-2.917
-3.064
-4.336
-3.281
-2.767
-4.632
-3.452
-1.748
-3.613
-1.095
-0.678
-4.724
-1.598
-0.443
-4.075
-2.182
-1.261
-4.471
-2.425
-2.614
-4.090
-3.857
-2.598
-4.608
-2.534
-2.798
-4.288
-2.292
-0.829
-0.548
-4.358
-2.546
-3.083
-4.101
-2.339
-1.497
-4.398
-1.876
-0.765
-3.596
-0.925
-2.618
-3.561
-3.399
-2.399
-4.906
-2.071
-2.882
-3.534
-1.705
-2.383
-3.335
-3.196
-2.673
-2.519
-3.080
-1.845
-3.652
-0.761
-0.058
0.462
-3.866
-0.135
-1.864
-5.870
-0.187
-0.661
-2.529
2.340
-2.348
-3.334
1.039
-0.598
-6.376
1.898
-1.658
-4.216
0.575
-0.421
-3.599
0.545
-0.556
-3.888
1.123
-1.102
-5.135
1.150
-1.127
-2.381
-3.680
-2.567
-1.913
-2.737
-0.158
-2.381
-0.816
-2.102
-4.251
-1.734
-1.291
-3.415
-3.884
-0.646
-1.491
-1.310
-2.068
-2.940
-2.925
-0.946
-1.586
-1.994
0.575
-1.443
-2.995
-1.823
-2.827
-3.174
0.323
-1.113
-2.292
-0.785
-2.032
-1.028
-1.269
-3.140
-0.489
-0.423
-2.321
-0.957
-0.583
-0.288
-1.231
-0.467
-4.343
-2.211
-0.744
-3.801
-1.876
-1.166
-1.759
-0.802
-0.576
-1.415
-2.966
-0.944
-2.226
-0.763
0.218
-2.915
