-11.679
-7.874
-8.801
-10.532
-8.041
-9.273
-14.386
-7.771
-7.137
-6.956
-4.460
-9.038
-8.240
-11.456
-3.921
-7.294
-10.172
-12.067
-6.906
-4.651
-1.425
-2.198
-4.347
-5.019
-2.601
-4.218
-4.858
-0.630
-3.915
-5.403
-2.934
-8.039
-6.816
-5.543
-0.016
-7.642
-6.652
-1.353
-2.689
-4.249
-7.675
-1.923
-10.495
-5.897
-3.935
-9.594
-4.604
-2.029
-8.935
-5.096
-1.649
-12.452
-6.303
-1.963
-10.380
-8.241
-1.303
-11.956
-6.202
-2.204
-8.660
-5.121
-2.677
-10.964
-6.742
-6.092
-11.653
-5.831
-5.800
-12.017
-4.930
-6.044
-12.750
-4.523
-7.909
-11.368
-3.192
-6.335
-9.600
-4.624
-5.888
-6.541
-6.864
-5.810
-4.891
-6.404
-5.296
-8.021
-1.953
-6.729
-6.041
-5.091
-8.207
-8.933
-1.282
-4.332
-8.246
-5.441
-8.046
-7.042
-10.528
-9.951
-8.537
-11.757
-9.226
-10.288
-8.076
-10.289
-8.259
-9.080
-9.463
-9.982
-10.693
-7.528
-11.058
-7.067
-10.309
-11.416
-8.553
-8.118
-8.351
-5.816
-5.558
-9.545
-9.868
-5.834
-9.487
-7.857
-7.603
-12.726
-4.477
-5.930
-9.313
-6.415
-3.265
-4.807
-4.032
-6.360
-9.209
-7.257
-8.650
-5.090
-7.202
-8.014
-8.508
-5.858
-5.597
-12.058
-5.988
-7.246
-8.027
-6.795
-7.413
-10.072
-5.766
-5.936
-8.491
-5.483
-3.748
-10.708
-6.435
-10.118
-3.702
-5.892
-11.643
-0.839
-2.904
-7.158
-4.854
-3.264
-12.058
-4.276
-3.688
-9.577
-6.050
-5.883
-7.787
-5.396
-4.179
-9.416
-3.201
-6.701
-10.818
-3.036
-6.734
-11.979
-5.769
-4.707
-11.031
-5.048
-7.937
-10.640
-0.229
-9.820
-10.069
-2.257
-8.055
-11.520
-3.356
-6.740
-7.301
-0.977
-8.258
-10.524
-1.261
-9.917
-10.470
-1.528
-9.215
-11.088
-0.940
-10.987
-10.642
-1.955
-10.033
-10.516
-4.606
-10.066
-7.803
-4.139
-7.121
-7.333
-3.948
-4.684
-4.690
-2.214
-6.357
-9.620
-1.251
-4.993
-8.098
-2.683
-2.225
-6.234
-4.339
-3.296
-4.073
-2.929
-3.804
-5.871
-2.446
-3.693
-7.685
-3.571
-3.661
-4.789
-3.080
-7.794
-5.211
-1.789
1.250
-10.975
-7.934
-3.839
-9.513
-4.553
-4.311
-7.608
-4.720
-2.865
-7.428
-7.049
-5.595
-9.295
-7.623
-3.636
-9.569
-5.881
-1.960
-6.542
-5.421
-0.770
-7.746
-5.800
-4.288
-9.849
-6.806
-4.100
-7.728
-4.200
-10.040
-9.118
-5.409
-8.698
-9.719
-10.358
-12.073
-8.884
-12.681
-5.614
-8.184
-10.462
-8.430
-7.660
-8.610
-8.705
-9.285
-11.622
-6.621
-8.495
-4.847
-9.437
-4.553
-9.257
-3.678
-10.979
-2.381
-8.426
-1.642
-8.862
-3.232
-8.963
-4.417
-9.780
-3.784
-10.401
-10.157
-10.422
-8.939
-11.421
-11.559
-8.907
-10.317
-11.108
-11.043
-6.739
-11.831
-8.310
-11.559
-8.853
-12.935
-7.407
-13.257
-11.538
-11.489
-7.074
-12.884
-10.494
-12.123
-9.328
-2.657
-8.268
-2.808
-4.142
-2.956
-5.242
-2.005
-6.174
-3.361
-8.338
-2.200
-7.039
-3.685
-7.594
-2.423
-7.752
-4.469
-8.718
-5.429
-9.284
-4.251
-6.801
-6.823
-2.347
-4.785
-4.100
-6.579
-3.569
-4.009
-2.655
-7.143
-7.383
-6.159
-5.725
-6.058
-6.068
-5.119
-6.526
-4.476
-4.524
-10.532
-11.717
-11.151
-7.715
-7.678
-5.547
-8.716
-8.882
-8.664
-8.154
-10.519
-10.796
-9.570
-9.530
-10.083
-7.720
-9.036
-7.484
-9.607
-11.615
-7.468
-8.024
-9.671
-8.108
-6.359
-10.388
-10.997
-9.549
-8.895
-7.500
-10.249
-9.190
-7.870
-10.712
-8.614
-11.734
-9.555
-8.377
-11.609
-11.142
-6.811
-9.525
-10.982
-12.399
-9.847
-12.501
-14.590
-11.869
-6.803
-8.856
-9.126
-11.081
-10.403
-11.634
-11.615
-12.663
-8.440
-10.724
-11.713
-12.053
-11.671
-14.750
-13.352
-11.244
-3.329
-8.840
-11.465
-11.240
-8.057
-9.178
-10.581
-17.068
-2.963
-10.507
-12.634
-14.266
-4.869
-10.959
-11.477
-12.625
-4.366
-9.640
-6.965
-14.695
-6.873
-9.725
-12.047
-14.178
-6.885
-9.961
-5.860
-14.137
-4.947
-11.614
-11.560
-14.635
-7.822
-6.748
-11.997
-13.745
-7.032
-6.701
-9.755
-8.797
-5.259
-13.281
-8.157
-2.525
-8.039
-15.440
-9.568
-10.006
-7.799
-10.320
-8.190
-7.678
-7.765
-11.747
-10.883
-8.254
-4.785
-12.433
-13.304
-9.777
-7.263
-10.847
-10.610
-5.383
-6.116
-9.927
-11.816
-6.696
-8.353
-14.233
-11.270
-5.935
-10.664
-10.483
-10.319
-10.127
-10.851
-2.761
-10.673
-15.168
-10.441
-5.336
-5.350
-10.290
-12.534
-7.563
-5.317
-11.779
-9.889
-5.451
-6.739
-13.121
-10.732
-4.556
-5.211
-10.504
-11.112
-5.242
-8.621
-12.333
-12.456
-5.497
-7.207
-12.876
-10.739
-5.993
-7.563
-13.682
-11.019
-3.327
-6.099
-10.606
-9.806
-6.447
-8.763
-13.549
-6.369
-7.158
-9.575
-3.988
-7.620
-6.427
-7.069
-4.343
-4.010
-9.237
-8.330
-4.187
-4.879
-8.677
-5.376
-6.539
-3.087
-9.054
-5.090
-4.452
-4.293
-7.674
-6.114
-3.672
-4.236
-7.355
-5.448
-5.229
-6.115
-16.484
-5.455
-3.867
-2.611
-10.520
-6.469
-7.462
-4.649
-10.332
-7.304
-5.844
-8.821
-9.535
-6.076
-10.271
-10.334
-9.698
-11.610
-13.968
-7.964
-8.921
-9.875
-10.453
-11.041
-9.111
-9.604
-10.919
-8.760
-7.944
-6.879
-11.002
-6.775
-6.699
-7.363
-11.254
-8.374
-6.324
-12.029
-9.814
-10.383
-7.072
-9.785
-12.648
-8.614
-11.267
-7.427
-12.809
-8.353
-10.740
-6.926
-13.905
-0.635
-12.981
-1.882
-12.695
-1.891
-10.565
-1.501
-8.771
-4.407
-12.582
-2.978
-11.747
-5.892
-12.499
-4.065
-14.110
-3.448
-14.290
-1.575
-9.747
-2.397
-11.646
-0.272
-8.995
-2.455
-8.461
-1.084
-8.830
-3.490
-10.451
-2.557
-12.670
-2.613
-11.932
-3.907
-9.282
-3.078
-13.278
-0.062
-7.639
-4.406
-12.019
-10.757
-4.321
-4.801
-11.692
-10.169
-5.561
-3.998
-11.330
-9.399
-7.508
-4.781
-11.872
-13.728
-6.234
-4.493
-9.882
-9.747
-6.437
-4.583
-11.318
-9.705
-6.407
-3.286
-7.179
-10.839
-3.973
-4.912
-8.204
-12.363
-7.397
-5.162
-10.587
-10.081
-4.498
-7.802
-10.760
-10.798
-6.162
-4.765
-8.405
-5.681
-15.191
-3.042
-5.284
-10.078
-14.381
-3.111
-9.137
-6.805
-14.338
-5.720
-9.386
-7.358
-13.966
-6.155
-6.879
-9.204
-13.573
-6.481
-4.030
-5.904
-10.642
-4.682
-10.634
-6.240
-15.914
-5.144
-9.137
-8.847
-13.639
-3.880
-7.122
-4.773
-15.219
-5.825
-6.699
-8.668
-8.833
-5.182
-7.393
-8.413
-10.674
-5.217
-5.742
-12.657
-12.935
-5.539
-7.896
-10.097
-8.724
-8.125
-8.174
-13.139
-12.920
-3.460
-5.222
-11.817
-10.215
-5.499
-7.992
-12.437
-6.478
-3.475
-5.411
-11.675
-7.971
-6.345
-8.571
-12.508
-11.472
-8.153
-8.052
-10.652
-12.739
-7.825
-7.015
-9.782
-12.179
-10.097
-8.990
-9.572
-9.977
-8.744
-6.825
-12.094
-8.865
-9.460
-8.744
-11.005
-10.564
-8.290
-8.672
-12.802
-8.675
-12.020
-8.030
-14.117
-9.069
-12.512
-7.209
-11.885
-6.592
-11.412
-5.263
-13.667
-2.168
-9.304
-8.484
-12.628
-5.360
-13.250
-5.645
-9.934
-4.976
-12.919
-5.587
-12.533
-5.049
-8.205
-5.824
-7.902
-4.792
-8.146
-9.320
-7.472
-8.161
-5.272
-5.943
-6.100
-5.933
-8.315
-6.691
-11.858
-4.772
-8.775
-7.462
-7.431
-9.641
-7.964
-9.657
-11.025
-8.222
-11.426
-5.801
-8.445
-8.079
-10.869
-7.142
-10.801
-6.281
-7.480
-8.657
-8.485
-6.896
-8.463
-10.197
-7.732
-6.173
-6.800
-9.593
-10.972
-8.576
-7.197
-6.650
-7.435
-8.046
-5.144
-6.652
-6.015
-8.516
-6.604
-4.277
-7.813
-5.264
-10.781
-6.345
-7.174
-9.722
-8.670
-8.859
-7.283
-6.754
-4.673
-7.310
-4.765
-8.350
-8.265
-10.753
-7.602
-9.851
-4.244
-10.781
-9.151
-8.412
-3.414
-9.613
-6.033
-7.551
