5.096
8.257
4.306
6.934
3.251
4.534
-0.178
9.381
6.219
5.319
6.028
5.489
8.233
-2.292
7.191
5.190
7.950
3.017
4.191
3.323
7.265
7.058
7.990
7.553
7.820
3.047
6.522
8.170
7.595
5.588
6.574
1.433
1.875
5.388
5.457
3.703
-0.544
7.572
6.951
5.363
-6.978
-3.612
-2.713
-3.283
-6.546
-3.440
-2.308
-0.485
-6.737
-5.971
7.487
7.703
2.095
-1.086
-0.329
3.605
-5.031
3.794
5.664
1.917
-6.951
-6.774
-3.654
-5.130
-6.577
-4.975
-2.546
-4.568
-7.987
-4.988
5.362
3.845
5.581
-1.847
3.682
5.936
2.290
3.075
6.518
1.984
-0.170
2.430
1.919
1.784
1.799
2.397
0.236
1.530
2.495
1.233
-1.793
-3.086
-0.290
-4.252
-2.043
-3.401
0.425
-1.546
-0.949
-2.381
-2.539
0.775
-2.217
-0.011
-2.814
-0.444
-2.828
-5.179
0.113
-3.934
4.609
3.302
2.959
1.327
3.837
1.785
4.015
5.839
0.655
3.032
3.599
2.269
1.832
5.173
2.955
1.201
3.408
1.803
2.808
2.552
-4.332
-5.159
-2.179
-4.167
-5.721
-3.858
-5.451
-3.958
-6.683
-3.056
1.925
5.559
7.165
-2.674
3.528
1.652
1.714
4.700
5.226
2.561
-5.462
-2.850
-6.436
-5.487
-5.786
-4.144
-2.669
-5.230
-7.397
-4.273
5.591
3.922
5.022
2.000
5.415
9.165
5.030
2.823
4.379
5.833
-3.184
-3.820
-4.233
-2.742
-2.287
-3.452
-3.297
-3.005
-5.942
-6.038
1.930
6.107
7.310
6.580
8.457
9.586
7.674
7.512
5.621
-2.119
-4.520
3.769
8.616
8.224
6.122
5.827
5.023
7.908
2.988
2.341
-3.610
-4.650
-6.657
-10.098
-8.112
-5.447
-4.987
-5.691
-6.641
-6.508
4.268
6.805
2.994
9.225
9.095
7.220
5.003
5.468
5.204
6.460
7.208
8.552
9.631
5.155
11.095
6.589
10.277
4.101
8.253
9.072
6.736
7.694
7.656
3.885
10.814
8.173
5.868
9.546
9.944
11.853
-3.102
-2.300
-1.222
-2.120
-4.187
-4.233
-4.630
-0.700
-3.107
-3.206
11.474
7.788
9.936
8.574
9.317
11.587
6.554
8.554
7.783
1.842
-3.212
-7.651
-2.184
-4.553
-3.892
-3.687
-5.145
-5.653
-5.079
-3.309
1.451
-0.232
-0.865
0.641
1.234
1.333
0.943
-2.436
-2.296
0.438
7.546
2.957
7.908
9.118
8.717
10.217
7.264
4.732
4.021
5.853
4.490
3.662
6.286
4.133
3.370
7.271
5.839
-0.974
6.309
6.981
4.858
5.926
8.542
-1.593
8.771
7.521
9.403
5.473
4.782
-1.559
5.046
4.730
5.045
6.323
3.795
3.923
5.117
5.670
4.122
7.576
6.954
5.803
5.239
9.306
7.578
2.801
5.904
2.217
6.173
5.813
2.551
7.617
4.546
-0.082
4.505
7.688
8.125
8.270
3.045
8.469
