-12.854
-15.111
-8.014
-14.668
-11.529
-12.914
-9.762
-14.999
-10.503
-16.562
-11.418
-12.760
-13.419
-14.964
-10.968
-17.466
-10.549
-11.810
-8.215
-12.443
-14.369
-10.488
-9.152
-9.104
-16.100
-11.994
-10.700
-12.031
-7.344
-9.564
-11.992
-11.689
-13.464
-9.007
-13.983
-11.749
-11.143
-10.810
-10.187
-13.452
-9.256
-5.942
-7.548
-12.786
-10.512
-9.279
-8.051
-8.481
-7.706
-11.161
-10.485
-7.839
-12.900
-11.029
-10.549
-13.058
-10.388
-12.839
-8.052
-10.731
-4.598
-10.908
-9.225
-9.411
-6.457
-10.807
-8.252
-11.593
-5.900
-11.041
-2.452
-7.773
-4.806
-8.425
-4.116
-9.178
-7.169
-9.238
-4.649
-7.335
1.645
-8.846
-11.439
-9.154
2.021
-5.829
-9.076
-6.312
1.125
-7.554
-14.823
-7.740
-0.638
-7.129
-9.929
-10.869
5.175
-2.709
-12.827
-6.690
0.545
-6.949
-8.082
-6.110
1.526
-3.825
-9.094
-9.253
0.395
-4.279
-10.148
-4.337
1.962
-7.215
-12.532
-5.327
3.606
-3.776
-13.034
-5.980
-7.336
-7.510
-8.061
-11.087
-6.492
-9.043
-10.122
-11.765
-7.441
-7.383
-10.090
-13.324
-4.367
-5.893
-10.124
-13.238
-6.598
-9.842
-10.491
-14.006
-2.500
-7.890
-10.541
-13.198
-3.920
-6.517
-12.677
-12.863
-5.811
-7.155
-14.706
-12.712
-4.015
-10.063
-11.526
-10.018
-4.945
-8.524
-7.495
-10.367
-4.195
-5.008
-6.720
-7.843
-5.222
-8.366
-7.072
-7.535
-6.237
-7.037
-9.799
-9.349
-4.014
-8.484
-9.560
-9.008
-5.158
-6.518
-10.192
-8.819
-7.229
-8.699
-9.688
-8.501
-4.770
-6.539
-8.563
-7.977
-5.307
-4.259
-6.276
-6.853
-5.344
-4.121
-9.315
-9.975
-6.737
-5.861
-6.916
-9.438
-2.132
1.455
-4.522
-7.995
-0.238
2.413
-7.287
-4.777
-1.903
0.268
-6.974
-4.395
-3.704
2.838
-7.736
-6.298
-1.987
5.001
-6.805
-1.543
-2.220
1.133
-8.842
-5.084
-5.318
3.154
-6.934
-4.109
-3.221
3.717
-7.215
-1.484
-0.605
2.412
-10.612
-8.252
-3.224
0.215
-8.289
-7.096
-7.115
-4.376
-6.778
-7.417
-9.725
-7.322
-9.686
-2.607
-6.128
-3.118
-6.563
-0.802
-7.644
-6.460
-5.994
-3.190
-5.713
-9.697
-9.126
-2.494
-5.678
-4.872
-8.262
-3.741
-8.830
-9.668
-9.907
-3.285
-4.552
-6.285
-6.592
-5.007
-6.911
-3.814
-10.975
-4.451
-8.332
-7.631
-8.985
-5.811
-9.727
-8.096
5.029
-7.236
-7.193
-6.359
1.298
-5.134
-7.083
-6.385
1.480
-7.632
-8.558
-8.474
0.554
-4.904
-7.581
-9.938
4.121
-1.658
-9.952
-8.841
6.364
-6.312
-9.706
-6.282
1.130
-6.235
-8.429
-6.108
2.351
-4.901
-7.124
-7.726
4.888
-3.966
-4.220
-6.286
-0.892
-1.241
-10.348
-9.300
-10.695
-1.714
-8.887
-7.389
-2.561
-3.310
-10.333
-8.803
-11.629
-0.065
-8.275
-12.874
-7.525
1.797
-7.619
-13.727
-8.767
-0.642
-9.175
-12.703
-9.606
-0.880
-9.691
-12.562
-4.841
-1.353
-9.225
-9.476
-9.099
-0.885
-8.911
-10.242
-9.553
-0.170
-10.697
-9.568
-7.903
0.685
3.386
-2.011
-7.620
-4.055
4.867
-1.855
-8.341
-3.067
5.626
-1.442
-8.399
-5.675
0.333
-2.402
-7.444
-3.535
3.247
-1.213
-7.615
-2.526
1.658
-1.278
-8.388
-4.620
-0.551
-7.335
-9.155
-4.470
1.021
-2.096
-7.952
-3.675
2.889
-2.479
-7.490
-2.766
2.447
-3.704
-7.530
-4.181
-13.854
-8.776
-10.758
-12.752
-10.241
-12.513
-12.699
-10.498
-9.583
-12.782
-8.930
-13.740
-14.969
-11.290
-12.927
-10.602
-10.589
-12.974
-14.521
-8.425
-10.615
-13.563
-10.709
-12.445
-11.903
-7.102
-13.115
-9.718
-8.867
-14.862
1.171
-7.261
-8.673
5.201
-8.285
-12.768
3.747
-6.698
-10.481
3.606
-6.731
-10.679
3.290
-12.736
-11.405
3.462
-9.298
-12.535
2.699
-8.849
-10.754
4.311
-10.829
-10.197
2.402
-8.426
-9.881
5.439
-5.414
-11.878
-3.927
-11.185
-15.238
-6.050
-7.030
-9.774
-7.213
-5.714
-8.042
-6.424
-3.868
-9.112
-6.237
-9.403
-8.224
-5.703
-5.828
-6.713
-10.185
-8.084
-7.392
-12.219
-9.217
-7.104
-6.535
-3.725
-10.881
-10.497
-9.886
-10.726
-5.496
0.400
-8.040
-5.167
-1.211
-9.548
-4.654
1.140
-10.005
-3.588
1.416
-9.765
-2.910
-2.042
-5.152
-4.757
-0.356
-11.364
-5.915
1.092
-10.584
-0.575
1.099
-7.551
-1.775
-0.683
-7.509
-2.028
1.214
-10.717
5.257
-5.689
-5.828
5.726
-4.918
-9.988
6.837
-4.093
-8.896
6.558
-5.136
-7.831
3.429
-5.553
-9.327
4.548
-4.454
-9.917
5.443
-3.744
-6.991
-0.190
-6.730
-8.071
7.739
-4.128
-9.107
6.250
-7.728
-8.197
-4.263
2.444
-9.928
-3.908
4.210
-8.104
-5.855
3.312
-5.807
-3.340
4.707
-9.050
-4.561
-0.148
-1.724
-4.607
0.622
-8.820
-5.341
0.774
-6.654
-6.395
2.792
-3.498
-3.168
0.803
-7.058
-7.219
3.681
-7.937
-9.007
-11.194
-13.659
-10.859
-4.384
-7.568
-7.847
-7.666
-10.987
-10.230
-10.179
-12.287
-9.685
-8.186
-9.299
-9.246
-9.653
-9.825
-9.710
-8.345
-8.113
-13.247
-12.743
-14.108
-13.671
-10.321
-11.144
-12.438
-11.888
-6.138
-6.547
-11.216
-12.075
-12.674
-9.090
-9.396
-3.447
-8.262
-6.580
-11.993
-7.058
-7.038
-11.226
-13.668
-10.018
-9.147
-10.368
-12.702
-7.550
-9.735
-9.827
-10.790
-9.530
-5.792
-3.376
-8.750
-11.939
-11.299
-9.171
-7.223
-7.792
-10.783
-13.855
-7.184
-1.878
-11.642
-12.070
-11.084
-9.485
-2.783
-9.451
-11.503
-12.687
-9.573
-4.945
-7.219
-7.967
-9.425
-8.866
-7.342
-8.396
-11.328
-11.029
-8.106
-2.865
-4.557
-8.271
-11.682
-4.389
-4.676
-7.382
-11.284
-8.894
-9.369
-7.051
-9.371
-11.073
-10.373
-8.967
-8.113
-9.528
-9.754
-14.137
-12.733
-15.506
-10.116
-10.439
-11.521
-12.020
-14.827
-11.220
-13.955
-11.889
-12.733
-11.750
-8.056
-9.466
-12.155
-15.133
-16.406
-5.059
-13.794
-7.867
-16.317
-15.149
-8.302
-11.632
-9.679
-14.329
-14.067
-7.936
-12.766
-11.735
-15.626
-17.251
-8.245
-11.173
-9.832
-13.821
-11.271
-8.755
-9.714
-9.032
-12.169
-16.099
-11.371
-10.565
-9.620
-15.927
-14.694
-10.582
-9.292
-15.775
-7.248
7.609
-9.861
-8.598
-10.430
-10.461
10.784
-9.359
-5.836
-9.214
-8.037
5.474
-12.089
-13.262
-9.892
-10.493
1.769
-7.387
-10.615
-9.997
-10.614
3.974
-6.450
-8.226
-10.566
-7.576
0.698
-9.361
-11.639
-8.730
-11.863
1.340
-9.833
-8.782
-10.265
-11.118
10.744
-11.000
-9.168
-8.637
-13.890
5.484
-10.537
-10.323
-11.678
-12.993
9.508
-6.964
-12.971
-14.685
-7.670
-8.763
-3.742
-11.419
-10.078
-6.390
-11.308
-4.805
-7.814
-7.808
-5.657
-4.504
-5.523
-9.624
-12.442
-12.211
-7.443
-6.985
-9.358
-4.829
-6.160
-9.168
-5.856
-10.268
-10.229
-8.369
-6.513
-5.763
-4.227
-6.726
-11.709
-13.675
-7.368
-11.726
-13.150
-5.121
-5.789
-6.800
-11.184
-13.009
-10.744
-14.164
-7.075
-12.094
-11.999
-8.032
-11.509
-0.571
-3.748
-10.653
8.563
-8.561
-4.203
-6.831
-10.918
5.303
-10.196
-1.046
-6.189
-10.736
9.228
-5.889
-3.403
-7.170
-13.165
8.509
-9.030
-3.834
-6.785
-12.171
2.524
-10.002
-2.386
-4.403
-8.958
4.194
-8.255
-5.009
-3.819
-8.015
6.717
-11.131
-4.614
-10.099
-6.322
6.326
-8.692
-5.643
-4.021
-9.601
6.476
-8.945
-4.879
-8.732
-10.571
5.858
-10.597
-8.229
-10.899
-10.710
-9.860
-9.546
-10.397
-12.335
-11.574
-9.432
-7.412
-10.202
-11.368
-9.462
-13.936
-12.468
-8.853
-9.373
-9.206
-12.356
-8.447
-9.678
-11.384
-11.080
-9.446
-9.818
-10.577
-11.501
-9.533
-14.585
-11.077
-7.634
-11.231
-11.989
-15.238
-8.416
-7.207
-9.810
-9.983
-9.629
-9.908
-11.138
-13.164
-9.760
-10.143
-7.884
-10.470
-11.142
-10.523
-12.025
-13.513
-5.765
7.179
-8.584
-9.448
-14.156
-6.914
7.256
-11.969
-9.957
-13.469
-4.427
4.366
-12.027
-11.015
-10.879
-6.061
3.861
-13.047
-5.011
-12.077
-3.668
5.429
-11.847
-7.628
-14.803
-5.050
6.730
-9.290
-8.297
-12.719
-5.349
8.655
-10.038
-7.051
-11.575
-4.213
6.490
-11.325
-7.261
-13.559
-7.540
2.839
-11.376
-11.959
-11.565
-4.097
4.645
-10.436
-8.739
-13.704
-2.536
-9.321
-7.594
-5.554
-1.709
-0.104
-7.284
-9.772
-8.333
-7.949
3.325
-5.573
-8.882
-7.791
-8.603
5.043
-6.249
-11.553
-5.238
-10.594
2.925
-8.789
-9.190
-5.503
-6.709
2.956
-7.233
-12.079
-3.054
-8.069
5.595
-8.440
-8.064
-4.326
-6.669
5.076
-8.475
-13.161
-5.447
-8.471
2.651
-11.169
-13.532
-8.526
-10.765
4.186
-10.255
-10.276
-4.838
-8.156
-2.266
-0.240
-8.221
-6.537
-11.534
-3.262
-6.749
-6.597
-9.922
-12.695
-1.402
-3.162
-3.303
-6.731
-6.601
-3.613
-2.594
-4.797
-5.636
-10.614
-2.606
-1.116
-6.717
-9.603
-12.932
-1.854
-4.812
-6.396
-9.726
-10.127
-2.499
-0.764
-5.977
-5.816
-10.003
-1.051
-3.651
-6.793
-2.609
-11.526
-1.157
-5.250
-5.567
-4.577
-12.596
-4.340
-3.668
-5.718
-7.376
-11.782
-15.067
-10.513
-9.012
-9.810
-15.640
-12.401
-10.220
-14.911
-8.863
-10.368
-15.399
-8.868
-17.056
-12.610
-8.613
-9.952
-13.506
-9.631
-18.414
-9.303
-9.991
-14.867
-9.299
-16.942
-17.026
-10.522
-12.370
-9.373
-13.001
-13.416
-13.417
-10.180
-10.440
-14.648
-10.889
-9.861
-15.269
-11.221
-7.879
-13.132
-6.629
-5.797
-15.463
-7.611
-5.341
-14.101
-8.746
-6.932
-14.932
-9.220
-9.564
-14.133
-12.010
-9.532
-15.218
-9.434
-9.921
-14.547
-8.962
-6.091
-6.707
-12.986
-9.432
-12.022
-12.486
-9.029
-8.695
-13.065
-8.129
-7.160
-11.502
-6.278
-11.046
-11.435
-11.091
-10.586
-14.055
-8.506
-11.601
-11.382
-7.795
-10.554
-10.994
-10.695
-11.163
-9.404
-10.471
-9.426
-11.611
-5.960
-3.008
-3.065
-11.668
-3.138
-8.094
-15.502
-3.227
-4.537
-9.111
1.044
-8.725
-10.652
-1.154
-5.386
-16.468
0.297
-7.093
-12.337
-1.938
-3.666
-11.157
-1.989
-4.355
-11.711
-1.013
-6.028
-14.095
-0.966
-6.446
-8.829
-9.129
-10.697
-7.934
-7.536
-7.102
-8.829
-4.288
-9.266
-12.405
-5.840
-8.742
-10.805
-9.474
-7.489
-7.126
-5.124
-11.034
-9.897
-7.854
-8.516
-7.308
-6.279
-5.592
-7.035
-7.972
-9.727
-9.681
-8.275
-5.787
-6.404
-6.783
-5.752
-8.160
-4.648
-7.599
-10.279
-3.737
-4.744
-8.714
-4.528
-5.559
-4.826
-4.990
-5.487
-12.580
-6.647
-5.237
-11.544
-6.081
-5.139
-7.638
-4.266
-4.871
-6.981
-7.923
-6.217
-8.531
-4.200
-3.034
-9.849
