-9.297
-6.462
-7.368
-8.546
-7.220
-6.099
-10.194
-5.564
-5.158
-5.204
-4.673
-9.599
-8.813
-10.799
-4.378
-8.147
-9.981
-11.388
-6.802
-5.670
-1.451
-2.020
-3.843
-5.085
-3.478
-5.090
-4.844
-0.431
-3.483
-5.797
0.014
-3.876
-3.843
-3.452
-0.575
-2.992
-3.271
0.109
-2.093
-0.365
-5.126
-1.227
-6.394
-6.816
-0.678
-5.712
-5.342
0.764
-4.446
-5.579
1.180
-7.343
-7.643
-0.317
-5.211
-4.072
1.475
-7.553
-4.281
0.269
-4.196
-4.275
0.826
-5.764
-4.230
-2.521
-7.135
-5.688
-1.671
-7.764
-1.977
-4.124
-9.797
-1.978
-3.564
-7.441
-5.083
-4.810
-7.673
-1.868
-5.943
-4.713
-5.920
-3.648
-4.448
-5.440
-2.260
-6.472
-6.057
-8.077
-5.374
-2.412
-2.267
-5.859
-2.761
-2.302
-6.009
-4.228
-1.232
-5.602
-6.249
-5.293
-4.918
-6.196
-5.213
-5.578
-7.602
-3.697
-6.805
-8.670
-5.223
-6.589
-5.630
-4.547
-7.746
-7.404
-5.936
-7.935
-6.600
-2.743
-5.376
-6.442
-2.936
-5.048
-7.523
-4.140
-6.226
-8.323
-3.699
-7.633
-5.020
-8.972
-6.463
-3.200
-5.211
-2.245
-6.609
-7.878
-6.399
-5.681
-6.542
-3.670
-6.688
-6.442
-4.716
-7.870
-9.729
-6.914
-5.258
-7.415
-3.586
-4.795
-7.007
-6.214
-7.160
-8.106
-5.639
-6.237
-8.363
-6.608
-2.691
-6.603
-0.828
-3.805
-6.960
-0.139
-2.280
-3.578
-3.097
-2.142
-8.412
-3.919
-4.975
-4.384
-1.307
-4.610
-3.858
-1.956
-2.974
-6.206
-0.836
-6.633
-6.090
-2.289
-7.161
-6.668
-3.142
-5.462
-6.913
-3.628
-6.323
-7.559
-3.562
-5.765
-6.523
0.459
-6.045
-7.491
-1.010
-4.567
-3.921
0.255
-8.615
-7.285
-1.583
-7.734
-6.540
-2.850
-7.760
-7.369
-0.945
-6.890
-6.649
-4.245
-7.629
-6.696
-3.882
-6.061
-4.855
1.508
-4.801
-7.911
-5.866
-3.058
-5.068
-3.594
-2.480
-7.421
-2.934
-3.159
-5.409
-4.076
-2.715
-5.374
-5.329
-2.404
-6.629
-4.482
-3.220
-6.591
-5.432
-2.481
-5.441
-2.544
-3.699
-6.324
-3.494
-6.373
-6.391
-5.032
-2.193
-4.627
-5.297
-0.409
-1.807
-1.451
-3.116
-5.269
-5.332
-2.585
-5.745
-6.309
-2.555
-3.393
-4.624
-1.278
-5.557
-4.470
-1.887
-2.573
-5.668
-1.341
-4.209
-4.906
-1.229
-5.929
-6.227
-3.350
-4.243
-2.739
-4.300
-5.770
-3.431
-4.787
-3.934
-5.473
-5.582
-5.043
-5.728
-2.264
-3.553
-5.624
-6.471
-3.579
-4.227
-5.370
-1.742
-6.206
-4.260
-4.846
-2.425
-4.707
-1.302
-3.863
-2.140
-6.918
-1.541
-3.996
-0.467
-6.090
-1.877
-4.139
-4.172
-6.345
-2.934
-5.176
-5.833
-5.425
-5.400
-6.417
-7.488
-5.057
-5.436
-8.015
-7.284
-4.167
-4.782
-3.795
-6.828
-6.777
-7.405
-4.081
-5.421
-8.573
-5.606
-5.326
-5.179
-7.959
-8.416
-6.214
-4.643
-6.497
-3.566
-3.113
-3.771
-3.805
-4.119
-5.183
-2.555
-6.538
-2.878
-4.804
-6.200
-5.806
-3.853
-5.810
-2.489
-7.047
-5.096
-7.521
-3.037
-5.028
-2.481
-3.096
-4.587
-4.640
-4.108
-1.066
-0.192
-3.005
-4.111
-5.001
-5.345
-3.041
-4.880
-3.255
-4.204
-3.713
-2.903
-2.137
-2.416
-10.932
-5.131
-6.869
-8.786
-5.312
-5.044
-7.129
-2.989
-8.291
-4.030
-9.742
-5.149
-8.153
-2.944
-6.718
-5.009
-6.974
-2.957
-10.851
-2.938
-3.921
-9.654
-7.063
-2.979
-4.811
-10.432
-4.786
-5.387
-3.707
-10.443
-5.758
-2.742
-4.518
-8.392
-7.813
-4.437
-3.635
-11.907
-6.909
-2.709
-4.338
-11.061
-7.814
-4.290
-5.989
-14.898
-6.129
-3.946
-3.736
-9.113
-9.157
-5.737
-4.482
-11.588
-10.059
-4.717
-3.955
-12.101
-6.003
-7.544
-8.493
-13.814
-4.842
-2.020
-5.446
-11.445
-5.335
-3.853
-4.996
-10.986
-8.120
-2.091
-6.076
-12.791
-8.680
-1.568
-6.014
-12.053
-7.270
-2.493
-4.810
-7.301
-6.960
-4.400
-5.105
-12.299
-8.652
-4.847
-6.487
-5.970
-8.756
-1.109
-6.878
-11.652
-7.560
-4.161
-3.897
-12.344
-6.165
-4.589
-3.267
-5.819
-8.997
-2.586
-8.230
-5.018
-2.473
-5.092
-8.261
-4.697
-10.250
-4.863
-5.815
-4.430
-7.779
-5.745
-6.398
-5.469
-8.470
-3.224
-7.191
-6.417
-10.046
-5.046
-6.795
-7.609
-5.248
-2.052
-5.779
-6.559
-6.922
-5.093
-8.922
-6.264
-6.021
-7.237
-5.891
-6.601
-10.576
-4.896
-0.085
-10.855
-5.133
-6.997
-2.116
-5.401
-5.073
-7.453
-2.908
-5.792
-5.481
-5.660
-2.676
-6.953
-5.674
-5.991
-2.399
-5.372
-4.379
-6.696
-1.525
-8.823
-3.837
-8.467
-1.226
-7.579
-3.580
-6.193
-1.722
-7.825
-5.887
-4.981
-1.662
-6.419
-3.755
-4.696
-3.603
-8.951
-5.830
-1.466
-4.102
-6.085
-3.493
-3.216
-4.473
-3.850
-3.119
-1.744
-4.500
-5.582
-2.191
-0.117
-4.647
-2.039
-2.824
-0.261
-5.308
-4.223
-3.368
-1.530
-4.739
-3.405
-3.468
-1.536
-4.494
-3.906
-2.761
-2.070
-9.323
-3.782
-4.559
-0.977
-5.054
-5.158
-6.139
-1.560
-5.724
-4.329
-4.281
-3.384
-8.689
-6.239
-10.271
-4.360
-10.845
-8.088
-13.968
-5.608
-7.883
-7.169
-10.453
0.313
-11.309
-6.586
-10.919
-3.222
-7.928
-5.224
-11.002
-5.150
-8.239
-6.725
-11.254
-6.533
-9.128
-8.300
-9.814
-4.185
-10.088
-5.318
-12.648
-3.586
-9.201
-6.562
-12.809
-5.305
-8.254
-4.495
-13.905
-4.548
-12.981
-3.478
-12.695
-3.659
-10.565
-3.607
-8.771
-4.743
-12.582
-3.131
-11.747
-3.051
-12.499
-3.808
-14.110
-6.558
-14.290
-5.522
-9.747
-4.020
-11.646
-1.651
-8.995
-5.127
-8.461
-2.795
-8.830
-4.385
-10.451
-3.982
-12.670
-8.242
-11.932
-6.824
-9.282
-5.872
-13.278
-1.400
-7.639
-7.106
-8.711
-10.757
-5.134
-7.464
-5.292
-10.169
-6.224
-6.400
-6.835
-9.399
-4.141
-7.081
-3.876
-13.728
-4.549
-6.307
-6.662
-9.747
-3.491
-6.328
-7.663
-9.705
-5.412
-6.030
-6.899
-10.839
-4.339
-7.891
-5.469
-12.363
-4.918
-6.792
-5.289
-10.081
-3.987
-5.446
-10.222
-10.798
-4.712
-6.088
-8.405
-1.982
-15.191
-7.560
-5.284
-5.263
-14.381
-9.275
-9.137
-1.440
-14.338
-10.814
-9.386
-4.722
-13.966
-9.783
-6.879
-4.351
-13.573
-8.849
-4.030
-2.092
-10.642
-10.367
-10.634
-2.642
-15.914
-10.686
-9.137
-1.684
-13.639
-9.191
-7.122
-1.994
-15.219
-10.259
-6.699
-4.656
-8.833
-1.158
-8.454
-8.413
-10.674
-1.837
-7.143
-12.657
-12.935
-2.889
-7.997
-10.097
-8.724
-3.275
-6.335
-13.139
-12.920
-2.423
-6.670
-11.817
-10.215
-2.990
-7.225
-12.437
-6.478
-1.702
-4.090
-11.675
-7.971
-4.585
-6.700
-12.508
-11.472
-1.366
-10.425
-10.652
-12.739
-2.068
-7.830
-9.782
-12.179
-9.951
-4.904
-9.462
-5.664
-8.583
-4.099
-11.931
-5.328
-9.410
-5.385
-10.900
-5.587
-8.197
-4.804
-12.675
-5.004
-11.935
-5.154
-13.984
-5.046
-12.212
-3.042
-11.599
-4.289
-11.281
-2.236
-13.499
-1.207
-9.169
-3.678
-12.412
-2.596
-13.140
-2.031
-9.737
-1.135
-12.784
-1.949
-12.356
-1.448
-4.583
-0.118
-3.477
-0.246
-4.399
-4.140
-5.242
-2.839
-2.906
-1.484
-2.210
-0.632
-5.247
-2.447
-6.242
-1.892
-4.241
-3.289
-5.912
-4.567
-8.741
-9.474
-9.782
-8.848
-9.722
-6.676
-7.052
-8.875
-8.383
-7.313
-7.440
-6.905
-5.887
-8.102
-6.427
-7.572
-7.143
-10.067
-6.179
-6.540
-7.743
-8.542
-8.825
-7.807
-7.589
-5.764
-6.740
-6.377
-4.722
-6.161
-6.139
-8.318
-6.274
-3.637
-6.351
-4.508
-8.394
-5.190
-7.016
-7.866
-5.500
-6.349
-5.372
-6.529
-3.026
-7.690
-2.319
-8.472
-5.734
-10.520
-5.672
-7.318
-2.710
-10.480
-6.323
-7.282
-2.395
-8.290
-3.529
-8.294
