-12.102
-14.854
-8.306
-13.815
-9.362
-11.977
-10.430
-14.292
-9.510
-16.275
-8.886
-11.782
-12.370
-14.319
-9.919
-17.089
-9.146
-11.081
-7.574
-11.999
-11.495
-10.855
-6.991
-8.921
-10.328
-11.862
-8.016
-12.568
-4.592
-10.419
-9.614
-11.520
-8.518
-9.259
-9.446
-11.955
-8.129
-11.185
-7.215
-12.907
-6.253
-2.816
-4.572
-8.355
-6.398
-5.734
-3.869
-4.962
-4.236
-7.711
-7.295
-4.139
-8.767
-5.872
-7.074
-8.964
-5.113
-7.644
-4.944
-6.407
-3.073
-7.381
-6.288
-6.572
-3.437
-7.323
-5.791
-8.252
-3.746
-7.570
-1.576
-5.192
-1.335
-5.444
-1.361
-6.426
-5.334
-6.590
-4.769
-3.554
-5.219
-8.302
-5.185
-6.150
-2.852
-8.678
-4.350
-3.826
-3.788
-9.240
-7.119
-4.891
-6.507
-6.741
-5.316
-7.220
-6.235
-8.785
-5.663
-3.902
-5.197
-7.423
-2.702
-3.439
-4.409
-5.051
-3.963
-6.135
-5.656
-7.286
-4.725
-1.879
-5.509
-8.522
-7.108
-4.483
-4.358
-8.771
-5.283
-4.115
-2.199
-6.679
-4.339
-6.552
-1.301
-5.887
-6.222
-7.133
-1.556
-7.706
-6.234
-7.085
-1.090
-3.658
-4.846
-7.285
-1.617
-5.070
-5.308
-8.201
-1.239
-5.098
-5.797
-6.307
-0.971
-4.970
-6.899
-8.049
-2.253
-6.269
-7.035
-7.626
-4.625
-4.740
-6.083
-5.058
-3.168
-2.171
-3.844
-5.611
-2.108
-4.626
-1.942
-5.860
-2.106
-6.709
-4.556
-5.242
-0.147
-6.567
-4.321
-5.170
-0.053
-5.885
-5.526
-4.319
0.259
-8.658
-4.788
-5.123
-3.233
-6.029
-4.817
-3.570
-0.804
-5.676
-3.761
-3.913
-2.956
-6.166
-3.887
-4.453
-2.147
-5.134
-4.931
-4.922
-1.582
-6.691
-3.300
-5.808
-3.727
-1.630
-1.170
-5.017
-4.629
-6.374
-1.796
-3.246
-5.331
-6.492
-2.787
-5.142
-5.033
-5.830
-4.623
-3.552
-5.534
-7.793
-2.888
-0.667
-6.150
-5.110
-3.950
-3.136
-4.176
-8.665
-3.562
-1.746
-2.727
-6.304
-3.416
0.232
-3.684
-7.521
-4.216
-3.373
-5.671
-5.508
-3.507
-4.616
-5.214
-2.133
-3.849
-7.831
-5.355
-3.764
-4.858
-4.874
-4.051
0.108
-3.430
-2.921
-5.782
-2.721
-3.520
-4.648
-4.149
-5.624
-3.537
-3.775
-4.318
-1.026
-3.263
-5.953
-4.040
-4.280
-5.204
-3.323
-4.098
-4.325
-3.658
-3.593
-2.826
-1.434
-3.589
-5.754
-6.327
-4.380
-4.640
-6.482
-7.393
-5.322
-0.852
-3.084
-4.367
-3.947
-1.101
-5.119
-6.381
-4.951
-2.159
-4.940
-5.866
-4.613
-0.107
-3.053
-3.734
-5.906
-2.545
-0.129
-6.774
-4.578
-2.382
-3.048
-6.007
-4.601
-2.948
-4.603
-3.454
-4.556
-0.912
-5.174
-2.599
-5.287
-3.622
-3.212
-3.602
-4.172
-2.663
-1.444
-5.005
-4.368
-3.318
-3.838
-6.053
-3.130
-2.601
-2.861
-4.393
-3.727
-7.555
-2.987
-5.331
-7.043
-3.995
-3.856
-4.640
-7.657
-5.024
-4.595
-6.301
-7.212
-5.294
-5.669
-6.264
-7.875
-2.526
-3.904
-4.620
-5.254
-5.204
-1.431
-4.489
-5.717
-2.574
-2.902
-6.225
-5.676
-5.382
-1.744
-1.804
-0.723
-4.291
-5.024
-2.446
-0.768
-4.980
-3.700
-2.341
-0.997
-7.112
-6.859
-0.268
-1.912
-6.566
-5.781
-2.299
-0.222
-5.225
-1.548
-5.199
0.477
-4.877
-4.318
-4.182
-5.449
-5.584
-7.579
-1.485
-1.773
-6.749
-3.560
-1.298
-2.358
-5.123
-4.783
-2.888
-3.776
-7.093
-5.014
-7.051
-4.861
-7.226
-6.006
-6.162
-7.548
-4.667
-6.153
-5.334
-4.878
-7.015
-7.801
-5.396
-6.855
-8.231
-5.965
-6.916
-8.408
-5.292
-5.372
-6.843
-8.319
-5.836
-7.426
-5.929
-3.467
-8.526
-3.846
-4.593
-8.860
-5.669
-4.189
-4.492
0.210
-6.175
-6.941
-3.546
-4.223
-4.921
-0.638
-3.309
-5.041
-4.747
-8.892
-5.512
-2.062
-5.795
-7.467
-3.839
-3.362
-5.709
-3.814
-6.338
-6.509
-3.642
-4.891
-6.250
-3.068
-4.452
-7.270
-0.206
-7.068
-10.011
0.216
-3.443
-7.582
-0.481
-3.278
-3.942
-0.601
-0.577
-5.935
-4.318
-5.351
-6.169
-1.661
-2.073
-4.729
-3.985
-5.249
-4.147
-4.114
-4.674
-5.190
-1.696
-1.034
-5.899
-1.635
-3.485
-5.226
-2.685
-3.127
-5.653
-1.579
-3.746
-7.721
-1.429
-4.757
-8.310
0.302
-1.775
-7.554
-0.593
-5.556
-4.321
-4.091
-2.176
-8.866
-2.104
-3.344
-8.051
-0.307
-3.301
-4.824
-0.738
-2.490
-5.415
-0.334
-5.089
-8.592
-4.497
-5.081
-3.982
-7.367
-6.425
-7.666
-6.662
-8.303
-6.852
-3.290
-5.726
-6.048
-6.555
-7.743
-7.121
-2.044
-5.928
-7.648
-3.008
-7.468
-5.300
-3.644
-5.301
-5.675
-4.007
-7.022
-6.739
-4.911
-7.267
-5.878
-1.859
-6.071
-8.071
-0.955
-4.740
-6.080
0.662
-3.319
-4.912
-3.292
-4.971
-7.005
-3.077
-4.223
-1.119
-0.920
-1.244
-5.960
-1.788
-1.706
-6.021
-2.778
-2.559
-2.954
-1.079
-4.842
-4.993
-2.564
-3.018
-6.424
-7.518
-6.133
-5.803
-11.045
-2.328
-3.139
-4.436
-3.868
-11.481
-6.738
-5.507
-6.671
-6.069
-8.808
-4.629
-4.930
-5.112
-4.979
-9.843
-5.669
-5.513
-10.239
-4.922
-14.367
-4.402
-6.519
-6.965
-6.164
-12.264
-6.910
-3.333
-8.592
-5.020
-13.514
-3.604
-5.197
-2.074
-4.332
-7.292
-7.672
-4.129
-4.526
-5.110
-14.192
-4.524
-4.412
-5.214
-5.146
-7.688
-7.086
-6.047
-6.030
-5.567
-6.484
-3.405
-6.613
-6.170
-4.932
-8.969
-3.864
-5.310
-4.974
-7.795
-6.894
-1.453
-7.351
-6.845
-6.228
-10.230
-4.770
-6.878
-5.421
-6.954
-9.549
-1.642
-4.743
-3.655
-4.902
-9.097
-1.977
-7.097
-6.424
-6.383
-8.404
-2.502
-3.901
-4.517
-5.845
-4.461
-3.311
-5.175
-5.689
-5.274
-9.501
-2.228
-6.792
-5.532
-5.222
-9.065
-4.375
-5.319
-7.642
-7.734
-13.136
-4.894
-7.157
-6.793
-5.897
-11.991
-3.053
-7.116
-7.386
-7.273
-12.890
-1.470
-6.888
-7.270
-6.973
-15.376
-5.664
-2.394
-9.063
-2.962
-16.581
-1.037
-6.081
-6.174
-4.611
-14.499
-2.717
-4.019
-8.475
-5.625
-16.227
-5.100
-6.541
-6.664
-5.661
-14.169
-2.864
-5.210
-7.030
-4.473
-12.540
-6.142
-6.763
-5.980
-3.391
-16.689
-5.727
-7.529
-4.199
-8.517
-6.993
-5.662
-6.178
-3.229
-6.331
-10.086
-2.743
-5.162
-1.319
-5.733
-8.464
-4.556
-6.491
-8.216
-4.936
-10.644
-5.749
-4.017
-5.484
-6.510
-10.567
-6.022
-2.485
-6.797
-6.658
-8.110
-4.895
-5.244
-7.192
-4.412
-12.077
-5.210
-5.912
-4.744
-5.974
-11.004
-3.463
-7.394
-4.410
-4.373
-14.081
-3.864
-7.179
-3.710
-6.824
-12.908
-3.634
-3.153
-7.201
-7.079
-7.779
-5.780
-0.387
-5.931
-4.368
-6.639
-5.853
-3.325
-5.082
-3.109
-5.782
-5.662
-3.264
-4.687
-5.597
-12.342
-4.910
-3.789
-5.254
-1.436
-6.738
-7.718
-3.603
-4.820
-6.602
-8.667
-7.005
-3.815
-1.163
-1.369
-12.238
-9.517
-4.851
-6.858
-6.390
-5.223
-5.355
-4.894
-5.222
-7.416
-10.629
-7.045
-3.793
-5.106
-6.301
-8.312
-6.940
-3.619
3.031
-10.653
0.992
-8.561
-3.452
-1.003
-10.918
-2.902
-10.196
-3.178
1.247
-10.736
-1.292
-5.889
-2.983
-0.703
-13.165
-0.250
-9.030
-5.950
-1.535
-12.171
-2.678
-10.002
-2.118
-0.531
-8.958
-1.987
-8.255
-2.368
-2.579
-8.015
0.091
-11.131
-4.703
-2.034
-6.322
-3.265
-8.692
-0.721
-2.112
-9.601
-0.988
-8.945
-5.305
-4.168
-10.571
-1.534
-10.597
-5.268
-11.588
-10.710
-1.616
-9.546
-6.227
-10.330
-11.574
-1.756
-7.412
-4.945
-11.041
-9.462
-6.225
-12.468
-5.379
-11.232
-9.206
-4.231
-8.447
-7.492
-11.883
-11.080
-3.533
-9.818
-2.994
-14.316
-9.533
-4.029
-11.077
-5.084
-11.521
-11.989
-3.846
-8.416
-3.457
-10.740
-9.983
-3.116
-9.908
-3.306
-13.021
-9.760
-1.302
-7.884
-5.294
-12.987
-10.523
-3.502
-13.513
-3.324
-6.442
-8.584
-7.186
-14.156
-2.018
-7.768
-11.969
-6.739
-13.469
-1.205
-6.866
-12.027
-5.337
-10.879
-3.793
-7.595
-13.047
-5.176
-12.077
-1.434
-5.986
-11.847
-4.684
-14.803
0.873
-7.104
-9.290
-3.468
-12.719
-2.131
-7.357
-10.038
-3.802
-11.575
-3.014
-5.558
-11.325
-3.937
-13.559
-1.537
-9.697
-11.376
-8.112
-11.565
-1.171
-6.111
-10.436
-2.465
-13.704
-6.478
-4.244
-7.594
-5.566
-1.709
-6.819
-5.969
-9.772
-8.955
-7.949
-4.559
-3.792
-8.882
-7.249
-8.603
-4.063
-4.973
-11.553
-7.178
-10.594
-3.586
-5.077
-9.190
-3.663
-6.709
-2.810
-1.554
-12.079
-3.849
-8.069
-2.702
-3.906
-8.064
-2.941
-6.669
-4.898
-1.967
-13.161
-7.114
-8.471
-3.973
-5.186
-13.532
-5.883
-10.765
-5.245
-6.533
-10.276
-6.708
-8.156
-5.338
-0.074
-8.221
-5.545
-11.534
-3.409
-5.933
-6.597
-4.560
-12.695
-3.866
-3.051
-3.303
-4.855
-6.601
-2.315
-2.439
-4.797
-5.131
-10.614
-3.100
-4.126
-6.717
-5.554
-12.932
-5.068
-1.359
-6.396
-7.132
-10.127
-3.311
-5.570
-5.977
-4.837
-10.003
-3.991
0.300
-6.793
-2.905
-11.526
-4.187
0.061
-5.567
-2.598
-12.596
-5.134
-3.382
-5.718
-5.745
-11.782
-14.884
-7.042
-5.507
-9.508
-7.609
-6.069
-9.997
-8.494
-4.754
-10.221
-7.176
-5.178
-16.863
-6.104
-5.478
-9.773
-6.792
-5.479
-18.154
-4.043
-6.700
-14.677
-5.080
-10.444
-16.767
-6.728
-8.246
-9.160
-6.860
-7.032
-13.339
-4.379
-6.342
-14.520
-4.753
-6.359
-15.109
-5.888
-4.149
-13.020
-2.439
-3.142
-15.254
-2.670
-2.806
-13.970
-3.825
-3.187
-14.766
-3.444
-4.221
-14.008
-5.338
-6.728
-15.169
-4.452
-6.038
-14.378
-4.125
-3.073
-6.545
-7.893
-4.409
-11.803
-8.733
-5.201
-8.517
-9.841
-3.740
-7.055
-7.387
-2.245
-10.829
-7.654
-5.771
-10.379
-10.219
-5.367
-11.434
-7.287
-3.843
-10.380
-7.225
-6.430
-10.993
-5.806
-6.109
-9.302
-7.622
-3.369
-5.326
-2.690
-12.208
-5.558
-7.001
-15.756
-4.906
-4.644
-10.035
-3.632
-8.052
-11.380
-4.307
-5.238
-16.053
-2.170
-6.095
-13.699
-3.828
-3.575
-11.615
-4.181
-4.407
-11.482
-3.596
-4.744
-14.480
-3.031
-6.563
-9.405
-8.320
-8.054
-8.327
-6.722
-6.350
-8.334
-4.655
-7.545
-11.361
-4.979
-7.687
-10.354
-7.926
-6.530
-6.803
-3.961
-10.815
-9.372
-6.446
-6.912
-6.337
-4.842
-4.222
-6.501
-6.053
-8.291
-8.957
-7.781
-5.652
-6.107
-5.343
-3.213
-7.871
-4.878
-5.495
-9.548
-2.665
-2.659
-8.558
-3.498
-3.817
-5.043
-4.981
-3.372
-12.207
-4.865
-3.494
-10.585
-4.335
-2.592
-7.610
-4.242
-3.936
-6.733
-6.323
-4.019
-7.771
-3.501
-1.343
-9.186
