-10.294
-7.762
-3.991
-11.492
-3.817
-8.145
-9.203
-6.226
-6.781
-3.931
-10.554
-7.970
-7.080
-7.523
-5.398
-7.112
-8.369
-8.644
-8.613
-6.753
-4.432
-4.218
-6.724
-3.077
-5.243
-3.584
-2.511
-4.476
-3.794
-5.417
-0.045
2.702
0.532
3.026
0.114
-0.738
-3.462
2.226
-1.133
1.090
-7.445
-1.656
-13.428
-7.693
0.440
-11.709
-8.529
-1.059
-13.052
-10.508
-0.861
-13.157
-10.277
-0.279
-12.105
-9.601
-1.958
-11.988
-7.966
-2.131
-10.557
-6.091
-1.569
-10.100
-6.438
-3.849
-10.853
-7.911
-4.937
-13.840
-6.493
-6.082
-12.435
-4.222
-3.294
-10.624
-8.521
-6.768
-10.739
-3.317
-9.118
-7.284
-8.462
-6.585
-6.778
-8.425
-4.135
-10.086
-10.580
-7.217
-9.860
-3.194
-5.908
-11.363
-7.288
-2.991
-10.544
-6.642
-2.657
-11.811
-10.779
-7.778
-8.478
-13.635
-6.230
-13.155
-11.447
-10.298
-10.493
-12.688
-5.297
-15.040
-11.972
-5.512
-12.438
-10.237
-5.640
-10.244
-14.879
-9.382
-10.117
-11.617
-8.481
-12.151
-15.142
-6.534
-16.058
-9.747
-5.970
-12.740
-14.696
-15.952
-11.175
-9.470
-9.712
-6.214
-13.434
-13.877
-9.879
-10.315
-13.820
-9.204
-10.026
-12.096
-7.675
-11.503
-14.632
-10.516
-9.711
-9.845
-5.038
-10.593
-14.668
-12.311
-10.235
-12.874
-9.685
-10.147
-14.287
-8.707
-1.909
-6.621
1.090
-0.129
-7.186
1.478
0.859
-6.771
-4.100
-1.884
-8.597
-5.422
-1.229
-4.127
0.088
-1.722
-6.809
-1.608
0.987
-5.042
1.341
-3.453
-8.090
-0.788
-2.800
-9.912
-0.396
-0.333
-9.157
-2.242
-5.548
-6.021
-0.247
-4.754
-8.576
-0.953
-5.943
-9.831
0.972
-4.903
-7.033
0.987
-4.625
-9.283
2.397
-3.571
-5.483
1.538
-6.375
-7.495
3.178
-3.886
-4.661
-0.813
-4.124
-2.630
1.270
-6.210
-6.999
3.477
-5.229
-8.126
-6.255
-1.393
-6.254
-4.355
-2.007
-6.304
-3.443
-5.296
-5.634
-2.879
-1.757
-6.883
-4.492
-3.556
-9.850
-7.537
-1.039
-10.984
-6.452
-1.831
-5.023
-2.744
-4.588
-11.568
-7.669
-4.575
-12.338
-8.970
0.454
-7.835
-1.104
-0.382
-4.753
0.241
0.218
-6.354
-5.209
-5.560
-6.175
-3.606
-1.679
-5.372
-2.187
-0.439
-5.042
-3.379
2.009
-3.640
-2.517
-0.536
-3.627
-0.823
-1.434
-8.880
-3.197
-0.217
-1.462
2.690
-1.762
-14.513
-5.301
-14.576
-7.887
-8.650
-1.042
-9.446
-3.075
-5.846
-3.197
-10.272
-3.161
-10.958
-1.347
-11.566
-0.667
-13.146
-3.598
-13.757
-4.083
-10.430
1.099
-14.065
-3.939
-15.297
-2.067
-13.679
-4.510
-12.690
-3.901
-14.493
-2.567
-12.761
-3.665
-12.225
-5.573
-13.792
-4.624
-15.623
-15.867
-12.767
-11.373
-11.606
-14.593
-11.050
-11.820
-9.950
-10.755
-9.922
-11.683
-8.935
-11.910
-11.969
-12.576
-11.085
-14.440
-10.392
-10.716
-14.292
-8.716
-5.723
-10.032
-5.126
-11.093
-7.494
-7.672
-7.722
-9.808
-9.268
-6.359
-5.242
-11.650
-7.273
-10.396
-3.383
-6.783
-6.429
-12.470
-10.815
-3.803
-7.216
-4.954
-4.515
-4.735
-6.853
-2.083
-4.746
-0.473
-10.454
-1.472
-4.926
-1.168
-5.065
-2.918
-8.214
-5.710
-7.466
-4.850
-6.099
-5.381
-9.004
-3.022
-5.220
-8.393
-2.750
-6.393
-7.617
-4.179
-7.869
-7.977
-6.334
-3.237
-4.373
-4.674
-7.512
-7.206
-3.995
-2.470
-7.767
-9.673
-4.356
-8.757
-10.377
-8.527
-11.231
-10.836
-11.202
-8.551
-8.296
-9.089
-8.626
-9.820
-11.773
-10.070
-11.327
-8.442
-10.937
-11.853
-9.418
-8.596
-9.040
-8.258
-11.591
-8.259
-13.713
-13.343
-12.086
-7.632
-7.340
-8.471
-10.576
-6.684
-8.518
-7.882
-9.091
-7.079
-6.056
-10.572
-10.563
-12.270
-9.907
-9.633
-11.434
-10.587
-9.753
-8.887
-15.331
-10.515
-9.505
-4.426
-11.839
-10.638
-6.640
-6.799
-12.060
-6.771
-9.382
-3.052
-12.748
-7.784
-10.607
-8.482
-13.754
-7.710
-6.727
-8.034
-12.523
-8.676
-10.061
-1.961
-13.867
-8.876
-11.041
-8.790
-14.630
-9.177
-4.822
-8.742
-10.677
-4.077
-7.480
-2.737
-9.219
-6.513
-11.713
-6.937
-5.323
-8.227
-10.642
-7.004
-9.986
-7.319
-8.555
-5.680
-9.209
-7.809
-5.795
-7.578
-7.451
-3.862
-6.719
-6.117
-9.641
-7.514
-6.739
-6.420
-6.626
-7.231
-9.020
-9.499
-8.963
-4.360
-8.035
-7.051
-4.736
-9.276
-6.202
-7.487
-9.554
-5.227
-4.328
-3.092
-5.659
-8.733
-4.356
-2.614
-4.232
-11.805
-8.278
-3.119
-6.251
-11.435
-7.945
-1.824
-7.547
-9.112
-5.613
1.326
-4.589
-11.992
-7.353
-4.029
-7.452
-15.113
-6.054
-3.964
-7.937
-9.675
-6.092
-2.019
-5.873
-8.029
-5.541
-2.107
-6.704
-9.720
-8.487
-3.948
-6.524
-6.710
-6.774
-10.327
-5.973
-6.047
-5.194
-5.687
-5.170
-5.286
-7.802
-8.324
-4.073
-5.488
-6.451
-7.984
-6.411
-4.443
-8.121
-5.248
-7.409
-8.351
-7.206
-8.740
-7.264
-5.394
-6.859
-5.654
-8.486
-8.740
-11.411
-5.076
-6.907
-8.269
-9.287
-4.695
-12.507
-3.849
-8.616
-7.256
-7.047
-7.317
-4.992
-11.071
-9.308
-11.364
-12.820
-11.660
-11.635
-13.576
-8.342
-11.422
-10.216
-5.224
-7.964
-9.288
-12.628
-10.990
-4.816
-10.402
-8.833
-11.108
-4.792
-9.065
-7.204
-12.628
-9.965
-12.147
-12.444
-9.473
-10.247
-10.629
-10.336
-13.037
-5.847
-12.133
-9.794
-13.119
-7.321
-10.296
-5.993
-8.750
-11.638
-5.738
-8.941
-7.413
-10.106
-3.012
-4.086
-9.509
-14.352
-3.573
-11.173
-6.140
-11.517
-5.969
-6.185
-10.336
-9.939
-3.529
-7.113
-4.552
-11.725
-4.718
-9.667
-5.560
-9.045
-5.460
-10.907
-9.711
-9.246
-5.119
-9.481
-5.709
-12.262
-5.226
-11.160
-10.084
-11.788
-6.570
-7.975
-10.535
-6.827
-6.758
-8.223
-9.672
-5.676
-6.461
-7.653
-14.323
-6.087
-5.894
-5.685
-11.019
-6.193
-9.242
-4.938
-12.450
-7.635
-7.695
-5.517
-11.037
-6.610
-6.940
-6.133
-6.372
-3.634
-8.834
-5.807
-11.485
-3.386
-7.551
-7.701
-12.931
-4.789
-6.631
-6.596
-12.404
-7.347
-8.422
-6.379
-6.696
-13.410
-3.009
-14.114
-4.300
-6.379
-7.046
-11.582
-5.599
-14.361
-6.165
-14.459
-9.956
-10.351
-3.397
-13.986
-5.630
-8.985
-7.118
-10.952
-8.467
-8.755
-3.750
-13.833
-6.490
-11.200
-4.857
-12.793
-5.281
-8.061
-2.808
-14.533
-11.285
-10.494
-4.309
-13.608
-9.322
-8.878
-6.247
-9.580
-3.686
-9.352
-10.297
-11.076
-3.192
-7.912
-10.913
-11.257
-4.455
-8.241
-8.534
-10.509
-8.890
-10.644
-10.307
-11.286
-4.106
-8.963
-13.192
-10.765
-4.280
-8.216
-13.066
-5.679
-4.358
-4.880
-9.483
-6.912
-6.885
-7.660
-11.348
-11.138
-2.869
-10.300
-10.004
-9.584
-6.793
-11.243
-11.351
-12.746
-12.729
-6.598
-9.327
-5.579
-8.957
-1.260
-11.558
-5.216
-11.616
-4.227
-11.258
-6.933
-14.598
-4.839
-13.469
-4.551
-12.392
-7.382
-14.651
-5.484
-6.321
-2.531
-7.335
-5.632
-7.930
-8.289
-9.155
-1.681
-3.706
-4.743
-8.519
-6.062
-6.887
-7.120
-12.733
-5.338
-11.506
-4.077
-8.378
-6.203
-13.606
-4.194
-12.591
-2.566
-13.544
-4.492
-12.934
-5.886
-9.114
-4.881
-11.504
-3.912
-12.448
-6.001
-14.091
-2.625
-15.940
-4.731
-11.260
-5.945
-6.443
-7.029
-7.057
-8.640
-4.239
-4.059
-4.803
-8.076
-6.828
-5.453
-4.236
-6.434
-2.375
-4.372
-5.735
-4.525
-4.033
-5.083
-6.963
-5.109
-5.755
-8.133
-9.366
-7.112
-9.697
-5.943
-10.393
-9.783
-7.954
-8.460
-7.334
-7.487
-8.267
-4.112
-8.110
-8.438
-7.394
-5.834
-11.950
-9.359
-6.210
-6.452
-9.132
-7.765
-8.985
-5.298
-2.073
-7.828
-5.537
-8.138
-8.201
-6.192
-7.124
-7.465
-7.021
-6.840
-6.290
-8.020
-2.586
-3.584
