-12.033
-8.150
-9.601
-10.683
-8.577
-8.732
-14.520
-7.738
-7.315
-6.506
-5.419
-9.892
-9.369
-12.225
-4.857
-7.952
-10.466
-12.648
-6.946
-5.796
0.993
-0.637
-1.314
-2.768
-0.356
-1.842
-1.162
-0.045
-1.959
-2.507
-2.328
-7.084
-6.921
-5.842
-0.234
-7.782
-6.363
-1.126
-2.828
-3.487
-7.113
-1.442
-7.644
-8.458
-2.545
-4.717
-7.025
-2.143
-3.956
-7.832
-0.735
-6.939
-9.050
-1.293
-6.559
-7.718
-0.992
-6.709
-7.672
-2.237
-3.907
-7.271
-2.006
-4.811
-5.893
-5.757
-7.438
-6.883
-5.295
-7.462
-4.946
-7.489
-8.335
-3.220
-6.989
-7.980
-7.681
-8.817
-6.078
-0.912
-10.330
-4.598
-7.740
-9.276
-3.509
-9.710
-4.615
-4.306
-7.910
-12.642
-3.897
-4.549
-7.775
-6.953
-4.623
-5.708
-4.162
-7.873
-6.073
-5.340
-11.064
-9.706
-7.936
-11.176
-8.964
-9.450
-11.628
-9.939
-6.344
-13.474
-9.261
-7.705
-10.685
-7.546
-9.395
-12.085
-10.961
-7.947
-11.577
-7.788
-6.773
-11.435
-6.090
-6.058
-13.867
-6.559
-8.306
-12.449
-7.007
-8.711
-9.479
-16.621
-10.904
-5.301
-10.501
-5.774
-10.120
-14.911
-10.255
-8.669
-11.541
-5.405
-8.601
-11.765
-8.299
-9.839
-15.522
-12.037
-9.446
-14.400
-8.319
-7.592
-11.986
-10.301
-8.978
-13.870
-8.815
-8.947
-12.818
-11.246
-3.745
-8.740
-2.601
-2.880
-8.814
1.105
-1.386
-4.708
-4.191
-2.118
-7.994
-3.643
-3.296
-6.109
-3.743
-4.610
-5.957
-3.548
-1.585
-6.349
-0.783
-4.945
-8.522
-1.652
-3.466
-9.222
-4.019
-4.240
-7.484
-3.901
-4.713
-8.689
-4.250
-5.364
-9.512
-5.228
-6.354
-9.176
-3.872
-4.345
-6.378
-2.837
-7.699
-8.745
-4.279
-6.798
-9.885
-3.506
-6.794
-9.257
-1.714
-5.871
-10.588
-4.231
-6.720
-10.001
-5.777
-6.916
-8.197
-4.647
-4.978
-8.642
-4.946
-0.930
-4.832
-5.246
-4.069
-9.217
-4.942
-2.287
-7.237
-6.154
-2.276
-5.676
-4.701
-1.496
-4.827
-4.447
-3.198
-5.893
-6.255
-4.439
-7.444
-4.144
-1.932
-5.563
-4.477
-6.510
-5.371
-6.188
-5.312
-8.483
-6.937
-3.868
-6.861
-2.073
-4.231
-7.610
-4.330
-3.701
-7.607
-5.719
-3.565
-7.135
-5.271
-3.297
-8.108
-4.846
-3.500
-5.018
-5.922
-3.598
-6.472
-5.757
-3.346
-8.936
-5.828
-3.238
-6.445
-3.817
-5.019
-9.419
-3.463
-8.972
-5.932
-10.354
-8.559
-8.744
-8.376
-5.731
-3.913
-10.345
-5.957
-7.784
-5.791
-8.943
-2.648
-11.734
-3.100
-9.394
-5.559
-9.468
-3.953
-8.858
-4.216
-11.459
-3.114
-8.733
-2.170
-9.451
-3.214
-8.860
-5.453
-9.973
-4.466
-9.932
-10.758
-9.899
-9.654
-11.593
-10.503
-9.002
-8.215
-12.201
-10.017
-6.943
-8.689
-8.229
-9.720
-9.790
-11.072
-7.631
-10.407
-13.065
-9.136
-8.066
-9.041
-11.298
-11.187
-9.514
-5.315
-8.192
-3.843
-4.182
-5.521
-5.509
-5.490
-6.703
-3.407
-8.543
-3.064
-7.032
-7.826
-7.472
-4.197
-7.420
-4.280
-9.004
-6.834
-9.384
-3.770
-8.268
-2.081
-5.152
-3.002
-8.023
-3.192
-2.143
-0.254
-5.929
-4.556
-9.228
-4.321
-4.886
-3.079
-7.251
-4.274
-6.780
-2.154
-5.673
-4.079
-11.459
-4.280
-8.095
-5.218
-5.716
-2.636
-8.702
-2.608
-8.456
-5.281
-10.388
-4.397
-9.522
-3.645
-7.902
-5.817
-7.270
-4.541
-11.841
-8.443
-7.730
-11.184
-12.218
-7.377
-10.551
-12.087
-10.455
-10.397
-7.597
-11.734
-10.016
-8.633
-9.682
-9.686
-13.975
-10.354
-8.406
-12.882
-12.332
-7.890
-8.968
-12.390
-12.780
-10.690
-12.559
-16.241
-11.747
-8.386
-8.263
-10.488
-14.626
-11.906
-10.959
-12.674
-16.256
-10.088
-10.704
-13.264
-10.299
-12.229
-15.488
-13.376
-8.827
-4.108
-9.331
-11.142
-12.532
-9.185
-10.594
-10.326
-15.015
-3.888
-11.757
-12.250
-15.565
-5.750
-12.036
-11.700
-12.960
-5.511
-10.682
-7.579
-13.861
-7.347
-10.483
-12.697
-14.789
-8.319
-11.304
-5.429
-15.769
-4.200
-12.702
-11.669
-15.095
-9.376
-7.868
-12.857
-13.995
-8.331
-7.850
-10.070
-9.447
-6.515
-14.685
-8.560
-2.259
-8.215
-16.092
-10.116
-9.592
-9.638
-11.231
-8.750
-7.944
-9.186
-12.752
-10.926
-8.653
-5.248
-13.923
-13.522
-10.465
-8.896
-11.968
-11.773
-5.512
-6.184
-10.974
-12.680
-7.098
-9.418
-15.818
-12.305
-6.020
-11.644
-11.557
-11.389
-10.416
-10.774
-1.761
-10.717
-11.158
-11.816
-4.767
-5.285
-7.799
-13.446
-6.998
-5.977
-9.105
-10.651
-5.232
-7.179
-10.689
-11.309
-4.201
-5.076
-8.440
-12.202
-4.564
-8.606
-7.986
-13.908
-4.814
-7.211
-6.871
-12.211
-5.652
-8.471
-10.483
-11.392
-3.334
-6.094
-7.172
-10.359
-6.268
-9.319
-9.747
-6.619
-8.479
-9.506
-5.219
-8.198
-7.702
-7.127
-4.452
-4.719
-9.803
-9.092
-3.663
-4.530
-10.160
-5.427
-4.716
-3.580
-9.856
-5.466
-6.245
-5.110
-8.511
-6.116
-5.884
-5.479
-8.529
-5.722
-5.301
-6.248
-17.886
-6.208
-5.209
-4.099
-10.961
-7.494
-10.390
-5.473
-10.929
-7.698
-6.989
-6.046
-7.257
-3.667
-10.525
-6.043
-11.402
-3.539
-14.601
-6.056
-9.462
-3.279
-11.107
-3.985
-10.303
-3.874
-11.330
-4.198
-6.480
-3.886
-11.511
-3.764
-7.764
-3.677
-11.508
-4.582
-10.808
-4.373
-10.359
-3.695
-10.226
-4.575
-13.215
-4.440
-8.423
-4.108
-12.865
-6.516
-7.931
-2.865
-14.322
-1.952
-13.010
-0.690
-12.737
-1.807
-11.105
-0.775
-8.802
-2.980
-12.796
-2.455
-11.934
-3.845
-12.643
-2.127
-14.472
-3.551
-14.504
-1.959
-9.659
-3.407
-12.032
-0.758
-9.265
-2.675
-8.717
-2.257
-9.027
-2.101
-10.419
-2.715
-13.162
-5.404
-11.989
-2.642
-9.382
-3.959
-13.736
-0.487
-8.042
-9.359
-7.878
-10.540
-1.218
-8.648
-6.528
-9.679
-2.687
-8.151
-8.473
-9.477
-1.479
-8.214
-5.962
-13.420
-1.697
-6.246
-8.116
-9.558
-1.274
-8.322
-8.515
-9.239
-1.695
-5.924
-6.338
-10.477
-0.904
-7.233
-8.061
-12.465
-2.693
-8.256
-5.436
-9.756
-2.608
-8.435
-9.552
-10.372
-2.926
-5.300
-9.057
-1.503
-15.596
-8.235
-5.258
-4.089
-14.985
-7.188
-9.142
-1.057
-14.877
-9.304
-9.408
-2.221
-14.508
-8.951
-7.321
-2.703
-14.252
-6.896
-4.139
-1.411
-10.996
-8.402
-11.005
-3.066
-16.437
-9.473
-9.334
-1.512
-14.071
-7.280
-7.413
-2.239
-15.500
-8.749
-6.849
-1.451
-9.171
-4.482
-5.073
-8.880
-11.248
-3.181
-5.023
-13.000
-13.418
-4.476
-6.069
-11.040
-9.275
-7.415
-4.024
-13.757
-13.498
-3.105
-4.015
-12.573
-10.587
-5.889
-4.514
-12.861
-6.984
-2.492
-2.012
-12.365
-8.272
-7.094
-5.951
-12.988
-11.608
-5.358
-8.141
-10.916
-13.113
-3.332
-5.621
-10.757
-12.523
-10.633
-9.120
-11.131
-10.382
-9.405
-6.800
-12.316
-8.703
-10.153
-9.277
-11.504
-10.021
-9.939
-9.138
-12.352
-8.214
-12.711
-8.988
-14.787
-9.204
-12.084
-7.386
-10.386
-7.325
-10.744
-5.410
-13.841
-2.912
-8.395
-8.513
-12.825
-5.915
-13.255
-5.990
-9.660
-5.548
-13.128
-6.156
-12.173
-5.189
-8.121
-5.022
-7.753
-4.542
-8.360
-9.503
-7.777
-7.428
-5.503
-5.824
-6.497
-5.255
-8.687
-6.932
-11.938
-5.170
-8.741
-7.049
-8.396
-9.789
-9.610
-10.117
-11.834
-9.007
-12.109
-6.427
-9.058
-8.563
-10.983
-7.556
-11.003
-6.263
-7.577
-9.040
-8.781
-7.503
-9.170
-10.568
-8.307
-6.628
-5.484
-9.977
-8.584
-9.318
-3.902
-7.216
-3.551
-8.171
-3.729
-7.512
-4.607
-9.106
-4.813
-4.668
-6.405
-5.587
-6.801
-6.847
-4.964
-10.046
-8.644
-8.611
-7.005
-6.974
-4.854
-7.777
-4.779
-8.798
-7.058
-10.780
-6.255
-9.734
-4.815
-11.784
-7.698
-8.598
-4.681
-10.175
-7.097
-8.502
