-12.033
-8.150
-9.601
-10.683
-8.577
-8.732
-14.520
-7.738
-7.315
-6.506
-5.419
-9.892
-9.369
-12.225
-4.857
-7.952
-10.466
-12.648
-6.946
-5.796
-1.566
-2.968
-5.467
-7.449
-3.897
-6.904
-5.615
-1.690
-5.771
-6.772
-2.328
-7.084
-6.921
-5.842
-0.234
-7.782
-6.363
-1.126
-2.828
-3.487
-5.126
-1.779
-10.302
-6.816
-3.639
-9.245
-5.342
-2.695
-8.774
-5.579
-1.204
-12.157
-7.643
-2.342
-9.668
-4.072
-2.056
-12.230
-4.281
-3.299
-8.123
-4.275
-2.644
-10.516
-4.230
-6.844
-11.407
-5.688
-6.232
-12.322
-1.977
-7.431
-12.881
-1.978
-6.898
-11.285
-5.083
-9.008
-10.212
-1.868
-10.400
-6.915
-5.920
-9.619
-5.897
-5.440
-4.609
-8.444
-6.057
-12.954
-6.290
-2.412
-7.912
-9.099
-2.761
-5.663
-8.478
-4.228
-6.260
-7.418
-11.295
-10.695
-8.515
-11.652
-9.039
-10.068
-11.890
-10.208
-9.002
-13.606
-9.871
-9.898
-10.862
-7.516
-11.122
-12.382
-11.459
-11.601
-11.875
-7.674
-8.796
-11.599
-5.758
-9.145
-14.109
-6.189
-9.341
-12.487
-7.164
-12.689
-5.020
-17.150
-11.767
-3.200
-11.065
-6.724
-6.609
-15.628
-11.090
-5.681
-11.707
-6.455
-6.688
-12.094
-9.287
-7.870
-15.653
-13.530
-5.258
-14.759
-9.005
-4.795
-12.238
-11.765
-7.160
-14.289
-9.853
-6.237
-12.880
-11.713
-4.602
-10.235
-0.828
-4.759
-11.173
-0.139
-1.668
-6.646
-3.097
-2.702
-12.272
-3.919
-5.430
-8.940
-1.307
-7.024
-7.149
-1.956
-4.546
-9.012
-0.836
-7.997
-10.648
-2.289
-8.171
-11.284
-3.142
-5.800
-9.835
-3.628
-10.515
-10.882
-3.562
-8.909
-10.366
0.459
-9.582
-11.738
-1.010
-6.878
-6.449
0.255
-12.431
-10.896
-1.583
-10.648
-10.873
-2.850
-11.972
-10.645
-0.945
-10.973
-11.324
-4.245
-12.085
-11.443
-3.882
-11.800
-8.491
1.508
-6.910
-7.911
-5.866
-5.116
-5.068
-3.594
-5.169
-7.421
-2.934
-5.612
-5.409
-4.076
-3.757
-5.374
-5.329
-3.958
-6.629
-4.482
-4.943
-6.591
-5.432
-4.169
-5.441
-2.544
-4.710
-6.324
-3.494
-9.434
-6.391
-5.032
-5.448
-4.627
-5.297
-3.549
-1.807
-1.451
-5.849
-5.269
-5.332
-3.924
-5.745
-6.309
-4.627
-3.393
-4.624
-2.428
-5.557
-4.470
-5.011
-2.573
-5.668
-2.476
-4.209
-4.906
-4.623
-5.929
-6.227
-5.673
-4.243
-2.739
-5.615
-9.578
-6.618
-9.218
-6.141
-10.803
-9.240
-9.296
-8.861
-5.536
-5.197
-10.556
-8.907
-7.971
-7.546
-9.084
-2.304
-11.813
-5.541
-9.151
-5.854
-9.643
-3.151
-9.060
-4.570
-11.771
-3.446
-8.751
-2.302
-9.916
-3.559
-9.128
-5.844
-10.373
-4.765
-10.338
-10.953
-10.404
-10.216
-11.855
-13.077
-8.590
-10.303
-11.836
-13.028
-7.088
-10.473
-7.493
-12.441
-9.078
-13.035
-6.778
-11.716
-12.611
-11.028
-7.444
-9.289
-11.132
-13.857
-9.280
-5.812
-8.192
-3.991
-4.182
-4.622
-5.509
-4.892
-6.703
-3.584
-8.543
-3.189
-7.032
-7.146
-7.472
-4.804
-7.420
-3.245
-9.004
-6.451
-9.384
-6.595
-5.698
-5.210
-4.184
-7.540
-5.559
-6.649
-1.552
-2.598
-3.398
-7.125
-6.098
-8.760
-3.660
-7.402
-4.210
-7.222
-4.447
-5.643
-2.916
-3.641
-11.459
-5.602
-8.095
-10.716
-5.716
-5.374
-8.702
-2.683
-8.456
-7.302
-10.388
-7.002
-9.522
-4.332
-7.902
-7.601
-7.270
-4.416
-11.841
-8.545
-7.667
-11.184
-12.218
-7.535
-10.789
-12.087
-10.455
-10.606
-7.861
-11.734
-10.016
-8.589
-10.206
-9.686
-13.975
-10.454
-8.641
-12.882
-12.332
-8.000
-9.037
-12.390
-12.780
-10.713
-12.433
-16.241
-11.747
-8.733
-8.351
-10.488
-14.626
-12.211
-11.136
-12.674
-16.256
-10.259
-10.292
-13.264
-10.299
-12.215
-15.488
-13.376
-8.827
-4.411
-9.331
-11.142
-12.532
-9.741
-10.594
-10.326
-15.015
-4.191
-11.757
-12.250
-15.565
-6.025
-12.036
-11.700
-12.960
-5.824
-10.682
-7.579
-13.861
-7.355
-10.483
-12.697
-14.789
-8.630
-11.304
-5.429
-15.769
-3.944
-12.702
-11.669
-15.095
-9.602
-7.868
-12.857
-13.995
-8.521
-7.850
-9.318
-9.447
-6.706
-14.685
-7.999
-2.259
-8.427
-16.092
-9.741
-9.592
-9.829
-11.231
-8.354
-7.944
-9.606
-12.752
-10.448
-8.653
-5.265
-13.923
-13.333
-10.465
-9.417
-11.968
-11.304
-5.512
-6.187
-10.974
-12.155
-7.098
-9.575
-15.818
-11.659
-6.020
-11.887
-11.557
-10.805
-10.416
-10.774
-2.028
-10.717
-11.158
-11.816
-4.918
-5.285
-7.799
-13.446
-6.543
-5.977
-9.105
-10.651
-5.298
-7.179
-10.689
-11.309
-4.495
-5.076
-8.440
-12.202
-4.750
-8.606
-7.986
-13.908
-4.511
-7.211
-6.871
-12.211
-5.287
-8.471
-10.483
-11.392
-3.332
-6.094
-7.172
-10.359
-6.360
-9.319
-9.747
-6.535
-8.479
-8.947
-5.219
-8.334
-7.702
-6.691
-4.452
-4.947
-9.803
-8.243
-3.663
-4.432
-10.160
-5.561
-4.716
-3.732
-9.856
-5.309
-6.245
-5.242
-8.511
-6.141
-5.884
-5.750
-8.529
-5.085
-5.301
-6.301
-17.886
-5.897
-5.209
-4.639
-10.961
-7.062
-10.390
-5.715
-10.929
-7.214
-6.989
-6.506
-10.585
-9.927
-10.525
-8.405
-12.792
-12.196
-14.601
-9.987
-10.644
-10.888
-11.107
-2.998
-12.554
-10.304
-11.330
-7.179
-8.752
-9.749
-11.511
-8.841
-10.081
-10.251
-11.508
-10.370
-11.225
-13.535
-10.359
-7.735
-12.224
-9.866
-13.215
-6.707
-11.152
-10.089
-12.865
-9.606
-10.546
-7.761
-14.322
-8.736
-13.010
-7.333
-12.737
-8.054
-11.105
-7.114
-8.802
-10.775
-12.796
-6.389
-11.934
-7.960
-12.643
-6.515
-14.472
-10.450
-14.504
-8.861
-9.659
-8.095
-12.032
-4.454
-9.265
-8.979
-8.717
-6.869
-9.027
-9.320
-10.419
-7.929
-13.162
-13.467
-11.989
-10.862
-9.382
-10.223
-13.736
-3.550
-8.042
-10.403
-12.559
-10.540
-7.050
-10.878
-9.532
-9.679
-9.627
-10.345
-11.021
-9.477
-6.470
-10.966
-7.961
-13.420
-7.334
-9.385
-11.211
-9.558
-5.449
-10.335
-12.213
-9.239
-8.419
-10.009
-10.972
-10.477
-6.932
-11.957
-10.034
-12.465
-8.349
-11.290
-8.851
-9.756
-7.604
-9.541
-13.532
-10.372
-8.364
-6.870
-9.057
-3.463
-15.596
-8.382
-5.258
-9.442
-14.985
-9.186
-9.142
-4.453
-14.877
-12.466
-9.408
-7.915
-14.508
-10.711
-7.321
-7.734
-14.252
-10.087
-4.139
-5.350
-10.996
-11.901
-11.005
-6.611
-16.437
-11.297
-9.334
-4.002
-14.071
-11.067
-7.413
-5.421
-15.500
-11.217
-6.849
-7.966
-9.171
-4.667
-10.740
-8.880
-11.248
-4.598
-8.663
-13.000
-13.418
-6.132
-10.069
-11.040
-9.275
-8.888
-7.853
-13.757
-13.498
-5.468
-8.671
-12.573
-10.587
-6.398
-9.544
-12.861
-6.984
-4.870
-5.061
-12.365
-8.272
-9.625
-9.788
-12.988
-11.608
-5.464
-12.690
-10.916
-13.113
-5.640
-10.621
-10.757
-12.523
-10.633
-9.227
-11.131
-10.450
-9.405
-7.404
-12.316
-9.112
-10.153
-9.368
-11.504
-10.276
-9.939
-9.316
-12.352
-8.791
-12.711
-9.057
-14.787
-9.232
-12.084
-7.386
-10.386
-7.325
-10.744
-5.410
-13.841
-2.912
-8.395
-8.513
-12.825
-5.915
-13.255
-5.990
-9.660
-5.548
-13.128
-6.156
-12.173
-5.189
-8.121
-5.159
-7.753
-4.716
-8.360
-9.618
-7.777
-7.911
-5.503
-6.376
-6.497
-5.293
-8.687
-7.191
-11.938
-5.641
-8.741
-7.482
-8.396
-9.876
-9.610
-10.257
-11.834
-9.381
-12.109
-6.794
-9.058
-8.717
-10.983
-8.017
-11.003
-6.189
-7.577
-9.224
-8.781
-7.660
-9.170
-10.678
-8.307
-6.973
-10.358
-9.942
-12.695
-9.602
-9.963
-7.573
-9.454
-8.182
-7.196
-7.757
-8.967
-9.364
-9.080
-4.651
-8.840
-5.834
-12.095
-6.966
-9.350
-10.042
-10.390
-8.611
-9.491
-6.974
-6.315
-7.777
-6.169
-8.798
-10.346
-10.780
-9.136
-9.734
-3.971
-11.784
-10.599
-8.598
-3.956
-10.175
-6.705
-8.502
