-14.552
-15.909
-9.153
-14.769
-11.880
-12.935
-11.017
-15.289
-11.347
-16.463
-11.362
-12.752
-14.770
-14.905
-11.707
-18.063
-11.106
-11.371
-9.101
-12.773
-15.373
-10.810
-9.328
-9.599
-15.813
-12.216
-11.643
-11.973
-7.794
-11.017
-12.884
-12.623
-13.113
-9.723
-14.409
-12.005
-11.274
-11.557
-10.816
-14.523
-8.981
-6.103
-5.830
-13.477
-9.258
-9.955
-5.906
-9.023
-7.295
-12.096
-10.529
-8.274
-13.138
-11.380
-10.686
-13.635
-9.013
-12.778
-7.573
-11.019
-4.328
-10.952
-8.478
-9.613
-5.519
-10.927
-7.544
-11.890
-5.806
-11.157
-1.556
-7.859
-3.411
-8.139
-3.405
-9.067
-6.904
-9.600
-6.816
-7.173
-5.219
-13.857
-10.845
-8.757
-2.852
-14.855
-8.920
-6.015
-3.788
-14.961
-15.434
-7.700
-6.507
-11.834
-10.382
-10.784
-6.235
-14.489
-12.333
-6.849
-5.197
-12.051
-7.507
-5.641
-4.409
-8.156
-9.381
-9.534
-5.656
-11.796
-10.597
-4.027
-5.509
-13.394
-12.226
-5.758
-4.358
-13.473
-12.476
-6.130
-2.199
-12.985
-9.138
-10.750
-1.301
-12.493
-11.262
-12.165
-1.556
-12.955
-11.089
-12.659
-1.090
-9.246
-10.828
-12.456
-1.617
-11.034
-10.895
-13.644
-1.239
-12.501
-10.805
-11.969
-0.971
-10.129
-12.972
-12.719
-2.253
-12.840
-15.609
-12.199
-4.625
-10.485
-12.303
-9.114
-3.168
-9.674
-8.605
-9.908
-2.108
-8.719
-7.280
-8.634
-2.106
-10.734
-6.866
-7.969
-0.147
-11.603
-9.586
-9.483
-0.053
-11.360
-9.046
-8.725
0.259
-12.843
-9.534
-8.938
-3.233
-10.148
-10.153
-7.679
-0.804
-8.165
-8.889
-7.500
-2.956
-11.037
-6.647
-7.555
-2.147
-8.260
-9.937
-9.900
-1.582
-10.183
-7.292
-9.844
-3.727
-5.579
-5.394
-8.452
-4.629
-9.750
-7.829
-5.124
-5.331
-11.122
-8.344
-5.727
-5.033
-9.907
-10.288
-6.365
-5.534
-11.489
-8.650
-1.968
-6.150
-7.239
-10.154
-5.483
-4.176
-12.622
-8.821
-4.383
-2.727
-11.156
-9.451
-2.184
-3.684
-9.880
-12.327
-7.796
-5.671
-10.410
-9.559
-7.493
-9.671
-4.025
-3.849
-7.831
-8.118
-7.252
-4.858
-4.874
-7.028
-1.685
-3.430
-2.921
-8.925
-5.463
-3.520
-4.648
-7.108
-8.635
-3.537
-3.775
-6.298
-3.789
-3.263
-5.953
-6.558
-8.262
-5.204
-3.323
-6.817
-6.666
-3.658
-3.593
-5.986
-3.752
-3.589
-5.754
-10.303
-6.508
-4.640
-6.482
-11.784
-8.928
-0.852
-3.084
-6.943
-7.463
-1.101
-5.119
-10.300
-7.180
-2.159
-4.940
-9.787
-8.158
-0.107
-3.053
-5.530
-10.130
-2.545
-0.129
-9.363
-9.634
-2.382
-3.048
-9.277
-6.242
-2.948
-4.603
-6.913
-6.561
-0.912
-5.174
-5.479
-7.923
-3.622
-3.212
-4.700
-6.296
-2.663
-1.444
-8.834
-8.337
-3.318
-3.838
-9.253
-6.742
-2.601
-2.861
-7.998
-7.516
-7.555
-2.987
-7.827
-12.530
-3.995
-3.856
-6.173
-12.459
-5.024
-4.595
-8.040
-11.688
-5.294
-5.669
-10.860
-11.966
-2.526
-3.904
-7.350
-9.329
-5.204
-1.431
-7.739
-9.597
-2.574
-2.902
-10.187
-8.724
-5.382
-1.744
-3.656
-1.549
-4.291
-5.024
-4.369
-2.517
-4.980
-3.700
-3.490
-0.989
-7.112
-6.859
-0.557
-2.768
-6.566
-5.781
-2.984
-1.008
-5.225
-1.548
-6.573
-0.809
-4.877
-4.318
-7.420
-7.102
-5.584
-7.579
-3.742
-2.005
-6.749
-3.560
-1.412
-3.566
-5.123
-4.783
-5.702
-4.448
-7.093
-5.014
-11.292
-9.363
-11.263
-10.110
-10.979
-12.557
-9.249
-10.548
-9.913
-6.784
-9.957
-14.142
-8.900
-11.617
-13.260
-10.033
-11.235
-13.654
-9.428
-9.048
-11.032
-13.195
-10.795
-13.267
-11.040
-7.602
-13.621
-7.500
-8.997
-15.325
-8.105
-7.406
-8.775
-0.754
-10.008
-13.034
-5.945
-7.877
-10.344
-4.173
-7.333
-10.617
-8.365
-14.626
-11.446
-4.711
-11.022
-13.102
-7.403
-9.503
-10.928
-9.156
-12.905
-11.146
-7.564
-9.239
-10.587
-5.306
-7.113
-12.414
-3.534
-13.345
-15.928
-4.457
-7.552
-11.410
-3.776
-6.143
-8.690
-3.758
-4.229
-9.985
-9.089
-9.706
-9.492
-6.570
-6.160
-7.167
-7.728
-8.655
-7.745
-9.105
-9.813
-8.753
-5.186
-4.617
-11.026
-6.974
-8.819
-10.925
-4.988
-4.330
-7.944
-4.524
-5.183
-9.134
-4.111
-5.765
-9.620
-1.310
-2.346
-9.481
-2.920
-6.260
-4.440
-7.700
-2.982
-10.920
-5.267
-3.823
-10.083
-2.945
-4.272
-7.225
-2.778
-3.307
-7.138
-2.296
-6.648
-10.338
-7.555
-7.062
-5.164
-10.615
-8.146
-9.776
-9.566
-10.615
-7.851
-4.659
-7.828
-7.273
-8.650
-9.621
-9.020
-3.823
-7.988
-9.434
-4.960
-9.229
-6.732
-6.344
-6.700
-8.035
-6.501
-8.476
-9.164
-7.863
-9.252
-7.568
-3.257
-7.020
-9.413
-2.562
-5.712
-7.722
-1.615
-3.932
-5.611
-6.770
-5.922
-8.733
-3.699
-5.141
-1.475
-3.418
-2.011
-8.618
-3.788
-2.863
-6.623
-5.649
-2.728
-3.260
-2.544
-5.482
-7.214
-3.908
-3.472
-7.775
-10.514
-12.240
-13.419
-12.194
-7.643
-8.783
-8.706
-8.165
-12.115
-15.125
-11.142
-12.581
-10.132
-9.431
-9.261
-10.095
-9.613
-10.308
-10.342
-10.728
-8.301
-14.238
-12.246
-15.108
-9.350
-11.911
-12.232
-12.820
-13.149
-11.039
-7.368
-13.005
-11.634
-14.360
-8.551
-9.977
-4.721
-8.090
-8.116
-12.172
-7.011
-8.369
-11.141
-14.257
-11.813
-9.682
-10.347
-12.634
-8.472
-12.097
-11.981
-12.095
-9.478
-7.079
-7.951
-11.846
-12.852
-10.928
-10.145
-9.140
-10.164
-10.935
-13.553
-7.641
-5.003
-13.680
-13.329
-11.016
-10.466
-9.191
-12.893
-12.297
-12.759
-10.350
-7.076
-9.304
-9.097
-9.168
-9.172
-8.406
-10.992
-12.221
-11.131
-8.363
-6.085
-6.874
-8.985
-11.266
-4.823
-8.777
-9.328
-11.886
-8.871
-10.326
-8.577
-12.453
-12.136
-10.014
-9.700
-10.323
-10.919
-10.661
-13.561
-14.675
-10.113
-12.372
-11.228
-11.268
-13.297
-7.397
-12.876
-14.443
-12.926
-14.251
-5.208
-10.252
-9.614
-12.205
-16.708
-10.319
-5.315
-14.929
-7.834
-17.204
-5.851
-11.498
-12.559
-10.180
-15.452
-5.834
-8.925
-14.044
-11.675
-17.186
-10.608
-9.719
-12.266
-10.293
-14.418
-9.580
-10.571
-11.269
-8.979
-13.568
-9.904
-11.726
-11.715
-9.305
-18.062
-10.002
-12.037
-9.982
-15.959
-8.827
-8.030
-11.129
-8.618
-11.359
-10.142
-4.329
-10.897
-5.787
-10.103
-8.777
-8.671
-13.361
-14.767
-10.204
-10.822
-6.865
-9.550
-10.588
-10.509
-11.446
-8.534
-6.748
-9.726
-10.767
-8.436
-8.727
-10.573
-12.061
-8.668
-11.958
-10.073
-11.019
-9.124
-10.933
-11.551
-5.290
-12.219
-9.895
-9.517
-14.174
-7.096
-12.238
-10.513
-12.449
-13.471
-4.849
-7.316
-13.749
-14.497
-9.399
-13.349
-3.962
-12.335
-10.041
-7.004
-11.824
-5.713
-9.479
-7.991
-6.834
-10.829
-5.581
-9.943
-12.359
-12.668
-9.342
-6.821
-9.748
-4.397
-7.167
-13.296
-6.431
-11.183
-11.032
-9.530
-9.986
-7.056
-4.647
-6.197
-14.035
-14.753
-8.000
-12.591
-13.556
-6.034
-10.508
-8.937
-11.701
-13.400
-11.687
-13.281
-7.849
-13.223
-11.955
-9.704
-13.598
-5.180
1.215
-10.473
-0.716
-8.474
-6.046
-1.640
-10.827
-5.666
-10.607
-5.661
-1.202
-10.593
-4.033
-5.986
-5.840
-2.622
-13.303
-2.252
-9.336
-10.966
-3.830
-12.266
-4.506
-10.418
-4.410
-3.203
-8.979
-5.082
-8.733
-4.422
-3.051
-7.888
-2.135
-11.529
-8.935
-6.351
-6.506
-6.891
-8.472
-3.131
-3.887
-9.564
-4.990
-9.719
-8.890
-6.422
-10.701
-3.866
-10.443
-9.854
-13.662
-10.428
-3.582
-9.875
-11.448
-12.458
-11.447
-4.872
-7.532
-8.536
-11.838
-9.741
-10.305
-12.848
-8.853
-12.623
-9.113
-6.902
-9.002
-11.880
-14.307
-11.169
-6.013
-10.431
-6.531
-15.485
-9.386
-7.841
-11.607
-9.525
-13.524
-12.153
-7.395
-9.005
-6.519
-12.280
-10.100
-6.142
-10.420
-6.134
-15.281
-9.947
-4.945
-8.095
-8.713
-14.035
-10.412
-6.441
-13.902
-9.046
-7.360
-9.333
-11.954
-14.902
-5.034
-6.603
-12.630
-10.944
-14.482
-3.207
-7.229
-12.496
-9.379
-12.042
-6.223
-8.107
-13.395
-9.688
-12.868
-4.862
-5.737
-12.190
-8.493
-15.282
-2.409
-8.590
-9.652
-7.386
-13.207
-4.505
-8.070
-10.383
-8.503
-12.074
-7.603
-6.267
-11.535
-7.226
-14.251
-3.960
-10.209
-10.940
-13.103
-12.229
-3.810
-7.179
-10.340
-6.035
-14.038
-9.987
-4.822
-7.219
-9.112
-1.879
-11.044
-7.685
-9.472
-12.414
-8.391
-8.380
-5.651
-8.715
-12.222
-9.135
-8.128
-7.979
-11.373
-12.241
-10.762
-7.296
-5.938
-8.679
-6.987
-7.107
-4.762
-4.104
-12.278
-7.059
-8.545
-6.139
-5.859
-8.298
-5.546
-6.898
-6.782
-3.422
-13.709
-10.068
-8.498
-8.877
-7.602
-13.110
-10.651
-11.141
-8.405
-10.021
-10.682
-10.450
-8.272
-9.351
-1.622
-8.024
-10.876
-11.822
-5.351
-7.513
-6.435
-8.753
-12.550
-5.046
-3.916
-3.194
-9.035
-6.866
-4.273
-4.249
-4.934
-10.210
-10.865
-6.941
-4.319
-6.698
-10.400
-13.619
-7.736
-3.014
-6.020
-12.751
-10.549
-6.623
-6.710
-5.927
-8.719
-10.312
-5.868
-0.842
-6.682
-7.756
-11.645
-7.060
-0.416
-5.877
-7.094
-12.703
-9.682
-4.863
-4.830
-10.446
-12.152
-14.876
-10.998
-9.671
-9.830
-14.925
-12.554
-9.643
-14.783
-9.058
-10.751
-15.323
-9.678
-17.760
-12.383
-9.365
-9.856
-12.953
-10.186
-18.078
-9.326
-10.369
-14.731
-9.931
-17.379
-16.782
-11.384
-13.059
-8.393
-12.843
-12.985
-14.130
-10.000
-11.222
-14.314
-11.190
-10.609
-15.189
-11.691
-7.794
-13.714
-6.479
-5.955
-15.157
-7.721
-5.435
-13.671
-8.519
-6.512
-15.513
-9.083
-9.158
-14.880
-12.156
-10.248
-15.259
-9.083
-10.506
-14.371
-9.299
-6.166
-8.176
-13.940
-9.521
-12.672
-13.886
-9.342
-10.229
-14.715
-8.234
-8.842
-12.409
-6.293
-13.653
-12.852
-11.424
-10.487
-15.649
-9.207
-11.807
-12.478
-8.204
-11.308
-12.060
-11.049
-12.264
-10.579
-10.872
-10.538
-13.024
-6.702
-7.168
-3.376
-12.352
-8.009
-8.563
-16.347
-6.788
-4.703
-10.685
-3.683
-9.403
-12.230
-4.560
-5.969
-17.110
-2.405
-7.821
-13.301
-5.404
-4.000
-11.496
-6.857
-4.666
-12.531
-5.358
-6.199
-15.547
-4.634
-7.107
-9.525
-10.684
-10.720
-8.732
-8.238
-7.973
-9.204
-6.338
-10.234
-12.042
-7.253
-9.596
-10.995
-11.421
-8.079
-7.186
-5.591
-12.435
-10.300
-9.681
-9.278
-7.527
-7.509
-6.214
-6.750
-8.684
-10.798
-9.559
-10.838
-6.924
-6.527
-8.209
-5.860
-8.350
-7.030
-7.760
-11.063
-5.333
-4.770
-9.410
-5.193
-5.921
-5.249
-6.592
-5.550
-13.675
-7.904
-5.543
-12.389
-7.007
-5.202
-8.351
-5.398
-5.886
-8.073
-8.988
-6.607
-8.502
-5.222
-3.461
-10.118
