4.871
7.027
4.590
7.400
3.008
4.677
-0.477
9.289
5.849
5.252
7.622
7.359
9.478
-2.316
7.637
6.259
8.899
3.603
5.920
3.683
7.469
6.721
8.316
7.184
8.528
3.661
6.869
8.878
8.054
5.185
5.335
2.291
2.228
3.864
4.602
1.953
-0.681
7.527
7.018
4.516
6.273
7.765
6.275
9.497
8.227
9.941
7.193
10.466
8.694
5.314
7.402
8.642
1.846
0.085
-0.058
2.506
-6.726
3.317
5.991
0.942
1.855
2.412
1.191
3.096
2.270
2.325
1.600
1.751
2.138
1.171
5.580
3.760
5.592
-2.115
4.071
5.922
2.822
2.543
6.511
1.958
-0.209
2.356
1.451
-1.323
1.132
3.459
0.753
1.842
3.183
2.862
-0.165
3.449
3.733
1.343
3.243
2.781
0.972
0.932
3.127
2.922
4.074
2.353
7.817
4.198
2.405
3.130
3.508
1.793
5.357
2.210
4.251
2.981
2.328
1.130
3.811
2.333
2.447
4.043
0.700
2.189
3.926
1.619
1.911
4.104
3.127
0.641
2.853
0.048
2.763
1.810
4.642
3.286
10.482
4.146
7.922
6.257
4.490
9.026
4.123
4.389
2.485
5.186
7.626
-3.232
3.497
1.691
2.152
5.573
4.449
3.155
6.134
6.479
3.540
4.202
5.521
2.459
5.588
5.769
3.332
6.544
6.076
4.144
5.101
1.825
4.731
9.160
5.094
2.916
4.341
5.692
6.903
3.513
0.590
2.403
3.060
3.859
3.060
6.053
-1.329
2.743
1.471
6.975
8.352
7.095
8.773
9.614
7.573
8.372
4.979
-3.750
-5.064
4.552
9.112
8.238
6.638
6.980
5.084
8.194
3.079
2.842
3.511
8.229
6.233
1.865
7.403
4.948
9.001
7.322
9.773
7.518
5.505
7.272
3.788
8.214
7.900
7.363
5.383
7.120
6.540
6.006
7.283
9.497
10.051
5.822
11.256
7.282
10.957
4.810
7.770
9.053
7.520
7.398
7.827
4.426
11.338
8.453
5.571
9.447
10.094
12.097
6.680
7.749
2.475
4.228
6.142
6.571
5.908
7.564
6.021
6.285
11.575
8.508
9.846
9.123
9.613
11.804
6.939
8.443
8.432
1.773
5.226
3.071
8.741
6.569
10.605
5.952
8.023
8.776
4.923
5.827
8.069
9.076
9.474
7.474
6.635
7.904
7.184
1.893
5.763
7.183
5.825
3.935
8.653
9.054
8.829
10.019
8.441
6.010
4.144
5.874
4.793
3.881
6.992
3.386
3.742
7.299
6.042
-0.773
6.216
6.908
6.431
7.648
10.161
-0.898
8.775
8.703
10.710
6.354
6.213
-0.647
5.860
6.821
6.234
6.673
2.719
4.821
5.583
5.785
5.393
8.860
6.688
6.063
4.940
8.789
7.482
2.994
6.122
2.119
5.722
6.451
2.763
7.865
4.255
-0.606
4.178
7.730
6.520
6.997
3.069
9.267
