-16.058
-9.379
-12.299
-10.634
-14.175
-11.918
-15.606
-13.328
-13.383
-12.334
-17.807
-14.625
-17.228
-13.629
-15.992
-13.149
-15.294
-10.294
-11.274
-9.943
-12.682
-17.064
-18.847
-12.416
-19.135
-11.023
-16.591
-13.714
-6.037
-11.446
-23.972
-12.894
-9.716
-5.114
-18.952
-14.344
-11.031
-12.390
-15.564
-12.503
-11.824
-4.160
-8.466
-14.101
-12.099
-10.450
-9.442
-11.699
-12.592
-12.149
-13.385
-8.567
-18.121
-8.706
-16.818
-14.924
-13.427
-11.415
-15.331
-15.858
-9.542
-11.359
-9.384
-11.371
-9.395
-10.791
-12.239
-12.447
-7.793
-10.509
-6.573
-7.738
-6.830
-7.006
-9.210
-11.884
-9.679
-13.113
-4.798
-1.383
-18.694
-17.875
-12.383
-10.432
-9.065
-15.807
-5.156
-10.894
-10.981
-17.564
-13.968
-15.644
-11.654
-15.435
-12.059
-20.247
-17.926
-16.313
-10.502
-16.216
-11.717
-16.010
-3.273
-14.080
-10.033
-18.499
-9.152
-14.118
-17.283
-24.636
-17.710
-8.891
-11.684
-20.426
-12.444
-16.496
-11.645
-20.978
-7.209
-14.120
-9.901
-12.457
-11.167
-14.520
-7.943
-15.674
-9.297
-23.435
-6.953
-15.174
-9.744
-23.501
-8.063
-14.045
-9.151
-18.586
-5.945
-9.959
-6.668
-17.483
-5.302
-8.452
-2.259
-15.930
-6.960
-15.343
-12.428
-21.846
-8.113
-19.151
-16.750
-20.707
-10.984
-10.680
-12.886
-14.281
-6.878
-10.885
-2.463
-15.879
-2.586
-17.157
-8.460
-19.929
-6.416
-13.933
-4.357
-15.008
-0.128
-14.869
-5.531
-19.215
-5.647
-17.178
-10.241
-18.887
-4.598
-16.726
-11.599
-14.658
-6.670
-10.383
-5.951
-15.679
-5.842
-12.763
-5.107
-15.442
-12.246
-13.960
-15.091
-13.701
-3.384
-14.476
-10.802
-14.080
-3.897
-12.584
-8.243
-22.624
-9.459
-4.353
-5.666
-8.724
-18.377
-13.329
-13.395
-12.180
-13.473
-6.698
-8.455
-14.479
-11.813
-10.188
-16.867
-9.592
-11.328
-10.217
-8.478
-3.357
-14.271
-9.180
-9.953
-8.994
-9.786
-12.771
-13.196
-4.985
-13.125
-10.594
-13.741
-8.193
-9.410
-8.730
-9.441
-10.196
-15.552
-9.516
-10.484
-10.677
-10.927
-10.893
-15.810
-16.958
-7.375
-8.369
-13.338
-8.322
-3.299
-6.653
-14.261
-8.943
-1.211
1.031
-6.071
-4.813
-8.595
-13.329
-12.150
-11.513
-6.065
-5.331
-15.874
-9.741
-6.329
-3.365
-12.657
-9.416
-6.025
-8.454
-15.455
-12.756
-10.201
-11.131
-14.577
-17.942
-5.415
-5.309
-10.471
-7.050
-12.735
-12.803
-4.493
-2.782
-2.522
-4.141
-0.517
-3.139
-8.394
-6.710
-3.677
-6.757
-6.867
-12.262
-2.372
-0.930
-8.275
-8.316
-4.208
-0.662
-9.634
-9.370
-3.780
-1.540
-7.359
-9.139
-10.359
-4.063
-15.981
-12.145
-6.525
-4.525
-15.698
-14.912
-9.039
-5.840
-7.296
-7.103
-8.583
-2.859
-7.563
-11.677
-10.883
-6.348
-7.494
-7.769
-8.778
-1.464
-5.807
-7.425
-9.856
-6.972
-6.352
-11.743
-11.124
-5.979
-9.459
-13.011
-12.859
-7.754
-10.161
-13.406
-10.589
-7.578
-7.993
-7.119
-4.724
-2.170
-7.649
-14.559
-11.084
-6.672
-8.576
-11.912
-8.444
-6.777
-16.571
-14.326
-12.048
-7.164
2.439
-3.018
-5.830
-3.002
1.994
1.004
-9.988
-2.944
-0.227
-6.888
-13.152
-11.987
-1.497
-10.340
-11.958
-10.265
0.609
2.102
-4.825
0.740
0.010
-1.971
-7.222
-6.125
-1.493
-7.951
-9.881
-6.971
-5.045
-5.288
-11.592
-8.326
1.536
-0.318
-8.534
-5.909
-8.645
-8.851
-18.653
-15.620
-13.991
-13.726
-17.341
-12.514
-15.100
-17.497
-14.180
-13.951
-19.599
-12.879
-12.132
-20.617
-12.816
-15.904
-17.414
-17.194
-17.675
-19.731
-11.101
-12.162
-15.654
-15.110
-12.163
-12.567
-13.412
-16.318
-15.343
-9.889
-16.746
-23.046
-6.886
-5.581
-14.935
0.332
-3.611
-19.955
-6.255
-6.261
-16.242
-0.288
-3.835
-17.263
-10.478
-9.542
-16.919
-2.866
-3.977
-13.757
-7.880
-5.595
-13.173
-3.468
-5.823
-16.760
-6.269
-2.876
-21.323
-0.336
-2.365
-17.798
1.528
-5.660
-16.722
-7.156
-11.797
-14.501
-6.158
-9.878
-17.586
-1.078
-5.668
-14.542
-4.867
-11.219
-15.755
-1.713
-4.339
-12.509
-9.404
-11.491
-17.557
-13.661
-13.597
-4.120
-1.178
-4.055
-16.900
3.269
-3.681
-12.171
-3.053
-7.806
-7.931
0.594
-2.741
-6.357
1.963
-9.975
-2.083
-1.122
-6.414
-8.367
-0.543
-5.572
-2.072
-7.307
-7.732
-12.627
-0.445
-8.243
-11.684
-2.319
-9.567
-8.295
2.772
-2.329
-6.459
4.268
-7.271
-5.667
-8.433
-12.827
-2.418
-11.952
-13.156
-4.025
-11.858
-13.096
-2.949
-5.357
-10.094
-3.356
-11.920
-12.111
-2.711
-7.593
-16.804
-5.546
-8.383
-14.179
-6.247
-6.850
-14.678
-1.210
-8.303
-8.514
-0.954
-11.256
-11.272
-4.013
0.166
-4.314
-4.231
4.213
-7.181
-7.237
3.789
-9.638
-3.063
-1.880
-9.854
-7.470
0.863
-2.895
-5.973
-1.364
-5.826
-10.050
1.752
-1.792
-4.215
-3.895
-2.859
1.412
1.452
-6.233
-2.879
-8.432
-3.106
-2.205
-11.902
-10.951
-12.431
-15.501
-14.457
-12.376
-11.905
-9.126
-17.115
-19.594
-17.308
-14.929
-7.755
-14.399
-16.427
-14.170
-11.270
-10.082
-12.950
-11.810
-11.504
-12.659
-13.646
-15.700
-14.391
-16.843
-13.748
-10.346
-15.960
-18.125
-8.501
-7.345
-9.548
-17.611
-11.369
-8.119
-7.876
-5.054
-13.513
-11.335
-10.943
-12.200
-10.728
-18.617
-13.207
-15.434
-11.669
-9.287
-10.979
-14.008
-11.879
-11.151
-8.273
-7.812
-16.757
-15.931
-9.607
-13.608
-9.171
-14.992
-13.846
-9.285
-15.558
-5.245
-9.730
-15.097
-12.082
-9.987
-10.263
-14.736
-11.996
-12.641
-12.105
-7.848
-15.983
-15.155
-12.918
-14.329
-10.126
-18.931
-15.610
-10.063
-11.598
-8.533
-11.679
-13.463
-10.556
-13.175
-4.659
-16.504
-12.699
-11.684
-12.439
-6.020
-16.356
-20.261
-12.970
-11.108
-10.884
-22.173
-12.335
-9.635
-5.905
-15.954
-12.383
-11.956
-11.595
-9.238
-19.134
-4.377
-13.879
-19.955
-13.058
-16.878
-7.246
-17.162
-15.813
-13.711
-20.103
-7.029
-9.530
-13.585
-9.554
-17.386
-4.944
-13.848
-13.061
-6.217
-19.479
-4.633
-12.231
-10.646
-8.596
-13.359
-5.802
-16.257
-13.488
-9.373
-19.344
-7.200
-10.577
-13.948
-7.723
-16.407
-8.204
-16.058
-19.310
-5.787
-20.688
-12.903
-14.747
-6.935
-9.227
-9.923
-8.441
-14.297
-4.468
-5.955
-7.823
-8.450
-12.656
-4.472
-7.037
-5.661
-10.874
-16.001
-8.913
-5.341
-12.289
-5.451
-8.912
-10.798
-7.359
-12.331
-8.756
-8.705
-7.007
-7.943
-9.587
-8.421
-11.318
-10.397
-10.818
-17.108
-15.941
-14.093
-3.419
-8.476
-8.764
-2.440
-13.040
-7.972
-4.256
-14.420
-9.115
-9.053
-4.723
-5.023
-8.079
-4.362
-12.501
-16.510
-14.000
-11.829
-16.760
-12.375
-16.063
-14.924
-13.615
-22.952
-11.776
-8.986
-10.095
-6.856
-14.201
-11.892
-13.935
-15.626
-17.979
-20.100
-9.174
-8.814
-5.206
-8.955
-14.527
-11.625
-8.187
-11.618
-11.802
-15.937
-12.170
-6.784
-5.099
-10.539
-16.283
-12.547
-11.059
-15.092
-12.530
-17.331
-16.538
-11.742
-15.497
-12.103
-18.669
-11.810
-11.274
-14.375
-12.952
-20.554
-2.044
-1.347
-14.193
-1.625
-14.029
0.490
-2.256
-20.516
-8.333
-15.264
-0.269
-0.262
-12.339
-5.985
-13.002
-6.741
-2.360
-18.365
-4.928
-17.216
-8.519
-3.820
-16.538
-2.571
-9.777
-1.296
-3.080
-15.240
-3.674
-16.570
-0.123
-1.810
-18.205
-5.576
-14.031
-9.368
-1.202
-9.713
-7.639
-11.090
0.609
-2.562
-15.641
-7.179
-13.447
-3.531
-0.820
-14.116
-3.626
-4.877
-18.141
-15.788
-25.853
-4.064
-11.986
-15.172
-13.531
-20.108
-6.015
-11.496
-17.654
-12.367
-20.412
-9.209
-7.934
-18.021
-18.842
-22.541
-8.612
-10.064
-19.182
-9.243
-23.745
-4.516
-12.401
-15.121
-16.248
-21.489
-7.948
-12.463
-15.947
-9.423
-17.611
-10.103
-6.386
-13.260
-12.930
-19.740
2.030
-14.239
-15.030
-15.928
-20.156
-6.627
-9.574
-17.263
-19.365
-25.420
-9.931
-21.799
-4.257
-12.196
-16.679
-14.607
-20.551
-1.711
-12.057
-20.106
-12.789
-21.463
-5.440
-14.379
-20.706
-13.814
-17.928
-6.664
-12.274
-20.445
-17.591
-19.538
-1.119
-8.693
-25.912
-13.340
-21.305
-4.807
-15.255
-18.892
-11.488
-21.662
-5.602
-6.126
-13.080
-12.547
-12.441
-7.018
-7.897
-18.019
-12.076
-18.850
-10.031
-10.428
-22.279
-16.550
-21.629
-7.031
-5.110
-16.435
-13.751
-17.104
-11.636
-4.123
-12.772
-12.666
-6.222
-6.249
-1.814
-18.451
-15.811
-17.053
-12.043
-1.277
-17.860
-14.236
-7.869
-8.105
-3.694
-13.930
-14.393
-15.439
-6.028
-6.217
-12.550
-10.606
-8.600
-5.278
4.993
-14.772
-10.104
-9.214
-8.887
-1.019
-12.457
-11.376
-9.245
-6.166
-4.913
-20.698
-14.304
-15.592
-9.393
-7.254
-22.601
-13.992
-13.885
-11.408
-8.484
-22.201
-13.327
-14.784
-10.099
0.314
-4.215
-13.817
-18.774
-8.799
-0.141
-5.368
-15.395
-13.830
-8.590
0.790
-6.175
-15.582
-15.560
-6.987
3.508
-1.479
-12.768
-12.382
-7.197
-2.186
-8.571
-12.797
-18.463
-4.395
-1.824
-8.251
-15.695
-16.497
-5.348
-5.948
-10.926
-11.544
-13.278
-7.843
-0.948
-13.011
-12.951
-18.261
-10.286
-3.946
-11.603
-13.841
-17.999
-14.402
-0.395
-6.436
-16.431
-17.106
-12.769
-18.671
-10.298
-9.839
-20.713
-14.926
-7.135
-20.130
-11.789
-9.464
-20.746
-9.517
-20.506
-16.843
-14.465
-15.297
-17.122
-12.007
-17.027
-15.351
-11.785
-15.820
-16.254
-12.321
-16.026
-16.373
-12.410
-14.101
-13.669
-12.213
-25.696
-11.707
-12.387
-29.796
-12.654
-18.541
-25.590
-10.937
-10.105
-25.645
-11.459
-10.159
-26.907
-13.567
-13.715
-24.563
-10.391
-11.607
-25.808
-14.696
-9.453
-28.722
-14.527
-16.502
-29.172
-8.224
-14.163
-23.974
-7.931
-7.953
-19.383
-19.798
-8.096
-17.267
-20.300
-12.584
-18.760
-19.177
-7.953
-12.792
-16.396
-5.949
-18.770
-11.294
-10.391
-12.167
-20.267
-8.832
-12.866
-20.261
-10.045
-17.118
-16.633
-9.331
-15.500
-18.062
-15.619
-17.602
-19.624
-12.141
-7.444
-12.859
-22.226
-7.362
-9.895
-20.197
-11.904
-11.921
-21.255
-4.871
-10.546
-19.666
-8.188
-11.737
-22.288
-6.542
-6.290
-15.621
-6.201
-8.518
-20.020
-6.193
-8.903
-20.878
-7.683
-4.829
-19.611
-3.290
-9.200
-18.184
-14.825
-13.043
-16.036
-10.900
-8.898
-15.406
-6.040
-10.224
-15.429
-10.311
-17.050
-17.426
-12.723
-12.605
-14.318
-4.882
-15.032
-15.498
-10.943
-9.571
-7.917
-11.054
-12.653
-10.948
-10.655
-11.580
-12.813
-16.671
-9.248
-16.529
-10.423
-10.474
-14.577
-6.931
-11.060
-13.198
-10.888
-6.471
-16.113
-11.317
-9.108
-19.824
-7.625
-10.088
-17.093
-8.560
-9.145
-17.476
-11.372
-2.646
-17.863
-12.042
-1.614
-20.835
-12.176
-9.654
-17.837
-4.873
-6.322
-17.380
