-24.514
-21.092
-9.149
-25.028
-13.120
-20.643
-20.243
-19.514
-15.432
-10.178
-14.276
-17.434
-14.582
-10.262
-10.316
-15.005
-16.570
-13.877
-16.659
-13.879
-7.733
-10.604
-12.089
-7.034
-10.658
-4.831
-6.483
-7.261
-7.455
-8.891
-4.630
-1.543
-3.322
2.111
-2.151
-6.657
-10.423
-0.209
-2.738
-5.276
-17.953
-6.891
-23.691
-14.318
-2.714
-18.749
-15.826
-4.078
-20.074
-12.722
-3.504
-21.280
-18.313
-5.575
-21.415
-15.851
-3.809
-20.243
-18.405
-7.224
-18.766
-14.314
-5.821
-19.039
-13.868
-10.383
-18.255
-12.722
-11.026
-24.453
-10.130
-10.443
-19.988
-8.289
-7.355
-18.062
-13.357
-14.787
-17.433
-5.409
-13.776
-11.871
-16.434
-14.422
-8.911
-18.661
-7.616
-11.799
-19.328
-16.874
-12.151
-2.321
-9.361
-15.643
-6.073
-7.115
-15.647
-14.387
-11.459
-18.116
-21.509
-15.823
-16.911
-24.436
-15.102
-26.496
-25.524
-22.469
-21.533
-21.325
-12.261
-26.252
-19.863
-11.715
-23.225
-19.195
-13.727
-22.129
-28.467
-19.241
-19.350
-20.720
-15.345
-26.028
-24.300
-14.131
-28.423
-18.890
-13.448
-25.054
-30.226
-33.835
-21.888
-23.509
-21.386
-14.084
-28.074
-27.750
-19.066
-22.962
-28.485
-18.022
-16.629
-24.639
-17.189
-24.762
-31.040
-17.097
-18.430
-24.080
-13.850
-23.438
-25.934
-16.992
-25.353
-27.519
-17.314
-22.554
-29.166
-21.032
-8.625
-11.670
-3.039
-3.786
-13.971
0.458
-3.557
-12.046
-8.361
-7.294
-16.659
-6.759
-0.562
-7.505
0.296
-6.110
-12.568
-4.176
-0.995
-8.810
2.636
-11.979
-17.793
-0.374
-6.438
-18.832
-1.660
-7.237
-17.503
-4.576
-10.621
-10.341
0.854
-11.136
-13.724
-1.724
-15.284
-17.239
0.104
-10.718
-12.133
-1.976
-11.994
-14.650
4.001
-9.065
-8.628
-1.101
-7.854
-11.838
3.867
-8.106
-11.484
0.067
-11.559
-5.456
-2.020
-14.260
-12.739
0.722
-8.441
-19.007
-8.874
-3.921
-14.057
-9.953
-4.831
-13.484
-5.337
-7.309
-9.566
-6.674
-6.956
-13.993
-9.072
-5.390
-18.522
-12.600
-5.522
-19.343
-15.217
-4.309
-11.390
-1.159
-8.351
-20.732
-10.375
-6.491
-21.447
-11.973
6.105
-13.837
-5.231
2.345
-9.557
-2.958
-1.506
-12.005
-8.110
-6.778
-13.487
-10.796
-0.578
-10.208
-9.061
-1.989
-10.536
-9.428
2.957
-7.290
-7.753
-4.099
-7.288
-5.725
-3.878
-15.456
-9.610
-0.846
-3.724
-0.465
-3.205
-24.310
-10.156
-29.413
-10.239
-20.419
-5.104
-20.142
-8.601
-14.093
-6.188
-21.947
-5.879
-21.293
-5.673
-22.707
-4.592
-23.654
-3.119
-25.605
-9.967
-20.386
0.031
-25.868
-7.586
-31.950
-5.251
-24.474
-8.617
-24.524
-9.381
-27.118
-5.817
-25.606
-7.694
-23.943
-14.704
-27.571
-14.090
-28.963
-23.337
-20.647
-20.704
-22.478
-23.352
-18.495
-18.113
-18.170
-16.942
-22.039
-18.745
-14.050
-18.060
-24.273
-19.305
-16.576
-24.477
-23.730
-16.418
-24.385
-8.811
-8.719
-16.890
-11.532
-15.781
-14.307
-12.323
-17.200
-14.812
-17.070
-9.383
-11.565
-17.502
-15.672
-13.910
-7.673
-10.782
-13.025
-20.475
-17.443
-13.012
-13.470
-16.237
-6.314
-16.651
-9.043
-7.505
-5.287
-7.405
-14.366
-8.951
-5.568
-10.528
-6.220
-13.181
-12.449
-16.374
-13.348
-17.480
-9.899
-15.154
-14.930
-9.482
-7.707
-20.144
-3.594
-15.966
-15.327
-8.927
-11.288
-21.006
-15.873
-12.099
-7.600
-15.174
-10.582
-14.165
-4.190
-12.398
-11.486
-21.948
-11.726
-21.140
-18.656
-20.681
-22.143
-28.534
-21.527
-20.492
-15.686
-22.148
-14.424
-23.119
-19.907
-27.225
-24.790
-20.559
-18.881
-30.063
-17.693
-22.349
-16.674
-22.914
-22.095
-21.873
-23.427
-30.140
-22.754
-16.295
-11.802
-20.880
-17.952
-17.926
-16.715
-23.337
-16.823
-17.182
-12.618
-24.702
-16.838
-26.889
-26.205
-26.418
-29.843
-21.328
-17.764
-25.458
-31.745
-21.921
-17.468
-13.729
-25.489
-22.800
-17.079
-20.150
-27.828
-16.919
-11.766
-10.514
-21.481
-18.527
-19.457
-21.319
-28.747
-17.251
-8.687
-20.296
-22.952
-18.134
-17.063
-10.205
-28.502
-20.515
-24.044
-24.309
-32.904
-20.428
-11.443
-21.858
-22.547
-11.311
-17.835
-13.197
-18.926
-13.223
-24.802
-17.890
-11.764
-17.643
-26.622
-20.865
-23.710
-14.048
-16.897
-14.172
-19.194
-18.222
-19.725
-20.993
-18.630
-8.735
-19.454
-18.982
-22.078
-16.270
-17.001
-18.371
-16.623
-14.612
-21.767
-23.572
-19.093
-9.987
-20.321
-19.882
-12.233
-19.179
-19.608
-18.795
-21.026
-18.661
-11.541
-11.013
-15.869
-20.605
-7.359
-9.792
-8.601
-29.351
-13.700
-10.429
-18.260
-27.463
-14.497
-9.518
-20.051
-21.102
-10.282
-3.048
-10.709
-26.887
-16.999
-13.913
-18.139
-27.370
-12.373
-9.791
-18.199
-24.281
-11.649
-5.330
-15.539
-21.339
-10.961
-8.094
-16.777
-23.131
-14.977
-15.976
-17.908
-11.967
-14.993
-15.910
-12.543
-12.170
-11.130
-8.488
-10.248
-11.652
-21.438
-16.981
-13.060
-11.346
-17.769
-14.637
-13.219
-9.259
-16.896
-9.021
-14.553
-15.469
-15.247
-14.811
-16.254
-10.844
-15.479
-10.375
-17.839
-19.140
-25.735
-15.453
-15.152
-17.323
-17.045
-9.032
-24.150
-9.193
-21.153
-12.396
-15.967
-17.389
-15.949
-24.985
-19.510
-22.895
-20.451
-25.409
-26.454
-26.347
-16.067
-25.367
-22.318
-11.372
-11.994
-21.898
-25.022
-24.530
-11.721
-22.670
-16.815
-21.795
-11.611
-20.101
-16.641
-24.308
-15.347
-25.732
-25.592
-18.495
-16.216
-22.911
-22.011
-24.905
-16.612
-24.230
-20.769
-24.416
-18.352
-20.899
-14.059
-18.888
-23.066
-12.105
-17.250
-20.326
-21.358
-8.480
-9.682
-25.139
-28.797
-9.222
-20.170
-15.200
-23.366
-11.765
-16.082
-24.046
-19.575
-7.956
-13.809
-14.845
-22.762
-11.050
-20.273
-16.941
-17.468
-12.650
-17.914
-22.242
-20.996
-12.280
-19.430
-14.680
-23.002
-12.054
-20.306
-22.001
-23.918
-13.031
-15.200
-19.423
-11.583
-18.701
-14.388
-19.582
-13.441
-21.266
-16.031
-26.140
-7.378
-16.469
-9.520
-18.774
-8.665
-21.494
-9.728
-22.323
-11.670
-21.222
-10.005
-21.042
-12.279
-19.342
-10.795
-14.128
-7.340
-20.706
-10.543
-21.681
-11.908
-18.318
-15.230
-25.101
-8.280
-15.242
-12.970
-24.966
-18.432
-20.247
-17.791
-7.086
-25.643
-8.296
-28.333
-6.090
-14.978
-15.781
-23.559
-2.514
-25.853
-12.831
-29.537
-5.168
-20.590
-10.729
-28.014
-4.867
-20.112
-14.975
-23.365
-5.508
-17.628
-8.561
-26.722
-8.373
-21.360
-12.181
-26.533
-2.912
-16.705
-8.622
-30.935
-3.956
-23.749
-10.872
-27.972
-5.889
-18.983
-13.864
-19.959
-10.332
-11.073
-24.373
-22.504
-8.978
-7.965
-24.815
-20.519
-11.980
-12.548
-21.199
-22.023
-22.419
-19.274
-24.501
-23.056
-11.206
-9.827
-27.082
-20.929
-10.629
-10.969
-28.293
-12.123
-12.375
-6.684
-20.634
-14.970
-16.216
-10.642
-22.869
-22.037
-9.457
-10.977
-24.565
-20.741
-15.533
-12.699
-24.843
-23.540
-23.027
-13.206
-16.645
-8.601
-13.287
-3.242
-19.676
-11.264
-20.189
-9.531
-22.738
-13.771
-24.954
-9.608
-25.564
-10.813
-26.399
-16.293
-25.394
-10.546
-14.350
-7.128
-19.393
-13.359
-14.638
-15.773
-18.504
-4.360
-10.022
-12.008
-19.156
-14.395
-14.963
-17.487
-24.552
-17.205
-21.138
-10.057
-17.260
-14.562
-25.991
-16.410
-23.577
-13.545
-25.026
-17.157
-28.504
-20.151
-16.560
-13.251
-24.164
-16.499
-23.944
-17.180
-28.023
-13.892
-28.106
-16.351
-20.598
-19.401
-13.313
-16.154
-13.264
-18.154
-9.802
-7.490
-11.497
-15.307
-15.597
-11.887
-11.406
-15.045
-8.645
-12.105
-13.492
-9.756
-10.797
-12.782
-15.347
-11.400
-9.030
-13.639
-16.391
-14.439
-19.252
-11.602
-20.732
-17.734
-16.063
-13.527
-13.682
-15.670
-14.915
-9.436
-16.178
-15.467
-13.914
-9.686
-21.384
-20.727
-15.441
-14.715
-20.491
-16.826
-19.315
-7.876
-9.270
-14.519
-14.481
-15.931
-18.563
-15.543
-14.357
-15.965
-18.239
-11.044
-13.969
-16.244
-8.901
-7.054
