4.213
7.752
4.070
6.283
6.402
6.933
3.639
7.989
4.202
6.378
9.608
7.848
8.930
3.126
8.139
9.673
6.401
7.340
5.973
8.311
8.554
8.102
5.398
7.644
9.514
8.639
8.003
8.269
8.122
8.092
7.728
9.355
6.634
6.650
8.985
4.748
3.810
11.187
8.224
6.792
7.813
6.876
4.636
6.239
7.100
5.563
6.210
6.220
5.705
2.637
9.728
7.970
5.686
6.695
3.165
4.866
-1.464
8.882
7.534
5.695
0.961
-0.386
-2.068
2.021
3.384
3.596
2.176
0.146
2.664
0.765
5.257
1.301
5.451
3.780
-2.121
4.928
-1.743
2.757
-5.309
4.683
6.090
6.120
1.086
-0.301
5.110
3.246
4.102
2.065
5.416
4.942
4.017
8.348
5.801
4.357
9.350
7.141
4.246
3.331
6.298
6.672
4.137
3.225
4.193
4.890
2.929
2.196
1.457
4.258
2.157
1.482
5.605
6.725
5.284
5.027
5.677
4.319
6.751
3.732
6.489
6.402
3.724
0.508
1.905
4.567
3.473
1.417
3.883
1.399
4.799
4.162
1.915
4.891
5.791
4.013
6.355
1.923
5.560
7.454
4.420
2.798
5.073
2.391
5.281
2.093
-2.480
4.845
-7.257
4.417
-9.383
4.471
7.347
5.655
3.211
1.941
7.013
6.011
5.122
4.383
4.373
5.891
5.202
4.991
4.842
1.626
4.201
7.567
2.704
5.926
5.454
4.128
6.109
3.691
1.955
1.356
2.063
4.456
3.655
4.261
0.957
6.310
5.018
7.950
8.551
7.407
8.702
8.698
6.757
8.140
7.566
4.761
-4.690
1.918
4.587
4.542
5.545
4.375
5.016
4.861
0.711
1.373
7.153
11.215
7.447
6.793
7.507
8.160
10.151
9.777
10.726
8.598
5.899
8.121
6.596
8.153
7.344
7.402
7.479
7.179
7.852
7.258
8.610
10.864
7.807
7.930
8.475
6.585
9.404
4.847
5.143
10.069
9.163
9.247
8.899
7.597
10.056
9.204
8.469
9.175
11.502
11.824
5.992
5.820
3.439
4.995
6.655
6.862
7.750
7.089
6.118
7.954
10.673
9.267
11.536
6.861
11.042
12.212
8.235
8.895
8.609
4.293
7.432
6.144
8.862
6.462
9.684
8.789
9.367
7.997
6.005
5.794
7.446
9.682
8.858
6.537
8.133
8.391
7.641
6.558
7.142
7.870
7.322
6.504
9.611
8.185
10.039
9.858
9.030
9.003
6.345
8.189
8.684
7.481
7.450
7.292
8.361
9.122
7.827
4.775
8.871
7.883
8.168
8.927
10.560
4.075
7.842
9.336
7.529
8.052
6.696
6.180
6.961
5.471
6.997
7.206
4.513
6.813
8.662
9.070
7.485
7.840
8.658
8.377
8.085
7.346
8.236
7.074
5.815
4.100
7.538
5.891
6.715
9.801
6.394
5.723
6.150
7.843
7.964
7.605
6.294
9.663
