-7.976
-4.662
-5.388
-5.495
-6.772
-5.830
-7.580
-7.024
-6.900
-6.675
-9.301
-7.632
-8.151
-7.720
-8.007
-7.119
-7.436
-4.851
-5.093
-4.658
-5.386
-7.750
-9.071
-6.069
-9.833
-5.781
-8.154
-6.530
-2.999
-5.624
-12.798
-6.968
-4.093
-2.339
-10.282
-7.630
-4.753
-5.675
-7.015
-6.275
-3.575
-1.629
-0.531
-7.323
-3.840
-5.887
-2.145
-5.739
-4.190
-5.339
-4.993
-4.475
-8.161
-4.740
-7.237
-8.521
-4.218
-6.006
-5.095
-9.147
-3.007
-6.022
-2.448
-6.178
-2.592
-5.495
-4.532
-5.927
-1.862
-4.511
-0.284
-2.780
-1.358
-2.555
-2.433
-5.070
-2.926
-6.647
0.098
0.510
-9.890
-10.040
-6.695
-5.267
-4.134
-8.757
-1.892
-5.550
-5.280
-9.848
-6.925
-8.463
-5.682
-8.526
-6.032
-11.284
-9.432
-9.071
-4.999
-8.813
-5.720
-8.883
-0.513
-7.504
-4.713
-10.428
-3.911
-7.527
-9.047
-14.236
-10.330
-4.323
-5.700
-11.624
-6.234
-8.985
-5.677
-11.966
-2.356
-7.528
-4.634
-6.677
-5.101
-7.774
-3.463
-8.674
-4.132
-13.239
-2.871
-8.364
-3.695
-13.279
-3.535
-7.663
-4.892
-10.266
-2.269
-5.127
-2.927
-9.590
-1.885
-4.192
-0.800
-8.638
-2.876
-8.469
-6.253
-12.265
-3.565
-10.832
-9.801
-11.567
-5.281
-5.574
-7.232
-7.627
-2.827
-5.702
-0.077
-8.606
-0.261
-9.594
-4.450
-11.089
-2.551
-7.594
-0.968
-8.073
1.209
-8.175
-1.915
-10.652
-2.091
-9.608
-4.336
-10.451
-1.464
-9.327
-6.750
-7.858
-2.702
-5.390
-2.728
-8.484
-2.207
-6.868
-1.628
-8.339
-6.036
-7.611
-8.033
-7.271
-0.738
-7.931
-5.109
-7.504
-1.045
-6.757
-2.976
-12.741
-4.369
-1.648
-2.793
-4.220
-9.701
-7.219
-7.197
-6.339
-6.770
-3.103
-4.097
-7.748
-5.777
-5.269
-9.431
-4.752
-5.487
-5.287
-4.399
-0.930
-7.246
-4.644
-4.781
-4.386
-4.565
-6.872
-7.005
-1.928
-6.561
-5.521
-6.664
-3.895
-4.340
-4.364
-4.879
-5.123
-8.012
-4.852
-5.583
-5.418
-5.763
-5.656
-8.447
-9.461
-3.552
-4.096
-7.291
-4.104
-1.015
-3.035
-8.002
-4.489
0.284
1.715
-2.466
-1.927
-4.311
-7.162
-6.583
-6.083
-2.737
-2.217
-8.635
-4.984
-2.901
-1.002
-6.862
-4.782
-2.712
-4.148
-8.796
-6.854
-5.311
-5.803
-7.450
-10.071
-2.332
-2.204
-5.237
-3.315
-6.888
-6.836
-1.778
-0.668
-0.532
-1.482
0.958
-0.889
-4.186
-3.070
-1.497
-3.133
-3.235
-6.502
-0.691
0.481
-4.112
-4.063
-2.376
0.647
-4.958
-4.714
-1.754
0.103
-3.542
-4.572
-5.840
-1.462
-8.908
-6.430
-2.858
-1.749
-8.732
-8.140
-4.554
-2.564
-3.502
-3.313
-4.165
-0.715
-3.669
-6.140
-5.919
-2.880
-3.626
-3.724
-4.588
0.150
-2.576
-3.512
-5.153
-3.267
-2.915
-6.181
-6.121
-2.651
-4.849
-6.965
-7.072
-3.752
-5.286
-7.209
-6.097
-3.643
-3.937
-3.323
-1.936
-0.288
-3.723
-7.922
-5.849
-3.080
-4.299
-6.286
-4.372
-3.146
-9.275
-7.778
-6.389
-3.386
2.556
-0.788
-2.563
-0.804
2.279
1.699
-4.372
-0.768
0.897
-3.180
-6.680
-6.377
0.107
-5.314
-5.867
-5.309
1.417
2.377
-1.351
1.517
1.044
-0.140
-2.864
-2.741
0.109
-3.837
-4.567
-3.266
-2.102
-2.191
-6.246
-4.107
1.994
0.881
-4.440
-2.607
-4.343
-4.393
-10.495
-8.631
-7.206
-7.578
-9.945
-6.316
-8.438
-9.991
-7.321
-7.719
-10.825
-6.536
-6.581
-11.919
-6.498
-8.940
-9.796
-9.138
-10.049
-11.634
-5.464
-6.600
-8.930
-7.881
-6.600
-7.252
-6.858
-9.200
-8.566
-4.733
-9.467
-13.018
-2.922
-2.483
-8.212
1.431
-1.251
-10.893
-2.541
-2.909
-8.874
1.056
-1.391
-10.089
-5.088
-4.961
-9.821
-0.498
-1.480
-7.059
-3.521
-2.492
-7.001
-0.861
-2.635
-8.924
-2.550
-0.791
-12.500
1.028
-0.471
-9.756
2.151
-2.532
-9.447
-3.085
-6.372
-8.488
-2.483
-5.171
-10.313
0.580
-2.538
-8.373
-1.705
-6.010
-9.128
0.197
-1.706
-7.345
-4.441
-6.180
-10.725
-7.008
-7.497
-1.538
0.520
-1.529
-9.773
3.202
-1.294
-6.515
-0.706
-3.901
-3.932
1.519
-0.725
-2.949
2.354
-5.261
-0.281
0.472
-3.028
-4.204
0.825
-2.500
-0.274
-3.302
-3.855
-6.864
0.885
-4.175
-6.275
-0.258
-5.005
-4.159
2.848
-0.466
-3.013
3.761
-3.566
-2.519
-3.989
-7.050
-0.490
-6.136
-7.256
-1.493
-6.078
-7.218
-0.821
-2.112
-5.336
-1.075
-6.117
-6.601
-0.673
-3.476
-9.544
-2.443
-3.958
-7.898
-2.880
-3.023
-8.210
0.264
-3.909
-4.345
0.424
-5.711
-6.075
-1.485
1.258
-1.711
-1.622
3.727
-3.509
-3.499
3.469
-5.050
-0.892
0.010
-5.185
-3.644
1.684
-0.821
-2.709
0.325
-2.659
-5.255
2.226
-0.129
-1.612
-1.220
-0.799
1.901
2.042
-2.914
-0.778
-3.988
-0.954
-0.357
-6.036
-5.995
-6.824
-6.935
-6.996
-7.455
-5.553
-4.747
-8.643
-10.006
-9.233
-8.144
-3.886
-6.449
-8.845
-7.465
-5.660
-5.348
-5.775
-6.253
-5.706
-5.058
-7.587
-7.492
-6.689
-9.952
-7.081
-5.514
-6.940
-9.006
-4.194
-3.885
-5.013
-7.805
-5.279
-3.764
-1.711
-2.190
-5.154
-4.894
-5.238
-5.851
-5.754
-9.106
-6.660
-7.484
-5.495
-4.849
-4.964
-6.946
-6.389
-5.317
-4.211
-2.534
-7.603
-9.224
-4.879
-7.563
-4.299
-8.632
-7.485
-4.666
-8.788
-3.190
-5.173
-8.283
-4.845
-5.288
-3.791
-5.921
-7.173
-6.825
-6.619
-4.217
-8.445
-8.919
-6.285
-8.015
-4.915
-10.716
-8.179
-4.517
-6.300
-3.777
-5.759
-7.111
-5.378
-7.291
-2.036
-7.990
-7.778
-6.677
-6.828
-3.267
-9.186
-11.656
-6.848
-5.993
-5.848
-11.666
-6.652
-3.034
-2.724
-6.211
-5.639
-5.986
-5.339
-4.818
-9.725
-0.684
-7.224
-9.977
-7.217
-8.810
-2.628
-8.693
-6.810
-7.628
-11.440
-3.571
-4.176
-6.708
-5.016
-8.547
-1.314
-6.809
-6.467
-2.920
-9.165
-0.046
-6.760
-4.481
-4.414
-5.726
-1.576
-8.865
-6.229
-4.903
-9.574
-3.157
-6.316
-5.125
-3.866
-6.809
-2.524
-9.204
-9.512
-2.650
-9.367
-6.407
-7.474
-3.603
-4.811
-2.980
-3.647
-7.410
-2.459
-2.756
-2.735
-4.640
-6.286
-1.589
-3.435
-1.332
-4.886
-8.501
-3.960
-2.370
-4.703
-1.868
-4.074
-5.043
-3.638
-4.833
-3.143
-4.155
-2.220
-4.004
-2.412
-3.288
-6.415
-5.440
-5.810
-9.174
-8.512
-6.839
-2.462
-4.339
-3.648
-1.261
-6.548
-4.552
-1.688
-6.222
-4.442
-4.011
-2.708
-2.170
-2.148
-1.383
-6.903
-10.096
-7.809
-6.209
-10.007
-7.193
-8.772
-8.389
-6.488
-13.488
-4.857
-5.510
-5.356
-1.835
-7.244
-6.413
-8.400
-8.830
-8.786
-11.243
-3.380
-4.713
-2.285
-2.789
-7.677
-6.365
-4.792
-6.313
-5.092
-7.764
-5.646
-2.878
-2.218
-4.983
-7.738
-5.685
-6.520
-8.495
-5.213
-8.960
-8.908
-7.631
-8.749
-7.142
-11.070
-6.139
-7.620
-8.044
-5.717
-11.323
0.243
0.964
-5.911
1.636
-6.559
2.010
0.596
-8.295
-2.951
-8.018
1.047
1.397
-4.997
-1.390
-6.283
-2.132
0.128
-8.218
-0.854
-7.928
-2.763
-0.526
-8.448
1.383
-4.293
1.562
0.233
-7.175
-0.111
-8.193
2.723
0.987
-7.415
-0.536
-7.130
-3.432
0.928
-2.911
-1.469
-4.516
2.610
-0.490
-7.360
-1.869
-6.431
0.353
1.427
-6.126
0.523
-1.359
-8.705
-7.479
-12.101
-0.616
-4.115
-7.642
-6.345
-9.342
-1.910
-4.607
-8.881
-5.813
-10.701
-3.888
-2.712
-8.962
-10.072
-12.294
-3.683
-4.203
-8.678
-3.558
-11.238
-0.728
-5.123
-6.700
-8.487
-10.516
-3.660
-4.596
-7.713
-4.469
-9.340
-4.222
-2.946
-5.538
-5.632
-8.491
1.926
-6.024
-7.245
-8.474
-10.035
-3.201
-3.994
-8.893
-10.108
-13.145
-5.265
-11.504
-1.019
-6.108
-6.819
-7.262
-10.992
1.335
-5.490
-7.998
-5.500
-11.212
-0.171
-6.862
-9.085
-6.436
-10.342
-0.837
-6.079
-9.698
-7.788
-9.956
1.389
-3.318
-12.019
-5.795
-11.169
-0.248
-7.959
-8.207
-5.753
-12.261
0.053
-2.328
-4.053
-5.068
-6.182
-1.732
-3.366
-8.056
-5.531
-10.012
-2.636
-4.554
-9.829
-7.242
-11.061
-1.355
-1.824
-6.827
-5.730
-8.837
-6.074
-1.142
-5.727
-5.726
-2.633
-1.246
0.640
-8.595
-6.449
-8.294
-4.303
1.080
-8.398
-6.301
-4.211
-2.427
-0.934
-6.963
-6.007
-7.893
-1.005
-2.008
-5.741
-3.086
-3.080
-0.764
3.864
-7.640
-4.728
-4.865
-3.085
0.809
-6.620
-4.832
-4.886
0.120
-1.239
-10.009
-5.806
-7.943
-3.726
-2.946
-11.126
-6.678
-6.959
-3.601
-3.405
-10.631
-5.583
-8.257
-3.133
2.050
-0.034
-6.377
-9.023
-1.628
1.875
0.199
-6.270
-6.112
-1.628
2.106
-0.027
-7.149
-7.850
-2.065
3.724
2.214
-5.695
-6.067
-1.551
0.601
-2.030
-5.812
-9.808
0.547
0.377
-2.855
-7.355
-9.135
-0.089
-2.036
-4.044
-4.972
-7.177
-1.212
1.590
-3.588
-5.664
-9.306
-3.628
-0.402
-3.290
-6.037
-9.388
-6.147
0.795
-1.869
-7.721
-9.248
-5.136
-7.670
-5.526
-4.568
-10.152
-8.873
-1.873
-9.896
-6.878
-3.383
-10.876
-6.121
-9.180
-8.983
-7.664
-6.624
-8.190
-6.957
-8.335
-6.383
-5.540
-6.368
-6.005
-6.251
-8.228
-7.919
-6.838
-5.084
-7.194
-6.823
-12.816
-7.264
-4.824
-14.591
-8.033
-8.966
-12.505
-7.237
-4.103
-12.164
-6.739
-4.424
-13.056
-8.550
-5.832
-12.081
-7.165
-5.688
-13.496
-9.325
-3.894
-14.408
-10.361
-8.061
-14.801
-6.529
-6.610
-11.625
-4.846
-2.455
-8.652
-11.655
-4.225
-7.935
-13.012
-7.034
-7.836
-10.234
-4.120
-5.353
-9.339
-3.230
-8.454
-6.804
-5.510
-4.331
-10.691
-4.560
-6.085
-11.514
-5.851
-7.591
-9.348
-5.251
-7.134
-11.681
-8.793
-8.075
-11.243
-6.856
-1.838
-4.073
-10.273
-2.333
-3.670
-9.157
-4.344
-3.763
-9.295
0.290
-4.702
-8.749
-2.237
-3.799
-10.196
-1.528
-1.657
-6.768
-2.179
-1.659
-8.085
-0.634
-3.120
-9.908
-2.149
0.335
-8.189
0.338
-2.166
-7.850
-6.837
-5.334
-6.942
-4.512
-3.371
-6.836
-1.485
-4.074
-7.270
-3.954
-7.596
-8.998
-5.843
-4.752
-5.470
-1.373
-6.587
-7.693
-5.074
-3.786
-3.245
-4.392
-4.651
-3.797
-4.510
-5.614
-6.233
-7.989
-2.725
-6.764
-5.549
-4.807
-7.094
-3.333
-4.800
-6.242
-5.160
-2.449
-7.661
-5.734
-3.386
-8.480
-2.997
-4.097
-8.751
-3.855
-4.211
-9.135
-5.694
0.980
-8.113
-6.050
0.565
-9.574
-6.200
-3.867
-8.696
-1.474
-1.622
-8.114
