-7.905
-5.943
-1.806
-8.744
-1.998
-5.783
-6.646
-4.462
-4.714
-1.693
-5.797
-5.235
-4.749
-3.422
-2.929
-4.365
-5.106
-5.066
-5.321
-4.132
-1.183
-2.526
-3.419
-1.638
-2.785
-1.046
0.147
-1.194
-1.725
-1.526
1.455
3.555
1.980
4.334
2.268
0.316
-1.500
3.382
1.913
1.811
-5.347
-0.463
-10.372
-5.559
0.918
-8.867
-6.272
0.518
-10.043
-7.961
1.071
-10.135
-7.764
0.162
-9.214
-7.187
0.250
-9.111
-5.791
-0.715
-7.859
-4.191
-0.702
-7.459
-4.487
-2.627
-8.118
-5.744
-2.816
-10.732
-4.534
-3.821
-9.502
-2.596
-1.350
-7.917
-6.265
-4.429
-8.018
-1.823
-6.512
-4.994
-6.215
-4.267
-4.551
-6.184
-2.096
-7.447
-8.023
-4.827
-7.249
-1.719
-3.667
-8.564
-5.213
-1.082
-7.847
-4.662
-0.787
-8.957
-7.984
-5.381
-6.039
-10.514
-4.455
-10.132
-8.575
-8.331
-7.802
-9.675
-2.874
-11.783
-9.041
-3.563
-9.505
-7.503
-4.366
-7.585
-11.617
-6.417
-7.474
-8.726
-5.123
-9.254
-11.849
-3.947
-12.674
-7.069
-4.530
-9.769
-11.536
-12.568
-9.005
-7.076
-7.038
-5.121
-10.458
-10.728
-7.421
-7.797
-10.678
-7.088
-7.550
-9.150
-5.787
-8.810
-11.398
-7.482
-7.281
-7.155
-3.821
-8.034
-11.429
-8.415
-7.728
-9.840
-6.726
-7.653
-11.092
-7.408
-0.086
-4.336
1.502
1.496
-4.835
2.769
2.373
-4.469
-2.116
-0.064
-6.080
-2.932
0.518
-2.135
1.356
0.080
-4.502
0.310
2.487
-2.943
2.982
-1.458
-5.633
1.476
-0.878
-7.241
0.775
1.314
-6.574
-0.661
-3.320
-3.807
1.340
-2.614
-6.062
0.714
-3.671
-7.170
2.419
-2.746
-4.700
2.433
-2.499
-6.686
3.681
-1.563
-3.332
2.921
-4.055
-5.108
4.373
-1.843
-2.607
0.838
-2.055
-0.814
2.683
-3.908
-4.671
4.637
-3.108
-6.239
-3.981
0.277
-4.921
-2.298
-0.265
-4.990
-1.491
-3.167
-3.380
-0.991
-0.044
-5.000
-2.420
-1.631
-7.646
-5.116
0.590
-8.675
-4.155
-0.109
-3.222
-0.871
-2.542
-9.434
-5.233
-2.531
-9.626
-6.385
2.013
-6.150
0.581
1.270
-3.361
1.772
1.804
-4.937
-3.055
-3.330
-5.060
-1.635
0.118
-3.791
-0.379
1.220
-3.756
-1.434
3.395
-1.776
-0.671
1.134
-1.970
0.830
0.336
-6.981
-1.273
1.417
-0.219
3.941
-0.382
-10.852
-3.429
-11.063
-5.655
-5.637
0.238
-6.490
-1.512
-3.029
-1.618
-6.899
-1.586
-7.768
-0.025
-7.850
0.560
-9.430
-1.963
-9.877
-1.958
-7.123
2.670
-10.679
-1.830
-11.180
-0.157
-10.532
-2.339
-9.010
-1.796
-10.181
-0.604
-9.144
-1.585
-8.719
-3.289
-10.648
-2.441
-11.451
-12.525
-9.714
-8.657
-8.677
-11.429
-8.181
-9.041
-7.198
-8.124
-7.173
-8.923
-6.291
-9.119
-9.001
-9.693
-8.211
-11.297
-7.593
-8.091
-11.076
-6.077
-3.443
-7.255
-2.911
-8.205
-5.021
-5.142
-5.225
-7.055
-6.603
-3.967
-3.015
-8.704
-4.824
-7.581
-1.358
-4.346
-4.073
-9.438
-7.982
-2.003
-4.735
-3.005
-2.316
-2.815
-4.409
-0.504
-2.523
0.898
-7.634
0.028
-2.684
0.293
-2.808
-1.231
-5.628
-3.664
-4.958
-2.914
-3.735
-3.377
-6.367
-1.322
-2.994
-6.001
-0.794
-4.259
-5.131
-2.330
-5.356
-5.639
-3.988
-1.510
-2.240
-2.761
-5.037
-4.967
-1.903
-0.841
-5.265
-7.598
-2.155
-5.886
-7.197
-7.021
-8.320
-9.233
-8.459
-6.716
-5.689
-6.507
-5.217
-7.932
-8.807
-8.489
-8.997
-6.668
-8.057
-9.658
-6.543
-7.546
-6.356
-6.793
-8.225
-7.017
-10.546
-10.549
-8.431
-5.321
-4.831
-5.800
-6.632
-5.492
-5.887
-6.390
-6.115
-5.284
-3.679
-7.218
-6.478
-9.536
-8.437
-8.318
-9.911
-7.329
-6.721
-7.320
-11.597
-8.171
-6.335
-2.471
-9.155
-8.091
-4.929
-5.409
-10.284
-4.825
-4.969
-1.018
-7.884
-6.302
-7.404
-5.937
-10.746
-5.143
-2.883
-5.150
-8.690
-5.702
-6.257
-0.701
-10.534
-6.314
-8.810
-7.124
-11.771
-6.733
-3.276
-6.325
-7.680
-1.849
-5.896
-0.703
-4.846
-2.592
-8.496
-4.469
-1.665
-4.299
-9.391
-4.530
-7.040
-3.502
-5.829
-3.343
-5.148
-5.146
-5.618
-5.044
-4.864
-0.501
-5.940
-3.734
-6.511
-3.840
-5.032
-4.006
-3.642
-3.019
-7.397
-6.767
-5.086
-1.293
-6.091
-4.572
-1.860
-5.917
-5.409
-4.963
-5.720
-4.751
-2.130
-2.041
-4.380
-6.957
-2.155
-0.565
-1.442
-10.177
-5.672
-1.572
-4.956
-9.738
-5.374
-0.783
-6.177
-6.802
-3.282
2.160
-2.289
-9.764
-4.842
-2.638
-5.272
-11.197
-3.677
-1.463
-5.333
-8.238
-3.711
0.761
-4.053
-6.748
-3.218
-0.561
-4.586
-8.108
-5.859
-3.472
-5.368
-3.654
-4.048
-7.510
-2.740
-3.557
-2.532
-3.348
-1.879
-2.421
-6.682
-5.714
-2.511
-2.513
-4.681
-5.409
-2.883
-1.379
-5.259
-2.955
-3.508
-4.326
-4.395
-6.086
-3.784
-3.084
-4.483
-3.319
-5.230
-5.584
-8.763
-2.801
-4.255
-5.610
-5.942
-2.459
-8.565
-1.401
-6.934
-4.756
-3.953
-5.037
-3.068
-8.246
-6.629
-7.751
-10.429
-8.376
-9.635
-9.489
-6.320
-8.666
-7.580
-2.626
-5.981
-7.086
-9.442
-8.330
-3.169
-7.349
-4.991
-7.519
-2.929
-6.223
-5.211
-8.415
-7.465
-8.953
-9.637
-5.837
-7.697
-7.712
-7.551
-8.756
-3.521
-8.296
-6.729
-8.891
-5.036
-6.513
-3.715
-5.666
-7.559
-3.468
-4.928
-6.307
-6.663
-1.460
-1.569
-8.377
-10.107
-2.109
-6.903
-4.221
-7.715
-3.972
-4.316
-8.010
-5.833
-1.279
-3.768
-3.538
-7.445
-3.376
-6.361
-4.219
-5.104
-3.599
-6.154
-7.237
-6.552
-3.364
-5.878
-3.870
-7.518
-3.742
-7.124
-7.010
-7.831
-4.056
-4.378
-6.250
-4.625
-5.098
-3.778
-6.340
-4.173
-6.087
-4.195
-9.352
-3.953
-4.242
-1.644
-6.179
-3.851
-6.628
-2.262
-7.748
-5.452
-6.374
-1.579
-6.928
-4.555
-5.422
-2.031
-3.744
-2.015
-6.256
-2.381
-7.422
-1.594
-5.038
-4.368
-8.672
-2.277
-3.825
-3.145
-9.117
-4.983
-6.039
-4.869
-4.919
-9.125
-2.111
-10.792
-2.599
-3.801
-4.820
-8.740
-3.115
-9.357
-4.202
-11.453
-6.533
-6.704
-2.338
-11.059
-3.348
-6.297
-4.826
-8.024
-6.039
-5.248
-2.102
-9.896
-4.230
-6.876
-3.865
-9.754
-2.867
-4.973
-1.838
-11.784
-8.483
-7.780
-3.053
-10.346
-6.511
-5.698
-4.230
-6.711
-2.062
-6.658
-8.240
-7.917
-1.466
-5.290
-8.283
-7.449
-2.778
-5.402
-6.607
-7.827
-7.717
-7.995
-8.154
-8.232
-2.501
-6.160
-9.583
-7.378
-2.068
-5.447
-9.999
-3.188
-2.959
-2.709
-6.555
-4.328
-5.033
-5.338
-7.790
-7.923
-1.372
-7.249
-8.179
-7.100
-4.603
-8.130
-8.545
-8.559
-8.055
-4.061
-5.179
-2.909
-4.242
0.775
-7.296
-2.530
-6.966
-2.378
-7.459
-4.462
-10.155
-2.653
-9.289
-2.257
-8.993
-5.211
-9.955
-2.556
-3.811
-0.275
-5.450
-3.215
-4.655
-4.614
-5.780
0.574
-1.422
-2.870
-6.100
-3.556
-4.067
-5.152
-8.695
-4.295
-7.649
-1.532
-5.125
-4.057
-9.321
-3.331
-8.422
-2.527
-9.130
-4.013
-9.875
-5.554
-5.249
-3.731
-8.287
-3.900
-8.634
-4.920
-10.151
-2.827
-10.772
-4.572
-7.091
-5.409
-4.459
-5.187
-4.249
-5.955
-2.313
-1.451
-2.905
-4.919
-5.071
-3.552
-2.850
-3.953
-1.360
-2.799
-3.850
-2.391
-2.859
-3.091
-5.177
-3.107
-2.182
-4.022
-5.573
-4.016
-6.679
-2.750
-7.299
-5.846
-4.985
-4.065
-4.145
-4.158
-5.069
-1.691
-4.928
-5.220
-4.257
-2.586
-7.658
-7.135
-4.539
-4.746
-6.714
-5.610
-6.368
-2.181
-1.462
-4.438
-4.214
-5.010
-5.921
-4.563
-3.846
-5.444
-5.452
-3.071
-4.121
-5.577
-1.333
-0.962
