-4.929
-4.833
-5.147
-3.348
-1.968
-4.384
-3.867
-4.322
-4.999
-4.586
-5.463
-4.292
-5.659
-4.470
-4.420
-5.059
-6.586
-2.406
-3.828
-3.744
-4.408
-5.180
-5.228
-3.948
-4.465
-3.916
-4.645
-4.835
-3.084
-3.590
-4.898
-5.139
-2.093
-1.391
-3.511
-3.777
-3.765
-2.640
-1.917
-3.708
-1.524
-2.493
-1.935
-3.744
-2.642
-4.040
-1.688
-5.752
-3.162
-7.080
-3.678
-4.218
-2.330
-3.026
-2.410
-4.549
-1.496
-2.827
-3.429
-5.722
-2.141
-2.913
-2.390
-2.137
1.363
-2.034
-1.343
-2.696
-0.757
-3.542
1.285
-0.342
-0.556
-2.901
-0.796
-2.995
-0.088
-2.965
-0.827
-1.787
2.133
-2.513
2.138
2.742
1.167
0.531
2.173
2.220
1.974
0.287
2.413
2.337
3.165
1.000
2.097
1.322
1.430
0.421
2.120
1.954
2.083
0.476
2.732
2.433
0.771
-0.648
1.932
0.688
0.832
-2.207
1.377
1.414
1.864
1.941
3.221
2.531
1.990
0.425
3.174
2.921
2.219
1.050
3.832
2.940
2.873
0.341
2.443
0.910
2.774
0.853
2.253
-0.553
1.775
1.458
3.292
1.852
1.118
0.987
1.959
-0.477
1.046
0.706
2.531
0.341
1.421
-0.549
1.227
-1.418
2.773
0.238
3.156
1.394
0.969
0.458
1.943
-0.387
2.175
1.252
3.355
1.104
3.313
-0.210
2.575
0.382
3.388
-0.055
2.184
0.887
4.151
1.043
3.981
1.416
1.981
-0.318
2.402
1.662
4.452
-0.304
2.850
2.059
2.942
0.388
3.341
1.769
2.902
1.129
2.894
1.562
3.062
-1.156
1.881
0.817
2.677
-0.351
2.486
1.787
1.448
-0.380
1.024
-2.202
0.820
1.666
2.944
0.431
0.377
0.354
2.748
2.244
0.824
-0.401
2.927
3.291
0.450
-0.357
1.064
1.851
0.718
0.515
2.320
1.035
0.167
-0.703
1.513
1.377
-0.374
-3.099
-0.144
0.862
0.615
-0.722
1.806
0.842
-0.018
-1.660
0.612
0.719
0.314
-0.283
1.715
-0.251
3.842
3.886
0.785
2.108
3.135
3.350
0.903
3.958
3.521
3.266
-0.221
1.988
3.461
2.542
0.646
2.524
2.812
1.931
-0.079
1.575
3.728
3.337
-0.506
1.903
2.834
3.559
1.359
3.071
1.869
1.100
-0.329
0.827
3.139
3.495
1.200
3.001
3.251
3.381
0.465
2.926
1.608
-0.678
2.217
2.648
2.650
0.431
2.582
2.883
2.736
1.101
2.103
2.124
2.755
0.249
2.692
3.271
3.334
1.547
1.803
4.037
1.842
0.257
2.306
2.335
3.394
1.973
2.821
4.341
2.949
-0.148
2.977
2.061
1.251
0.417
1.088
2.401
3.775
1.649
2.645
3.896
3.146
2.419
0.649
2.312
3.389
3.519
1.600
1.754
4.073
0.807
0.825
1.670
2.414
0.417
-1.150
0.797
0.198
-0.463
-0.216
0.031
2.808
1.810
1.254
1.872
3.688
2.249
1.186
2.617
2.234
1.518
0.640
2.114
2.731
0.667
-1.070
1.180
1.777
2.792
0.822
2.107
4.558
3.398
2.789
2.791
3.959
1.404
0.869
2.414
4.551
2.612
0.933
2.834
4.275
1.399
1.000
2.846
4.234
2.542
2.409
3.845
2.530
1.854
1.551
1.316
4.146
1.315
-0.155
1.447
4.255
0.981
0.332
2.137
3.248
1.418
-0.228
2.371
4.718
1.113
0.397
2.501
-2.414
-1.989
-1.564
-0.595
-3.288
-1.799
-0.168
-1.736
-2.666
-2.137
-2.715
-2.041
-1.320
-2.276
-1.774
-3.142
-3.590
-4.129
-1.402
-2.850
-0.307
-0.797
-1.401
0.246
-1.661
-1.313
-1.518
-0.225
-1.912
-1.895
0.966
0.068
-0.680
2.342
-0.949
-0.931
2.076
0.099
-0.877
2.826
0.913
0.552
0.577
-1.587
-1.632
2.301
0.886
-1.095
-0.064
-0.295
-1.707
-2.040
-2.221
-2.819
3.057
0.381
-1.107
-0.383
-0.015
-3.578
1.354
-0.276
-0.099
0.679
-0.002
1.290
1.844
0.132
0.554
0.589
-0.137
-1.154
-0.277
-3.592
-1.379
0.359
-1.178
-0.638
-1.331
-2.803
-0.714
-1.500
-1.101
-0.273
1.877
1.051
0.514
0.456
-1.107
-0.644
0.841
-0.575
-1.032
1.967
0.495
0.112
0.706
-0.823
0.096
-1.643
-0.360
-1.521
0.954
-0.023
0.843
1.671
0.747
-0.433
1.522
0.157
-0.252
3.109
1.150
1.100
0.798
0.105
0.150
3.051
1.557
1.253
-2.283
-1.285
0.195
0.084
-0.228
0.777
-0.871
-0.063
1.420
0.338
-2.472
-0.762
-1.335
0.041
0.491
0.251
-2.415
-0.149
-0.732
-0.676
0.194
-1.618
-1.809
-2.020
2.124
0.890
1.823
1.102
1.418
2.888
1.468
1.337
-0.446
3.474
2.679
1.632
2.295
0.230
0.482
2.129
0.125
-1.004
2.257
1.766
-0.195
1.350
0.414
0.183
3.685
2.247
2.496
1.671
1.063
1.404
2.109
0.682
0.797
0.588
1.337
-0.708
-6.016
-4.403
-3.173
-7.445
-5.573
-5.419
-4.472
-3.901
-6.982
-6.430
-6.465
-6.311
-4.010
-6.974
-6.218
-5.458
-4.349
-3.341
-6.990
-6.862
-5.604
-6.294
-2.945
-7.865
-5.244
-7.326
-6.562
-5.934
-8.236
-7.318
-4.249
-4.664
-3.270
-5.911
-3.931
-3.788
-2.872
-1.822
-4.697
-4.218
-4.906
-2.898
-3.070
-8.750
-4.453
-4.906
-3.806
-2.706
-6.348
-5.584
-6.390
-6.304
-5.372
-5.874
-6.809
-7.646
-5.223
-6.172
-3.964
-6.393
-5.480
-4.952
-3.986
-3.707
-4.900
-6.707
-5.476
-4.618
-4.873
-6.046
-6.886
-5.990
-5.579
-5.717
-7.169
-7.302
-5.923
-4.691
-5.736
-6.238
-5.758
-6.281
-4.967
-4.894
-6.050
-4.565
-4.859
-4.690
-3.174
-5.448
-4.541
-4.700
-3.643
-3.334
-4.915
-6.773
-5.936
-4.306
-4.180
-7.749
-3.102
-1.841
-1.664
-5.514
-3.090
-4.528
-3.698
-1.920
-6.067
-2.765
-5.076
-5.287
-2.384
-8.030
-2.610
-3.760
-2.876
-1.982
-6.999
-1.963
-2.801
-6.062
-0.134
-6.671
-3.138
-5.373
-3.984
-1.532
-6.154
-3.658
-2.839
-4.056
-0.840
-6.480
-2.706
-4.061
-3.540
-2.438
-5.643
-2.769
-2.933
-3.216
-0.982
-5.500
-1.490
-6.674
-5.960
-2.649
-10.440
-5.497
-7.020
-5.333
-5.369
-3.852
-3.354
-3.646
-3.771
-4.351
-3.493
-2.739
-3.900
-4.694
-4.166
-1.702
-3.793
-5.681
-4.716
-4.095
-4.673
-4.992
-3.271
-4.711
-4.240
-3.955
-3.845
-2.992
-4.136
-3.251
-2.510
-2.946
-3.612
-8.520
-5.284
-7.659
-7.224
-3.989
-3.936
-3.590
-2.569
-1.647
-4.293
-3.992
-3.570
-5.315
-2.653
-5.182
-3.401
-4.010
-4.187
-2.763
-3.715
-6.241
-4.470
-5.289
-5.499
-3.123
-3.526
-3.229
-1.876
-4.100
-4.392
-4.355
-1.653
-3.410
-5.965
-4.940
-4.114
-2.988
-5.097
-5.510
-3.654
-4.701
-0.381
-1.997
-3.697
-3.988
-5.865
-3.237
-2.772
-5.543
-4.363
-2.724
-1.187
-4.282
-4.698
-5.081
-5.328
-4.071
-3.618
-5.068
-3.191
-2.303
-2.319
-3.564
-4.406
-4.861
-4.400
-2.357
-6.725
-6.540
0.476
1.246
-5.013
-0.658
-1.620
0.665
-1.143
-4.617
-1.941
-5.573
0.619
1.773
-5.400
-0.836
-3.255
-1.474
-1.617
-7.290
-1.368
-3.945
-1.297
0.118
-5.826
-0.354
-1.461
-0.433
-0.032
-4.473
-1.085
-3.550
-0.200
-0.716
-6.560
-0.408
-5.002
-0.066
-0.154
-4.325
-0.858
-2.828
0.665
-0.829
-4.976
-0.854
-3.840
-0.359
-2.267
-6.282
-1.578
-4.001
-5.760
-4.616
-7.686
-3.366
-5.504
-3.818
-3.562
-8.063
-1.059
-3.625
-4.773
-4.655
-6.059
-4.657
-4.716
-4.785
-4.981
-6.846
-4.041
-5.197
-4.754
-2.513
-7.425
-0.959
-2.606
-3.210
-4.524
-6.952
-3.440
-5.492
-5.673
-4.755
-6.502
-3.039
-4.010
-3.433
-5.746
-7.399
-2.986
-6.873
-4.845
-3.065
-7.592
-2.941
-2.961
-4.271
-3.924
-8.648
-3.448
-5.446
-0.525
-1.418
-1.815
-6.012
-5.029
-0.779
-3.152
-3.567
-5.687
-8.603
-1.177
-3.568
-2.094
-6.739
-7.991
-0.142
-2.799
-4.258
-3.802
-5.269
-0.200
-2.142
-5.008
-3.187
-6.523
-1.952
-4.541
-3.675
-4.128
-7.121
-2.602
-3.570
-3.366
-5.839
-5.830
-1.968
-1.861
-1.536
-3.894
-5.993
0.187
-2.475
-3.406
-3.385
-5.228
-0.530
-3.024
-3.253
-2.108
-5.849
-3.668
-0.968
-6.645
-4.129
-2.993
-0.762
-1.013
-5.767
-3.867
-4.275
-2.704
-0.430
-5.648
-4.855
-2.498
-0.906
-1.273
-5.120
-3.441
-3.536
-5.395
-2.467
-7.999
-2.857
-3.161
-1.556
-0.355
-4.823
-3.812
-1.992
-3.301
-1.105
-5.746
-3.481
-2.193
-0.813
-0.710
-5.246
-3.949
-2.976
-2.960
-0.369
-3.838
-4.185
-1.726
-3.730
-1.221
-5.355
-3.436
-2.717
0.185
-0.048
-0.383
-3.554
-3.356
-1.131
-0.686
-1.372
-2.394
-3.250
0.548
0.805
-2.244
-3.762
-3.373
-0.136
-1.405
-1.063
-4.208
-4.639
0.332
0.363
0.182
-3.436
-3.994
-0.335
-1.332
-4.122
-2.269
-2.329
-1.606
-1.428
-4.930
-2.502
-3.823
-0.138
0.324
-1.473
-2.882
-1.728
-1.005
-0.177
-3.956
-2.836
-3.063
-0.712
0.681
-3.209
-3.690
-3.407
-4.998
-4.749
-3.496
-4.475
-5.224
-5.110
-2.909
-7.475
-4.436
-4.245
-6.604
-3.009
-5.671
-4.672
-3.905
-4.081
-6.387
-4.922
-5.702
-4.764
-2.246
-4.679
-3.682
-4.173
-4.425
-3.966
-3.933
-1.525
-4.570
-4.244
-10.047
-5.783
-4.195
-6.884
-2.134
-1.982
-8.495
-1.969
-1.970
-11.233
-4.165
-3.901
-8.800
-2.429
-1.225
-10.100
-3.602
-3.261
-10.177
-1.665
-1.178
-8.205
-3.306
-1.802
-9.453
-2.597
-2.979
-9.966
-3.248
-1.247
-4.909
-5.448
-3.563
-7.495
-3.615
-2.696
-4.528
-4.357
-1.364
-5.149
-3.904
-1.077
-4.171
-3.672
-2.138
-4.620
-4.294
-2.854
-4.439
-5.957
-1.037
-4.617
-3.960
-1.913
-5.124
-2.659
-2.668
-4.359
-4.627
-0.992
-2.807
-1.881
-3.835
-2.022
-1.618
-3.760
-2.844
-1.933
-4.285
-1.344
-1.962
-5.496
-2.619
-2.777
-5.020
-0.655
-1.369
-4.033
-2.088
-2.504
-4.706
-2.492
-1.247
-4.345
-2.440
0.206
-2.239
-2.252
-1.576
-4.231
-3.481
-5.203
-5.416
-3.080
-3.982
-5.169
-4.011
-2.923
-4.968
-3.013
-3.530
-4.696
-4.092
-2.198
-3.503
-1.831
-4.360
-4.878
-3.684
-3.323
-3.940
-4.730
-4.921
-5.635
-3.313
-3.907
-4.695
-5.032
-3.261
-3.983
-4.559
-2.811
-6.172
-2.925
-2.157
-6.135
-5.617
-1.303
-4.194
-4.183
-1.755
-5.728
-4.134
-1.954
-6.234
-5.486
-2.753
-5.708
-5.758
0.334
-4.180
-7.113
-2.701
-5.754
-6.762
-2.748
-5.648
-4.361
-1.290
-5.727
