0.804
4.716
3.034
2.606
3.174
2.467
0.181
4.248
6.394
5.521
4.341
5.754
4.461
0.436
2.255
2.858
3.734
2.369
1.742
2.427
5.273
1.957
5.257
3.193
3.945
5.697
4.160
4.378
5.321
2.492
4.482
5.273
3.288
3.516
2.493
2.520
1.741
6.784
5.030
5.053
5.442
5.745
7.040
5.945
7.612
7.919
7.665
6.553
7.247
7.045
5.536
6.491
4.379
4.711
4.361
4.766
2.079
7.350
3.930
7.405
4.258
5.763
5.209
4.308
4.417
4.653
4.484
3.493
5.761
5.830
3.136
4.776
2.723
2.870
2.424
4.054
3.081
3.031
3.989
4.837
6.300
5.664
5.733
3.904
4.480
5.257
5.939
5.338
5.930
4.859
4.288
4.524
3.730
2.314
4.253
3.065
3.322
3.557
3.993
3.096
6.640
5.415
7.665
5.698
6.900
6.231
6.597
6.552
5.570
5.070
5.495
5.722
2.939
4.021
5.529
7.464
2.726
3.436
5.069
5.995
4.892
3.884
2.332
2.263
4.233
-2.298
4.777
0.048
3.671
2.874
6.051
4.037
6.036
4.334
6.604
4.600
4.363
5.197
3.378
2.562
2.890
2.923
2.180
1.383
2.071
4.068
2.234
2.528
4.072
2.154
5.199
5.376
5.429
4.087
3.456
5.324
4.297
4.669
4.232
4.072
5.518
3.791
4.533
3.649
3.284
5.439
4.558
5.126
4.206
4.245
4.270
2.489
2.263
3.668
2.292
2.057
3.834
3.670
1.426
3.057
0.683
5.523
4.572
5.598
4.033
3.230
1.576
3.391
2.513
0.454
-1.231
3.001
3.999
3.694
3.506
5.941
2.855
4.747
2.668
1.210
1.952
5.622
3.374
-0.454
2.908
2.387
5.495
6.357
4.744
6.612
2.915
3.416
3.567
4.416
4.345
4.225
3.016
5.610
5.321
5.965
3.813
4.488
4.601
2.130
4.173
3.951
4.511
3.384
2.707
4.534
-1.027
2.254
3.384
2.011
4.164
5.245
3.498
4.948
4.170
6.608
6.284
3.842
4.242
3.499
3.930
6.605
3.259
5.077
4.860
2.647
5.628
5.927
7.067
5.550
6.300
7.494
3.885
3.182
4.749
0.556
5.324
4.479
4.659
5.869
6.304
7.430
5.182
5.784
4.762
2.243
4.371
5.538
5.337
5.375
3.942
3.575
5.257
4.550
5.370
5.969
5.707
3.442
5.301
5.620
4.563
5.568
4.150
4.489
3.589
3.983
4.902
4.965
4.844
2.854
4.668
6.006
3.665
3.304
5.242
3.619
4.447
5.975
5.927
-0.841
2.715
2.865
4.016
2.022
2.133
2.821
5.085
4.798
2.984
1.626
2.826
4.343
4.080
4.579
2.052
6.099
4.467
2.947
3.673
0.532
2.558
0.835
3.541
3.680
1.493
2.612
2.161
4.460
1.328
1.832
3.897
5.548
0.748
3.140
1.919
4.317
