-9.645
-5.440
-6.659
-10.096
-5.686
-6.445
-8.995
-5.893
-7.027
-5.566
-4.788
-3.886
-6.541
-4.040
-4.882
-4.971
-6.762
-6.550
-5.206
-7.127
-3.482
-4.032
-4.358
-5.402
-5.762
-0.523
-5.226
-5.493
-5.881
-4.549
-0.435
0.038
-0.714
-2.594
-0.646
-2.065
-1.131
0.057
0.498
-1.081
-1.206
1.847
-0.308
-1.813
3.854
0.769
0.269
3.476
1.647
2.439
5.132
2.138
-3.338
2.821
-0.980
1.304
3.813
-0.509
1.266
4.092
0.941
0.623
4.835
1.188
2.898
4.529
2.188
1.314
2.394
-0.276
-2.842
0.631
-0.766
3.605
2.546
3.511
1.159
-0.271
2.116
1.093
1.839
6.118
2.316
3.626
5.251
0.357
2.147
4.003
-1.109
-0.899
2.232
2.015
4.245
5.695
-0.421
0.754
0.857
1.864
3.908
4.086
-1.400
0.351
0.561
1.140
5.035
3.581
-0.208
2.543
1.639
0.778
3.079
3.805
0.062
3.800
1.054
-0.463
2.626
-0.009
0.793
3.853
3.132
2.545
5.306
4.184
-1.602
2.218
0.708
2.007
3.525
3.387
1.758
-0.850
1.639
0.693
0.600
2.496
-0.072
-1.188
1.416
-0.442
1.204
3.873
-2.724
-0.434
2.220
-1.543
-0.073
3.239
0.550
-1.216
1.727
-0.249
-1.346
1.499
1.768
-0.284
3.746
4.438
1.515
4.671
7.167
8.686
8.227
5.839
7.147
4.214
7.289
7.961
6.334
5.094
5.089
3.263
5.638
5.197
7.247
5.991
6.767
3.330
7.940
10.358
7.181
7.186
8.181
6.374
6.235
5.858
4.731
7.464
7.397
5.761
5.801
8.519
4.707
4.201
7.796
3.851
2.614
7.939
4.248
5.176
5.346
3.119
1.469
6.612
1.089
3.236
5.717
4.429
-3.095
5.490
2.239
4.573
6.917
3.785
2.744
6.049
4.641
2.317
4.881
4.977
4.135
4.602
1.632
5.000
4.528
1.293
3.990
7.118
3.059
4.390
5.854
1.703
5.045
6.248
2.349
4.642
4.486
1.390
7.586
8.126
3.422
7.571
9.324
3.844
5.084
4.721
1.987
4.360
6.342
1.211
2.839
6.434
3.117
5.578
7.426
3.204
7.132
7.106
2.242
1.507
2.769
1.613
5.115
7.259
3.914
5.862
8.411
5.261
5.681
4.946
1.978
2.046
4.026
1.921
2.219
3.745
2.527
4.503
7.311
4.579
1.391
-3.985
3.953
-1.793
2.164
-3.667
4.486
-1.472
-0.521
-5.848
-2.288
-7.217
5.194
-0.491
-1.266
-7.506
0.724
-5.099
0.304
-4.145
1.856
-3.323
1.419
-1.465
1.839
-0.544
2.934
-2.138
3.767
-3.445
1.628
-2.561
3.768
0.194
0.283
-5.203
0.948
-3.342
0.828
-3.490
-1.635
-3.041
-1.415
-4.132
-2.829
-2.353
-0.378
-0.863
-0.368
-2.023
-2.451
-3.508
-3.703
-5.249
-1.776
-3.443
-2.213
-3.799
-3.249
-2.119
4.328
6.272
4.702
6.859
2.566
5.947
0.803
1.574
1.194
1.787
5.062
6.079
1.956
5.025
4.895
4.769
3.937
4.086
1.426
3.455
4.514
-0.832
1.525
1.634
1.830
-0.160
2.558
1.853
2.097
1.955
2.428
0.814
2.751
-2.686
-0.459
-3.895
1.120
-1.277
-2.544
-4.984
1.115
2.259
-2.549
0.824
-4.011
-0.105
1.861
5.129
-0.886
-0.155
0.637
0.500
1.711
4.870
-3.245
-0.484
-1.105
1.099
-0.421
3.046
-6.066
-6.442
-9.035
-3.674
-7.495
-6.271
-10.632
-5.924
-8.602
-5.773
-10.821
-5.778
-9.622
-6.729
-11.278
-7.340
-9.124
-7.154
-13.161
-6.666
-8.649
-5.584
-11.588
-5.267
-9.222
-6.364
-11.722
-7.732
-9.653
-6.719
-11.064
-6.934
-8.425
-7.520
-11.197
-8.180
-4.858
-5.283
-7.648
-5.978
-5.989
-8.745
-12.223
-8.982
-1.785
-6.968
-8.118
-6.823
-5.688
-6.251
-4.124
-7.260
-1.009
-8.184
-7.137
-6.077
-7.102
-5.154
-10.003
-8.928
-3.733
-6.298
-7.882
-9.100
-4.787
-4.427
-10.973
-5.858
-3.940
-7.318
-7.470
-8.630
-2.232
-8.789
-7.658
-8.224
-5.542
-5.180
-11.325
-7.959
-3.916
-9.489
-4.484
-6.294
-5.466
-6.167
-5.304
-6.772
-6.041
-9.017
-5.973
-9.463
-9.122
-9.275
-6.714
-9.306
-8.454
-7.954
-7.422
-7.254
-7.320
-8.344
-7.877
-9.768
-6.514
-4.711
-5.447
-6.046
-7.402
-6.426
-5.966
-6.643
-10.240
-8.636
-6.187
-6.925
-7.211
-8.285
-7.687
-6.820
-8.219
-2.697
-5.606
-10.313
-10.003
-5.204
-5.654
-8.014
-12.007
-6.141
-2.279
-8.921
-12.172
-5.134
-7.917
-9.271
-10.996
-3.488
-6.356
-6.892
-10.594
-5.656
-6.977
-8.622
-10.617
-4.350
-7.328
-10.679
-9.442
-4.414
-4.061
-8.320
-9.942
-4.210
-4.000
-8.381
-6.707
-3.100
-8.431
-9.295
-5.178
-8.413
-2.894
-3.054
-7.487
-7.452
-4.296
-1.730
-8.022
-8.597
-6.536
-6.306
-7.608
-7.906
-4.984
-4.617
-3.996
-8.796
-4.446
-4.822
-6.223
-6.033
-4.492
-3.954
-6.898
-7.524
-3.348
-3.572
-5.427
-11.290
-6.883
-3.714
-8.485
-10.869
-5.068
-6.517
-3.589
-5.245
-2.949
-6.454
-2.758
-2.978
-5.671
-7.298
-4.223
-4.605
-8.901
-9.410
-3.548
-3.812
-9.311
-7.551
-1.721
-4.381
-8.149
-9.925
-2.827
-5.774
-9.976
-9.064
-2.980
-4.882
-9.003
-8.323
-3.646
-5.474
-10.639
-10.601
2.027
-3.352
-9.829
-8.016
-0.091
-2.602
-7.275
-6.788
-1.713
-4.133
-8.104
-8.321
1.326
-2.891
-2.844
-4.106
1.260
-2.582
-2.535
-1.455
-3.298
-1.465
-2.555
-1.727
-1.654
-1.604
-3.095
-5.405
-0.908
-2.981
-3.047
-2.616
1.728
-1.756
-2.244
-1.757
-1.960
-1.807
-6.106
-3.100
1.177
-2.489
-1.442
-1.629
2.454
-0.481
-2.375
-1.735
-3.319
-1.385
-2.727
-3.283
-5.803
-1.209
-6.463
-3.984
-3.188
-3.102
-8.224
-5.758
-3.672
-1.107
-7.481
-3.416
-4.672
-2.959
-9.495
-6.868
-5.423
-1.792
-5.272
-2.969
-4.425
-1.314
-5.578
-3.472
-3.279
-1.689
-4.186
-4.994
-2.583
-0.452
-4.999
-4.070
-1.787
-0.848
-5.665
-3.715
-9.481
-3.885
-9.171
-5.869
-2.113
-3.480
-3.617
-6.438
-2.954
-2.633
-6.539
-7.914
1.026
1.218
-4.117
-5.702
-0.046
-3.733
-6.962
-8.893
0.827
-0.628
-3.794
-5.059
0.970
-0.125
-4.281
-6.796
0.654
2.278
-5.092
-5.314
0.155
0.528
-3.499
-6.100
-1.383
-2.187
-5.129
-9.484
1.938
-1.752
-2.873
-4.964
-6.721
-3.424
-7.528
-8.944
-4.832
-2.507
-5.154
-6.817
-3.312
-1.661
-3.943
-3.760
-5.027
-4.091
-5.946
-5.277
-6.082
-4.974
-7.627
-5.749
-7.377
-4.773
-7.109
-7.068
-7.252
-3.561
-6.673
-5.201
-7.507
-2.834
-4.868
-4.479
-5.436
-3.108
-5.566
-4.591
-3.881
-3.114
-4.223
-5.000
-7.818
-3.309
-5.018
-1.657
-4.065
-0.242
-8.250
-4.877
-9.299
-5.288
-7.803
-4.384
-7.995
-2.021
-5.691
-2.040
-10.030
-2.041
-6.826
-3.936
-7.811
-3.731
-7.110
-6.854
-6.765
-1.220
-8.186
-2.684
-3.831
-5.459
-7.329
-2.569
-6.954
-5.794
-10.261
-3.860
-7.421
-3.684
-7.700
-1.960
-11.401
-7.584
-8.085
-5.272
-8.792
-5.338
-9.126
-4.324
-4.854
-3.910
-7.719
-3.897
-6.288
-5.467
-8.066
-4.831
-5.139
-6.419
-9.965
-4.353
-5.083
-5.034
-5.782
-5.879
-3.058
-3.245
-5.421
-6.173
-3.078
-4.058
-6.166
-6.645
-4.176
-4.394
-3.727
-4.750
-2.260
-0.711
-6.146
-5.097
-6.037
-6.997
-4.965
-3.254
-6.086
-3.142
-4.844
-4.801
-6.217
-5.878
-3.291
-4.351
-5.425
-2.662
-5.527
-3.586
-1.740
-2.104
-8.038
-5.221
-4.049
-3.912
-6.044
-2.958
-4.457
-3.937
-0.363
-2.265
-6.233
-4.458
-3.468
-2.203
-4.178
-4.171
-5.122
-1.689
-0.660
-2.104
-1.585
-4.420
