-7.982
-8.457
-8.424
-7.835
-4.953
-7.395
-6.561
-7.216
-10.072
-11.031
-8.450
-7.436
-9.261
-8.910
-8.098
-8.426
-10.215
-6.509
-7.074
-6.208
-7.473
-8.335
-8.449
-5.257
-10.947
-7.373
-10.728
-8.199
-8.433
-5.663
-7.949
-7.259
-4.103
-2.809
-7.674
-5.683
-8.815
-5.226
-5.357
-6.095
-4.503
-3.752
-2.295
-5.886
-3.775
-6.388
-5.188
-6.655
-3.632
-8.101
-9.583
-6.797
-4.040
-4.434
-2.639
-8.189
-1.265
-3.969
-3.953
-8.900
5.059
-4.956
3.336
-6.094
6.104
-4.204
5.452
-6.345
4.760
-7.044
8.297
-2.367
6.931
-4.999
3.877
-6.568
3.161
-6.336
2.830
-5.195
2.082
-1.135
3.965
5.555
-2.193
0.069
2.671
1.821
3.732
1.644
5.756
5.372
1.473
2.104
2.968
4.351
6.930
2.108
3.828
5.288
-0.395
0.404
4.024
3.256
1.318
-0.506
3.440
1.518
-2.320
-3.173
1.179
2.342
4.930
2.520
5.570
4.953
4.623
1.837
6.228
6.606
0.540
1.217
5.054
5.619
-1.226
0.573
2.522
1.127
-1.689
0.779
3.594
0.358
2.583
2.509
3.874
2.523
-2.461
-0.135
2.583
0.535
-0.549
-0.788
3.165
1.624
-2.843
0.471
0.793
-1.122
0.171
1.406
4.037
3.949
-1.753
1.536
3.330
0.900
-0.016
0.370
4.071
2.826
-1.590
-0.719
3.302
1.515
-1.716
0.212
2.633
1.245
0.545
1.271
5.959
4.310
-1.095
0.163
3.511
3.036
-0.632
0.893
4.447
4.202
-3.196
0.451
4.077
2.980
-1.781
1.359
4.895
2.891
-3.439
-1.072
2.347
1.166
-1.728
-0.340
2.500
2.399
-7.016
-0.866
1.982
-3.693
6.696
2.197
2.199
0.661
9.451
0.990
3.094
4.625
6.800
0.578
3.287
4.758
8.451
0.890
2.138
4.989
9.557
1.049
3.706
3.899
5.018
0.737
0.559
2.262
3.753
-4.042
-0.734
1.818
6.566
-0.567
1.727
1.244
6.029
-1.719
-1.414
1.960
5.047
0.341
2.062
-0.270
7.444
3.868
13.762
2.108
7.341
3.877
9.679
3.958
8.796
4.261
12.109
1.988
8.749
5.170
9.670
2.524
7.715
2.498
11.248
1.575
9.343
2.789
12.409
1.903
8.163
4.817
11.887
3.071
6.557
2.077
8.255
0.827
6.381
3.635
12.188
3.001
7.953
4.401
12.796
2.926
1.792
10.913
1.998
2.648
4.132
11.414
3.593
2.883
3.413
8.182
3.424
2.124
7.013
11.136
4.540
3.271
7.129
9.625
6.697
4.037
2.449
10.913
1.933
2.335
7.609
10.834
7.062
4.341
5.688
12.786
4.304
2.061
4.934
8.215
2.278
2.401
7.747
10.888
7.180
3.896
9.048
3.951
10.424
2.312
8.067
4.903
7.007
1.754
10.046
3.952
8.946
1.670
9.586
3.695
8.585
0.797
4.273
-0.979
4.744
0.031
9.511
3.954
10.045
1.872
10.004
3.890
7.577
2.617
5.377
1.649
5.995
2.114
9.380
2.336
9.024
1.180
7.153
2.397
7.470
2.107
5.825
6.391
6.271
2.791
4.471
3.972
2.571
2.414
5.550
6.033
4.642
2.834
4.855
5.450
3.795
2.846
4.047
5.574
3.638
3.845
2.572
2.849
2.631
1.316
6.738
3.753
2.207
1.447
4.262
2.060
3.383
2.137
3.830
3.560
3.647
2.371
3.197
4.049
3.053
2.501
-0.899
-2.181
9.642
-1.898
-4.286
7.762
-1.444
-2.027
7.176
-0.328
-2.913
9.404
-1.988
-2.977
7.757
-2.750
-4.608
11.320
-0.943
-3.373
10.673
0.001
-1.420
9.662
-0.121
-1.463
10.551
-0.244
-1.762
7.283
5.397
0.587
-3.313
7.412
-0.597
-1.792
5.929
-0.426
-1.021
7.882
1.435
-1.822
6.436
-1.111
-2.817
6.067
1.149
-3.197
3.762
-0.551
-3.649
3.680
-2.295
-4.535
9.998
1.637
-1.410
7.134
0.903
-4.302
2.162
-0.484
-0.852
1.728
-0.056
0.634
2.695
0.367
-2.364
-0.649
-0.241
-4.169
-0.113
-4.249
-0.951
4.756
-1.480
-0.205
-0.639
-3.582
0.710
-1.727
-1.873
-4.232
4.139
0.896
-0.524
-0.762
-1.613
-0.805
-1.582
7.430
2.412
1.742
6.295
5.310
-0.665
4.316
3.045
-2.854
3.357
-0.253
0.697
4.627
3.502
-0.629
6.816
2.063
-1.818
5.470
1.613
4.878
9.343
6.924
0.955
5.614
4.119
4.102
7.831
5.742
3.556
-4.666
-1.334
5.898
-1.824
2.893
7.699
-1.913
2.056
4.241
-3.763
-1.147
6.307
-2.276
1.386
3.492
-3.117
0.134
6.150
-3.434
-0.106
3.998
-3.952
-0.189
8.459
0.596
3.475
9.472
1.906
5.129
0.814
2.303
5.635
7.140
4.847
9.252
0.134
2.890
6.085
1.121
2.751
5.356
1.178
2.696
4.753
0.496
2.601
2.937
5.410
3.978
8.332
3.479
3.363
8.261
3.444
2.483
4.043
0.226
-0.418
4.767
-8.575
-6.290
-7.414
-10.565
-4.479
-10.437
-6.477
-6.612
-11.901
-7.225
-11.153
-10.103
-9.522
-10.982
-9.021
-9.436
-7.964
-5.556
-12.130
-7.791
-8.279
-8.604
-7.741
-12.590
-8.265
-12.452
-8.595
-10.556
-11.880
-5.318
-7.310
-6.124
-7.043
-9.015
-5.402
-7.741
-5.149
-5.092
-8.244
-3.350
-7.166
-5.201
-7.205
-12.803
-6.769
-8.283
-6.231
-6.447
-10.300
-5.380
-10.813
-8.824
-9.648
-9.689
-5.678
-14.391
-9.097
-10.033
-8.438
-6.256
-12.067
-7.336
-7.205
-7.401
-4.296
-11.744
-7.438
-7.031
-7.560
-3.064
-13.552
-8.658
-10.105
-10.882
-5.142
-13.898
-8.526
-8.653
-9.490
-4.180
-10.163
-10.212
-8.735
-10.037
-3.922
-8.310
-7.291
-8.045
-7.437
-2.035
-8.561
-8.035
-5.395
-7.696
-3.721
-11.696
-6.830
-8.876
-8.521
-4.222
-6.717
-2.806
-3.344
-9.466
-4.632
-8.441
-6.150
-4.335
-10.674
-8.009
-8.478
-6.582
-4.422
-11.821
-8.896
-6.403
-2.161
-4.177
-11.433
-6.985
-4.216
-7.732
-2.126
-11.579
-9.508
-8.569
-4.231
-3.430
-9.489
-8.089
-5.692
-5.788
-4.092
-10.855
-7.287
-7.176
-4.982
-6.449
-9.411
-7.046
-5.373
-4.446
-3.267
-9.718
-7.590
-11.647
-7.218
-6.072
-16.219
-12.549
-12.112
-7.743
-9.864
-7.272
6.676
-7.403
-6.942
-7.454
-8.266
6.027
-6.678
-6.432
-7.507
-6.405
2.178
-10.227
-5.991
-7.171
-8.299
0.399
-7.210
-6.863
-6.810
-7.463
3.477
-6.026
-5.440
-5.518
-3.962
1.065
-7.942
-11.404
-7.962
-13.274
-3.505
-7.599
-6.101
-6.579
-6.411
6.697
-9.277
-6.369
-6.642
-10.757
5.336
-10.118
-6.174
-7.543
-8.434
6.890
-5.673
-9.051
-8.422
-7.995
-7.608
-3.369
-5.922
-5.331
-4.045
-4.868
-6.143
-7.833
-3.505
-6.026
-5.327
-5.909
-6.370
-4.717
-7.900
-5.322
-5.556
-7.619
-2.640
-4.778
-4.749
-5.357
-9.185
-4.374
-4.833
-3.463
-6.706
-4.181
-3.463
-7.448
-4.017
-7.835
-8.445
-6.884
-5.037
-5.175
-5.395
-5.484
-4.577
-6.251
-6.550
-6.383
-7.073
-2.899
-10.901
-6.224
1.402
2.634
-0.643
-1.227
-2.230
0.165
0.584
-1.674
-2.897
-8.350
2.359
3.490
-1.142
-0.829
-5.073
-1.212
1.637
-3.790
-1.511
-6.579
-2.896
-0.221
-2.495
-0.018
-3.528
-1.141
2.504
-1.586
-0.704
-5.535
-2.278
-0.758
-0.528
-0.360
-5.944
0.747
2.408
-1.646
-1.234
-3.328
-0.077
0.324
-1.749
-1.842
-6.199
-1.969
1.460
-1.370
-1.886
-5.131
-9.080
-7.290
-7.243
-6.475
-6.341
-7.865
-5.903
-5.752
-3.128
-3.382
-6.330
-5.524
-7.145
-7.933
-6.796
-7.851
-5.099
-4.509
-6.219
-6.275
-5.780
-2.760
-5.087
-3.561
-1.819
-7.858
-5.119
-6.322
-5.976
-6.593
-8.949
-5.879
-7.294
-5.934
-5.079
-8.197
-5.979
-5.979
-4.631
-7.389
-7.497
-6.555
-7.472
-5.767
-4.013
-8.556
-5.925
-7.461
-6.976
-7.623
-0.349
-2.826
3.314
-9.052
-7.066
-0.600
-4.110
3.428
-8.024
-10.935
-2.605
-3.315
4.153
-9.093
-9.727
1.871
-0.225
3.988
-4.769
-6.465
0.410
-2.056
5.246
-4.073
-6.717
-2.435
-3.085
3.304
-7.029
-9.563
-1.358
-4.100
4.732
-9.007
-7.411
-0.247
-1.618
5.775
-4.635
-6.393
-0.175
-1.279
1.704
-4.675
-6.002
-2.769
-0.795
4.327
-3.572
-6.209
-3.320
0.918
-5.719
-6.445
-2.660
-0.815
0.519
-2.678
-6.689
-5.563
-0.328
3.891
-4.311
-5.700
-3.633
-0.730
5.355
-2.744
-5.603
-5.617
-5.576
1.829
-8.828
-4.687
-5.149
0.436
3.372
-2.999
-6.766
-2.680
-2.499
5.286
-3.470
-4.989
-3.201
1.551
5.752
-3.564
-5.147
-4.275
-0.242
5.912
-2.881
-6.460
-3.101
-4.233
5.573
-4.127
-5.085
-3.722
6.918
-2.083
0.230
-5.669
-5.412
4.855
-1.980
-1.947
-3.695
-4.529
4.933
-0.266
0.181
-5.256
-4.753
2.932
-3.367
-0.083
-7.010
-5.746
3.724
-1.794
1.429
-5.565
-4.402
0.589
-0.310
-3.557
-5.575
-3.833
0.009
-0.419
-1.820
-4.102
-4.986
6.477
1.447
1.760
-4.474
-1.793
3.861
0.130
-1.776
-4.345
-5.569
4.891
-2.492
-2.866
-6.536
-6.360
-4.588
-6.933
-5.131
-7.278
-9.565
-8.583
-5.257
-12.650
-8.082
-6.100
-10.432
-5.824
-6.299
-7.554
-7.085
-5.284
-9.611
-8.488
-8.392
-8.087
-4.242
-5.561
-7.465
-6.872
-4.329
-7.303
-7.252
-3.890
-7.601
-7.413
-15.000
-8.349
-8.268
-9.877
-4.990
-3.615
-11.438
-6.533
-4.241
-14.025
-6.778
-6.605
-13.039
-4.218
-2.532
-13.835
-5.921
-6.647
-12.414
-5.208
-2.544
-10.959
-7.994
-4.563
-12.543
-7.243
-6.897
-13.813
-6.195
-3.420
-7.054
-9.056
-5.468
-9.179
-8.074
-4.602
-6.892
-6.589
-3.122
-7.168
-5.786
-2.654
-5.924
-7.586
-4.279
-7.650
-9.322
-4.764
-6.036
-7.386
-2.219
-8.124
-9.020
-3.948
-5.850
-5.830
-4.782
-7.154
-6.340
-2.716
-2.574
-2.569
-4.694
-2.620
-2.991
-4.216
-3.635
-2.498
-5.115
-1.447
-2.678
-5.977
-2.319
-3.943
-5.750
-0.474
-1.811
-4.086
-2.716
-4.034
-6.711
-2.462
-1.339
-4.254
-2.437
0.159
-2.352
-3.536
-4.213
-5.364
-4.210
-7.914
-8.168
-3.413
-5.182
-6.581
-4.372
-5.966
-6.817
-5.326
-4.444
-7.067
-5.897
-2.777
-5.527
-3.217
-6.622
-7.494
-5.065
-5.278
-6.028
-5.774
-5.626
-7.773
-5.264
-6.323
-7.676
-7.826
-5.364
-5.513
-6.171
-5.198
-8.787
-3.754
-1.622
-7.662
-7.605
-2.555
-5.498
-6.686
-4.006
-7.734
-5.314
-2.383
-8.793
-7.092
-3.699
-8.643
-8.876
-1.631
-6.893
-9.554
-3.166
-7.762
-9.513
-4.806
-7.488
-6.296
-3.390
-7.686
