2.279
9.509
3.477
6.916
6.896
7.900
3.266
9.648
5.065
7.374
13.797
10.541
12.211
2.754
11.343
13.990
6.826
9.545
8.981
11.379
10.119
8.890
4.642
7.615
12.446
11.915
9.435
9.739
10.253
9.355
8.731
12.155
7.664
7.361
11.384
3.398
2.765
16.040
11.324
8.116
10.938
9.545
6.624
8.716
9.721
7.873
8.745
8.611
7.922
3.533
11.975
9.861
5.799
7.604
1.750
4.503
-6.342
11.419
9.665
6.607
-0.542
-2.796
-5.609
1.231
3.511
3.866
1.489
-1.906
2.305
-0.871
6.735
0.283
7.052
4.326
-5.300
6.198
-4.683
2.657
-10.501
5.799
8.112
8.161
0.046
-2.192
6.533
3.527
4.907
1.623
7.026
6.263
5.624
10.667
7.690
4.865
12.065
9.619
5.248
4.080
8.609
9.110
5.862
4.647
6.010
7.072
4.054
2.943
2.174
6.081
2.979
1.990
7.323
9.135
6.804
6.388
7.440
5.242
9.178
4.293
8.753
8.612
4.341
-0.799
1.434
5.689
3.941
0.654
4.596
0.624
6.060
5.042
2.504
6.696
8.088
5.519
8.759
2.573
7.702
10.526
6.113
3.948
7.536
2.194
7.957
2.487
-5.955
6.735
-12.406
6.095
-15.867
6.032
10.146
7.372
3.366
1.285
9.598
7.956
6.498
5.287
5.271
7.759
6.699
6.362
6.123
0.971
5.095
10.487
2.698
7.859
7.102
4.978
8.156
4.301
1.533
0.577
1.705
5.521
4.243
5.209
-0.059
8.477
3.221
10.201
10.906
8.498
11.271
10.407
6.259
9.544
7.957
2.992
-9.034
1.485
5.734
5.663
7.260
5.398
6.418
6.171
-0.437
0.619
8.498
16.475
10.782
8.315
10.142
10.798
14.608
13.303
15.763
12.428
7.551
11.007
7.327
11.277
9.471
8.884
7.606
9.065
11.000
9.804
12.226
17.466
10.749
10.376
11.410
7.430
14.564
4.566
4.237
15.540
11.930
13.585
12.918
9.620
14.273
12.925
10.607
11.299
16.568
18.144
7.060
7.196
3.770
6.011
8.115
9.324
9.284
9.456
7.363
10.424
15.285
14.257
16.675
7.473
15.685
17.521
11.330
12.248
10.470
3.428
10.176
5.493
11.311
6.397
13.001
11.784
12.864
9.855
6.070
4.634
11.115
13.986
13.123
8.727
11.928
11.780
11.000
9.159
9.972
10.566
8.916
6.486
12.606
8.913
15.091
13.247
11.449
13.702
9.046
10.012
11.996
9.838
10.288
9.450
12.708
12.882
11.760
4.558
13.031
11.659
13.215
12.869
16.272
5.041
10.544
14.181
8.173
10.993
10.752
7.756
7.795
6.859
10.275
10.557
6.700
9.420
11.702
13.673
9.509
12.026
10.808
10.081
8.866
8.232
9.830
8.518
6.249
6.051
9.474
9.038
7.546
13.344
6.391
7.443
7.907
9.956
11.440
9.408
7.686
12.635
