-17.327
-13.545
-7.211
-19.029
-7.175
-13.830
-15.452
-11.099
-11.810
-7.091
-13.439
-10.597
-9.477
-9.332
-6.963
-9.339
-10.941
-11.187
-11.277
-8.865
-8.708
-9.504
-12.545
-7.685
-10.742
-7.480
-5.801
-8.679
-8.498
-9.834
0.087
3.941
0.726
4.522
0.579
-1.413
-5.260
3.488
-0.864
1.365
-11.094
-3.262
-18.758
-11.448
-0.322
-16.304
-12.642
-2.053
-18.222
-15.467
-1.782
-18.372
-15.137
-1.495
-16.869
-14.172
-3.292
-16.702
-11.837
-4.152
-14.659
-9.161
-3.709
-14.006
-9.655
-7.394
-15.082
-11.758
-8.369
-19.346
-9.734
-5.324
-17.340
-6.492
-1.979
-14.755
-12.629
-6.296
-14.918
-5.200
-9.021
-9.986
-12.545
-6.053
-9.264
-12.493
-2.861
-13.987
-15.569
-6.956
-13.664
-5.025
-5.243
-15.810
-10.870
-1.452
-14.641
-9.947
-1.315
-16.450
-11.087
-13.328
-11.691
-14.730
-11.342
-18.368
-12.112
-17.639
-14.567
-13.481
-9.025
-21.060
-12.692
-9.912
-17.345
-10.483
-10.477
-14.213
-16.214
-15.977
-14.031
-12.085
-13.599
-16.935
-16.457
-11.172
-22.513
-9.823
-10.593
-17.776
-21.446
-17.577
-19.273
-13.985
-9.892
-11.389
-19.644
-15.051
-16.872
-15.191
-15.098
-15.892
-14.778
-12.744
-13.311
-16.887
-16.126
-17.432
-14.329
-10.083
-9.272
-15.588
-16.111
-19.638
-15.076
-13.954
-15.907
-14.951
-15.631
-15.970
-0.670
-8.758
2.588
1.480
-9.565
3.330
3.000
-8.973
-3.567
-0.959
-11.579
-5.105
0.126
-5.198
1.556
-0.406
-9.027
-0.416
3.100
-6.505
3.255
-2.613
-10.856
0.724
-2.110
-13.458
0.913
1.147
-12.379
-1.319
-5.552
-7.902
0.455
-4.794
-11.550
-0.554
-6.328
-13.342
2.194
-4.706
-9.347
2.217
-4.774
-12.560
4.229
-3.054
-7.134
3.003
-6.662
-10.007
5.344
-3.098
-5.961
-0.354
-3.722
-3.061
2.620
-6.711
-9.299
5.770
-6.771
-8.714
-8.124
-1.295
-6.490
-5.410
-2.172
-6.559
-4.109
-6.868
-5.441
-3.304
-1.815
-7.135
-5.607
-4.383
-10.816
-9.954
-0.789
-12.229
-8.405
-1.920
-4.793
-3.111
-5.856
-13.021
-10.143
-5.837
-13.837
-11.999
2.202
-8.401
-0.769
1.348
-4.564
1.151
2.112
-6.594
-6.630
-5.429
-6.452
-4.342
-0.227
-5.299
-2.316
1.214
-4.962
-4.018
4.619
-3.016
-2.787
0.972
-3.058
-0.368
-0.076
-9.669
-3.758
1.563
-0.422
4.647
-0.697
-18.480
-5.347
-19.024
-8.361
-10.933
-0.055
-11.640
-2.429
-6.892
-2.506
-12.914
-2.599
-13.753
-0.376
-14.673
0.356
-16.687
-2.938
-17.667
-4.742
-13.110
2.656
-18.044
-4.537
-19.864
-1.863
-17.596
-5.352
-16.015
-4.482
-18.468
-2.578
-16.338
-4.145
-15.556
-6.869
-17.777
-5.514
-20.011
-18.299
-17.140
-12.848
-15.483
-16.699
-14.689
-13.246
-13.119
-11.738
-13.078
-13.059
-11.668
-13.495
-16.001
-14.157
-14.738
-16.450
-13.750
-11.847
-19.317
-11.276
-7.148
-13.154
-6.296
-14.669
-9.676
-9.785
-10.002
-12.836
-12.210
-7.911
-6.462
-15.464
-9.361
-13.674
-3.808
-8.516
-8.157
-16.636
-14.418
-5.178
-9.135
-6.821
-5.278
-6.509
-8.616
-2.722
-5.609
-0.424
-13.758
-1.849
-5.865
-1.415
-6.063
-3.914
-10.559
-7.901
-9.492
-6.672
-7.540
-7.431
-11.832
-4.062
-6.430
-11.730
-2.904
-8.875
-9.853
-5.714
-10.213
-11.137
-8.021
-4.370
-5.222
-6.420
-9.702
-10.036
-4.682
-3.274
-10.066
-20.531
-4.999
-20.584
-21.582
-18.898
-14.814
-26.880
-24.010
-18.683
-10.624
-21.699
-17.660
-21.430
-15.589
-25.305
-24.753
-18.386
-14.395
-28.291
-20.069
-19.972
-11.687
-21.525
-23.964
-19.058
-18.358
-30.338
-24.694
-15.925
-9.259
-20.254
-21.003
-15.620
-10.940
-20.882
-19.276
-15.323
-7.426
-23.852
-20.680
-24.938
-21.193
-24.725
-26.587
-21.360
-19.131
-22.953
-31.322
-21.898
-18.667
-12.708
-25.417
-21.795
-14.800
-18.572
-27.197
-14.691
-17.096
-9.634
-24.290
-17.152
-20.560
-20.505
-29.001
-15.855
-12.589
-19.158
-25.285
-17.553
-19.021
-8.520
-28.794
-18.627
-22.522
-22.523
-31.152
-19.103
-11.455
-21.213
-22.731
-9.407
-16.571
-2.688
-19.488
-12.379
-23.118
-8.683
-12.184
-16.389
-23.064
-8.779
-23.226
-14.154
-17.370
-6.889
-19.862
-16.243
-15.081
-9.599
-18.292
-7.983
-16.051
-7.513
-22.116
-14.626
-15.128
-7.946
-16.023
-13.439
-19.714
-12.341
-19.625
-9.139
-17.291
-8.847
-12.083
-17.878
-15.192
-9.469
-20.987
-13.381
-4.958
-10.980
-14.949
-18.500
-4.999
-8.800
-9.965
-24.693
-10.598
-10.410
-16.277
-23.746
-10.123
-8.489
-18.770
-18.751
-6.793
-2.019
-11.379
-24.183
-9.277
-12.739
-17.450
-28.476
-7.422
-10.799
-18.031
-20.773
-7.477
-6.290
-14.648
-17.694
-6.691
-8.217
-16.071
-20.604
-10.896
-13.918
-16.864
-12.474
-13.913
-13.524
-13.090
-12.090
-10.905
-6.898
-11.358
-11.144
-17.706
-10.664
-11.281
-10.897
-14.414
-10.179
-13.583
-8.755
-16.254
-6.273
-14.998
-15.638
-14.593
-11.258
-15.424
-10.994
-14.379
-6.853
-18.014
-17.825
-22.820
-6.027
-15.640
-17.415
-18.135
-5.482
-25.319
-8.025
-18.644
-9.139
-15.557
-12.496
-5.201
-20.685
-17.431
-18.388
-15.061
-21.322
-22.103
-21.700
-9.450
-21.342
-19.083
-8.900
-8.979
-18.034
-22.893
-18.229
-5.057
-19.297
-15.603
-17.988
-4.963
-17.067
-14.268
-20.012
-11.385
-22.258
-22.862
-15.528
-11.731
-19.826
-19.125
-20.832
-6.177
-21.720
-17.994
-21.090
-8.071
-18.499
-11.897
-14.205
-21.112
-11.662
-15.649
-13.170
-18.904
-7.445
-8.336
-16.246
-25.931
-8.473
-19.414
-10.730
-21.136
-12.279
-12.568
-17.306
-18.021
-7.760
-13.000
-8.556
-21.090
-10.641
-17.520
-9.792
-16.488
-11.537
-18.557
-16.254
-17.995
-10.988
-16.973
-10.083
-21.674
-11.389
-19.539
-16.442
-21.526
-12.912
-14.271
-16.792
-7.464
-14.440
-14.344
-15.950
-6.196
-15.065
-14.128
-22.683
-6.539
-12.844
-10.140
-17.129
-6.614
-18.079
-9.923
-19.771
-8.501
-16.426
-9.958
-17.698
-7.229
-14.889
-10.891
-11.003
-3.555
-17.366
-10.872
-18.516
-3.189
-15.112
-14.287
-20.727
-4.773
-13.136
-12.220
-20.365
-8.081
-16.792
-13.492
-7.420
-24.097
-7.990
-25.400
-4.382
-12.869
-14.067
-21.289
-5.815
-25.172
-12.692
-26.292
-11.107
-19.109
-8.556
-25.535
-5.913
-17.487
-14.138
-20.125
-9.492
-16.332
-8.642
-24.364
-7.018
-20.075
-11.135
-23.315
-5.429
-15.412
-7.535
-26.658
-12.983
-20.259
-9.995
-24.553
-10.474
-16.878
-12.805
-17.751
-6.751
-10.546
-20.449
-20.221
-5.937
-8.728
-21.103
-19.994
-8.052
-9.086
-17.385
-19.620
-15.386
-12.208
-20.414
-20.678
-7.369
-10.018
-24.334
-19.476
-7.529
-9.074
-24.608
-11.193
-8.134
-4.987
-18.192
-13.314
-11.866
-8.493
-21.001
-20.290
-5.668
-11.653
-20.149
-18.122
-11.547
-12.840
-21.704
-22.295
-21.970
-12.845
-16.457
-10.118
-15.165
-3.455
-20.371
-10.619
-20.092
-8.912
-20.152
-13.290
-25.512
-9.620
-23.700
-10.044
-22.609
-14.625
-25.459
-10.666
-12.229
-4.155
-14.775
-9.710
-14.671
-13.598
-16.765
-2.380
-7.724
-8.361
-16.323
-10.004
-13.162
-12.693
-22.703
-10.362
-20.348
-6.484
-15.372
-10.684
-22.243
-10.642
-20.451
-7.709
-22.105
-11.274
-21.642
-14.391
-14.402
-10.516
-19.136
-10.601
-20.558
-13.073
-23.158
-8.318
-25.827
-11.293
-18.067
-13.895
-10.181
-12.648
-10.896
-15.167
-7.153
-7.593
-7.785
-13.699
-10.936
-9.953
-7.157
-11.520
-4.693
-8.728
-9.277
-8.490
-7.096
-9.768
-11.211
-9.480
-9.453
-13.233
-15.590
-12.272
-16.810
-10.212
-17.981
-16.126
-13.819
-13.645
-12.514
-12.962
-14.092
-7.750
-13.886
-14.258
-12.657
-10.038
-19.721
-16.260
-11.791
-10.258
-16.339
-12.083
-15.923
-8.221
-5.443
-11.804
-10.903
-12.280
-14.788
-10.037
-12.185
-11.864
-13.360
-10.211
-11.521
-12.337
-5.838
-5.840
