-17.346
-8.729
-13.107
-9.990
-15.282
-11.045
-16.770
-12.573
-14.818
-11.711
-19.391
-13.755
-18.234
-13.110
-17.311
-12.492
-16.486
-9.454
-12.216
-9.116
-13.427
-15.519
-19.980
-11.494
-20.641
-10.393
-17.817
-12.612
-7.298
-10.609
-25.855
-12.239
-10.523
-4.672
-20.801
-13.546
-11.856
-11.300
-16.400
-11.647
-12.751
-4.518
-8.312
-14.436
-13.378
-11.060
-10.201
-11.967
-13.958
-12.158
-15.110
-9.017
-20.806
-9.317
-19.330
-15.739
-14.632
-11.876
-16.588
-16.757
-11.067
-11.774
-10.638
-11.614
-10.590
-11.023
-14.056
-12.462
-8.934
-10.351
-6.875
-7.588
-7.976
-6.901
-10.160
-11.630
-11.153
-13.313
-5.222
-1.192
-18.694
-14.199
-15.790
-10.432
-9.065
-12.400
-7.200
-10.894
-10.981
-13.815
-17.037
-15.644
-11.654
-12.023
-15.058
-20.247
-17.926
-12.785
-13.025
-16.216
-11.717
-12.577
-4.780
-14.080
-10.033
-14.686
-11.291
-14.118
-17.283
-19.908
-21.704
-8.891
-11.684
-16.341
-15.407
-16.496
-11.645
-16.718
-8.721
-14.120
-9.901
-9.425
-13.355
-14.520
-7.943
-12.227
-11.680
-23.435
-6.953
-11.648
-11.454
-23.501
-8.063
-10.912
-12.004
-18.586
-5.945
-7.465
-8.582
-17.483
-5.302
-6.154
-4.189
-15.930
-6.960
-12.049
-15.453
-21.846
-8.113
-15.318
-20.853
-20.707
-10.984
-8.032
-16.374
-14.281
-6.878
-8.321
-3.852
-15.879
-2.586
-13.281
-11.038
-19.929
-6.416
-10.642
-5.582
-15.008
-0.128
-11.415
-7.110
-19.215
-5.647
-13.448
-12.340
-18.887
-4.598
-12.926
-14.652
-14.658
-6.670
-7.540
-8.084
-15.679
-5.842
-9.489
-6.650
-15.442
-12.246
-10.811
-17.963
-13.701
-3.384
-10.955
-13.328
-14.080
-3.897
-9.306
-9.659
-22.624
-9.459
-2.278
-7.771
-8.724
-18.377
-10.200
-16.468
-12.180
-13.473
-4.387
-11.110
-14.479
-11.813
-7.253
-20.435
-9.592
-11.328
-7.333
-11.015
-3.357
-14.271
-6.416
-12.280
-8.994
-9.786
-9.478
-16.149
-4.985
-13.125
-7.636
-16.262
-8.193
-9.410
-6.076
-12.274
-10.196
-15.552
-6.900
-13.417
-10.677
-9.549
-10.893
-12.331
-16.958
-5.745
-8.369
-10.292
-8.322
-2.170
-6.653
-11.132
-8.943
-0.373
1.031
-3.895
-4.813
-7.257
-13.329
-9.269
-11.513
-4.489
-5.331
-12.429
-9.741
-5.001
-3.365
-9.699
-9.416
-4.592
-8.454
-12.184
-12.756
-9.032
-11.131
-11.195
-17.942
-4.299
-5.309
-7.725
-7.050
-10.894
-12.803
-2.607
-2.782
-1.395
-4.141
0.921
-3.139
-6.917
-6.710
-1.962
-6.757
-5.310
-12.262
-0.831
-0.930
-6.395
-8.316
-2.579
-0.662
-7.791
-9.370
-2.107
-1.540
-5.492
-9.139
-7.819
-4.063
-13.777
-12.145
-4.320
-4.525
-13.455
-14.912
-6.541
-5.840
-5.553
-7.103
-6.115
-2.859
-5.994
-11.677
-8.204
-6.348
-5.863
-7.769
-6.370
-1.464
-4.271
-7.425
-7.276
-6.972
-4.727
-11.743
-8.428
-5.979
-7.849
-13.011
-9.898
-7.754
-8.431
-13.406
-8.051
-7.578
-6.656
-7.119
-2.812
-2.170
-6.212
-14.559
-8.324
-6.672
-7.049
-11.912
-6.077
-6.777
-14.468
-14.326
-9.144
-7.164
3.349
-3.018
-3.755
-3.002
2.959
1.004
-7.146
-2.944
0.682
-6.888
-9.990
-11.987
-0.326
-10.340
-8.934
-10.265
1.599
2.102
-2.716
0.740
0.582
-1.971
-4.804
-6.125
-0.632
-7.951
-7.127
-6.971
-3.626
-5.288
-8.788
-8.326
2.412
-0.318
-6.159
-5.909
-7.158
-8.851
-14.879
-15.620
-10.736
-13.726
-16.302
-9.502
-15.100
-16.319
-10.865
-13.951
-18.299
-9.675
-12.132
-19.287
-9.539
-15.904
-16.301
-13.430
-17.675
-18.623
-8.251
-12.162
-14.565
-11.670
-12.163
-11.804
-10.440
-16.318
-14.063
-7.127
-16.746
-21.538
-4.530
-5.581
-13.816
1.989
-3.611
-18.772
-3.921
-6.261
-14.979
1.205
-3.835
-16.193
-7.377
-9.542
-16.062
-0.992
-3.977
-12.642
-5.401
-5.595
-12.071
-1.410
-5.823
-15.492
-3.885
-2.876
-20.346
1.461
-2.365
-16.855
2.764
-5.660
-15.747
-4.949
-11.797
-13.732
-3.930
-9.878
-16.467
0.311
-5.668
-13.400
-3.005
-11.219
-14.951
-0.128
-4.339
-11.724
-6.771
-11.491
-16.626
-10.685
-13.597
-3.555
0.125
-4.055
-15.927
3.965
-3.681
-11.197
-3.053
-7.806
-7.931
0.594
-2.741
-6.357
1.963
-9.975
-2.083
-1.122
-6.414
-8.367
-0.543
-5.572
-2.072
-7.307
-7.732
-12.627
-0.445
-8.243
-11.684
-2.319
-9.567
-8.295
2.772
-2.329
-6.459
4.268
-7.271
-5.667
-8.433
-12.827
-2.418
-11.952
-13.156
-4.025
-11.858
-13.096
-2.949
-5.357
-10.094
-3.356
-11.920
-12.111
-2.711
-7.593
-16.804
-5.546
-8.383
-14.179
-6.247
-6.850
-14.678
-1.210
-8.303
-8.514
-0.954
-11.256
-11.272
-4.013
0.166
-4.314
-4.231
4.213
-7.181
-7.237
3.789
-9.638
-3.063
-1.880
-9.854
-7.470
0.863
-2.895
-5.973
-1.364
-5.826
-10.050
1.752
-1.792
-4.215
-3.895
-2.859
1.412
1.452
-6.233
-2.879
-8.432
-3.106
-2.205
-17.436
-15.856
-12.431
-23.067
-20.832
-19.548
-15.910
-9.126
-26.308
-27.532
-24.232
-20.518
-7.755
-21.679
-24.380
-20.062
-15.814
-10.082
-20.086
-18.602
-17.003
-15.933
-13.646
-23.917
-20.511
-24.939
-18.642
-10.346
-23.177
-25.494
-13.947
-11.564
-9.548
-25.302
-17.057
-12.470
-9.435
-5.054
-19.471
-16.505
-15.522
-16.484
-10.728
-27.590
-19.876
-20.976
-15.866
-9.287
-17.964
-20.741
-17.347
-15.352
-8.273
-12.665
-23.266
-23.049
-14.147
-13.608
-16.030
-23.613
-20.025
-13.728
-15.558
-12.567
-16.529
-21.529
-15.367
-9.987
-15.780
-19.949
-18.493
-17.898
-12.105
-15.320
-23.924
-22.221
-17.473
-14.329
-17.399
-28.425
-21.706
-13.835
-11.598
-14.992
-18.165
-19.156
-15.113
-13.175
-10.647
-23.674
-19.690
-17.119
-12.439
-12.968
-25.179
-29.055
-18.129
-11.108
-19.108
-31.219
-19.021
-11.905
-5.905
-22.119
-17.752
-17.859
-15.778
-9.238
-28.661
-7.359
-20.155
-25.637
-13.058
-26.310
-11.413
-23.816
-19.587
-13.711
-31.795
-12.656
-13.682
-18.260
-9.554
-26.130
-8.586
-19.795
-17.889
-6.217
-28.112
-6.567
-18.430
-14.031
-8.596
-19.972
-9.266
-23.303
-17.843
-9.373
-28.408
-12.097
-17.136
-16.728
-7.723
-23.134
-11.684
-24.490
-24.624
-5.787
-28.829
-19.251
-20.319
-11.073
-9.227
-14.588
-13.539
-20.226
-8.410
-5.955
-13.235
-14.819
-17.695
-7.511
-7.037
-10.163
-16.412
-22.628
-12.620
-5.341
-18.172
-9.598
-13.369
-14.889
-7.359
-18.535
-13.192
-13.413
-9.534
-7.943
-13.481
-13.216
-17.513
-14.910
-10.818
-27.038
-23.857
-19.666
-7.765
-8.476
-15.046
-7.554
-18.267
-12.765
-4.256
-21.362
-14.940
-13.068
-8.781
-5.023
-12.538
-8.476
-18.630
-23.587
-14.000
-20.123
-26.557
-18.959
-21.838
-14.924
-21.231
-34.101
-15.472
-14.231
-10.095
-11.472
-21.507
-18.094
-20.307
-15.626
-26.800
-29.753
-12.646
-13.407
-5.206
-13.853
-21.998
-17.636
-13.016
-11.618
-18.499
-22.901
-17.147
-10.109
-5.099
-17.768
-22.974
-16.998
-16.628
-15.092
-19.085
-25.263
-23.264
-18.265
-15.497
-21.602
-28.847
-17.723
-17.882
-14.375
-19.888
-30.061
-2.781
0.350
-17.154
-2.132
-17.169
0.024
-0.385
-23.384
-10.396
-19.148
-1.061
1.227
-15.164
-7.520
-16.261
-7.592
-0.592
-21.903
-6.395
-20.403
-9.259
-1.791
-20.981
-2.966
-12.468
-1.367
-1.060
-18.980
-4.867
-20.192
0.031
0.036
-21.087
-6.517
-17.602
-10.280
0.441
-11.561
-8.639
-13.512
0.317
-0.910
-19.395
-8.693
-16.651
-3.884
0.849
-17.316
-4.376
-6.773
-19.231
-12.082
-30.231
-5.663
-13.762
-16.577
-10.193
-24.073
-8.014
-13.881
-19.056
-9.233
-25.491
-11.770
-9.936
-19.473
-14.944
-28.325
-11.219
-12.588
-20.433
-6.420
-28.095
-6.063
-14.888
-16.074
-12.691
-26.020
-10.741
-14.497
-17.398
-6.807
-22.465
-12.592
-9.081
-13.898
-9.571
-22.992
0.483
-16.848
-16.529
-12.466
-24.738
-9.459
-12.073
-18.798
-15.317
-30.919
-13.359
-26.402
-4.575
-9.200
-19.594
-18.084
-25.069
-1.426
-8.925
-22.818
-15.412
-25.893
-5.057
-10.929
-24.185
-16.905
-22.814
-6.555
-9.245
-24.619
-20.486
-23.584
-0.879
-5.970
-30.199
-16.012
-25.740
-4.720
-11.852
-22.235
-14.770
-26.924
-5.156
-3.907
-14.704
-14.922
-15.781
-6.987
-5.432
-21.560
-14.978
-23.160
-10.077
-7.528
-25.890
-19.372
-25.886
-7.033
-3.059
-19.429
-16.217
-21.011
-13.147
-2.179
-16.040
-15.495
-8.661
-6.297
-0.066
-22.304
-18.223
-20.536
-12.525
0.432
-21.725
-17.026
-11.064
-8.338
-1.822
-17.912
-16.921
-19.143
-6.337
-3.878
-15.926
-12.030
-10.684
-5.555
5.577
-19.044
-13.004
-12.535
-9.532
0.533
-16.668
-13.920
-12.578
-5.612
-2.754
-24.985
-16.719
-19.319
-9.954
-4.867
-27.306
-17.228
-17.359
-11.714
-5.851
-26.521
-15.873
-19.047
-10.356
1.814
-5.386
-16.797
-22.280
-8.725
1.448
-5.876
-17.783
-16.600
-8.409
2.159
-6.657
-18.637
-19.199
-7.547
4.508
-1.619
-15.564
-15.602
-7.368
-0.335
-9.959
-15.690
-22.741
-4.536
-0.149
-10.532
-18.904
-20.898
-5.393
-3.700
-13.370
-14.162
-17.114
-7.689
0.807
-14.262
-15.624
-22.183
-10.898
-1.843
-13.029
-16.546
-22.119
-15.429
0.961
-8.450
-19.646
-21.390
-14.937
-21.173
-14.074
-12.344
-24.380
-20.825
-8.399
-23.923
-16.846
-11.238
-24.952
-14.305
-23.599
-20.644
-18.488
-17.856
-20.426
-16.717
-20.475
-17.492
-14.783
-18.026
-17.914
-16.556
-19.743
-19.497
-16.870
-15.743
-17.133
-17.072
-30.116
-15.744
-15.093
-34.337
-16.593
-23.016
-29.804
-15.120
-13.689
-29.644
-15.334
-13.771
-31.352
-18.177
-16.310
-28.826
-14.637
-15.614
-30.869
-19.578
-12.486
-33.604
-19.924
-20.275
-34.203
-12.682
-18.110
-28.175
-11.100
-10.163
-22.401
-24.862
-12.229
-20.614
-25.965
-17.807
-21.319
-23.305
-12.465
-15.232
-20.536
-10.497
-21.871
-14.882
-14.809
-13.997
-24.417
-13.686
-15.972
-24.573
-15.129
-20.193
-20.812
-14.244
-18.766
-23.193
-20.701
-20.972
-24.395
-17.485
-8.394
-11.401
-23.113
-8.781
-9.001
-20.751
-13.337
-10.708
-21.923
-5.005
-9.683
-20.280
-9.231
-10.517
-23.184
-7.559
-5.497
-16.460
-7.862
-7.295
-20.349
-6.647
-8.026
-21.867
-8.801
-3.719
-20.174
-3.897
-7.917
-18.939
-17.327
-12.013
-16.422
-12.913
-8.281
-16.213
-7.213
-9.632
-16.488
-12.092
-16.061
-18.542
-15.172
-11.632
-14.326
-6.442
-14.182
-16.678
-13.390
-8.913
-8.452
-12.894
-11.503
-10.914
-12.761
-11.050
-13.774
-19.451
-8.269
-17.016
-13.346
-9.776
-15.293
-9.256
-10.419
-14.174
-13.365
-5.804
-16.994
-14.087
-8.245
-20.258
-9.460
-9.206
-18.413
-10.790
-8.706
-18.805
-14.085
-1.659
-18.924
-14.796
-1.139
-21.678
-15.034
-8.953
-19.131
-6.404
-5.566
-18.403
