-4.663
-5.170
-2.185
-4.736
-3.273
-3.911
-3.366
-4.880
-3.142
-5.621
-3.031
-3.824
-4.840
-4.612
-3.359
-6.282
-3.030
-3.098
-1.996
-3.911
-4.882
-3.019
-2.161
-2.112
-4.825
-3.409
-3.070
-3.298
-0.998
-3.029
-3.816
-3.585
-3.627
-2.284
-4.328
-3.268
-2.978
-3.169
-2.590
-4.484
-2.642
-0.160
-1.454
-3.881
-2.881
-2.025
-1.252
-1.467
-1.465
-3.326
-3.364
-1.236
-4.475
-2.528
-3.302
-4.359
-2.329
-3.448
-1.835
-2.576
-0.351
-3.246
-2.605
-2.587
-0.881
-3.199
-2.220
-3.669
-0.934
-3.225
0.759
-1.626
0.409
-1.691
0.461
-2.398
-1.818
-2.566
-1.286
-0.918
-1.173
-4.579
-3.637
-3.522
0.191
-4.920
-2.731
-1.701
-1.254
-4.999
-5.674
-2.685
-2.868
-3.555
-3.470
-4.283
-2.432
-4.819
-4.259
-1.601
-1.785
-3.791
-1.615
-1.556
-1.672
-1.847
-2.601
-3.115
-1.566
-3.723
-3.351
-0.114
-1.590
-4.561
-4.545
-1.779
-1.561
-4.663
-4.285
-1.590
-0.741
-3.771
-2.435
-3.882
-0.494
-3.392
-3.924
-4.698
0.130
-4.071
-3.789
-4.756
-0.442
-1.904
-3.272
-4.700
-1.859
-2.908
-3.582
-5.729
0.349
-3.244
-3.703
-4.512
-0.218
-2.465
-4.890
-4.928
-0.920
-3.790
-5.741
-4.588
-2.884
-2.534
-4.412
-3.380
-2.771
-1.484
-2.248
-3.306
0.679
-2.033
-1.196
-2.727
3.470
-3.301
-1.924
-2.820
4.199
-3.397
-2.740
-2.967
4.218
-3.128
-3.149
-2.658
5.510
-4.419
-2.961
-2.620
3.056
-2.764
-3.036
-2.339
3.706
-2.070
-2.355
-2.062
2.479
-3.011
-1.545
-1.614
2.361
-1.899
-3.079
-2.788
2.776
-2.919
-1.723
-2.821
-3.401
0.095
-0.416
-1.769
-3.396
-2.578
-1.322
-0.055
-4.126
-2.922
-1.707
-0.938
-4.200
-2.186
-2.771
-0.542
-3.773
-3.400
-1.825
1.936
-3.398
-1.341
-2.665
-0.304
-4.155
-3.847
-2.042
0.754
-2.461
-2.909
-2.186
2.289
-3.140
-2.877
-3.556
-0.995
-4.766
-2.433
-2.263
-1.457
-3.170
-0.650
-2.413
-5.164
-3.092
-2.629
-3.931
-3.018
-2.015
0.548
-2.065
-1.814
-3.129
-1.608
-1.926
-2.504
-2.148
-2.809
-2.514
-2.329
-1.909
-0.058
-2.916
-3.889
-2.179
-3.055
-4.524
-2.126
-1.783
-1.625
-2.508
-1.510
-1.402
-0.454
-2.967
-4.173
-3.924
-2.220
-3.509
-4.387
-4.672
-3.263
1.685
-1.529
-2.017
-1.985
0.216
-2.360
-3.817
-2.290
-0.219
-2.882
-3.592
-2.763
0.975
-1.201
-1.535
-3.523
0.456
1.121
-4.033
-3.153
0.926
-0.988
-3.444
-2.637
-0.716
-2.615
-1.881
-2.369
1.140
-2.212
-1.115
-2.934
-0.260
-1.352
-1.194
-1.561
-1.028
0.042
-2.929
-3.323
-2.928
-2.575
-3.384
-1.959
-1.226
-1.561
-2.322
-2.823
-5.901
-1.742
-2.701
-4.915
-2.900
-1.953
-2.305
-4.991
-4.016
-2.109
-3.199
-4.959
-4.104
-2.943
-3.992
-5.284
-1.456
-1.805
-2.386
-3.631
-3.805
-0.290
-2.478
-3.901
-2.607
-1.897
-3.798
-3.930
-3.519
-0.818
0.447
2.074
-2.751
-2.852
0.049
2.199
-3.277
-1.739
0.291
2.679
-4.392
-3.778
1.506
0.767
-4.098
-2.991
0.256
2.219
-3.237
-0.241
-1.917
2.676
-3.059
-2.416
-1.854
-1.600
-3.547
-3.827
0.256
1.209
-4.202
-1.733
1.046
1.031
-3.405
-2.170
-0.720
0.420
-4.556
-2.874
-4.802
-2.663
-3.877
-4.149
-3.498
-4.450
-3.538
-3.498
-2.935
-3.356
-3.449
-4.974
-4.542
-3.945
-4.850
-3.488
-3.910
-4.904
-4.385
-2.694
-3.628
-5.302
-3.417
-4.568
-3.742
-1.613
-4.957
-2.294
-2.463
-5.713
0.790
-1.784
-2.249
4.258
-2.947
-4.410
2.448
-1.749
-2.987
3.158
-1.422
-3.148
1.151
-5.324
-3.509
2.648
-3.278
-4.526
1.679
-2.044
-3.432
2.165
-4.008
-3.573
1.624
-2.605
-3.286
2.800
-1.567
-4.170
1.351
-4.399
-6.125
0.625
-1.613
-3.800
0.013
-1.076
-2.145
0.836
0.393
-3.054
-0.889
-2.977
-2.975
0.038
-0.695
-1.839
-1.954
-2.589
-1.921
-2.990
-2.750
-2.280
0.610
0.024
-3.330
-1.743
-2.462
-3.233
-0.959
-1.498
-1.618
-0.445
-2.042
-2.537
-0.054
-2.655
-2.840
1.205
-0.275
-2.569
0.288
-2.901
-0.372
-2.202
-0.775
-3.377
-0.756
-1.561
-2.772
0.695
-1.917
-1.089
0.634
-0.733
-1.266
0.883
-2.982
-3.101
-2.147
-3.857
-0.362
-3.937
-4.629
-2.656
-3.348
-5.951
-1.781
-0.726
-4.369
-1.626
-2.858
-5.489
-2.356
0.302
-3.943
-2.532
-0.470
-5.275
-1.221
-1.515
-3.958
-1.667
-1.243
-5.137
-2.351
-2.444
-5.426
-1.507
-0.016
-3.549
-2.639
0.891
-2.652
-1.657
1.282
-1.513
-0.884
-1.338
-2.868
-2.221
-0.634
-2.087
1.231
0.150
-0.743
-1.860
0.002
-0.514
-1.653
-1.002
-0.959
0.267
0.634
-2.552
-1.350
-0.201
-1.163
-1.869
-3.565
-3.322
-4.688
-2.671
-0.512
-1.733
-1.751
-2.219
-2.578
-4.594
-3.245
-3.629
-3.501
-1.533
-2.154
-2.736
-2.278
-3.113
-1.770
-2.745
-2.342
-5.091
-3.906
-3.923
-2.538
-3.683
-3.525
-4.532
-3.146
-2.860
-1.351
-4.183
-3.941
-3.644
-1.695
-2.828
0.179
-2.275
-0.748
-4.133
-1.623
-1.635
-3.456
-3.443
-2.984
-2.478
-2.539
-4.245
-1.189
-3.633
-3.558
-3.210
-3.213
-0.593
-0.887
-3.561
-3.524
-3.411
-1.766
-1.721
-2.707
-2.649
-5.120
-0.570
0.670
-4.511
-3.824
-3.864
-2.054
-1.439
-3.937
-3.153
-4.596
-1.759
-0.353
-2.292
-1.630
-2.777
-1.300
-1.114
-3.430
-3.384
-3.998
-0.996
0.063
-1.248
-1.854
-3.749
0.626
-1.235
-2.432
-3.101
-2.699
-1.923
-1.211
-3.822
-3.089
-3.168
-1.438
-2.300
-3.086
-3.246
-5.206
-3.781
-3.126
-4.010
-3.198
-3.869
-3.022
-1.778
-4.147
-4.378
-4.770
-3.683
-0.400
-3.183
-2.849
-4.466
-4.543
-3.382
-0.525
-4.958
-1.913
-4.653
-0.877
-3.225
-3.425
-3.142
-3.758
-1.206
-2.089
-4.507
-3.962
-4.696
-3.577
-3.007
-3.436
-3.276
-3.467
-1.935
-2.878
-3.217
-2.614
-3.141
-3.437
-3.855
-3.105
-2.650
-5.473
-3.243
-4.102
-2.093
-6.220
-1.311
-0.074
-3.358
-1.441
-3.885
-1.475
2.232
-2.999
-0.037
-3.375
-1.198
-0.189
-4.239
-4.640
-3.150
-2.026
-0.214
-2.153
-2.686
-3.599
-2.356
-0.728
-1.009
-2.676
-3.911
-1.067
-0.851
-2.896
-3.577
-2.477
-2.618
-1.181
-3.264
-1.996
-3.707
-2.335
1.720
-4.077
-2.110
-2.686
-3.548
0.392
-3.947
-2.171
-4.413
-3.221
1.656
-1.384
-4.113
-5.302
-1.673
-3.460
0.547
-3.304
-3.012
-0.232
-3.431
-0.813
-2.110
-1.919
-0.482
-2.369
-0.873
-2.246
-4.219
-2.857
-1.908
-1.447
-2.356
-0.211
-0.619
-4.118
-1.171
-2.634
-4.003
-1.523
-2.513
-1.412
0.385
-0.928
-3.462
-5.594
-2.093
-3.637
-4.821
0.027
-2.294
-2.169
-2.913
-4.998
-2.459
-4.514
-1.638
-3.340
-4.268
-1.732
-4.191
-0.364
4.445
-2.593
2.646
-1.224
-1.186
1.828
-3.061
0.005
-2.489
-0.832
3.528
-2.865
1.208
-0.387
-1.068
2.209
-4.154
2.041
-1.958
-2.792
1.448
-3.290
0.180
-2.331
0.348
2.384
-1.585
0.351
-1.382
0.317
1.283
-1.539
1.893
-2.891
-2.636
1.283
-0.699
-0.348
-1.277
0.971
0.623
-1.821
0.976
-2.069
-2.545
0.545
-2.564
0.807
-1.832
-3.004
-4.116
-2.405
0.636
-2.569
-4.063
-4.654
-3.143
0.378
-1.410
-2.775
-4.772
-2.111
-2.781
-3.573
-2.556
-4.354
-2.144
-1.024
-2.268
-4.212
-4.934
-3.086
-0.530
-2.786
-1.725
-6.022
-2.272
-1.285
-3.274
-2.846
-4.108
-3.451
-1.254
-2.029
-1.608
-3.552
-2.718
-0.316
-2.954
-2.080
-5.400
-2.693
0.642
-1.787
-2.857
-5.326
-2.503
-0.748
-4.218
1.841
-0.680
-2.145
-3.586
-4.648
3.094
-1.347
-4.089
-3.209
-4.480
2.994
-0.641
-3.963
-2.463
-3.498
1.520
-1.028
-4.297
-2.227
-3.675
2.737
-0.004
-3.562
-1.842
-4.607
4.263
-0.866
-2.033
-1.284
-3.689
3.391
-0.572
-2.636
-1.580
-3.074
2.066
0.084
-3.064
-1.337
-4.334
2.311
-2.716
-2.751
-4.309
-3.182
2.818
-0.393
-2.505
-0.724
-4.109
-3.208
0.523
-0.762
-2.201
2.096
-2.952
0.526
-1.940
-4.351
-1.153
-1.417
2.252
-1.309
-3.543
-1.574
-1.367
2.389
-2.458
-3.380
-2.163
-1.570
1.915
-1.398
-0.838
-0.875
-0.648
3.199
-3.254
-0.874
-1.839
-1.056
2.863
-1.258
-0.350
-0.457
-1.786
3.490
-4.598
-2.806
-1.187
-2.558
1.125
-3.558
-2.677
-2.857
-2.480
1.273
-2.455
-2.826
-0.936
-0.587
2.701
-1.217
-2.603
-2.927
-0.394
0.280
-0.917
-2.085
-3.307
0.205
2.286
0.125
-1.916
-0.975
0.849
1.670
-0.404
-2.256
-2.804
0.332
1.132
-0.739
-2.751
-3.945
-1.117
1.955
-0.683
-3.710
-2.499
0.540
1.116
-0.617
-1.961
-2.260
-0.304
3.697
-0.937
-0.857
-3.099
-0.914
3.169
-0.869
-0.611
-3.428
-1.471
0.846
0.549
-2.731
-3.156
-4.433
-3.383
-2.587
-1.621
-4.905
-3.806
-1.699
-5.053
-2.255
-2.351
-4.873
-2.486
-5.709
-3.636
-2.438
-1.859
-4.032
-2.771
-5.685
-2.041
-3.174
-4.395
-2.479
-6.552
-5.099
-3.409
-4.493
-1.178
-3.978
-4.140
-4.329
-2.379
-3.233
-4.210
-2.837
-3.031
-4.652
-3.312
-1.716
-4.089
-0.698
-0.797
-4.480
-1.158
-0.560
-4.030
-1.746
-1.016
-4.852
-1.828
-2.212
-4.709
-3.335
-3.091
-4.833
-2.120
-2.962
-4.222
-2.052
-0.835
-1.343
-4.559
-2.281
-3.312
-4.746
-2.433
-2.342
-5.296
-1.659
-1.804
-3.920
-0.665
-3.902
-4.107
-3.279
-2.253
-5.712
-2.382
-3.044
-3.901
-1.600
-2.762
-3.748
-3.258
-3.334
-2.878
-3.196
-2.569
-4.150
-1.044
-1.721
0.385
-3.880
-1.917
-2.291
-6.323
-1.574
-0.670
-3.265
-0.091
-3.060
-4.116
-0.683
-1.122
-6.123
0.551
-1.821
-4.649
-0.741
-0.255
-3.950
-1.070
-0.534
-3.892
-0.504
-0.911
-5.666
-0.235
-1.838
-2.648
-4.148
-3.080
-2.017
-2.976
-1.876
-2.042
-1.519
-2.985
-4.062
-1.952
-2.689
-2.864
-4.091
-2.085
-1.267
-1.226
-4.529
-2.585
-3.044
-2.401
-1.164
-1.965
-0.812
-0.825
-2.817
-3.243
-2.274
-3.803
-1.476
-1.406
-2.261
-0.308
-1.895
-1.608
-1.455
-2.718
-0.394
0.092
-2.380
-0.869
-0.695
-0.597
-1.688
-0.284
-4.250
-1.981
-0.346
-3.606
-1.642
0.061
-2.145
-1.153
-0.540
-1.808
-2.917
-0.880
-2.085
-0.839
0.869
-2.656
