-3.326
-1.647
-2.209
-2.795
-2.049
-1.678
-4.371
-1.195
-1.135
-0.938
-0.349
-2.444
-2.143
-3.492
-0.047
-1.406
-2.655
-3.966
-1.074
-0.634
0.907
0.446
-0.766
-1.530
-0.260
-1.368
-1.250
1.412
-0.600
-1.808
1.524
-0.992
-1.042
-0.607
1.784
-0.889
-0.613
1.804
0.672
1.039
-3.088
0.760
-3.975
-3.832
0.445
-2.947
-3.234
1.177
-2.239
-3.628
1.714
-4.417
-3.989
1.073
-3.465
-3.232
1.771
-4.314
-3.601
0.984
-2.017
-2.991
1.171
-3.230
-2.362
-1.158
-4.419
-2.842
-0.775
-4.877
-1.318
-1.494
-5.612
-0.277
-1.193
-4.627
-3.288
-2.151
-3.947
0.780
-2.884
-2.128
-3.280
-1.944
-1.523
-4.313
0.074
-2.910
-3.237
-4.167
-2.127
-1.000
-1.068
-3.475
-1.104
-0.298
-2.872
-3.659
-0.231
-2.545
-3.389
-3.431
-2.972
-3.379
-3.146
-3.739
-3.735
-3.037
-3.319
-4.601
-3.219
-3.938
-2.974
-2.382
-4.736
-3.789
-3.984
-4.449
-3.526
-1.975
-3.099
-3.367
-1.340
-2.832
-4.579
-1.862
-3.500
-4.195
-1.991
-4.935
-4.536
-5.559
-4.034
-2.428
-2.572
-0.986
-5.089
-4.756
-3.840
-4.010
-3.351
-1.346
-4.089
-3.374
-2.754
-4.977
-5.432
-4.737
-4.360
-4.594
-2.365
-3.324
-3.499
-3.866
-4.345
-4.440
-3.192
-4.737
-4.235
-4.321
-0.966
-3.851
-0.141
-1.351
-4.049
1.508
0.122
-1.366
-1.645
-0.173
-4.284
-1.701
-1.887
-2.161
-0.661
-2.122
-1.998
-1.042
-1.182
-2.657
0.702
-3.319
-3.667
-0.378
-3.436
-4.089
-1.694
-2.267
-3.517
-1.814
-3.714
-4.209
-0.475
-3.522
-4.145
1.373
-3.683
-4.385
0.673
-1.952
-2.271
1.367
-5.396
-4.042
0.145
-4.427
-4.358
-0.235
-5.022
-4.240
1.145
-4.142
-4.692
-0.959
-4.958
-4.337
-1.228
-4.218
-3.085
1.288
-2.124
-5.382
-3.539
-0.049
-2.602
-1.842
-0.998
-5.285
-1.151
-0.662
-3.585
-2.538
-0.354
-3.064
-3.009
-0.166
-3.326
-2.181
-1.098
-3.624
-2.700
-1.123
-3.857
-1.475
-0.788
-3.424
-1.479
-3.332
-3.272
-2.427
-0.425
-3.772
-3.737
0.472
-2.153
-0.633
-1.114
-3.983
-2.880
-0.629
-3.994
-3.679
-0.702
-2.869
-3.251
0.267
-4.211
-2.267
-0.442
-1.887
-3.399
0.636
-2.901
-3.060
-0.255
-4.548
-4.134
-1.193
-3.043
-1.519
-1.889
-2.823
-0.535
-2.413
-2.215
-3.086
-3.525
-2.433
-3.598
-0.625
-1.506
-3.130
-2.603
-1.681
-1.666
-2.584
-0.704
-3.730
-1.159
-2.496
-0.689
-2.579
0.111
-2.161
-0.154
-3.833
0.392
-2.103
1.030
-2.924
0.233
-2.227
-1.119
-3.210
-0.463
-2.897
-3.437
-2.975
-2.947
-3.771
-4.944
-2.638
-3.480
-4.502
-4.544
-1.693
-3.713
-2.027
-4.740
-3.343
-5.262
-1.887
-4.892
-4.906
-4.018
-2.315
-4.307
-4.183
-5.385
-3.136
-2.193
-1.971
-1.329
-0.103
-1.861
-0.605
-1.996
-1.519
-0.769
-2.223
-0.798
-1.133
-3.502
-1.588
-1.538
-1.423
-0.941
-2.555
-2.783
-2.765
-1.768
-3.114
-1.135
-1.439
-2.573
-2.869
-2.124
0.235
0.645
-1.598
-2.480
-3.373
-3.209
-1.362
-2.400
-2.070
-2.336
-2.134
-1.418
-1.122
-0.721
-4.444
-2.124
-2.425
-4.983
-1.253
-1.930
-2.419
-0.532
-3.048
-2.475
-3.672
-2.600
-3.032
-0.989
-2.194
-2.845
-2.046
-1.112
-4.549
-1.641
-2.040
-2.241
-3.483
-1.291
-3.251
-2.432
-2.510
-2.929
-1.902
-2.343
-2.593
-1.659
-2.963
-1.361
-4.701
-2.708
-2.174
-2.927
-3.765
-1.366
-2.618
-2.605
-4.331
-2.754
-4.304
-4.332
-3.535
-1.865
-2.194
-1.764
-5.037
-3.538
-3.362
-2.697
-5.870
-2.633
-3.054
-2.890
-3.098
-4.227
-4.983
-3.096
-2.162
0.026
-2.225
-1.769
-3.556
-2.169
-2.454
-1.618
-5.698
0.100
-3.118
-2.397
-5.622
-0.367
-3.211
-2.156
-4.355
-0.559
-2.464
-0.527
-4.778
-1.726
-2.489
-2.790
-5.412
-2.119
-3.067
0.612
-5.707
0.159
-3.652
-2.257
-5.278
-2.256
-1.326
-2.651
-4.571
-2.030
-1.141
-3.359
-1.299
-0.867
-4.646
-2.599
2.019
-2.239
-5.152
-3.052
-1.483
-2.527
-2.910
-2.469
-0.577
-2.666
-3.563
-3.591
-0.868
-0.687
-4.115
-4.766
-1.637
-2.340
-3.406
-4.422
0.444
-0.676
-2.809
-4.457
-0.173
-2.570
-5.167
-4.220
0.218
-3.919
-3.040
-4.003
-1.670
-2.578
1.088
-1.886
-3.456
-3.369
-0.517
0.759
-1.877
-4.072
-1.516
0.330
-2.497
-2.698
-0.810
-0.043
-3.265
-2.995
-0.388
0.837
-1.976
-3.439
-0.279
-0.729
-1.903
-4.432
-0.291
-0.158
-1.541
-3.288
-0.688
-0.977
-3.277
-2.778
0.150
0.254
-1.411
-2.353
-1.441
-1.017
-3.102
-0.662
-1.558
-3.270
-0.014
-1.679
-1.408
-1.775
0.320
-0.094
-2.135
-2.927
0.759
0.355
-2.224
-0.668
-0.057
0.691
-2.345
-1.300
-0.364
-0.157
-1.756
-1.322
-0.158
-0.249
-1.680
-1.292
-0.035
-0.735
-5.936
-1.396
-0.214
0.386
-2.635
-2.210
-2.665
-0.282
-2.813
-2.110
-1.043
-1.531
-3.003
-2.664
-2.269
-2.084
-4.213
-4.034
-4.492
-2.688
-2.560
-3.328
-2.823
0.486
-4.522
-2.948
-2.785
-1.117
-2.339
-2.378
-3.005
-1.846
-1.695
-3.076
-2.843
-2.396
-2.850
-4.534
-2.183
-1.339
-3.633
-2.528
-3.963
-1.784
-2.591
-2.903
-3.560
-2.874
-2.533
-1.680
-4.418
-1.322
-3.855
-0.800
-3.605
-0.793
-3.263
-0.782
-1.933
-1.311
-3.537
-0.801
-2.742
-0.557
-3.676
-0.928
-4.084
-2.514
-4.412
-1.935
-1.925
-1.338
-3.328
0.541
-1.867
-1.903
-1.862
-0.536
-1.855
-0.965
-2.437
-1.411
-3.684
-3.544
-3.130
-2.995
-1.929
-2.148
-4.399
0.828
-1.586
-4.069
-2.001
-2.552
-1.460
-4.148
-1.037
-2.043
-2.536
-3.665
-1.396
-2.172
-1.112
-4.069
-0.497
-4.082
-1.372
-2.983
-1.169
-2.444
-0.605
-3.602
-1.688
-1.949
-1.898
-2.479
-0.645
-2.657
-1.033
-3.745
-1.064
-3.423
-1.935
-3.855
-0.985
-2.214
-1.189
-3.079
-3.436
-2.244
-1.676
-0.135
-2.535
0.320
-4.991
-1.903
-0.369
-2.361
-4.685
-0.884
-2.009
0.371
-4.488
-1.984
-2.376
-1.600
-4.416
-1.823
-1.496
-1.462
-4.597
-1.233
0.007
0.100
-2.992
-1.942
-3.291
-0.529
-5.408
-2.308
-2.308
0.337
-4.338
-1.494
-1.410
-0.007
-4.760
-1.461
-1.537
-1.454
-2.194
-0.143
-1.635
-1.683
-2.891
0.097
-1.279
-3.627
-3.742
-0.798
-1.753
-3.083
-2.354
-1.836
-2.195
-4.104
-3.972
-0.144
-0.490
-3.607
-2.436
-1.168
-1.699
-3.912
-1.104
0.073
0.482
-3.500
-1.429
-2.292
-1.836
-3.730
-2.827
-0.423
-3.511
-2.574
-3.531
-0.292
-2.047
-2.845
-3.485
-2.596
-2.310
-2.923
-2.926
-1.924
-1.359
-3.290
-2.318
-2.506
-2.455
-3.030
-2.848
-2.373
-2.264
-3.379
-2.098
-3.620
-2.258
-4.571
-2.361
-2.818
-1.112
-1.909
-1.431
-2.511
-0.270
-4.007
0.892
-1.205
-1.702
-3.364
-0.501
-3.809
-0.391
-1.933
0.024
-3.658
-0.410
-2.931
0.010
-1.806
0.256
-1.382
0.423
-1.818
-2.230
-1.863
-1.257
-0.473
-0.333
-0.592
0.062
-2.145
-0.921
-3.505
-0.179
-1.921
-1.243
-2.186
-2.418
-3.304
-2.837
-3.927
-2.538
-4.020
-1.490
-2.440
-2.383
-3.129
-1.480
-2.920
-1.427
-1.670
-2.250
-2.195
-2.058
-2.415
-3.152
-1.920
-1.154
-3.517
-2.638
-4.791
-2.420
-3.454
-1.081
-3.073
-1.425
-1.705
-1.678
-2.603
-2.623
-2.801
-0.254
-2.987
-0.236
-4.535
-0.935
-3.140
-2.344
-2.937
-2.238
-2.626
-1.873
-0.922
-2.450
-0.601
-2.897
-2.922
-4.127
-2.753
-2.650
-0.498
-4.466
-3.353
-2.592
-0.277
-3.298
-1.412
-2.796
