4.686
5.810
4.558
5.875
3.931
4.641
2.249
6.597
5.062
5.038
6.197
5.987
7.086
1.134
6.002
5.466
6.673
4.131
5.631
4.054
5.941
4.902
5.957
5.331
6.576
4.635
5.272
6.452
6.645
4.211
5.007
3.520
3.177
4.434
4.618
3.566
2.054
6.240
5.831
5.029
5.456
6.385
5.790
6.694
6.627
6.968
5.904
7.168
6.803
4.855
6.109
6.742
2.944
2.075
2.005
4.198
-1.061
4.159
5.670
3.323
0.999
3.083
1.291
1.980
2.079
2.815
1.624
1.781
1.196
2.882
4.691
4.248
4.596
0.523
3.813
4.962
3.017
2.508
4.884
3.316
2.194
3.998
3.260
1.683
2.886
4.111
2.242
3.810
4.008
3.907
1.602
4.254
4.647
1.682
3.345
3.215
3.395
2.892
3.994
3.113
3.536
3.335
5.363
4.321
3.240
3.739
4.102
3.440
5.087
3.453
4.540
3.356
2.760
2.824
3.252
2.778
3.505
4.282
2.246
3.155
3.926
3.127
2.722
4.202
3.741
2.007
3.539
2.320
3.257
2.960
3.570
2.819
5.985
3.368
3.642
3.645
2.794
4.826
2.225
3.546
3.672
4.446
5.715
0.416
3.999
3.236
3.058
5.108
4.374
3.960
5.263
5.032
3.626
3.864
4.399
3.373
4.311
4.600
3.526
4.878
4.830
3.658
4.044
2.158
4.487
6.601
4.245
3.031
4.017
4.813
6.223
4.180
1.492
3.668
3.857
4.215
3.963
5.264
0.832
3.352
3.094
6.294
6.281
5.635
6.480
6.574
5.811
6.306
4.628
0.381
-0.370
4.972
6.945
6.374
5.202
5.909
4.972
6.260
4.193
3.585
4.013
6.191
4.909
2.920
5.176
4.921
6.353
5.446
6.359
5.826
4.610
5.993
4.195
6.408
6.216
6.219
4.670
5.857
5.738
5.422
6.029
7.337
7.237
5.609
7.737
6.249
7.768
5.130
6.107
6.935
6.300
5.714
6.267
4.556
8.046
6.495
5.103
6.553
7.112
8.096
4.960
4.461
2.546
1.246
3.883
4.064
4.227
3.865
3.713
3.723
8.046
7.064
6.998
7.457
6.815
8.026
5.917
6.636
6.444
3.617
4.669
4.230
6.444
5.138
6.685
4.720
5.967
6.202
4.664
4.224
6.309
6.339
6.896
5.772
5.829
6.565
6.042
3.682
4.622
6.202
4.686
4.224
6.820
6.446
6.818
6.803
6.678
5.078
4.316
5.519
4.620
4.233
5.569
3.978
4.093
6.027
5.216
1.763
5.298
5.808
5.773
6.177
7.490
2.112
6.670
6.692
7.604
5.415
5.769
2.345
5.093
5.785
5.337
5.743
4.088
4.476
5.380
5.656
4.469
6.987
5.011
4.897
4.252
5.983
5.542
3.180
5.279
3.459
4.914
5.855
3.364
6.216
3.992
2.014
4.089
5.985
5.062
5.521
3.494
6.768
