-0.444
1.824
1.039
-1.363
1.630
0.586
-0.225
2.012
1.965
2.363
4.288
6.075
4.587
0.014
1.735
3.234
4.960
2.111
0.332
2.492
6.589
3.064
6.624
5.204
5.703
6.522
5.624
6.324
6.738
4.545
2.888
3.496
4.070
3.075
2.857
2.715
2.744
4.408
3.260
3.000
6.775
6.591
8.126
7.435
7.457
8.733
8.017
7.398
7.822
7.441
5.583
6.187
4.288
4.717
4.103
4.697
2.115
7.496
4.787
6.749
3.956
4.934
4.495
4.892
3.953
4.227
4.888
3.479
4.728
5.345
3.594
3.461
2.972
2.413
0.916
2.861
3.100
2.553
3.523
5.142
6.300
5.664
5.733
3.904
4.480
5.257
5.939
5.338
5.930
4.859
5.820
5.684
5.283
3.848
4.463
4.778
4.013
5.071
4.883
4.361
6.150
5.091
6.555
5.318
6.033
6.342
6.695
6.578
5.492
5.526
5.540
5.527
4.422
3.356
5.341
7.043
4.012
3.508
4.181
5.716
-1.193
-0.271
-1.632
-0.697
-3.059
-4.032
0.490
-3.901
-2.606
-2.083
3.844
4.238
4.636
4.183
4.316
3.850
5.044
2.521
2.871
2.792
3.605
4.282
3.011
2.244
2.650
3.900
2.682
2.658
4.193
2.820
6.465
6.382
6.499
5.224
4.755
6.406
5.072
5.963
5.041
6.172
4.679
3.379
3.158
3.113
3.156
3.940
3.852
2.612
3.050
1.879
2.772
2.510
0.829
4.130
2.011
1.040
4.183
2.111
1.797
2.791
1.023
6.602
5.898
5.995
5.467
5.130
3.478
4.693
3.956
1.018
-2.135
-0.458
1.210
0.074
-0.377
1.404
1.615
0.414
-0.424
0.338
3.306
6.975
3.156
1.140
4.790
2.762
7.001
8.386
6.209
7.724
3.468
5.355
4.442
5.454
5.221
5.126
4.307
6.739
5.368
6.307
2.784
2.916
1.759
0.985
2.028
1.816
1.856
1.847
0.366
2.394
0.168
2.884
3.058
3.656
5.762
5.526
4.356
5.655
5.233
7.172
4.900
3.470
2.420
2.273
2.782
5.234
2.307
3.750
4.425
2.470
7.000
6.173
7.852
5.726
7.502
8.755
4.047
4.376
5.333
2.003
2.451
1.822
3.416
2.991
3.209
4.589
3.599
3.519
3.045
1.794
2.087
3.741
4.421
3.435
1.362
2.129
3.197
2.323
3.531
3.123
2.706
2.006
3.940
2.467
2.038
2.591
2.734
2.572
2.282
1.629
2.175
2.644
1.940
0.423
1.784
2.773
0.121
2.488
3.222
1.788
1.846
3.557
3.363
-1.126
2.305
1.356
3.106
2.320
0.604
1.365
2.987
1.520
1.745
0.917
1.758
1.335
1.439
1.333
1.656
2.240
1.671
1.598
2.356
0.910
1.285
0.585
2.286
2.641
1.493
0.823
2.549
5.439
2.355
2.126
4.379
6.783
1.754
4.115
1.756
4.924
