-8.270
-6.525
-1.309
-8.602
-2.530
-6.325
-6.569
-5.248
-4.524
-1.751
-4.261
-5.337
-4.147
-2.078
-1.988
-4.330
-4.955
-4.151
-5.128
-3.298
-1.058
-2.354
-3.052
-1.135
-2.579
-0.327
0.054
-0.995
-1.249
-1.548
0.998
2.820
1.376
3.979
2.164
-0.381
-2.338
3.054
1.565
0.954
-5.957
0.220
-8.872
-4.420
1.731
-6.582
-5.042
0.996
-7.717
-5.486
1.502
-8.538
-6.430
0.880
-7.529
-6.370
1.109
-7.395
-5.965
-0.413
-6.595
-4.083
0.130
-6.550
-3.394
-2.151
-6.427
-3.547
-2.504
-9.393
-1.620
-2.466
-7.371
-0.585
-0.654
-6.645
-4.173
-3.775
-5.930
1.410
-4.389
-3.416
-4.604
-3.867
-1.741
-5.120
-0.366
-3.451
-6.205
-4.334
-3.347
1.726
-1.699
-5.548
-1.999
-0.393
-5.378
-3.517
-1.820
-6.272
-6.393
-5.062
-5.098
-9.003
-4.404
-9.816
-8.026
-7.762
-7.513
-7.775
-3.233
-10.528
-6.807
-3.833
-8.619
-6.162
-4.297
-7.744
-9.921
-7.098
-7.016
-7.084
-5.135
-9.773
-9.523
-4.311
-11.459
-5.444
-3.628
-8.889
-10.989
-12.075
-8.074
-6.820
-5.864
-4.502
-10.440
-9.545
-6.862
-7.562
-9.489
-6.182
-4.897
-8.151
-5.443
-7.839
-11.038
-6.360
-5.651
-7.548
-3.574
-7.071
-8.420
-6.664
-7.759
-8.887
-6.207
-7.095
-10.174
-7.359
0.197
-3.199
2.131
1.742
-4.339
3.234
2.513
-3.335
-1.841
-0.331
-5.666
-0.963
2.645
-1.186
2.967
0.460
-3.594
0.999
3.378
-1.712
4.149
-1.959
-5.827
1.973
0.038
-6.840
1.864
0.810
-5.828
0.232
-1.965
-2.899
2.268
-3.109
-4.453
1.740
-3.996
-6.293
3.382
-2.294
-3.700
2.686
-3.089
-5.255
4.824
-1.699
-1.955
2.770
-1.656
-3.681
5.183
-0.806
-2.863
2.422
-1.950
-0.551
1.564
-4.316
-4.091
3.830
-1.339
-6.373
-3.143
0.836
-3.591
-3.425
0.726
-4.153
-1.023
-0.955
-1.890
-1.122
-0.465
-4.104
-2.930
0.180
-6.330
-5.081
0.311
-6.941
-5.839
0.563
-2.264
0.947
-1.445
-7.224
-4.408
-0.866
-8.156
-4.722
4.715
-3.515
-0.998
4.405
-1.242
0.136
2.684
-3.055
-2.722
-0.647
-3.274
-3.520
2.561
-1.470
-2.177
2.419
-1.689
-3.403
4.948
-0.216
-1.925
1.730
-0.435
-1.245
1.341
-4.867
-2.515
2.685
1.407
2.204
2.293
-9.170
-3.014
-10.741
-4.209
-6.236
0.056
-6.104
-1.409
-3.471
-0.428
-6.785
-0.854
-6.844
0.083
-7.364
1.159
-8.856
0.268
-9.319
-1.496
-6.508
3.251
-9.528
-0.276
-11.828
0.758
-8.898
-1.424
-8.592
-1.239
-9.517
0.438
-9.148
-0.346
-8.092
-3.650
-9.654
-3.767
-10.541
-11.341
-7.663
-8.867
-7.992
-10.701
-6.543
-8.063
-6.228
-7.025
-7.702
-7.755
-4.587
-8.911
-9.203
-8.722
-5.630
-11.134
-8.434
-7.814
-9.776
-2.533
-1.761
-6.777
-2.730
-6.113
-4.201
-4.480
-6.035
-5.768
-5.795
-2.829
-2.659
-7.087
-4.541
-4.965
-1.167
-3.776
-3.630
-8.469
-5.987
-3.440
-4.496
-5.081
-1.031
-5.162
-2.227
-1.016
-0.203
-0.245
-5.362
-1.217
-0.436
-1.759
-0.330
-3.316
-4.050
-5.312
-4.415
-5.759
-2.548
-4.999
-5.038
-1.873
-1.266
-7.488
0.773
-4.989
-5.148
-1.985
-3.141
-7.766
-4.612
-3.256
-1.167
-4.595
-2.878
-4.782
0.069
-2.991
-3.252
-7.027
-2.228
-5.886
-6.622
-6.436
-8.137
-9.233
-7.745
-6.316
-4.966
-6.507
-4.519
-7.695
-6.916
-8.489
-8.481
-6.145
-6.579
-9.658
-5.820
-7.308
-5.654
-6.793
-7.710
-6.880
-9.073
-10.549
-7.953
-4.487
-3.521
-5.800
-6.300
-4.883
-5.491
-6.390
-5.640
-4.494
-3.841
-7.218
-5.885
-8.718
-8.047
-8.318
-9.588
-6.887
-5.515
-7.320
-11.350
-7.318
-5.356
-2.471
-9.013
-7.201
-4.638
-5.409
-9.831
-4.133
-3.748
-1.018
-7.390
-5.296
-6.681
-5.937
-10.284
-4.593
-1.981
-5.150
-8.283
-5.338
-5.608
-0.701
-10.226
-5.681
-7.939
-7.124
-11.440
-6.211
-2.435
-6.325
-7.483
-1.634
-5.903
-3.025
-4.846
-2.863
-8.883
-5.345
-1.665
-4.700
-9.611
-6.131
-7.040
-3.615
-5.608
-4.038
-5.148
-4.892
-6.035
-6.859
-4.864
-0.826
-6.082
-5.577
-6.511
-3.917
-5.029
-5.303
-3.642
-3.317
-7.380
-7.954
-5.086
-1.359
-6.655
-6.228
-1.860
-5.238
-5.873
-5.696
-5.720
-5.282
-1.274
-2.041
-4.165
-6.631
-0.825
-0.565
-1.174
-10.520
-3.609
-1.572
-4.975
-9.796
-4.218
-0.783
-6.136
-6.799
-1.608
2.160
-2.264
-9.630
-4.637
-2.638
-5.216
-10.610
-2.464
-1.463
-5.257
-8.595
-2.700
0.761
-4.076
-6.798
-1.769
-0.561
-4.624
-7.728
-4.502
-3.472
-5.107
-2.615
-4.232
-4.181
-2.674
-2.569
-2.799
-1.161
-1.796
-2.105
-6.824
-5.037
-2.348
-1.836
-5.065
-3.839
-2.918
-0.817
-5.184
-1.048
-3.517
-4.087
-4.317
-3.861
-3.985
-1.773
-4.290
-1.725
-5.174
-5.240
-8.998
-3.786
-4.037
-5.397
-5.590
-1.174
-8.530
-0.680
-7.112
-2.502
-3.957
-5.082
-1.431
-8.361
-6.325
-7.730
-6.999
-8.592
-9.434
-9.463
-3.547
-8.723
-7.410
-2.536
-3.200
-7.077
-9.051
-8.039
-0.619
-7.433
-4.950
-7.235
0.899
-6.336
-4.927
-8.241
-4.408
-8.982
-9.298
-5.807
-5.029
-7.660
-7.448
-8.643
-0.220
-8.285
-6.605
-8.836
-2.691
-6.637
-3.542
-5.169
-7.559
-3.117
-5.022
-5.761
-6.663
-1.187
-1.418
-8.027
-10.107
-1.773
-6.683
-3.983
-7.715
-3.347
-4.300
-7.597
-5.833
-1.043
-3.563
-3.176
-7.445
-2.777
-6.424
-3.648
-5.104
-3.216
-5.785
-6.781
-6.552
-3.088
-5.923
-3.349
-7.518
-3.258
-6.930
-6.475
-7.831
-3.689
-4.305
-5.876
-5.672
-5.098
-3.664
-6.003
-6.011
-6.087
-4.244
-8.698
-4.263
-4.242
-1.539
-5.699
-3.456
-6.628
-1.923
-7.335
-6.138
-6.374
-1.537
-6.430
-5.188
-5.422
-2.009
-3.182
-3.150
-6.256
-2.120
-7.259
-2.673
-5.038
-4.230
-8.240
-3.841
-3.825
-3.105
-8.724
-6.963
-6.039
-4.889
-2.602
-9.125
-1.462
-10.535
-0.312
-3.801
-4.512
-8.427
0.748
-9.357
-3.602
-11.091
-2.604
-6.704
-2.064
-10.522
-0.876
-6.297
-4.346
-7.932
-1.192
-5.248
-1.623
-9.773
-0.037
-6.876
-3.330
-9.517
2.983
-4.973
-1.461
-11.501
-5.015
-7.780
-2.520
-10.202
-2.874
-5.698
-3.808
-6.491
-1.886
-4.806
-8.240
-7.568
-1.264
-3.258
-8.283
-6.940
-2.661
-4.508
-6.607
-7.373
-7.674
-6.943
-8.154
-7.860
-2.225
-3.538
-9.583
-6.960
-1.859
-4.964
-9.999
-2.804
-2.611
-0.860
-6.555
-3.990
-4.793
-4.413
-7.790
-7.459
-1.184
-5.278
-8.179
-6.756
-4.325
-5.784
-8.545
-8.245
-8.157
-3.508
-5.077
-1.857
-3.839
1.059
-6.762
-2.653
-6.887
-1.993
-7.458
-3.677
-9.548
-1.941
-9.282
-2.341
-9.156
-4.568
-9.747
-2.655
-3.607
0.171
-5.280
-2.599
-3.869
-4.354
-5.385
0.778
-1.122
-2.308
-5.651
-3.140
-3.442
-4.713
-8.147
-4.046
-7.079
-1.139
-4.828
-3.467
-8.540
-3.437
-7.524
-2.343
-8.354
-4.130
-9.192
-5.532
-4.593
-2.626
-7.870
-3.599
-7.802
-4.348
-9.491
-2.463
-9.957
-3.826
-6.400
-5.108
-3.831
-4.867
-3.758
-5.880
-2.084
-1.131
-2.643
-4.572
-4.919
-3.180
-2.755
-4.204
-1.326
-2.795
-3.753
-1.957
-2.389
-2.956
-4.889
-2.793
-1.840
-3.774
-5.183
-3.972
-6.252
-2.762
-6.841
-5.725
-4.708
-3.924
-3.945
-4.433
-4.807
-1.668
-5.045
-4.806
-4.062
-2.148
-7.452
-7.150
-4.465
-4.474
-6.640
-5.482
-6.085
-1.778
-1.335
-4.493
-3.931
-5.263
-5.992
-5.000
-3.671
-5.612
-5.285
-3.057
-3.928
-5.373
-1.138
-0.966
