5.425
9.284
4.977
7.929
7.567
7.892
5.104
9.147
6.486
7.566
9.784
8.553
9.053
2.022
8.382
9.245
7.443
7.104
5.399
8.393
9.295
9.261
6.472
8.186
10.083
8.358
8.453
9.020
8.501
8.794
7.890
9.301
6.905
6.710
9.087
4.936
3.936
11.286
8.339
6.877
9.946
8.891
7.876
9.435
8.869
8.902
8.595
7.704
8.466
4.601
9.649
7.796
5.295
6.209
3.301
5.065
-1.066
8.962
7.507
5.586
3.856
3.123
-1.588
4.684
4.865
4.475
3.543
2.546
5.224
3.046
7.406
3.285
5.989
5.657
-1.724
6.676
-0.615
5.286
-4.005
5.027
7.070
9.183
5.357
3.664
7.872
4.937
7.292
6.497
7.527
8.177
6.498
8.294
6.550
5.671
9.759
8.054
6.604
4.852
7.377
8.213
5.744
5.620
5.781
5.429
3.091
3.833
1.610
4.576
2.776
1.359
7.305
7.128
6.243
6.014
6.757
5.785
7.437
5.027
7.366
6.695
3.980
1.722
3.578
7.210
5.778
4.087
5.633
4.774
5.650
5.315
4.984
7.453
8.484
7.345
7.609
5.627
8.534
9.721
7.259
6.991
7.329
2.869
7.505
3.365
-2.510
6.837
-5.383
6.695
-9.703
5.803
8.679
9.310
5.830
5.775
9.879
6.525
7.805
7.422
7.496
9.716
7.248
6.221
5.426
2.655
5.984
9.242
4.329
8.190
7.260
5.441
6.464
6.591
3.991
5.559
5.194
6.019
7.226
6.810
3.206
7.689
5.777
7.692
8.861
7.955
8.547
8.802
7.104
8.796
7.920
5.301
-2.975
5.492
7.097
7.030
6.491
7.283
6.544
8.946
3.243
4.325
7.458
11.125
7.862
7.213
8.119
8.265
10.239
9.909
10.859
8.905
6.677
8.210
6.503
8.541
7.980
7.174
6.917
7.398
8.137
7.449
8.610
10.864
7.807
7.930
8.475
6.585
9.404
4.847
5.143
10.069
9.163
9.247
8.899
7.597
10.056
9.204
8.469
9.175
11.502
11.824
7.858
6.776
4.065
6.553
6.968
6.810
8.350
7.810
7.101
7.813
10.744
9.314
11.661
6.928
11.232
12.284
8.435
9.213
8.849
4.640
7.416
6.168
8.944
6.577
9.600
8.797
9.248
8.064
6.098
5.915
7.561
9.751
8.816
6.510
8.289
8.504
7.672
6.465
7.109
7.981
7.913
7.000
10.136
8.944
10.210
10.373
9.494
9.213
6.660
8.766
8.437
7.875
8.153
8.281
8.901
9.628
8.247
5.343
9.947
8.425
8.842
9.161
10.400
3.922
8.414
9.127
8.358
7.955
6.459
6.478
7.004
5.705
7.054
7.247
4.344
6.972
8.670
9.049
7.649
7.742
8.474
8.500
8.247
8.192
8.290
7.464
6.144
4.825
8.429
6.065
6.690
9.683
6.632
5.665
6.304
8.034
8.110
7.741
6.499
9.735
