-6.658
-2.936
-4.434
-7.287
-2.773
-4.289
-5.548
-3.031
-3.625
-2.984
-3.197
-2.452
-4.135
-2.632
-2.729
-3.476
-4.589
-3.843
-2.574
-3.831
-0.553
-1.255
-1.373
-2.174
-2.280
1.262
-1.440
-0.228
-1.536
-1.412
0.369
0.907
0.435
-0.806
0.510
-1.024
-0.991
0.312
1.091
1.081
-0.899
0.700
-1.161
0.724
3.263
0.555
0.447
2.645
0.730
0.883
3.068
1.483
0.552
2.953
-1.005
0.315
2.452
-0.024
-0.352
2.735
0.887
1.209
3.603
0.825
0.994
2.701
2.087
0.638
2.332
1.337
0.923
0.479
-1.167
3.812
1.953
2.765
2.820
-0.882
1.227
3.461
0.552
1.924
2.123
2.105
3.110
2.147
1.589
2.586
0.569
-0.185
1.436
4.266
2.864
2.347
2.496
0.416
0.986
1.864
2.878
1.885
-2.663
-0.156
-1.311
-0.580
2.388
-0.459
-0.468
1.685
-0.934
-0.750
1.394
-0.021
-0.396
2.400
-1.177
-1.213
1.318
-1.519
-0.149
2.181
-0.525
0.540
2.664
1.070
-2.058
0.838
-2.027
0.692
2.427
0.466
2.142
-0.784
1.793
1.372
0.294
2.325
2.080
-1.671
0.694
1.516
0.804
2.590
0.724
-0.347
1.064
1.824
-0.245
2.091
1.485
-0.681
1.386
1.221
-1.337
1.284
1.793
0.161
2.354
3.142
0.668
3.188
4.395
3.165
4.221
3.553
1.438
3.748
4.685
2.087
3.132
2.686
0.706
2.218
4.018
3.198
2.360
2.780
0.264
3.669
4.385
2.279
5.261
3.413
1.709
3.725
3.367
1.451
3.191
4.702
0.998
2.901
3.239
1.084
4.917
1.193
-0.415
3.703
1.666
0.535
4.283
3.174
1.276
3.378
0.709
-1.189
1.038
2.196
0.339
4.680
-1.673
-2.494
2.024
1.830
0.691
3.923
1.747
0.921
4.659
1.571
1.479
4.871
2.318
-0.386
1.454
1.834
-0.298
1.003
3.097
-0.387
2.568
2.681
-0.327
1.159
3.224
0.382
1.969
1.227
-0.940
1.038
3.280
0.834
3.265
3.924
2.210
3.854
1.303
-0.045
2.085
2.113
-0.216
0.938
3.195
1.032
2.902
3.989
1.732
3.060
4.296
-0.182
2.137
1.208
1.017
1.264
3.423
2.048
3.438
4.729
3.073
5.195
3.992
0.955
1.980
1.894
2.405
1.599
2.203
0.278
2.537
3.435
0.606
4.250
1.162
-1.399
2.559
-0.073
1.255
-0.478
2.639
0.078
-0.118
-0.864
-0.993
-3.483
2.877
-0.362
-0.601
-5.017
0.797
-1.419
0.110
-2.380
2.248
-1.017
3.003
-0.546
2.225
-1.882
3.826
-1.271
3.349
-3.864
2.552
-2.239
4.424
-1.278
1.258
-4.611
1.530
-2.275
1.774
-5.018
-0.216
-2.526
-1.127
-3.585
-2.621
-2.197
0.811
-0.527
-0.103
-0.961
-0.761
-2.457
-1.798
-4.402
-1.358
-2.305
-1.346
-2.962
-1.796
-2.636
1.380
1.407
0.547
1.575
0.059
0.818
-1.194
0.443
-0.368
-1.682
0.898
2.106
-0.191
0.555
1.053
1.320
1.064
0.605
-0.841
-0.959
1.056
0.246
1.542
0.572
0.337
0.836
1.250
2.328
1.859
0.993
0.750
1.239
0.035
0.902
-2.477
0.093
-0.246
0.439
-1.825
-1.080
0.882
1.069
-0.431
-1.659
-1.084
-1.264
1.885
0.019
0.205
-1.154
-1.208
0.924
1.930
1.017
-0.335
-1.149
0.038
-0.030
1.807
-0.012
-3.661
-1.681
-5.529
-0.784
-4.917
-3.341
-7.837
-3.114
-5.616
-2.078
-7.283
-2.628
-5.597
-2.665
-7.200
-3.690
-6.225
-4.149
-9.419
-3.586
-5.228
-2.167
-7.968
-3.028
-6.321
-2.526
-8.657
-4.861
-6.063
-2.255
-7.307
-3.571
-4.979
-3.445
-7.655
-4.087
-2.485
-1.099
-4.617
-2.465
-2.958
-5.865
-7.390
-4.821
-0.423
-4.033
-4.477
-4.299
-2.273
-3.920
-1.533
-3.636
0.433
-5.424
-3.135
-3.621
-3.276
-3.835
-5.241
-4.577
-1.851
-4.901
-4.180
-5.251
-2.669
-2.557
-6.091
-3.164
-2.206
-4.437
-3.898
-4.855
-0.325
-5.275
-4.098
-4.660
-3.370
-3.086
-6.496
-4.002
-1.285
-5.476
-2.117
-3.191
-3.100
-4.690
-3.069
-3.300
-2.817
-5.569
-4.020
-5.270
-5.092
-5.490
-4.703
-5.265
-4.815
-4.885
-2.290
-4.195
-3.638
-4.481
-2.110
-5.670
-4.137
-3.598
-2.011
-4.556
-4.574
-4.739
-2.469
-4.313
-5.844
-6.003
-3.147
-4.491
-4.299
-5.940
-3.135
-4.422
-6.218
-4.567
-1.739
-5.853
-8.027
-2.899
-2.217
-3.550
-8.154
-4.663
-0.085
-5.330
-9.224
-4.382
-3.216
-5.651
-8.240
-5.136
-2.746
-4.327
-7.408
-4.821
-2.917
-5.195
-8.252
-5.134
-2.865
-5.730
-7.210
-2.453
-1.071
-4.410
-6.739
-3.234
-0.772
-4.788
-4.649
-1.736
-3.202
-4.336
-1.523
-6.014
-2.559
-1.191
-3.068
-4.612
-3.194
0.141
-3.610
-6.176
-2.761
-2.741
-2.802
-4.238
-2.538
-0.876
-0.493
-6.119
-3.471
-2.427
-3.183
-3.509
-2.451
-2.207
-2.774
-4.432
-2.926
-2.444
-1.694
-8.276
-3.966
-2.364
-4.284
-8.216
-3.273
-5.758
-0.970
-3.718
-3.585
-3.112
-0.680
-1.227
-3.268
-5.847
-1.982
-5.263
-6.167
-8.111
-2.409
-4.497
-6.001
-6.638
-0.761
-3.855
-5.237
-8.670
-2.022
-4.454
-6.839
-8.539
-1.826
-3.461
-6.475
-7.860
-2.530
-3.382
-7.052
-9.192
0.216
-3.990
-6.585
-7.709
-0.698
-3.669
-5.513
-6.669
-1.721
-3.383
-6.488
-8.377
1.141
-5.829
-1.201
-3.531
0.747
-6.629
-0.333
-1.134
-0.848
-6.718
-1.299
-2.416
-0.700
-6.763
-1.928
-5.172
-0.460
-6.729
-1.107
-2.039
1.132
-5.075
-0.635
-2.288
-0.624
-6.046
-3.506
-3.599
0.138
-5.528
-1.084
-2.114
1.729
-3.780
-1.000
-2.592
0.117
-7.606
-0.704
-3.114
-3.182
-4.279
-9.518
-1.547
-3.859
-1.251
-8.089
-3.775
-3.092
-2.163
-8.927
-1.792
-3.770
-1.523
-9.533
-3.659
-3.240
-3.764
-7.993
-1.057
-2.787
-3.303
-9.012
-1.536
-2.009
-2.768
-8.003
-2.359
-1.514
-1.804
-8.197
-1.330
-2.116
-0.697
-8.616
-1.810
-4.899
-2.875
-10.907
-2.373
-1.981
-6.200
-1.814
-5.430
-0.520
-1.449
-4.127
-5.949
-1.035
-3.032
-2.647
-6.201
-3.464
-5.506
-3.314
-7.441
-2.842
-3.745
-2.191
-4.353
-3.026
-3.056
-2.585
-6.395
-2.433
-1.933
-3.142
-6.279
-1.049
-1.456
-2.170
-5.393
-4.857
-2.027
-2.527
-7.984
-2.717
-5.249
-1.283
-4.784
-2.565
-4.579
-10.916
-7.048
-1.652
-2.361
-10.779
-5.393
-0.620
-1.578
-7.892
-3.375
-2.621
-2.285
-8.853
-4.272
-2.995
-2.798
-10.953
-3.871
-2.965
-3.023
-10.588
-4.498
-3.328
-3.207
-10.642
-3.884
-2.751
-3.736
-10.504
-3.624
-1.479
-3.799
-9.493
-4.094
-1.966
-2.423
-9.607
-3.580
-6.035
-2.664
-3.298
-1.180
-2.957
0.854
-6.149
-3.224
-6.950
-2.983
-6.013
-2.642
-5.972
-1.462
-4.172
-1.112
-6.738
-0.582
-4.665
-1.517
-4.187
-1.059
-4.351
-3.853
-4.213
-0.328
-5.523
-0.234
-1.958
-2.791
-4.864
-0.745
-3.746
-2.919
-7.330
-1.408
-4.965
-0.975
-3.909
-0.823
-7.348
-3.208
-5.896
-2.187
-5.947
-2.629
-4.854
-1.996
-2.713
-1.370
-5.232
-1.290
-5.684
-2.417
-6.481
-0.999
-3.695
-2.765
-6.494
-3.231
-3.497
-4.051
-3.310
-4.507
-1.136
-2.290
-3.800
-5.267
-2.019
-2.996
-3.319
-5.760
-1.757
-3.730
-1.980
-3.437
-1.536
-0.596
-3.691
-4.069
-3.460
-5.566
-2.067
-2.153
-2.595
-1.800
-3.370
-3.582
-4.440
-5.445
-1.141
-4.147
-1.929
-1.390
-3.728
-2.252
-0.129
-1.550
-5.024
-3.577
-1.268
-2.644
-2.609
-1.857
-1.472
-1.963
0.640
-1.193
-2.224
-2.627
-1.846
-1.401
-2.075
-3.495
-1.419
-0.716
0.425
-1.963
-0.100
-2.598
