-5.873
-5.590
-5.931
-4.469
-2.810
-4.607
-4.300
-4.869
-6.263
-6.257
-6.268
-5.254
-6.881
-5.307
-5.503
-5.609
-7.534
-3.462
-4.470
-4.100
-5.039
-5.628
-6.215
-3.706
-6.337
-4.426
-6.713
-5.868
-4.638
-3.407
-5.788
-5.223
-2.419
-1.333
-4.838
-4.208
-5.139
-2.910
-2.592
-3.881
2.037
-2.775
1.707
-4.655
1.733
-4.660
1.333
-6.286
0.690
-8.324
-1.659
-5.106
0.925
-3.338
1.227
-6.046
2.042
-3.011
0.550
-6.918
0.590
-3.294
0.213
-2.512
3.175
-2.347
2.022
-3.474
2.039
-4.125
3.495
-0.510
2.829
-3.331
1.487
-3.554
2.409
-3.190
0.572
-2.083
5.321
-2.572
2.093
2.535
3.790
-0.026
2.326
1.197
5.734
0.074
3.045
2.942
5.064
0.678
2.004
1.729
4.924
0.071
1.992
4.329
4.716
0.030
2.811
1.783
4.093
-0.900
2.042
1.638
3.258
-2.806
0.958
0.642
5.509
0.966
3.119
3.643
6.422
0.168
3.361
3.640
4.320
0.374
3.181
1.466
3.835
-0.045
1.867
-0.066
4.506
0.064
2.221
-0.776
4.388
0.849
2.779
1.681
2.934
0.251
1.810
-0.586
4.216
-0.327
2.371
-0.110
3.142
-0.979
0.348
-1.771
3.836
0.079
2.726
1.119
2.852
-0.006
1.517
-0.496
3.211
0.388
2.876
0.712
3.167
-0.966
1.750
-0.865
3.184
-0.038
1.982
-0.433
4.142
0.606
3.699
0.732
3.485
-0.792
1.663
-0.380
4.955
-0.424
2.525
0.100
4.110
-0.174
2.506
-0.658
3.730
0.411
2.658
-0.199
3.406
-1.569
1.150
-1.581
3.510
-0.633
1.669
-0.223
1.742
-0.684
0.835
-4.002
0.943
1.820
2.599
4.072
2.474
0.214
2.099
5.662
2.484
-0.048
2.501
4.973
1.947
-0.511
0.809
5.352
2.350
-0.064
2.142
5.283
1.654
-0.285
0.755
3.385
1.647
-3.452
-0.784
3.195
1.334
-0.569
1.652
4.379
1.353
-1.803
-0.595
3.660
2.250
-0.307
1.566
3.143
3.821
5.808
0.395
1.703
3.490
4.013
1.335
3.728
3.813
4.948
-0.207
1.496
3.889
3.805
1.216
2.210
3.361
3.550
-0.366
1.093
4.069
4.986
-0.965
1.255
3.651
5.052
1.454
2.741
2.617
2.542
-0.262
0.799
3.181
5.199
0.824
2.452
3.413
5.016
0.670
2.533
0.254
-1.018
4.480
2.130
2.210
0.551
4.612
2.680
1.951
1.503
3.580
1.776
3.064
0.697
4.588
3.392
3.270
1.762
3.560
3.746
0.737
-0.002
4.397
1.801
3.357
2.424
4.534
4.361
2.160
0.023
5.243
1.809
1.711
0.410
2.958
2.064
3.815
2.253
4.440
3.781
3.783
3.676
0.604
2.080
3.635
3.648
1.922
1.496
4.383
1.982
0.554
1.341
3.734
1.953
-0.786
0.514
1.166
0.639
-0.739
-0.091
3.566
3.213
0.807
1.337
4.904
3.287
1.414
2.595
2.639
1.885
0.521
1.936
3.588
1.874
-1.186
0.588
2.663
2.995
0.435
1.849
4.754
3.676
2.381
2.757
4.279
1.315
0.578
2.581
4.984
2.595
1.244
2.861
4.328
1.551
1.161
2.951
3.577
2.515
2.223
3.730
3.017
1.909
1.323
1.320
4.622
0.542
-0.218
1.296
3.660
1.148
0.047
1.910
3.614
1.878
-0.047
2.232
3.872
1.298
0.368
2.516
1.671
-2.247
-2.798
1.580
-3.577
-2.450
1.952
-2.337
-3.333
2.100
-3.314
-2.388
1.298
-2.955
-2.403
1.054
-5.178
-5.678
1.968
-3.704
-0.996
2.641
-1.740
-0.750
2.224
-2.099
-2.271
2.420
-2.390
-3.366
2.885
1.077
-1.331
3.893
0.862
-2.267
3.965
0.598
-1.402
3.808
1.908
0.055
3.234
-0.602
-2.636
2.994
1.719
-1.831
2.316
0.092
-2.160
1.643
-2.215
-4.091
4.849
1.133
-1.860
3.174
0.784
-4.552
2.251
0.402
-0.157
2.196
-0.088
1.336
1.867
0.619
0.314
1.114
0.167
-1.436
1.321
-2.883
-2.041
3.076
-0.605
-1.169
1.313
-2.761
-0.934
-0.520
-1.667
-0.402
2.744
1.377
0.241
1.394
-1.213
-1.488
2.808
-1.198
-0.578
3.384
0.109
0.408
2.357
-1.656
0.189
0.197
-0.912
-1.481
2.523
-0.399
1.384
3.281
0.398
0.053
2.429
-0.319
-0.990
4.422
1.088
1.817
2.294
-0.088
0.053
3.959
1.225
1.586
-2.590
-1.850
2.165
0.023
-0.970
2.790
-0.860
-0.700
3.326
-0.589
-3.596
1.545
-1.186
-0.415
2.577
0.047
-3.294
1.526
-1.174
-1.431
2.382
-1.350
-1.805
-0.529
1.620
0.525
3.526
1.353
1.273
4.451
2.972
1.064
0.258
4.773
2.592
3.030
3.122
-0.164
0.221
3.254
-0.189
0.217
3.109
1.651
0.471
1.662
0.008
0.437
4.297
2.510
3.323
3.019
0.736
2.119
2.510
0.255
1.560
1.861
0.409
-0.149
-6.623
-4.545
1.842
-8.357
-2.441
-6.753
-4.555
-0.541
-7.668
-4.316
-7.724
-6.874
-0.445
-7.668
-4.923
-6.214
-4.841
0.094
-8.153
-4.859
-6.301
-6.301
0.526
-9.200
-4.641
-8.896
-7.068
1.173
-8.938
-4.065
-5.212
-4.447
1.565
-6.153
-2.216
-4.624
-2.548
1.214
-5.183
-1.561
-5.500
-3.214
2.127
-9.806
-3.223
-5.662
-3.852
1.519
-6.857
-3.321
-7.426
-6.717
-3.764
-6.179
-3.774
-9.258
-5.960
-5.569
-4.822
-3.965
-7.016
-4.893
-3.366
-3.599
-2.169
-8.079
-5.659
-3.641
-4.876
-2.235
-8.233
-6.249
-4.650
-6.459
-3.336
-9.088
-6.553
-5.034
-5.966
-3.074
-6.705
-7.300
-4.785
-6.063
-2.720
-5.286
-5.295
-3.873
-3.985
-1.874
-5.285
-5.006
-3.374
-4.058
-1.968
-8.065
-5.864
-5.482
-4.981
-4.087
-4.155
-1.237
0.912
-6.536
-1.434
-5.431
-3.362
-0.048
-7.315
-2.966
-5.608
-4.774
-1.873
-8.947
-3.350
-4.255
-1.670
-1.357
-8.281
-2.550
-2.520
-6.003
-1.929
-7.999
-3.966
-5.526
-3.197
-2.233
-6.972
-3.212
-3.617
-3.884
-0.869
-7.956
-2.816
-4.598
-3.246
-1.153
-6.716
-2.313
-3.420
-2.745
-0.342
-6.768
-2.475
-7.509
-5.578
-2.424
-11.989
-6.221
-8.148
-5.353
-2.104
-4.256
3.436
-4.286
-3.941
-2.193
-4.056
3.483
-4.056
-4.237
-1.172
-2.192
1.554
-6.209
-4.133
-2.859
-5.150
0.367
-3.699
-4.579
-1.964
-4.301
1.975
-2.928
-3.573
-1.995
-1.615
1.493
-4.578
-8.505
-4.888
-9.119
-3.086
-4.602
-3.678
-1.741
-2.830
4.327
-5.075
-3.660
-3.073
-6.102
3.112
-6.123
-3.098
-1.280
-4.834
3.889
-3.271
-6.642
-0.135
-4.679
-4.244
-3.076
-3.753
2.268
-1.966
-2.844
-4.560
-5.073
3.169
-3.098
-3.178
-5.056
-4.354
2.080
-5.244
-3.830
-3.766
-4.887
0.666
-1.918
-2.213
-3.787
-6.466
2.301
-2.098
-2.468
-4.240
-2.123
3.024
-4.270
-2.044
-5.791
-6.024
3.107
-3.294
-3.160
-3.958
-3.331
0.960
-3.798
-3.376
-4.909
-5.000
1.015
-7.327
-4.752
2.387
1.603
-5.220
-0.370
-1.952
2.024
-0.004
-4.667
-1.086
-6.299
2.772
2.883
-5.776
0.036
-3.996
1.285
-1.078
-8.036
0.014
-4.647
0.567
0.382
-6.746
0.650
-1.881
1.867
0.387
-4.861
-0.138
-4.063
1.232
-0.294
-6.858
0.619
-5.490
2.052
0.597
-4.805
-0.084
-3.001
2.104
0.097
-5.051
-0.391
-4.183
1.552
-2.194
-6.106
-1.054
-4.305
-5.457
-5.489
-9.043
-1.456
-5.736
-4.159
-4.060
-9.444
1.007
-3.522
-4.291
-5.706
-7.735
-2.617
-5.348
-3.349
-6.133
-8.325
-1.112
-5.910
-2.551
-2.859
-7.744
0.590
-2.335
-3.440
-5.145
-7.939
-1.004
-5.762
-4.222
-5.439
-8.208
-0.735
-4.037
-4.004
-6.362
-8.440
-1.081
-7.297
-4.453
-3.676
-8.982
-0.655
-3.021
-4.325
-4.486
-10.254
-1.440
-6.501
1.205
-1.695
-0.234
-5.671
-6.412
1.050
-3.123
-2.231
-5.325
-10.326
0.842
-4.539
-0.725
-6.538
-9.295
2.532
-2.932
-3.330
-3.103
-6.343
2.072
-2.484
-3.585
-2.889
-7.321
0.745
-5.582
-2.260
-4.206
-8.216
0.660
-4.038
-1.421
-5.683
-6.850
1.330
-1.842
-0.396
-3.363
-7.058
1.554
-1.824
-2.368
-2.435
-6.146
1.754
-3.300
-2.670
-1.734
-6.430
-1.065
-0.919
-7.780
-3.672
-2.779
0.864
-0.645
-5.743
-3.147
-4.358
0.535
-0.167
-7.283
-4.310
-2.633
1.747
-1.575
-5.971
-3.039
-4.020
-2.137
-1.753
-9.956
-2.432
-3.159
1.272
-0.121
-5.241
-3.199
-1.932
0.614
-1.360
-6.432
-3.049
-2.239
1.957
-0.427
-5.497
-3.269
-3.704
1.215
-0.225
-4.127
-4.102
-2.227
0.489
-1.689
-6.234
-2.342
-2.853
2.132
0.686
0.178
-3.478
-4.127
1.235
-0.258
-1.102
-2.862
-3.508
2.550
1.048
-1.498
-3.531
-3.943
0.939
-1.193
0.563
-3.890
-5.177
2.059
0.293
1.234
-3.196
-4.539
0.997
-1.393
-4.317
-1.949
-2.520
1.491
-1.171
-4.469
-1.784
-4.165
2.910
0.753
-0.724
-2.725
-1.973
1.897
0.501
-3.564
-2.725
-4.155
1.326
0.701
-2.881
-3.927
-4.181
-1.805
-5.039
-2.055
-3.244
-6.378
-3.458
-1.517
-8.619
-3.242
-2.234
-7.520
-1.861
-3.639
-5.251
-2.407
-1.412
-7.463
-4.241
-3.683
-5.415
-1.663
-2.594
-4.173
-3.023
-1.627
-4.714
-2.402
-0.318
-5.225
-3.279
-11.025
-6.841
-5.119
-7.461
-3.341
-2.049
-9.185
-3.474
-3.533
-11.688
-5.439
-5.304
-8.958
-3.240
-2.239
-11.127
-4.606
-4.934
-10.656
-3.469
-2.536
-8.249
-4.662
-2.326
-10.274
-4.558
-4.664
-11.228
-4.505
-3.464
-4.177
-6.583
1.454
-6.560
-4.574
1.477
-4.140
-4.871
2.803
-4.685
-4.217
3.366
-3.666
-4.608
1.954
-4.227
-5.617
2.198
-3.030
-6.089
3.530
-4.416
-5.176
2.267
-3.881
-3.470
1.388
-3.321
-5.140
3.070
0.416
-1.940
-4.168
0.955
-2.157
-3.931
0.109
-2.378
-4.745
0.590
-2.514
-5.940
0.725
-3.239
-5.448
2.427
-1.724
-4.367
-0.056
-3.033
-5.720
0.119
-1.600
-4.574
0.913
0.134
-2.567
0.800
-2.360
-4.143
-0.488
-6.241
-6.129
0.744
-4.908
-5.577
-0.787
-3.953
-5.686
0.300
-3.966
-5.439
-0.468
-2.236
-3.524
0.665
-4.752
-5.609
-0.108
-3.936
-4.455
-1.239
-5.125
-6.305
0.200
-4.760
-5.331
-1.011
-3.856
-4.256
-3.867
-3.326
-7.265
-1.126
-1.777
-6.593
-4.968
-1.413
-4.695
-2.389
-2.055
-6.344
-2.662
-1.508
-7.427
-3.672
-2.755
-6.754
-3.450
0.063
-4.865
-5.068
-2.575
-6.823
-4.989
-2.934
-6.783
-2.238
-1.745
-6.694
