2.198
5.859
3.993
3.361
4.063
3.345
1.119
5.103
6.816
6.444
4.436
6.129
4.695
0.287
2.094
3.268
4.747
2.348
0.942
2.581
6.026
2.656
6.057
4.273
4.915
6.283
5.005
5.451
6.130
3.637
3.031
3.565
3.783
2.995
2.933
2.710
2.736
4.600
3.517
3.186
6.443
6.327
7.826
7.060
7.567
8.609
8.020
7.146
7.727
7.377
5.536
6.444
4.417
4.818
4.332
4.899
2.195
7.497
4.638
7.035
2.707
3.540
3.231
4.430
3.160
2.687
3.607
2.696
2.585
4.203
2.931
3.247
1.969
1.906
0.268
2.098
2.664
2.028
3.087
4.794
6.947
6.155
6.462
4.745
4.982
5.777
6.621
5.896
6.289
5.782
5.338
5.720
4.890
3.209
4.899
3.964
4.270
4.755
4.609
3.691
5.803
4.859
6.310
5.123
5.794
5.978
6.319
6.376
5.255
5.085
5.397
5.706
4.148
3.619
5.657
6.971
3.482
3.447
4.255
5.894
5.569
5.180
3.556
4.059
4.405
-0.399
5.796
1.351
4.806
3.811
2.445
2.560
3.156
1.883
2.240
1.991
3.248
0.479
1.361
1.354
3.445
3.970
2.860
2.081
2.562
4.040
2.657
2.763
4.274
2.702
4.776
4.818
4.297
3.195
2.862
4.557
3.470
4.077
3.404
3.348
5.451
3.506
3.865
3.444
3.288
4.694
4.620
4.017
3.814
3.056
4.190
3.071
2.030
4.124
2.706
2.543
4.408
3.666
1.885
2.908
0.998
6.497
5.616
6.064
5.203
4.722
3.046
4.422
3.656
0.977
-3.280
-2.412
-0.206
-2.068
-3.331
-1.117
0.077
-1.983
-1.653
-1.424
1.541
2.351
-0.653
-1.438
1.197
1.239
2.530
3.448
2.088
2.674
3.356
4.795
4.242
5.276
5.051
4.964
3.983
6.478
5.443
6.321
4.484
4.977
5.365
2.744
5.293
4.340
4.111
3.914
3.679
4.688
-0.313
2.690
3.165
2.944
4.768
5.229
3.886
5.277
4.525
6.549
7.045
4.639
5.143
4.607
5.138
7.585
4.160
6.121
5.570
3.759
6.384
6.149
7.536
5.733
6.984
8.182
4.076
3.832
5.112
1.361
1.126
1.536
2.945
2.067
2.602
3.419
2.818
3.119
2.124
1.631
3.413
5.007
5.205
4.614
2.767
3.033
4.328
3.487
4.755
4.748
6.402
3.903
5.478
6.378
5.084
6.476
5.272
5.225
3.743
4.137
3.462
3.560
2.693
1.921
2.571
3.578
2.448
1.142
3.282
3.018
3.781
5.902
5.552
-0.873
3.417
2.771
4.307
2.760
1.593
2.869
3.402
2.283
2.049
1.311
2.063
1.930
1.975
2.027
1.701
2.988
5.026
3.812
4.406
1.918
3.492
1.523
4.215
4.045
2.544
2.891
2.480
5.053
1.935
2.096
4.255
6.262
1.370
3.699
1.973
4.731
