-6.145
-5.616
-6.017
-4.963
-3.244
-4.750
-4.428
-5.082
-6.691
-6.813
-6.373
-5.503
-7.161
-5.531
-5.845
-5.670
-7.870
-3.846
-4.848
-4.194
-5.269
-5.809
-6.465
-3.674
-7.015
-4.667
-7.438
-6.142
-5.395
-3.391
-5.978
-5.352
-2.729
-1.551
-5.321
-4.460
-5.736
-3.120
-3.058
-3.990
-0.970
-2.565
-0.998
-4.813
-1.966
-4.601
-1.204
-5.561
-2.508
-7.751
-4.322
-5.192
-2.350
-3.229
-1.461
-6.608
-0.871
-2.845
-2.746
-7.151
-1.235
-3.432
-1.117
-3.318
2.524
-2.676
0.154
-4.170
0.789
-4.555
2.597
-1.041
1.324
-3.483
0.399
-4.168
1.132
-3.610
0.223
-2.683
2.033
-2.109
1.880
2.926
0.765
-0.170
2.343
1.590
1.837
0.142
3.037
2.214
3.186
0.778
1.756
1.799
1.489
0.232
1.491
1.914
2.352
0.108
2.715
1.943
0.955
-0.813
1.914
0.216
1.222
-2.627
0.667
1.450
1.386
0.737
2.976
2.330
2.343
0.353
3.400
3.187
2.255
0.329
2.999
2.633
1.625
-0.086
1.400
0.296
1.836
-0.006
2.236
-0.555
1.138
0.803
2.319
0.880
0.389
0.044
1.661
-0.423
0.836
-0.615
2.307
-0.081
0.997
-0.777
-0.261
-1.895
2.658
0.320
2.212
1.474
0.443
0.011
1.179
-0.299
2.097
0.187
2.567
1.026
3.731
-0.857
1.414
-0.286
3.255
0.197
1.813
-0.127
4.142
0.682
3.621
1.113
1.810
-0.640
1.424
0.692
5.433
-0.029
2.475
1.662
3.243
-0.007
2.165
0.972
2.847
0.388
2.581
0.862
3.096
-1.273
0.920
-0.387
3.010
-0.369
1.363
0.861
1.638
-0.566
0.884
-3.430
0.031
1.947
1.886
0.491
-0.066
0.402
1.455
2.250
0.346
0.377
1.771
3.036
-0.420
-0.289
0.179
2.410
-0.202
-0.165
1.608
1.769
-0.045
0.220
-0.033
1.010
-1.027
-3.137
-1.181
1.124
-0.214
-0.326
1.104
0.780
-0.661
-1.451
-1.480
0.823
-0.262
-0.044
1.139
-0.204
2.855
3.522
0.475
2.211
2.414
2.453
1.275
3.770
2.608
2.928
-0.467
1.866
2.848
2.212
0.891
2.349
1.803
0.778
-0.469
1.459
2.758
2.627
-1.042
1.636
2.266
3.221
1.043
2.879
0.804
0.437
-0.525
1.589
1.733
3.147
0.872
2.715
1.943
2.695
0.398
2.914
-0.109
-0.576
2.602
2.207
2.157
0.681
3.191
2.832
1.971
1.882
2.147
1.795
2.282
0.371
3.187
3.728
2.563
1.024
2.760
3.577
0.331
0.648
2.383
1.667
2.442
1.827
2.974
4.404
1.469
0.196
3.429
2.305
0.836
0.465
1.552
1.904
3.161
1.894
3.124
3.944
1.951
1.470
0.065
2.364
3.085
2.934
1.341
1.920
3.374
-0.332
0.392
1.806
1.884
-0.214
-1.275
1.177
-0.652
-1.447
-0.756
0.391
2.092
0.723
0.506
1.660
2.980
2.318
1.505
3.046
1.463
0.396
0.190
2.031
1.582
-0.664
-1.756
1.135
0.744
1.105
0.142
2.139
3.989
3.528
2.256
3.136
4.117
2.231
0.954
3.175
5.062
3.140
1.749
3.478
4.338
2.064
1.587
3.425
3.376
3.415
2.220
3.698
2.356
2.628
2.200
1.977
4.197
0.784
-0.024
1.998
3.561
1.047
0.234
2.217
3.477
2.352
0.559
2.506
3.811
1.752
0.365
3.022
-2.794
-1.991
-3.338
-1.513
-3.290
-3.384
-0.305
-2.400
-4.106
-1.778
-3.209
-2.930
-1.672
-2.939
-3.079
-4.057
-5.322
-6.518
-2.276
-3.685
-1.763
-0.934
-1.700
-1.368
-2.470
-2.143
-2.749
-0.500
-2.397
-4.085
1.376
1.347
-1.492
3.491
1.553
-2.474
2.431
0.667
-2.033
3.742
2.273
-0.240
1.198
-0.166
-3.008
2.555
1.908
-2.175
0.409
0.062
-2.159
-2.355
-2.214
-5.017
3.290
1.542
-2.052
0.373
0.969
-4.361
1.882
0.654
-0.507
1.173
-0.022
1.473
2.049
0.918
0.077
1.056
0.231
-1.908
-0.569
-2.272
-2.542
1.057
-0.203
-1.439
-0.916
-2.490
-1.524
-1.854
-1.838
-0.491
2.161
1.378
-0.122
0.495
-1.351
-1.778
0.350
-1.352
-1.233
1.416
-0.134
-0.376
0.075
-1.837
-0.430
-2.129
-0.951
-2.721
0.234
-0.558
0.661
1.092
0.426
-1.131
1.585
-0.659
-1.796
2.340
0.512
-0.027
1.044
-0.828
-0.895
2.306
1.045
0.336
-3.479
-1.841
-0.031
-1.370
-0.881
0.211
-1.627
-0.819
0.327
-0.359
-3.643
-1.038
-1.849
-0.681
-0.179
-0.044
-3.396
-1.098
-1.137
-1.367
-0.416
-1.174
-2.694
-3.346
2.136
0.424
1.074
0.547
0.894
1.527
1.902
0.971
-0.868
3.822
2.358
1.168
2.144
-0.468
-0.473
1.467
-0.210
-1.502
2.918
1.503
-0.440
0.866
-0.166
0.070
3.802
1.953
2.261
0.953
0.495
1.104
2.867
-0.048
0.161
0.575
0.756
-1.602
-6.420
-4.491
-6.234
-8.312
-5.664
-7.047
-4.542
-5.186
-7.853
-7.062
-7.914
-6.786
-6.661
-7.583
-7.158
-6.223
-5.015
-4.213
-8.400
-7.309
-6.222
-6.017
-5.968
-9.432
-5.980
-9.126
-6.960
-9.074
-8.835
-7.932
-5.527
-4.335
-5.847
-6.085
-3.764
-4.742
-2.501
-3.250
-5.305
-4.156
-5.449
-3.405
-5.411
-9.778
-4.839
-5.723
-3.766
-5.138
-6.922
-6.270
-7.343
-6.501
-7.936
-6.206
-7.877
-9.360
-5.962
-7.758
-5.275
-7.938
-7.378
-4.749
-5.058
-3.761
-6.182
-8.115
-5.432
-6.173
-4.827
-6.731
-8.416
-6.087
-7.894
-6.765
-8.403
-9.263
-6.396
-7.153
-6.043
-7.670
-6.649
-7.269
-7.132
-6.634
-6.755
-5.211
-5.159
-5.869
-4.488
-6.731
-5.319
-4.779
-3.975
-4.543
-4.773
-8.087
-5.510
-6.718
-5.452
-8.310
-4.236
-1.010
-2.239
-6.738
-2.706
-5.281
-3.144
-2.293
-7.623
-2.402
-5.418
-4.378
-3.904
-9.046
-1.548
-4.036
-1.095
-2.958
-8.550
-1.533
-2.311
-5.635
-0.924
-8.299
-2.795
-5.218
-2.879
-2.515
-7.107
-3.117
-3.605
-3.625
-2.502
-8.216
-2.027
-4.479
-3.139
-4.021
-7.040
-2.451
-3.263
-2.422
-1.926
-6.958
-1.315
-7.311
-5.237
-3.969
-11.940
-5.502
-8.132
-5.196
-8.118
-4.556
-3.327
-4.333
-4.035
-5.006
-4.545
-3.051
-4.004
-3.997
-4.954
-2.731
-4.226
-6.101
-3.715
-5.022
-5.345
-4.547
-3.877
-4.301
-4.747
-4.576
-3.936
-2.857
-3.184
-3.304
-1.623
-2.564
-4.892
-7.867
-6.243
-9.429
-6.844
-4.744
-3.475
-5.107
-3.198
-2.272
-5.110
-3.553
-4.340
-6.563
-3.162
-6.278
-3.095
-6.529
-5.271
-2.117
-3.083
-6.455
-5.423
-4.493
-5.829
-2.923
-3.792
-3.452
-2.106
-5.199
-4.507
-5.400
-2.913
-3.063
-6.346
-4.828
-4.442
-4.066
-5.211
-6.931
-3.631
-4.777
-0.669
-2.191
-4.167
-3.600
-6.481
-3.710
-2.089
-5.701
-4.058
-2.027
-2.337
-4.272
-5.026
-5.813
-6.132
-6.122
-3.193
-6.041
-3.974
-3.643
-3.366
-3.990
-5.223
-4.667
-5.010
-3.777
-7.427
-7.442
0.744
1.363
-6.328
-0.177
-2.203
1.383
0.721
-5.711
-1.526
-6.356
0.711
3.046
-6.797
-0.151
-4.195
-0.867
-0.818
-9.449
-0.066
-4.931
-1.770
0.159
-8.412
1.081
-2.463
0.171
0.368
-6.115
-0.118
-4.337
0.659
-0.215
-8.081
0.627
-5.290
0.661
1.050
-5.860
-0.002
-2.923
1.872
0.630
-6.550
-0.532
-4.269
0.536
-2.063
-7.114
-0.712
-4.324
-7.340
-5.400
-9.951
-4.192
-5.193
-4.593
-3.920
-10.175
-1.853
-2.832
-5.829
-5.992
-9.062
-5.809
-5.298
-4.758
-6.311
-9.798
-4.087
-5.540
-4.993
-2.904
-8.417
-1.683
-1.871
-3.449
-5.056
-8.898
-3.520
-5.265
-6.111
-5.587
-9.649
-3.655
-3.668
-4.029
-5.806
-9.607
-3.537
-6.395
-6.091
-3.865
-9.891
-3.538
-2.916
-5.651
-4.369
-11.605
-4.537
-6.462
-0.357
-1.838
-1.115
-7.023
-6.534
-0.289
-2.433
-3.238
-6.498
-9.969
-0.840
-4.845
-1.359
-7.435
-8.999
0.680
-2.564
-4.349
-3.668
-6.124
0.718
-2.405
-4.474
-3.292
-6.665
-2.017
-5.631
-2.881
-4.880
-8.102
-1.892
-3.634
-1.783
-6.719
-6.612
-1.827
-1.383
-1.457
-4.053
-6.523
1.648
-0.978
-3.180
-3.391
-5.996
-0.461
-3.203
-3.790
-2.352
-6.028
-3.223
-1.302
-9.100
-4.173
-2.638
0.266
-0.502
-7.016
-4.340
-4.299
-2.433
-0.514
-9.247
-4.669
-2.947
-0.886
-2.237
-7.506
-3.657
-4.392
-5.681
-1.577
-11.739
-2.805
-3.371
-0.418
-0.368
-6.529
-4.255
-1.993
-2.758
-1.857
-7.737
-3.380
-2.502
0.049
-0.474
-6.580
-4.158
-3.858
-2.670
-0.400
-5.083
-5.071
-2.639
-2.855
-2.469
-7.516
-3.330
-2.916
-0.106
0.881
-0.630
-4.128
-4.290
-0.700
-0.103
-1.695
-2.506
-3.364
0.791
0.634
-2.070
-3.763
-4.077
0.398
-1.042
0.529
-4.705
-4.847
0.896
-0.054
0.491
-4.016
-4.234
0.431
-1.933
-5.277
-3.378
-2.675
-0.523
-1.272
-5.273
-2.080
-4.207
0.280
0.800
-1.435
-2.977
-2.014
-0.737
0.842
-4.569
-2.926
-4.667
-1.115
-0.166
-3.828
-4.180
-4.688
-3.736
-4.931
-4.119
-5.096
-6.568
-6.106
-3.099
-8.583
-5.233
-3.758
-7.435
-4.758
-5.599
-5.246
-5.394
-3.378
-7.524
-6.325
-6.204
-5.591
-2.963
-3.926
-4.283
-5.545
-3.768
-4.880
-5.719
-1.905
-5.283
-5.867
-12.747
-6.919
-5.756
-8.819
-3.764
-2.480
-10.548
-4.066
-2.481
-12.756
-5.677
-4.967
-10.245
-3.588
-1.447
-12.205
-4.751
-4.568
-12.091
-4.018
-1.553
-9.513
-5.132
-2.063
-11.443
-5.085
-4.607
-12.524
-4.755
-1.783
-4.636
-6.720
-4.253
-7.633
-4.890
-3.732
-5.202
-4.940
-2.469
-5.444
-4.195
-1.701
-4.933
-4.817
-3.108
-5.262
-5.973
-3.603
-3.700
-5.906
-1.443
-5.602
-5.543
-3.189
-4.901
-3.688
-3.740
-3.805
-5.243
-1.819
-2.310
-2.168
-3.830
-1.848
-2.035
-3.583
-3.089
-2.551
-4.436
-1.394
-2.518
-5.319
-1.455
-3.386
-5.035
-0.213
-1.787
-3.917
-1.998
-3.064
-5.649
-1.840
-1.698
-3.950
-1.908
0.118
-2.408
-1.866
-2.118
-3.626
-3.359
-6.341
-6.094
-2.790
-5.248
-5.239
-3.495
-3.611
-5.537
-3.077
-4.471
-5.388
-4.155
-2.580
-3.369
-1.609
-5.085
-5.687
-3.091
-3.982
-4.536
-4.411
-5.898
-6.070
-3.320
-4.730
-5.523
-5.092
-3.947
-3.929
-5.607
-3.301
-7.214
-2.946
-2.438
-6.133
-6.516
-1.586
-4.417
-4.313
-1.978
-5.929
-4.066
-2.017
-7.330
-5.855
-3.120
-6.852
-6.329
0.312
-4.940
-8.117
-3.129
-6.593
-7.877
-3.138
-6.587
-4.527
-1.622
-6.469
