2.475
6.276
4.185
3.556
4.273
3.750
1.315
5.254
6.866
6.678
4.403
6.176
4.715
-0.121
1.706
3.344
5.061
1.982
0.235
2.523
6.587
3.021
6.712
4.991
5.498
6.633
5.477
6.306
6.672
4.578
4.944
5.609
4.736
4.030
2.990
3.053
2.655
6.826
4.936
5.042
6.775
6.591
8.126
7.435
7.457
8.733
8.017
7.398
7.822
7.441
5.824
6.195
4.386
4.774
3.996
4.553
2.052
7.727
4.823
6.936
4.742
6.428
5.715
5.425
5.258
4.903
5.119
4.600
6.171
6.483
4.329
5.595
3.696
3.601
2.056
4.502
3.485
3.795
3.880
5.867
7.473
6.483
7.035
5.490
5.297
6.107
7.128
6.267
6.466
6.596
5.403
6.192
5.398
3.527
4.972
4.574
3.964
5.402
4.759
4.373
7.704
6.447
8.084
6.526
7.281
7.507
7.620
6.957
6.660
6.577
6.099
6.002
3.969
4.642
5.948
8.274
3.738
4.321
5.536
6.474
5.656
5.739
3.991
4.779
4.264
0.255
6.147
1.774
5.061
4.006
5.409
4.510
6.053
5.153
6.535
5.791
5.237
5.124
4.184
4.176
3.254
3.899
2.995
1.805
2.519
3.860
2.177
2.814
3.985
3.192
6.447
6.372
6.407
5.201
4.717
6.477
5.098
6.113
4.972
6.097
6.619
5.133
4.668
4.135
4.227
6.613
5.704
6.061
4.552
4.492
4.270
2.489
2.263
3.668
2.292
2.057
3.834
3.670
1.426
3.057
1.023
6.602
5.898
5.995
5.467
5.130
3.478
4.693
3.956
1.018
-1.216
3.143
4.557
4.941
4.326
6.346
3.286
5.765
2.446
2.507
3.306
6.975
3.156
1.140
4.790
2.762
7.001
8.386
6.209
7.724
3.468
5.355
4.442
5.454
5.221
5.126
4.307
6.739
5.368
6.307
4.471
4.971
5.608
2.836
5.514
4.274
3.762
4.013
3.962
4.475
-0.296
2.942
3.154
3.497
5.864
5.649
4.463
5.719
5.216
7.158
7.575
5.124
5.806
5.495
6.142
8.315
4.831
6.963
5.975
4.650
7.000
6.173
7.852
5.726
7.502
8.755
4.047
4.376
5.333
2.003
5.698
4.653
5.483
7.093
6.565
8.089
5.850
6.209
6.001
3.382
4.325
6.662
5.830
5.622
4.480
4.270
5.967
3.979
5.828
5.649
6.640
3.968
5.396
6.648
5.247
6.756
5.648
5.459
3.699
4.067
4.755
5.870
4.911
3.326
5.140
6.549
3.314
3.319
6.033
3.856
3.684
6.597
6.042
-1.425
3.906
2.970
4.678
2.475
1.355
2.839
5.541
4.135
2.784
1.939
2.521
4.152
3.615
3.806
2.565
5.130
4.467
2.947
3.673
0.532
2.558
0.835
3.541
3.680
1.493
2.612
2.549
5.439
2.355
2.126
4.379
6.783
1.754
4.115
1.756
4.924
