-6.980
-3.100
-4.581
-7.510
-2.851
-4.568
-5.758
-3.238
-3.941
-3.193
-2.925
-2.265
-4.114
-2.488
-2.670
-3.523
-4.557
-4.161
-2.738
-4.180
-0.679
-2.108
-1.590
-2.871
-2.338
1.789
-0.756
0.532
-2.121
-1.157
0.701
0.958
0.050
-1.034
-0.094
-1.206
-0.737
0.408
1.530
0.291
-0.627
0.768
-1.684
1.131
2.884
0.070
0.870
2.366
-0.380
0.905
3.065
-0.156
0.439
2.791
-1.384
0.727
2.349
-1.975
-0.409
2.418
-0.559
1.436
3.353
0.011
0.915
2.560
0.545
0.395
2.022
-0.625
0.859
0.434
-1.023
1.956
2.137
1.553
2.065
-0.654
0.942
3.270
0.815
3.041
1.409
2.405
3.035
0.818
1.651
3.240
-1.065
0.013
2.017
3.737
3.007
2.609
0.819
0.647
0.754
1.402
2.904
1.856
-2.262
-0.684
-0.179
-0.082
2.277
0.600
-0.112
1.362
-0.009
-0.495
1.196
0.958
-0.020
2.133
-0.447
-0.991
1.033
-1.268
0.253
1.744
0.488
0.838
2.489
0.730
-1.866
0.548
-1.217
1.162
1.994
1.054
0.912
-0.517
0.933
0.285
0.490
1.779
1.354
-1.252
0.191
1.127
0.789
2.423
-0.436
-0.328
0.716
0.345
0.014
1.834
0.394
-0.545
0.862
0.529
-0.783
0.549
0.494
0.171
2.024
1.294
0.961
2.708
4.216
3.392
4.295
3.375
2.357
4.063
4.828
2.134
3.365
1.830
1.091
2.272
4.190
3.101
3.271
1.880
0.764
3.973
4.195
2.698
5.584
2.771
2.005
4.359
2.378
1.612
3.652
4.574
1.307
3.116
2.887
1.444
5.196
0.921
-0.017
3.705
1.590
0.976
4.404
2.964
1.353
3.701
0.480
-0.896
1.763
1.521
0.680
4.939
-1.481
-1.684
2.129
1.087
0.431
3.942
1.502
1.241
4.516
1.140
2.393
4.694
2.476
-0.425
2.162
2.086
-0.602
1.562
2.306
-0.969
2.670
2.734
-0.239
1.861
3.189
0.232
2.504
0.750
-1.166
1.622
2.902
0.689
3.861
2.958
1.724
4.446
1.213
0.277
3.206
1.644
-0.122
1.792
2.810
0.966
2.942
3.890
1.806
3.219
3.765
-0.167
2.553
1.526
1.044
1.327
3.518
1.705
3.231
4.518
3.326
5.240
3.210
1.175
2.323
2.760
2.459
1.810
2.416
0.501
2.842
3.267
0.614
3.877
2.979
-1.229
3.222
-0.290
1.848
-0.705
3.459
-0.141
1.386
-1.012
0.701
-4.004
3.142
-0.550
-1.527
-4.661
3.711
-1.354
0.825
-2.741
2.211
-1.333
3.638
-1.078
2.722
-2.049
4.334
-1.465
3.561
-4.032
2.851
-2.446
4.780
-1.628
1.411
-4.354
1.820
-2.545
1.975
-5.106
-2.632
-2.154
-2.592
-3.070
-3.569
-2.018
-0.894
-0.632
-0.109
-0.704
-2.352
-2.133
-4.099
-4.343
-2.164
-1.879
-2.620
-2.602
-2.666
-2.499
0.792
0.528
0.149
0.925
-0.375
0.702
-1.525
-0.325
-0.948
-2.414
-0.111
1.752
-0.599
0.040
0.460
0.470
0.529
-0.551
-1.756
-1.817
1.034
-0.027
0.355
0.676
-0.479
0.580
0.662
2.082
1.586
0.642
0.191
1.154
0.120
0.742
-3.013
0.024
-1.036
0.333
-2.113
-0.942
0.036
0.281
-0.872
-1.154
-2.392
-0.831
0.284
-0.818
-0.149
-1.722
-1.993
-0.099
1.015
1.308
-0.991
-1.197
-0.556
0.189
0.790
-0.445
-3.752
-4.081
-5.682
-3.109
-4.845
-4.781
-7.895
-4.532
-5.356
-3.718
-7.546
-4.942
-5.754
-4.440
-7.434
-5.972
-6.109
-5.598
-9.487
-5.341
-5.107
-4.926
-8.014
-4.793
-6.101
-5.596
-8.557
-6.746
-5.932
-4.122
-7.517
-5.744
-4.782
-5.176
-7.748
-5.202
-2.392
-3.098
-4.957
-3.311
-2.900
-5.716
-7.443
-6.129
-0.433
-4.111
-4.712
-6.538
-2.395
-3.689
-1.530
-4.484
0.580
-5.427
-3.504
-5.798
-3.320
-3.160
-5.453
-5.932
-1.574
-4.653
-4.327
-6.000
-2.650
-2.242
-6.216
-4.898
-2.010
-4.388
-4.011
-5.782
-0.467
-5.418
-4.186
-5.848
-3.128
-2.890
-6.702
-5.092
-1.267
-5.560
-2.226
-3.323
-2.633
-4.435
-3.708
-3.549
-2.565
-5.984
-3.687
-5.412
-4.828
-5.055
-3.784
-5.307
-4.629
-4.749
-5.087
-4.400
-3.906
-4.738
-5.375
-5.849
-3.930
-3.193
-4.723
-4.350
-4.261
-4.466
-4.853
-4.208
-5.775
-5.770
-4.924
-4.351
-4.054
-5.862
-5.969
-4.624
-6.233
-1.162
-1.796
-6.318
-7.852
-2.838
-2.127
-4.128
-8.356
-2.658
-0.092
-6.758
-9.396
-2.398
-3.504
-7.388
-8.128
-1.339
-2.729
-5.716
-7.489
-2.407
-2.936
-7.095
-7.914
-1.166
-2.843
-5.843
-7.273
-2.330
-0.997
-5.258
-7.069
-1.562
-0.695
-7.052
-4.788
-1.371
-3.517
-4.955
-1.452
-5.604
-0.914
-4.100
-2.984
-4.395
-2.046
-2.038
-3.681
-6.061
-3.933
-4.123
-2.784
-4.278
-1.847
-2.347
-0.609
-5.792
-1.746
-3.849
-2.941
-3.102
-2.671
-4.105
-3.018
-4.170
-2.051
-5.640
-1.985
-7.993
-4.564
-5.548
-4.573
-7.872
-2.719
-9.968
-0.694
-3.553
-1.177
-4.465
-1.184
-1.420
-3.544
-5.395
-3.990
-5.431
-7.127
-8.017
-4.636
-4.220
-7.492
-6.467
-1.820
-3.755
-6.299
-8.248
-3.745
-4.068
-8.231
-7.776
-4.322
-3.312
-7.425
-7.211
-5.101
-3.558
-8.841
-8.531
-1.422
-4.041
-7.967
-7.036
-2.647
-3.222
-6.153
-6.025
-4.161
-2.898
-7.168
-7.584
-1.165
-6.864
-1.829
-3.491
-1.508
-7.789
-1.109
-0.840
-4.520
-7.958
-1.696
-1.927
-2.836
-7.371
-2.373
-4.787
-2.361
-7.854
-1.634
-1.643
-1.422
-6.107
-1.559
-1.832
-3.067
-6.559
-4.192
-2.871
-1.189
-6.230
-1.114
-1.610
-0.910
-5.011
-1.772
-2.084
-2.811
-8.439
-1.064
-2.735
-5.491
-4.551
-10.201
-1.829
-6.132
-1.805
-8.760
-3.656
-6.667
-2.440
-10.150
-1.668
-6.113
-1.740
-10.493
-3.985
-7.576
-4.304
-8.712
-1.133
-5.044
-3.707
-9.953
-2.056
-5.469
-3.076
-9.010
-2.705
-2.899
-1.871
-9.242
-1.862
-5.302
-0.892
-9.914
-1.836
-7.180
-3.444
-11.806
-3.131
-2.056
-6.910
-2.178
-5.563
-0.727
-2.171
-4.777
-6.239
-0.670
-3.934
-3.212
-5.868
-3.471
-6.354
-4.648
-7.399
-2.950
-4.851
-2.811
-4.335
-2.975
-3.692
-3.381
-6.308
-2.593
-2.615
-4.000
-5.867
-0.781
-2.634
-2.828
-5.594
-4.850
-2.661
-3.266
-7.966
-2.894
-6.167
-1.688
-4.471
-2.588
-4.357
-12.209
-6.953
-2.694
-1.968
-12.118
-5.331
-1.614
-0.970
-9.084
-2.825
-3.341
-1.845
-10.392
-3.932
-5.216
-2.395
-11.982
-4.078
-4.501
-2.780
-11.602
-4.400
-5.032
-2.714
-12.112
-3.867
-4.236
-3.857
-11.662
-3.711
-1.133
-3.553
-10.937
-3.915
-3.552
-2.268
-10.749
-3.825
-6.568
-3.007
-3.875
-1.485
-3.701
-0.270
-6.844
-3.507
-7.665
-3.791
-6.769
-2.738
-6.544
-1.791
-4.829
-1.398
-7.829
-1.530
-5.546
-1.654
-5.309
-1.193
-5.516
-4.255
-5.025
-0.712
-6.299
-0.336
-2.708
-3.230
-5.516
-1.085
-4.568
-3.353
-8.183
-1.643
-5.778
-1.243
-4.835
-0.968
-7.722
-4.508
-5.888
-3.311
-6.027
-3.381
-5.018
-3.248
-2.874
-2.709
-5.298
-1.941
-5.635
-3.721
-6.347
-3.799
-3.654
-4.001
-6.861
-3.247
-3.282
-3.639
-2.952
-4.136
-0.272
-2.231
-3.663
-5.086
-1.758
-2.841
-2.833
-5.178
-1.182
-3.368
-1.294
-3.431
-1.256
-0.482
-3.009
-3.980
-4.300
-5.044
-3.242
-1.522
-3.792
-1.724
-4.044
-3.142
-5.288
-4.429
-2.314
-3.189
-3.509
-1.030
-4.673
-2.138
-1.029
-0.945
-6.246
-3.627
-1.923
-2.641
-4.116
-1.761
-2.055
-1.830
0.518
-1.305
-3.596
-2.683
-2.704
-1.429
-3.040
-3.850
-3.008
-0.856
0.114
-2.155
-0.175
-2.502
