-3.185
-2.084
-2.419
-2.912
-2.754
-1.503
-3.720
-1.216
-1.382
-1.474
-0.998
-2.795
-2.485
-3.641
-0.711
-1.684
-2.751
-4.491
-1.463
-1.504
0.416
0.046
-1.140
-1.948
-0.903
-1.951
-1.791
1.079
-0.906
-2.411
1.349
-1.192
-1.171
-0.915
0.964
-0.615
-0.797
1.411
-0.028
1.102
-3.240
-0.340
-3.447
-4.534
0.088
-2.969
-3.405
1.212
-2.081
-3.587
1.536
-4.113
-5.167
0.369
-2.618
-2.433
1.766
-4.260
-2.593
0.826
-1.906
-2.588
1.260
-3.006
-2.553
-1.349
-3.967
-3.670
-0.686
-4.408
-0.829
-1.626
-5.833
-0.830
-1.246
-4.182
-3.206
-2.092
-4.345
-0.746
-2.861
-2.269
-3.847
-1.303
-2.083
-3.480
-0.361
-3.502
-3.953
-4.309
-2.733
-1.162
-0.365
-3.073
-1.429
-0.389
-3.177
-2.553
0.337
-2.892
-3.068
-3.509
-2.413
-3.033
-3.448
-2.875
-3.987
-2.266
-3.736
-4.712
-3.455
-3.585
-2.648
-2.928
-4.396
-3.852
-4.011
-4.528
-3.307
-1.522
-2.734
-3.200
-1.672
-2.504
-3.933
-2.610
-3.330
-4.476
-2.267
-4.316
-3.159
-4.917
-4.422
-1.765
-2.364
-1.133
-4.375
-4.174
-4.371
-3.664
-3.268
-2.244
-4.436
-3.199
-3.060
-5.340
-5.431
-4.773
-3.341
-3.860
-2.179
-2.986
-3.583
-4.227
-4.797
-4.329
-3.779
-4.091
-4.504
-4.534
-0.979
-3.901
-0.104
-1.777
-4.160
0.442
-0.685
-1.705
-1.903
-0.586
-5.215
-2.556
-2.615
-2.290
-0.484
-2.353
-1.908
-0.999
-1.181
-3.613
-0.111
-3.802
-3.529
-1.263
-4.180
-3.948
-1.939
-2.964
-4.126
-2.325
-3.580
-4.596
-1.815
-3.180
-3.843
1.159
-3.381
-4.546
0.073
-2.323
-1.954
1.008
-5.222
-4.397
-0.351
-4.591
-3.856
-1.288
-4.610
-4.458
0.120
-3.987
-3.935
-2.320
-4.516
-3.969
-2.052
-3.392
-2.632
1.935
-2.592
-5.721
-3.519
-1.328
-3.466
-1.838
-0.908
-5.333
-1.350
-1.400
-3.737
-2.195
-1.078
-3.709
-3.122
-0.852
-4.704
-2.495
-1.445
-4.674
-3.198
-0.908
-3.762
-1.062
-1.793
-4.463
-1.765
-3.734
-4.516
-2.902
-0.622
-3.117
-3.098
0.656
-0.880
-0.254
-1.283
-3.626
-3.124
-0.903
-4.004
-3.846
-0.881
-2.139
-2.600
0.033
-3.854
-2.486
-0.403
-1.488
-3.373
-0.012
-2.785
-2.809
0.068
-4.149
-3.785
-1.451
-2.812
-1.206
-2.094
-3.129
-1.475
-2.430
-1.833
-2.917
-3.008
-2.612
-3.111
-0.635
-1.562
-3.025
-3.641
-1.570
-2.042
-2.844
-0.271
-3.439
-2.065
-2.471
-0.715
-2.373
0.079
-1.772
-0.514
-3.946
-0.090
-1.867
0.669
-3.357
-0.328
-1.969
-1.951
-3.538
-1.076
-2.707
-3.126
-2.883
-2.820
-3.589
-4.365
-2.577
-2.904
-4.669
-4.220
-1.948
-2.437
-1.685
-3.895
-3.794
-4.306
-1.887
-2.893
-5.064
-3.024
-2.767
-2.721
-4.630
-5.026
-3.395
-2.685
-1.921
-1.881
-0.312
-2.033
-0.666
-2.293
-1.789
-1.126
-2.238
-1.367
-0.939
-3.847
-1.543
-2.095
-1.260
-1.077
-2.633
-3.023
-2.823
-1.211
-2.973
-0.814
-1.529
-2.319
-2.682
-1.976
-0.014
0.821
-1.462
-1.979
-2.952
-2.860
-1.489
-2.528
-1.649
-2.045
-1.990
-1.115
-0.813
-0.768
-4.871
-2.707
-2.789
-5.318
-1.699
-2.645
-2.478
-1.177
-3.721
-1.921
-3.955
-2.720
-3.227
-1.145
-2.450
-2.620
-2.415
-1.154
-4.942
-1.002
-2.305
-2.448
-3.921
-1.031
-2.985
-2.171
-2.323
-2.713
-2.141
-2.315
-3.005
-0.865
-2.761
-1.218
-4.447
-2.050
-2.086
-2.912
-3.812
-0.842
-2.623
-2.473
-4.447
-1.947
-3.885
-4.082
-3.266
-1.707
-2.164
-1.706
-5.390
-2.958
-2.733
-2.428
-6.022
-2.245
-2.331
-2.572
-3.177
-4.221
-4.804
-2.766
-2.363
-0.361
-2.691
-0.928
-2.708
-1.642
-2.380
-1.174
-4.662
-0.410
-3.128
-1.721
-5.055
-0.045
-3.085
-1.604
-4.066
-0.691
-2.250
-0.584
-3.848
-2.023
-2.455
-2.580
-5.035
-2.336
-3.413
0.926
-5.108
0.276
-3.684
-1.880
-4.270
-1.857
-1.618
-2.136
-3.291
-2.156
-1.181
-3.755
-1.142
-0.756
-4.621
-3.143
2.178
-2.507
-4.643
-2.898
-1.321
-2.347
-2.947
-2.693
-0.352
-2.963
-3.351
-3.488
-0.581
-1.202
-3.901
-4.212
-1.247
-2.475
-3.626
-5.123
0.491
-0.383
-2.922
-4.320
0.020
-2.508
-5.101
-4.095
0.296
-4.006
-3.000
-4.353
-1.317
-2.310
0.627
-1.574
-2.567
-3.767
-0.925
1.201
-2.525
-4.083
-1.530
0.496
-2.811
-2.840
-1.353
0.485
-2.946
-3.069
-1.142
1.288
-2.038
-3.558
-0.474
-0.146
-1.658
-4.785
-0.245
0.247
-1.478
-3.209
-0.624
-1.052
-3.096
-2.369
-0.578
0.509
-1.600
-2.172
-2.061
-0.460
-3.056
0.027
-1.760
-3.958
-1.417
-1.196
-2.017
-2.250
-1.154
-0.168
-2.036
-3.574
-0.503
0.969
-2.138
-0.867
-0.947
0.868
-2.596
-2.535
-1.328
-0.018
-2.201
-1.911
-1.399
-0.022
-2.032
-2.293
-0.903
-0.396
-5.379
-2.198
-2.165
0.368
-2.420
-3.250
-3.273
-0.039
-2.884
-2.616
-1.969
-1.151
-3.201
-2.850
-2.204
-1.816
-4.181
-4.075
-4.597
-2.667
-2.650
-3.466
-2.979
1.369
-4.694
-3.080
-2.815
-1.040
-2.889
-2.179
-3.141
-2.354
-3.022
-3.172
-2.840
-3.297
-3.221
-4.215
-2.140
-1.697
-4.138
-2.240
-4.182
-1.289
-3.641
-3.064
-3.571
-2.460
-3.105
-1.695
-4.556
-1.944
-3.865
-1.022
-3.700
-1.339
-3.589
-1.107
-2.235
-2.077
-3.408
-0.793
-2.504
-0.924
-3.702
-1.241
-3.914
-3.314
-4.287
-2.376
-1.903
-1.584
-3.347
0.188
-1.970
-2.339
-2.030
-0.570
-2.030
-1.833
-2.367
-1.356
-3.716
-4.462
-2.993
-3.238
-2.023
-2.846
-4.572
0.354
-1.941
-3.688
-3.081
-2.512
-2.119
-3.931
-1.059
-1.932
-2.841
-3.206
-2.102
-2.274
-1.461
-3.671
-0.246
-4.083
-1.731
-3.143
-1.917
-2.697
-1.031
-3.157
-2.281
-1.934
-2.303
-2.954
-2.009
-2.708
-1.592
-4.223
-1.056
-3.332
-1.976
-3.474
-1.377
-2.214
-1.359
-2.556
-4.034
-2.031
-1.840
-1.791
-3.111
-0.032
-5.081
-2.611
-0.724
-2.205
-4.789
-3.588
-2.112
0.327
-4.476
-4.477
-2.652
-1.846
-4.487
-4.040
-1.941
-1.600
-4.906
-3.724
-0.492
-0.105
-3.296
-4.478
-3.669
-0.469
-5.500
-4.326
-2.581
0.165
-4.506
-3.625
-1.747
-0.040
-4.701
-4.301
-2.162
-1.802
-2.568
0.366
-3.369
-1.683
-3.040
-0.096
-2.411
-3.507
-3.712
-0.814
-3.042
-3.343
-2.831
-1.077
-2.130
-4.070
-4.091
-0.496
-2.255
-3.664
-2.477
-0.882
-2.648
-4.057
-1.496
-0.004
-0.838
-3.549
-1.574
-1.969
-2.052
-3.706
-2.763
0.225
-4.328
-2.450
-3.452
-0.254
-3.058
-3.038
-3.588
-3.099
-2.330
-3.704
-2.857
-2.345
-1.770
-3.506
-2.624
-3.206
-2.663
-3.477
-2.804
-3.274
-2.260
-3.524
-2.399
-4.005
-2.503
-4.877
-2.428
-2.330
-1.041
-1.128
-1.908
-2.566
-0.481
-4.126
0.234
-1.021
-1.483
-3.278
-0.731
-4.016
-0.338
-2.012
0.284
-3.798
-0.282
-2.542
0.067
-2.112
0.994
-1.343
0.905
-1.984
-1.799
-2.570
-0.895
-0.947
0.045
-0.463
0.637
-2.573
-0.623
-3.265
-0.238
-1.875
-1.208
-3.036
-2.095
-3.772
-2.816
-3.899
-2.757
-3.943
-1.953
-2.444
-2.640
-2.825
-1.485
-2.476
-1.858
-1.672
-2.226
-2.113
-2.506
-2.368
-3.169
-1.853
-1.296
-4.011
-2.535
-4.740
-2.434
-3.907
-0.959
-3.335
-1.144
-1.975
-1.884
-2.931
-2.846
-3.021
-0.521
-3.073
-0.133
-4.450
-0.852
-3.521
-2.002
-2.500
-2.207
-2.414
-2.246
-0.833
-2.931
-0.357
-3.294
-2.657
-4.567
-2.615
-2.478
-0.620
-4.838
-3.054
-2.831
-0.408
-3.451
-1.172
-3.278
