-8.270
-6.525
-1.309
-8.602
-2.530
-6.325
-6.569
-5.248
-4.524
-1.751
-4.261
-5.337
-4.147
-2.078
-1.988
-4.330
-4.955
-4.151
-5.128
-3.298
-8.686
-8.812
-9.505
-6.323
-7.957
-6.625
-8.684
-7.949
-7.010
-8.540
6.778
7.574
6.691
7.433
8.028
4.819
3.660
9.272
6.507
6.218
-6.062
0.220
-7.189
-4.391
1.731
-5.016
-4.879
0.996
-4.199
-4.422
1.502
-4.696
-5.454
0.880
-6.516
-5.132
1.109
-3.600
-5.695
-0.413
-3.990
-2.719
0.130
-3.597
-2.332
-2.151
-5.016
-2.677
-2.504
-6.997
0.128
-2.466
-5.324
1.200
-0.654
-5.214
-0.863
-3.775
-4.399
2.718
-4.389
-2.565
-1.778
-3.867
-1.544
-2.983
-0.366
-2.138
-4.463
-4.334
-1.884
3.713
-1.699
-4.224
0.547
-0.393
-3.192
0.234
-1.820
-5.684
-6.393
-5.062
-5.843
-9.003
-4.404
-9.192
-8.026
-7.762
-6.583
-7.775
-3.233
-9.389
-6.807
-3.833
-7.549
-6.162
-4.297
-6.728
-9.921
-7.098
-7.504
-7.084
-5.135
-8.345
-9.523
-4.311
-10.187
-5.444
-3.628
-7.215
-9.996
-12.075
-8.074
-6.406
-5.864
-4.502
-8.774
-9.545
-6.862
-5.791
-9.489
-6.182
-3.778
-8.151
-5.443
-6.523
-11.038
-6.360
-3.863
-7.548
-3.574
-7.061
-8.420
-6.664
-6.649
-8.887
-6.207
-4.793
-10.174
-7.359
0.636
-2.763
1.570
1.824
-2.781
3.233
2.743
-1.890
-2.330
-0.400
-3.833
-1.413
2.403
0.302
1.939
0.578
-2.173
0.333
3.570
-0.598
2.539
-1.688
-4.850
0.764
-0.042
-4.851
1.542
1.192
-4.418
-0.100
-1.940
-2.458
2.551
-3.552
-3.245
1.711
-3.974
-5.576
3.225
-2.407
-2.915
3.115
-3.267
-4.311
4.864
-1.818
-1.378
2.738
-2.180
-2.427
5.021
-0.713
-2.059
2.399
-1.620
-0.583
1.709
-4.195
-3.923
4.018
0.041
-4.969
-3.053
1.798
-3.152
-3.050
1.820
-3.748
-0.563
0.495
-1.685
-0.750
-0.396
-4.295
-2.611
0.981
-4.871
-4.927
-0.163
-5.877
-5.840
0.822
-0.969
1.279
-0.751
-6.270
-4.364
-0.995
-6.450
-4.312
3.781
-3.446
-1.153
3.942
-1.092
0.196
2.704
-3.112
-2.452
-1.009
-1.883
-3.631
2.190
-0.766
-2.332
2.167
-0.999
-3.585
4.793
-0.211
-1.642
1.744
0.345
-1.159
1.170
-4.821
-2.522
2.644
1.186
2.104
2.062
-9.170
-0.796
-10.741
-2.257
-6.236
0.625
-6.104
-0.873
-3.471
0.560
-6.785
0.801
-6.844
0.932
-7.364
0.599
-8.856
0.886
-9.319
0.026
-6.508
4.433
-9.528
1.463
-11.828
2.943
-8.898
-0.707
-8.592
-0.235
-9.517
2.098
-9.148
2.289
-8.092
-1.818
-9.654
-2.343
-10.541
-9.875
-6.595
-7.757
-6.305
-9.335
-5.376
-6.966
-4.381
-6.196
-6.719
-7.323
-3.575
-7.346
-6.307
-8.196
-5.151
-8.938
-6.863
-6.290
-8.619
-2.533
-1.168
-6.777
-1.466
-6.113
-4.233
-4.480
-3.496
-5.768
-4.634
-2.829
0.043
-7.087
-1.952
-4.965
-0.302
-3.776
-2.324
-8.469
-4.401
-2.181
-4.496
-1.251
-1.031
-3.385
-2.227
0.107
-0.203
1.217
-5.362
0.121
-0.436
-1.483
-0.330
-2.736
-4.050
-3.815
-4.415
-3.000
-2.548
-1.892
-3.646
-0.721
-2.438
-3.564
0.438
-1.276
-4.689
-0.497
-4.951
-4.713
-3.882
0.275
-0.751
-2.395
-4.308
-4.179
-1.244
0.209
-3.095
-7.027
-4.331
-4.777
-5.661
-6.436
-6.679
-7.776
-7.486
-6.316
-4.738
-4.620
-3.583
-7.695
-6.241
-7.456
-6.648
-6.145
-6.389
-9.140
-5.051
-7.308
-4.812
-3.529
-5.725
-6.880
-8.233
-8.210
-5.576
-4.487
-3.521
-4.754
-4.366
-4.883
-5.706
-5.710
-4.131
-4.494
-2.186
-7.636
-2.660
-8.718
-8.746
-5.690
-8.042
-6.887
-6.733
-5.999
-9.550
-7.318
-4.656
-2.319
-8.109
-7.201
-3.682
-4.588
-8.420
-4.133
-3.825
-0.386
-5.279
-5.296
-7.340
-5.752
-6.384
-4.593
-2.374
-3.853
-6.586
-5.338
-6.476
-1.381
-8.123
-5.681
-8.272
-5.483
-10.749
-6.211
-2.935
-3.407
-6.362
-1.634
-0.368
-3.214
-4.618
-2.863
-4.713
-6.206
-3.210
-4.700
-6.951
-7.339
-9.267
-3.615
-4.223
-5.824
-6.393
-4.892
-3.615
-6.272
-5.336
-0.826
-2.027
-4.334
-4.675
-3.917
-2.448
-5.666
-5.100
-3.317
-4.852
-7.896
-5.064
-1.359
-2.795
-5.709
-3.762
-5.238
-2.980
-5.972
-4.140
-4.445
-2.283
-2.979
-4.588
-4.451
-0.829
-2.651
-0.152
-9.112
-3.576
-2.610
-4.367
-7.719
-4.017
-2.855
-5.280
-4.917
-3.080
1.108
-2.963
-7.691
-4.893
-5.136
-4.747
-9.644
-4.216
-4.354
-4.887
-6.346
-1.340
-2.453
-4.111
-4.402
-1.492
-2.556
-3.717
-7.108
-2.244
-4.749
-4.010
-2.615
-1.188
-3.044
-2.325
-2.569
0.874
-0.058
-2.726
-2.105
-4.017
-3.944
-3.969
-1.836
-2.521
-3.097
-5.146
-0.817
-2.218
-0.529
-3.325
-4.087
-1.913
-2.239
-4.378
-1.773
-1.735
-0.543
-5.639
-5.240
-5.560
-4.505
-5.456
-5.397
-5.018
-0.922
-7.693
-0.680
-3.016
-0.037
-3.871
-4.357
-1.534
-8.361
-6.325
-7.804
-7.112
-8.592
-9.434
-9.213
-3.562
-8.723
-7.410
-2.321
-2.762
-7.077
-9.051
-6.971
-0.343
-7.433
-4.950
-6.479
0.644
-6.336
-4.927
-7.752
-4.463
-8.982
-9.298
-5.652
-4.864
-7.660
-7.448
-7.652
-0.599
-8.285
-6.605
-7.726
-2.737
-6.637
-3.542
-3.458
-7.559
-3.117
-5.022
-3.465
-6.663
-1.187
-1.418
-6.215
-10.107
-1.773
-6.683
-2.795
-7.715
-3.347
-4.300
-5.049
-5.833
-1.043
-3.563
-1.712
-7.445
-2.777
-6.424
-2.192
-5.104
-3.216
-5.785
-5.024
-6.552
-3.088
-5.923
-2.004
-7.518
-3.258
-6.930
-4.077
-7.831
-3.689
-4.305
-4.428
-4.166
-5.098
-3.664
-4.813
-4.716
-6.087
-4.244
-6.586
-2.481
-4.242
-1.539
-4.493
-2.047
-6.628
-1.923
-6.296
-4.757
-6.374
-1.537
-4.973
-4.112
-5.422
-2.009
-1.273
-1.628
-6.256
-2.120
-5.830
-2.055
-5.038
-4.230
-5.956
-2.383
-3.825
-3.105
-7.060
-6.207
-6.039
-4.889
-1.207
-9.125
-1.462
-10.535
0.083
-3.801
-4.512
-8.427
1.701
-9.357
-3.602
-11.091
-1.462
-6.704
-2.064
-10.522
0.115
-6.297
-4.346
-7.932
-0.273
-5.248
-1.623
-9.773
0.495
-6.876
-3.330
-9.517
3.245
-4.973
-1.461
-11.501
-2.922
-7.780
-2.520
-10.202
-1.661
-5.698
-3.808
-6.491
-0.352
-2.953
-8.240
-7.568
0.606
-1.297
-8.283
-6.940
-1.157
-2.936
-6.607
-7.373
-5.800
-5.803
-8.154
-7.860
-0.257
-1.721
-9.583
-6.960
0.372
-2.933
-9.999
-2.804
-0.407
0.905
-6.555
-3.990
-2.564
-2.492
-7.790
-7.459
-0.199
-3.682
-8.179
-6.756
-2.118
-3.802
-8.545
-8.245
-8.157
-3.508
-5.077
-1.857
-3.839
1.059
-6.762
-2.653
-6.887
-1.993
-7.458
-3.677
-9.548
-1.941
-9.282
-2.341
-9.156
-4.568
-9.747
-2.655
-3.607
0.171
-5.280
-2.599
-3.869
-4.354
-5.385
0.778
-1.122
-2.308
-5.651
-3.140
-3.442
-4.713
-8.147
-4.046
-7.079
-1.139
-4.828
-3.467
-8.540
-3.437
-7.524
-2.343
-8.354
-4.130
-9.192
-5.532
-4.593
-2.626
-7.870
-3.599
-7.802
-4.348
-9.491
-2.463
-9.957
-3.826
-6.400
-5.108
-3.831
-4.867
-3.758
-5.880
-2.084
-1.131
-2.643
-4.572
-4.919
-3.180
-2.755
-4.204
-1.326
-2.795
-3.753
-1.957
-2.389
-2.956
-4.889
-2.793
-5.963
-3.774
-4.087
-3.972
-8.129
-2.762
-6.245
-5.725
-5.837
-3.924
-7.163
-4.433
-4.917
-1.668
-6.231
-4.806
-5.070
-2.148
-7.863
-7.150
-7.566
-4.474
-8.022
-5.482
-5.227
-1.778
-7.715
-4.493
-5.945
-5.263
-7.624
-5.000
-7.903
-5.612
-6.915
-3.057
-7.819
-5.373
-6.621
-0.966
