-6.778
-3.083
-4.517
-7.383
-2.941
-4.480
-5.676
-3.205
-3.787
-3.176
-2.657
-2.143
-3.922
-2.421
-2.546
-3.292
-4.416
-3.958
-2.625
-3.887
-0.489
-1.390
-1.292
-2.479
-2.090
2.096
-0.799
0.659
-1.951
-1.008
0.709
0.929
0.009
-1.176
0.028
-1.332
-0.788
0.174
1.237
0.069
-0.713
0.636
-1.196
1.173
3.064
0.595
0.645
2.480
0.401
1.062
3.068
0.663
0.823
2.776
-0.877
0.378
2.283
-1.080
-0.374
2.422
0.288
1.562
3.505
0.600
1.113
2.662
1.313
0.493
2.167
0.309
1.256
0.434
-0.865
3.370
2.137
2.192
2.619
-0.654
1.253
3.735
0.815
2.987
1.983
2.405
3.569
2.021
1.651
3.294
0.169
0.013
2.196
4.229
3.007
2.746
2.341
0.647
1.097
1.967
2.904
2.170
-2.262
-0.342
-0.290
-0.082
2.205
0.378
-0.112
1.498
0.036
-0.495
1.370
0.880
-0.020
2.208
-0.404
-0.991
1.170
-1.191
0.253
2.073
0.426
0.838
2.533
1.053
-1.866
0.613
-1.353
1.162
2.167
0.920
1.677
-0.517
1.158
1.293
0.490
1.839
1.583
-1.252
0.475
1.506
0.789
2.462
0.740
-0.328
0.805
1.508
0.014
1.809
1.068
-0.545
0.993
1.143
-0.783
0.863
1.245
0.171
2.130
2.517
0.961
2.852
4.210
3.540
4.589
3.680
1.948
4.199
4.731
2.369
3.692
2.698
1.043
2.625
4.301
3.445
2.637
2.719
0.762
4.141
4.429
2.794
5.813
3.480
2.078
4.208
3.350
1.651
3.427
4.704
1.769
3.615
3.198
1.417
5.196
1.166
-0.009
3.705
1.764
0.819
4.404
3.194
1.724
3.701
0.610
-0.844
1.763
2.012
0.799
4.939
-1.626
-2.161
2.129
1.737
1.040
3.942
1.607
1.362
4.516
1.588
1.731
4.694
2.621
0.028
2.162
2.245
0.116
1.562
3.159
-0.096
2.670
2.925
0.154
1.861
3.433
0.736
2.504
1.504
-0.258
1.622
3.713
1.384
3.861
3.952
2.399
4.446
1.629
0.534
3.206
2.355
0.311
1.792
3.617
1.195
2.942
4.035
1.803
3.219
4.279
0.229
2.553
1.376
1.077
1.327
3.349
2.131
3.231
4.924
3.349
5.240
4.024
1.163
2.323
2.263
2.546
1.810
2.549
0.426
2.842
3.705
0.913
3.877
2.659
-1.312
3.716
-0.223
2.178
-0.547
3.791
0.033
1.394
-1.042
0.510
-3.602
3.637
-0.610
-0.464
-4.594
3.220
-1.341
0.965
-2.389
2.330
-1.163
3.645
-0.800
2.733
-1.799
4.370
-1.280
3.588
-3.901
2.974
-2.483
4.795
-1.266
1.404
-4.685
1.947
-2.387
1.955
-4.889
-1.394
-2.066
-1.786
-3.079
-2.577
-1.903
-0.016
-0.594
0.267
-0.672
-1.424
-2.010
-3.046
-4.238
-1.543
-1.867
-1.844
-2.510
-1.887
-2.499
1.785
0.528
0.748
0.925
0.314
0.702
-1.118
-0.325
0.008
-2.414
1.855
1.752
0.029
0.040
1.462
0.470
1.466
-0.551
-0.077
-1.817
1.272
0.353
0.620
0.240
-0.379
0.927
1.238
2.397
1.720
1.135
0.339
1.106
0.184
0.885
-2.603
-0.054
-0.948
0.335
-2.009
-1.485
0.094
0.281
-0.256
-1.154
-2.237
-0.831
0.637
-0.818
0.207
-1.722
-1.767
-0.099
1.415
1.308
-0.663
-1.197
-0.136
0.189
1.114
-0.445
-3.752
-3.925
-5.585
-3.109
-4.845
-4.924
-7.865
-4.532
-5.356
-3.398
-7.377
-4.942
-5.754
-4.561
-7.312
-5.972
-6.109
-5.504
-9.315
-5.341
-5.107
-4.116
-7.937
-4.793
-6.101
-4.795
-8.469
-6.746
-5.932
-4.034
-7.379
-5.744
-4.782
-5.162
-7.697
-5.202
-2.392
-2.878
-4.857
-3.311
-2.900
-5.716
-7.148
-6.129
-0.433
-4.111
-4.562
-6.538
-2.395
-3.689
-1.391
-4.484
0.580
-5.427
-3.247
-5.798
-3.320
-3.160
-5.301
-5.932
-1.574
-4.653
-4.161
-6.000
-2.650
-2.242
-6.080
-4.898
-2.010
-4.388
-3.766
-5.782
-0.467
-5.418
-4.007
-5.848
-3.128
-2.890
-6.516
-5.092
-1.267
-5.560
-2.152
-3.307
-2.633
-4.435
-3.670
-3.535
-2.565
-5.984
-3.715
-5.401
-4.828
-5.055
-3.683
-5.154
-4.629
-4.749
-4.960
-4.315
-3.906
-4.738
-5.336
-5.804
-3.930
-3.193
-4.193
-4.328
-4.261
-4.466
-4.436
-4.213
-5.775
-5.770
-4.752
-4.316
-4.054
-5.862
-5.801
-4.657
-6.233
-1.539
-1.659
-6.318
-7.852
-2.811
-1.992
-4.128
-8.356
-3.023
0.183
-6.758
-9.396
-2.687
-3.337
-7.388
-8.128
-1.732
-2.545
-5.716
-7.489
-2.654
-2.740
-7.095
-7.914
-1.385
-2.679
-5.843
-7.273
-2.461
-0.916
-5.258
-7.069
-2.017
-0.574
-7.052
-4.788
-1.594
-3.415
-4.955
-1.452
-5.604
-0.967
-4.100
-2.984
-4.395
-2.249
-2.038
-3.681
-6.061
-3.782
-4.123
-2.784
-4.278
-1.851
-2.347
-0.609
-5.792
-1.683
-3.849
-2.941
-3.102
-2.091
-4.105
-3.018
-4.170
-1.477
-5.640
-1.985
-7.993
-4.555
-5.548
-4.573
-7.872
-2.895
-9.968
-0.694
-3.553
-1.035
-4.465
-1.184
-1.420
-3.544
-5.395
-3.990
-5.431
-7.127
-8.017
-4.636
-4.220
-7.492
-6.467
-1.820
-3.755
-6.299
-8.248
-3.745
-4.068
-8.231
-7.776
-4.322
-3.312
-7.425
-7.211
-5.101
-3.558
-8.841
-8.531
-1.422
-4.041
-7.967
-7.036
-2.647
-3.222
-6.153
-6.025
-4.161
-2.898
-7.168
-7.584
-1.165
-6.529
-1.829
-3.491
-1.508
-7.373
-1.109
-0.840
-4.520
-7.400
-1.696
-1.927
-2.836
-6.894
-2.373
-4.787
-2.361
-7.476
-1.634
-1.643
-1.422
-5.868
-1.559
-1.832
-3.067
-6.121
-4.192
-2.871
-1.189
-5.874
-1.114
-1.610
-0.910
-4.562
-1.772
-2.084
-2.811
-7.674
-1.064
-2.735
-5.491
-4.551
-9.783
-1.829
-6.132
-1.805
-8.457
-3.656
-6.667
-2.440
-9.930
-1.668
-6.113
-1.740
-10.075
-3.985
-7.576
-4.304
-8.356
-1.133
-5.044
-3.707
-9.708
-2.056
-5.469
-3.076
-8.646
-2.705
-2.899
-1.871
-8.963
-1.862
-5.302
-0.892
-9.548
-1.836
-7.180
-3.444
-11.461
-3.131
-2.056
-6.671
-2.178
-5.563
-0.727
-2.077
-4.777
-6.239
-0.670
-3.514
-3.212
-5.868
-3.471
-6.174
-4.648
-7.399
-2.950
-4.575
-2.811
-4.335
-2.975
-3.594
-3.381
-6.308
-2.593
-2.230
-4.000
-5.867
-0.781
-2.552
-2.828
-5.594
-4.850
-2.575
-3.266
-7.966
-2.894
-5.708
-1.688
-4.471
-2.588
-4.357
-11.861
-6.953
-2.694
-1.968
-11.564
-5.331
-1.614
-0.970
-8.817
-2.825
-3.341
-1.845
-10.109
-3.932
-5.216
-2.395
-11.580
-4.078
-4.501
-2.780
-11.233
-4.400
-5.032
-2.714
-11.738
-3.867
-4.236
-3.857
-11.189
-3.711
-1.133
-3.553
-10.627
-3.915
-3.552
-2.268
-10.295
-3.825
-6.256
-2.412
-3.538
-1.178
-3.378
0.088
-6.588
-3.039
-7.425
-3.342
-6.467
-2.362
-6.365
-1.500
-4.606
-0.938
-7.544
-1.244
-5.302
-1.485
-5.117
-1.193
-5.297
-4.255
-4.771
-0.712
-6.078
-0.336
-2.418
-3.230
-5.290
-1.085
-4.415
-3.353
-7.880
-1.643
-5.499
-1.243
-4.619
-0.968
-7.722
-4.218
-5.888
-2.901
-6.027
-3.136
-5.018
-2.640
-2.874
-2.251
-5.298
-1.660
-5.635
-3.056
-6.347
-3.268
-3.654
-3.360
-6.861
-2.769
-4.080
-3.639
-4.018
-4.136
-2.452
-2.231
-4.288
-5.086
-2.656
-2.841
-4.167
-5.178
-2.690
-3.368
-3.102
-3.431
-2.206
-0.482
-4.798
-3.980
-4.297
-5.044
-3.293
-1.522
-3.829
-1.724
-4.268
-3.142
-5.343
-4.429
-2.386
-3.189
-3.598
-1.030
-4.684
-2.138
-1.175
-0.945
-6.345
-3.627
-1.993
-2.959
-4.259
-2.282
-2.108
-2.438
0.303
-1.328
-3.701
-2.877
-2.696
-1.652
-2.946
-3.399
-3.210
-0.838
0.104
-2.095
-0.263
-3.030
