-6.034
-5.467
-5.943
-4.843
-3.188
-4.373
-4.340
-4.795
-6.561
-6.707
-6.318
-5.279
-6.942
-5.338
-5.780
-5.443
-7.547
-3.708
-4.696
-3.901
-5.045
-5.391
-6.388
-3.443
-6.912
-4.478
-7.378
-5.861
-5.251
-3.249
-5.924
-5.018
-2.666
-1.388
-5.286
-4.185
-5.582
-2.775
-2.962
-3.678
-1.007
-2.743
-0.979
-4.767
-1.688
-4.787
-1.191
-5.610
-2.424
-7.822
-4.480
-5.165
-2.200
-3.378
-1.381
-6.669
-0.427
-2.846
-2.568
-7.076
-0.111
-3.465
-0.538
-3.106
3.182
-2.744
0.814
-4.131
1.286
-4.582
3.133
-1.075
2.088
-3.538
0.844
-4.275
1.475
-3.565
0.944
-2.562
3.977
-2.109
2.108
3.078
2.715
-0.170
2.418
1.808
4.023
0.142
3.375
2.768
4.494
0.778
1.996
2.232
3.262
0.232
2.085
2.985
3.876
0.108
2.936
2.109
2.588
-0.813
2.158
0.968
2.666
-2.627
0.865
1.581
3.643
0.737
3.151
2.991
4.307
0.353
3.578
3.688
4.529
0.329
2.962
2.608
3.893
-0.086
1.664
0.451
4.360
-0.006
2.322
-0.399
3.860
0.803
2.609
1.335
2.919
0.044
1.823
-0.102
3.841
-0.615
2.309
0.214
3.142
-0.777
0.097
-1.657
4.167
0.320
2.527
1.748
2.733
0.011
1.449
-0.009
3.238
0.187
2.700
1.329
4.235
-0.857
1.563
-0.114
3.928
0.197
2.037
0.042
4.983
0.682
3.614
1.294
3.959
-0.640
1.500
0.551
6.012
-0.029
2.516
1.295
4.898
-0.007
2.307
0.643
4.350
0.388
2.623
0.781
4.294
-1.273
1.049
-0.653
4.373
-0.369
1.490
0.626
2.737
-0.566
0.936
-3.310
0.373
1.947
2.328
1.843
1.291
0.402
1.865
3.616
1.431
0.377
2.236
3.881
0.764
-0.289
0.762
3.668
1.156
-0.165
2.046
3.254
0.814
0.220
0.449
1.906
0.682
-3.137
-0.898
1.937
0.624
-0.326
1.528
2.151
0.394
-1.451
-0.986
1.914
1.157
-0.044
1.533
1.104
3.487
5.896
0.576
2.211
3.226
3.876
1.645
3.770
3.541
5.084
0.123
1.866
3.576
3.930
1.575
2.349
3.025
3.381
-0.148
1.459
3.717
5.046
-0.702
1.636
3.421
5.068
1.570
2.879
2.195
2.484
0.082
1.589
2.783
5.257
0.888
2.715
2.947
4.935
1.009
2.914
0.009
-0.618
5.089
2.207
2.161
0.932
5.123
2.832
1.799
1.946
3.834
1.795
2.944
0.989
5.070
3.728
3.094
1.865
4.273
3.577
0.380
0.406
4.828
1.667
3.074
2.627
4.955
4.404
1.794
0.604
5.825
2.305
1.506
0.686
3.576
1.904
3.646
2.580
4.966
3.944
3.341
3.592
0.779
2.364
3.352
3.528
2.072
1.920
3.902
1.967
0.772
1.806
3.404
2.090
-0.283
1.177
0.802
0.514
-0.713
0.391
3.187
3.095
0.807
1.660
4.588
3.400
1.752
3.046
2.437
1.681
0.541
2.031
3.132
1.819
-0.790
1.135
2.369
2.659
0.473
2.139
4.994
3.821
2.289
3.136
4.902
1.821
0.691
3.175
5.547
2.867
1.733
3.478
4.833
1.927
1.517
3.425
3.749
2.920
2.162
3.698
3.468
2.089
1.482
1.977
4.956
0.542
0.124
1.998
3.714
1.317
0.212
2.217
4.149
2.281
0.362
2.506
4.167
1.644
0.584
3.022
-1.580
-2.004
-2.907
-0.702
-3.275
-2.478
-0.050
-2.292
-3.295
-0.745
-3.185
-2.165
-1.190
-2.925
-2.397
-2.991
-5.330
-5.719
-1.291
-3.596
-1.052
-0.122
-1.604
-0.975
-1.339
-2.112
-2.259
0.129
-2.299
-3.701
2.753
1.463
-1.303
4.273
1.622
-2.505
3.607
0.708
-1.394
4.697
2.314
0.050
2.612
-0.037
-2.714
3.522
1.917
-1.866
1.936
0.174
-2.019
-0.262
-2.050
-4.410
4.806
1.575
-1.844
2.306
1.030
-4.486
2.527
0.699
-0.101
2.176
0.029
1.451
2.832
0.934
0.261
1.850
0.235
-1.506
0.596
-2.210
-2.000
2.434
-0.236
-1.211
0.350
-2.394
-0.909
-0.612
-1.880
-0.422
3.174
1.387
0.197
1.158
-1.263
-1.731
0.343
-1.293
-1.233
1.523
0.112
-0.376
0.122
-1.674
-0.430
-2.028
-1.109
-2.721
0.432
-0.470
0.661
1.047
0.082
-1.131
1.612
-0.223
-1.796
2.438
1.501
-0.027
1.207
0.569
-0.895
2.390
1.166
0.336
-3.588
-2.061
-0.031
-1.423
-1.294
0.211
-1.485
-0.779
0.327
-0.547
-3.738
-1.038
-1.799
-0.312
-0.179
-0.014
-3.391
-1.098
-1.002
-1.731
-0.416
-1.168
-1.010
-3.346
2.280
0.403
1.074
0.525
1.496
1.527
2.100
0.870
-0.868
3.886
2.595
1.168
1.953
-0.082
-0.473
1.373
-0.447
-1.502
2.931
1.566
-0.440
1.028
-0.031
0.070
3.880
2.930
2.261
1.105
0.769
1.104
2.919
0.390
0.161
0.716
-0.258
-1.602
-6.420
-4.491
-5.991
-8.235
-5.664
-7.047
-4.542
-4.969
-7.700
-7.062
-7.914
-6.786
-6.669
-7.524
-7.158
-6.223
-5.015
-4.035
-8.181
-7.309
-6.222
-6.017
-5.781
-9.250
-5.980
-9.126
-6.960
-8.562
-8.834
-7.932
-5.527
-4.335
-5.385
-6.089
-3.764
-4.742
-2.501
-3.136
-5.225
-4.156
-5.449
-3.405
-5.319
-9.670
-4.839
-5.723
-3.766
-4.837
-6.825
-6.270
-7.343
-6.501
-7.238
-6.172
-7.877
-9.360
-5.962
-7.324
-5.197
-7.938
-7.378
-4.749
-4.793
-3.577
-6.182
-8.115
-5.432
-5.608
-4.699
-6.731
-8.416
-6.087
-7.376
-6.741
-8.403
-9.263
-6.396
-6.623
-5.981
-7.670
-6.649
-7.269
-6.550
-6.461
-6.755
-5.211
-5.159
-5.591
-4.278
-6.731
-5.319
-4.779
-3.705
-4.402
-4.773
-8.087
-5.510
-6.170
-5.340
-8.310
-4.236
-1.010
-2.185
-6.607
-2.706
-5.281
-3.144
-2.390
-7.523
-2.402
-5.418
-4.378
-3.558
-8.953
-1.548
-4.036
-1.095
-2.897
-8.414
-1.533
-2.311
-5.635
-1.123
-8.178
-2.795
-5.218
-2.879
-2.224
-7.001
-3.117
-3.605
-3.625
-2.528
-8.169
-2.027
-4.479
-3.139
-3.950
-6.926
-2.451
-3.263
-2.422
-1.872
-6.904
-1.315
-7.311
-5.237
-3.490
-11.855
-5.502
-8.132
-5.196
-7.576
-4.529
-3.327
-4.333
-4.035
-5.006
-4.368
-3.051
-4.004
-3.997
-4.933
-2.738
-4.226
-6.101
-3.715
-4.517
-5.282
-4.547
-3.877
-4.301
-4.526
-4.427
-3.936
-2.857
-3.184
-3.229
-1.492
-2.564
-4.892
-7.867
-5.676
-9.333
-6.844
-4.744
-3.475
-4.917
-3.159
-2.272
-5.110
-3.553
-4.354
-6.388
-3.162
-6.278
-3.095
-5.599
-5.233
-2.117
-3.083
-6.455
-5.220
-4.392
-5.829
-2.923
-3.792
-3.422
-2.097
-5.199
-4.507
-5.400
-2.794
-3.041
-6.346
-4.828
-4.442
-3.698
-5.130
-6.931
-3.631
-4.777
-0.835
-2.007
-4.167
-3.600
-6.481
-3.632
-2.084
-5.701
-4.058
-2.027
-2.064
-4.309
-5.026
-5.813
-6.132
-5.905
-3.191
-6.041
-3.974
-3.643
-3.189
-3.773
-5.223
-4.667
-5.010
-3.275
-7.344
-7.442
0.744
1.363
-5.980
-0.177
-2.203
1.383
0.721
-5.474
-1.526
-6.356
0.711
3.046
-6.466
-0.151
-4.195
-0.867
-0.818
-9.092
-0.066
-4.931
-1.770
0.159
-8.083
1.081
-2.463
0.171
0.368
-5.774
-0.118
-4.337
0.659
-0.215
-7.683
0.627
-5.290
0.661
1.050
-5.527
-0.002
-2.923
1.872
0.630
-6.294
-0.532
-4.269
0.536
-2.063
-6.735
-0.712
-4.324
-7.340
-5.400
-9.627
-4.192
-5.193
-4.593
-3.920
-9.961
-1.853
-2.832
-5.829
-5.992
-8.688
-5.809
-5.298
-4.758
-6.311
-9.406
-4.087
-5.540
-4.993
-2.904
-8.078
-1.683
-1.871
-3.449
-5.056
-8.607
-3.520
-5.265
-6.111
-5.587
-9.323
-3.655
-3.668
-4.029
-5.806
-9.375
-3.537
-6.395
-6.091
-3.865
-9.669
-3.538
-2.916
-5.651
-4.369
-11.073
-4.537
-6.462
-0.357
-1.838
-1.070
-7.023
-6.534
-0.289
-2.433
-3.096
-6.498
-9.969
-0.840
-4.845
-1.236
-7.435
-8.999
0.680
-2.564
-4.027
-3.668
-6.124
0.718
-2.405
-4.126
-3.292
-6.665
-2.017
-5.631
-2.685
-4.880
-8.102
-1.892
-3.634
-1.882
-6.719
-6.612
-1.827
-1.383
-1.383
-4.053
-6.523
1.648
-0.978
-2.864
-3.391
-5.996
-0.461
-3.203
-3.412
-2.352
-6.028
-3.223
-1.302
-8.663
-4.173
-2.638
0.266
-0.502
-6.668
-4.340
-4.299
-2.433
-0.514
-8.765
-4.669
-2.947
-0.886
-2.237
-7.089
-3.657
-4.392
-5.681
-1.577
-11.334
-2.805
-3.371
-0.418
-0.368
-6.245
-4.255
-1.993
-2.758
-1.857
-7.072
-3.380
-2.502
0.049
-0.474
-6.211
-4.158
-3.858
-2.670
-0.400
-4.873
-5.071
-2.639
-2.855
-2.469
-7.091
-3.330
-2.916
-0.106
0.881
-0.535
-4.128
-4.290
-0.700
-0.103
-1.417
-2.506
-3.364
0.791
0.634
-1.811
-3.763
-4.077
0.398
-1.042
0.631
-4.705
-4.847
0.896
-0.054
0.550
-4.016
-4.234
0.431
-1.933
-4.776
-3.378
-2.675
-0.523
-1.272
-4.681
-2.080
-4.207
0.280
0.800
-1.199
-2.977
-2.014
-0.737
0.842
-4.074
-2.926
-4.667
-1.115
-0.166
-3.505
-4.180
-4.688
-3.658
-4.931
-3.612
-4.989
-6.568
-5.694
-2.972
-8.583
-4.964
-3.757
-7.435
-4.278
-5.391
-5.246
-4.868
-3.356
-7.524
-5.810
-5.993
-5.591
-2.576
-3.787
-4.283
-4.940
-3.725
-4.880
-5.242
-1.899
-5.283
-5.185
-12.377
-6.919
-5.510
-8.435
-3.764
-2.204
-10.121
-4.066
-2.603
-12.277
-5.677
-4.838
-9.862
-3.588
-1.175
-11.822
-4.751
-4.422
-11.618
-4.018
-1.729
-9.116
-5.132
-2.132
-10.910
-5.085
-4.630
-12.052
-4.755
-1.921
-4.595
-6.720
-4.152
-7.420
-4.890
-3.396
-5.095
-4.940
-2.405
-5.251
-4.195
-1.752
-4.809
-4.817
-3.017
-5.205
-5.973
-3.654
-3.698
-5.906
-1.231
-5.449
-5.543
-3.240
-4.639
-3.688
-3.571
-3.879
-5.243
-1.731
-2.135
-2.015
-3.830
-1.842
-2.658
-3.583
-2.982
-2.475
-4.436
-1.216
-2.843
-5.319
-1.433
-3.402
-5.035
-0.101
-1.985
-3.917
-1.787
-3.267
-5.649
-1.855
-1.829
-3.950
-1.782
-0.177
-2.408
-1.685
-2.903
-3.626
-3.324
-6.428
-6.094
-2.711
-4.856
-5.239
-3.491
-4.713
-5.537
-3.307
-3.713
-5.388
-4.198
-2.155
-3.369
-1.716
-4.663
-5.687
-3.194
-4.245
-4.536
-4.464
-4.562
-6.070
-3.419
-5.137
-5.523
-5.383
-4.085
-3.929
-5.439
-3.679
-7.214
-3.005
-1.331
-6.133
-6.581
-1.487
-4.417
-4.360
-2.490
-5.929
-4.104
-1.230
-7.330
-5.837
-2.692
-6.852
-6.348
-0.543
-4.940
-8.076
-2.329
-6.593
-7.837
-3.023
-6.587
-4.385
-2.211
-6.469
