-12.033
-8.150
-9.601
-10.683
-8.577
-8.732
-14.520
-7.738
-7.315
-6.506
-5.419
-9.892
-9.369
-12.225
-4.857
-7.952
-10.466
-12.648
-6.946
-5.796
-1.735
-2.895
-5.205
-6.606
-3.575
-5.892
-5.599
-1.326
-5.179
-6.543
-2.328
-7.084
-6.921
-5.842
-0.234
-7.782
-6.363
-1.126
-2.828
-3.487
-9.479
-1.442
-10.987
-11.875
-2.545
-9.463
-9.138
-2.143
-8.965
-10.285
-0.735
-12.952
-13.626
-1.293
-10.156
-9.891
-0.992
-12.137
-8.955
-2.237
-8.346
-9.530
-2.006
-11.154
-7.612
-5.757
-11.680
-10.258
-5.295
-12.866
-7.070
-7.489
-13.932
-5.971
-6.989
-12.051
-9.774
-8.817
-10.393
-3.142
-10.330
-7.491
-10.822
-9.276
-5.844
-12.525
-4.615
-8.056
-11.211
-12.642
-6.550
-7.323
-7.775
-9.873
-7.392
-5.708
-8.898
-8.330
-6.073
-7.615
-11.064
-9.706
-9.046
-11.176
-8.964
-10.486
-11.628
-9.939
-8.862
-13.474
-9.261
-10.682
-10.685
-7.546
-11.807
-12.085
-10.961
-12.012
-11.577
-7.788
-9.238
-11.435
-6.090
-9.748
-13.867
-6.559
-9.704
-12.449
-7.007
-12.996
-9.842
-16.621
-10.904
-5.233
-10.501
-5.774
-10.485
-14.911
-10.255
-10.868
-11.541
-5.405
-10.302
-11.765
-8.299
-11.382
-15.522
-12.037
-10.495
-14.400
-8.319
-8.750
-11.986
-10.301
-10.778
-13.870
-8.815
-9.353
-12.818
-11.246
-5.012
-8.740
-2.601
-5.071
-8.814
1.105
-1.870
-4.708
-4.191
-3.759
-7.994
-3.643
-5.986
-6.109
-3.743
-7.348
-5.957
-3.548
-5.204
-6.349
-0.783
-8.589
-8.522
-1.652
-8.156
-9.222
-4.019
-6.271
-7.484
-3.901
-10.778
-8.689
-0.984
-10.055
-9.512
-0.421
-10.856
-9.176
-0.499
-6.936
-6.378
-0.165
-13.476
-8.745
-1.935
-11.011
-9.885
-0.783
-13.018
-9.257
0.434
-11.219
-10.588
-1.454
-12.952
-10.001
-3.031
-12.537
-8.197
-2.538
-4.978
-8.642
-8.266
-0.930
-4.832
-5.856
-4.069
-9.217
-4.101
-2.287
-7.237
-7.509
-2.276
-5.676
-7.274
-1.496
-4.827
-5.595
-3.198
-5.893
-5.901
-4.439
-7.444
-5.866
-1.932
-5.563
-4.768
-6.510
-5.371
-5.485
-5.788
-8.483
-9.579
-3.770
-6.861
-4.399
-5.708
-7.610
-6.868
-4.099
-7.607
-7.897
-4.416
-7.135
-8.856
-2.782
-8.108
-5.607
-5.354
-5.018
-7.822
-2.419
-6.472
-8.086
-4.958
-8.936
-9.454
-5.402
-6.445
-5.829
-5.668
-9.419
-7.182
-8.972
-6.953
-10.354
-9.640
-8.744
-9.104
-5.731
-5.742
-10.345
-8.851
-7.784
-7.973
-8.943
-2.372
-11.734
-5.443
-9.394
-5.559
-9.468
-3.953
-8.858
-4.216
-11.459
-3.114
-8.733
-2.170
-9.451
-3.214
-8.860
-5.453
-9.973
-4.466
-9.932
-10.758
-9.899
-9.654
-11.593
-13.495
-9.002
-10.719
-12.201
-13.096
-6.943
-10.041
-8.229
-12.700
-9.790
-13.328
-7.631
-11.958
-13.065
-11.631
-8.066
-9.753
-11.298
-14.046
-9.514
-5.315
-8.192
-3.843
-4.182
-5.521
-5.509
-5.490
-6.703
-3.407
-8.543
-3.064
-7.032
-7.826
-7.472
-4.197
-7.420
-4.280
-9.004
-6.834
-9.384
-8.022
-8.268
-6.394
-5.152
-8.536
-8.023
-7.654
-2.143
-3.453
-5.929
-8.593
-9.228
-9.930
-4.886
-7.252
-7.251
-7.877
-6.780
-7.004
-5.673
-5.487
-11.459
-5.755
-8.095
-12.024
-5.716
-5.952
-8.702
-4.099
-8.456
-8.687
-10.388
-8.881
-9.522
-6.084
-7.902
-9.042
-7.270
-5.469
-11.841
-8.443
-7.730
-11.184
-12.218
-7.377
-10.551
-12.087
-10.455
-10.397
-7.597
-11.734
-10.016
-8.633
-9.682
-9.686
-13.975
-10.354
-8.406
-12.882
-12.332
-7.890
-8.968
-12.390
-12.780
-10.690
-12.559
-16.241
-11.747
-8.386
-8.263
-10.488
-14.626
-11.906
-10.959
-12.674
-16.256
-10.088
-10.704
-13.264
-10.299
-12.229
-15.488
-13.376
-8.827
-4.108
-9.331
-11.142
-12.532
-9.185
-10.594
-10.326
-15.015
-3.888
-11.757
-12.250
-15.565
-5.750
-12.036
-11.700
-12.960
-5.511
-10.682
-7.579
-13.861
-7.347
-10.483
-12.697
-14.789
-8.319
-11.304
-5.429
-15.769
-4.200
-12.702
-11.669
-15.095
-9.376
-7.868
-12.857
-13.995
-8.331
-7.850
-10.070
-9.447
-6.515
-14.685
-8.560
-2.259
-8.215
-16.092
-10.116
-9.592
-9.638
-11.231
-8.750
-7.944
-9.186
-12.752
-10.926
-8.653
-5.248
-13.923
-13.522
-10.465
-8.896
-11.968
-11.773
-5.512
-6.184
-10.974
-12.680
-7.098
-9.418
-15.818
-12.305
-6.020
-11.644
-11.557
-11.389
-10.416
-10.774
-1.761
-10.717
-11.158
-11.816
-4.767
-5.285
-7.799
-13.446
-6.998
-5.977
-9.105
-10.651
-5.232
-7.179
-10.689
-11.309
-4.201
-5.076
-8.440
-12.202
-4.564
-8.606
-7.986
-13.908
-4.814
-7.211
-6.871
-12.211
-5.652
-8.471
-10.483
-11.392
-3.334
-6.094
-7.172
-10.359
-6.268
-9.319
-9.747
-6.619
-8.479
-9.506
-5.219
-8.198
-7.702
-7.127
-4.452
-4.719
-9.803
-9.092
-3.663
-4.530
-10.160
-5.427
-4.716
-3.580
-9.856
-5.466
-6.245
-5.110
-8.511
-6.116
-5.884
-5.479
-8.529
-5.722
-5.301
-6.248
-17.886
-6.208
-5.209
-4.099
-10.961
-7.494
-10.390
-5.473
-10.929
-7.698
-6.989
-6.506
-7.257
-9.927
-10.525
-8.405
-11.402
-12.196
-14.601
-9.987
-9.462
-10.888
-11.107
-2.998
-10.303
-10.304
-11.330
-7.179
-6.480
-9.749
-11.511
-8.841
-7.764
-10.251
-11.508
-10.370
-10.808
-13.535
-10.359
-7.735
-10.226
-9.866
-13.215
-6.707
-8.423
-10.089
-12.865
-9.606
-7.931
-7.761
-14.322
-8.736
-13.010
-7.333
-12.737
-8.054
-11.105
-7.114
-8.802
-10.775
-12.796
-6.389
-11.934
-7.960
-12.643
-6.515
-14.472
-10.450
-14.504
-8.861
-9.659
-8.095
-12.032
-4.454
-9.265
-8.979
-8.717
-6.869
-9.027
-9.320
-10.419
-7.929
-13.162
-13.467
-11.989
-10.862
-9.382
-10.223
-13.736
-3.550
-8.042
-10.403
-7.878
-10.540
-7.050
-10.878
-6.528
-9.679
-9.627
-10.345
-8.473
-9.477
-6.470
-10.966
-5.962
-13.420
-7.334
-9.385
-8.116
-9.558
-5.449
-10.335
-8.515
-9.239
-8.419
-10.009
-6.338
-10.477
-6.932
-11.957
-8.061
-12.465
-8.349
-11.290
-5.436
-9.756
-7.604
-9.541
-9.552
-10.372
-8.364
-5.300
-9.057
-3.463
-15.596
-8.235
-5.258
-9.442
-14.985
-7.188
-9.142
-4.453
-14.877
-9.304
-9.408
-7.915
-14.508
-8.951
-7.321
-7.734
-14.252
-6.896
-4.139
-5.350
-10.996
-8.402
-11.005
-6.611
-16.437
-9.473
-9.334
-4.002
-14.071
-7.280
-7.413
-5.421
-15.500
-8.749
-6.849
-7.966
-9.171
-4.667
-5.073
-8.880
-11.248
-4.598
-5.023
-13.000
-13.418
-6.132
-6.069
-11.040
-9.275
-8.888
-4.024
-13.757
-13.498
-5.468
-4.015
-12.573
-10.587
-6.398
-4.514
-12.861
-6.984
-4.870
-2.012
-12.365
-8.272
-9.625
-5.951
-12.988
-11.608
-5.464
-8.141
-10.916
-13.113
-5.640
-5.621
-10.757
-12.523
-10.633
-9.120
-11.131
-10.382
-9.405
-6.800
-12.316
-8.703
-10.153
-9.277
-11.504
-10.021
-9.939
-9.138
-12.352
-8.214
-12.711
-8.988
-14.787
-9.204
-12.084
-7.386
-10.386
-7.325
-10.744
-5.410
-13.841
-2.912
-8.395
-8.513
-12.825
-5.915
-13.255
-5.990
-9.660
-5.548
-13.128
-6.156
-12.173
-5.189
-8.121
-5.022
-7.753
-4.542
-8.360
-9.503
-7.777
-7.428
-5.503
-5.824
-6.497
-5.255
-8.687
-6.932
-11.938
-5.170
-8.741
-7.049
-8.396
-9.789
-9.610
-10.117
-11.834
-9.007
-12.109
-6.427
-9.058
-8.563
-10.983
-7.556
-11.003
-6.263
-7.577
-9.040
-8.781
-7.503
-9.170
-10.568
-8.307
-6.628
-9.974
-9.977
-12.624
-9.318
-9.632
-7.216
-8.938
-8.171
-6.806
-7.512
-8.562
-9.106
-9.011
-4.668
-9.017
-5.587
-12.245
-6.847
-8.951
-10.046
-10.793
-8.611
-10.102
-6.974
-6.558
-7.777
-6.332
-8.798
-10.388
-10.780
-9.838
-9.734
-4.682
-11.784
-11.046
-8.598
-4.658
-10.175
-7.508
-8.502
