6.030
13.665
4.373
10.236
10.500
10.704
4.772
12.590
5.932
9.409
13.135
12.340
12.141
-5.434
9.784
11.323
9.149
6.959
2.459
9.383
13.679
14.369
8.171
11.855
14.769
11.540
11.232
12.441
12.072
12.771
11.241
13.359
8.419
8.142
13.022
4.794
2.105
17.510
11.070
8.733
14.671
11.672
10.920
15.794
11.176
13.353
11.615
9.229
11.257
2.814
14.117
10.192
4.527
6.987
0.255
5.269
-8.154
13.086
8.804
3.664
-2.332
-0.889
-13.504
-2.148
-2.983
-3.573
-2.964
-5.268
-0.876
-4.404
9.131
0.022
6.976
6.068
-10.042
8.141
-8.051
5.101
-14.077
3.544
8.103
11.960
6.534
2.527
10.011
4.685
9.818
7.126
8.505
9.761
6.042
12.174
8.528
6.756
14.195
10.870
8.252
4.869
8.727
10.610
1.341
0.460
-0.266
-0.307
-5.558
-1.278
-7.841
-2.988
-4.278
-9.707
9.779
8.564
7.012
7.748
8.622
6.830
9.582
5.427
8.766
8.087
0.653
-4.119
2.119
9.886
7.395
3.397
5.369
5.308
6.587
3.397
4.272
8.748
10.738
9.303
8.153
6.536
11.324
12.692
8.342
9.756
9.113
-0.437
10.331
0.351
-13.957
7.792
-18.222
8.332
-27.148
6.123
12.015
13.135
6.480
6.735
14.572
7.012
9.456
9.085
9.758
14.293
10.131
8.070
6.175
0.468
7.358
13.431
3.767
11.329
10.032
5.942
7.854
7.593
2.368
6.118
5.441
6.347
8.983
7.971
0.400
10.371
6.639
9.698
12.907
10.860
11.211
14.439
9.335
13.100
11.312
4.912
-14.073
4.855
9.323
7.244
5.589
7.975
7.798
11.478
-0.079
2.554
10.759
16.446
7.978
8.832
10.167
9.940
13.642
13.254
16.161
10.951
5.868
10.638
7.459
12.588
10.888
8.671
9.239
9.025
9.070
9.276
11.909
16.763
10.175
10.701
10.609
7.007
13.117
3.350
2.726
16.033
12.638
13.488
12.426
9.410
14.612
12.183
12.018
13.679
17.750
18.270
11.413
10.632
3.856
9.540
10.467
9.715
12.559
12.778
9.825
11.510
16.580
13.066
18.624
8.554
17.542
19.933
12.161
13.873
13.297
4.071
9.332
6.439
12.449
8.218
13.418
11.855
12.924
11.269
7.200
5.979
9.886
14.386
11.616
7.252
11.536
11.222
10.351
7.269
8.482
11.234
8.592
8.263
14.549
12.013
14.402
15.107
13.762
11.096
6.328
12.351
11.265
9.319
10.201
11.902
12.021
12.622
9.846
4.120
13.089
10.617
10.871
12.024
14.460
-0.926
10.653
11.367
11.513
8.567
4.472
6.750
8.861
5.413
8.273
9.399
1.228
8.508
12.998
13.359
10.286
9.351
11.174
11.156
11.101
11.582
10.833
9.681
7.188
4.115
12.466
6.348
8.263
14.041
7.687
5.897
6.559
10.757
10.361
9.697
7.527
13.852
