-24.514
-21.092
-9.149
-25.028
-13.120
-20.643
-20.243
-19.514
-15.432
-10.178
-14.276
-17.434
-14.582
-10.262
-10.316
-15.005
-16.570
-13.877
-16.659
-13.879
-7.733
-10.604
-12.089
-7.034
-10.658
-4.831
-6.483
-7.261
-7.455
-8.891
-4.630
-1.543
-3.322
2.111
-2.151
-6.657
-10.423
-0.209
-2.738
-5.276
-17.729
-6.891
-23.691
-13.749
-2.714
-18.749
-15.338
-4.078
-20.074
-12.786
-3.504
-21.280
-17.664
-5.575
-21.415
-15.565
-3.809
-20.243
-17.675
-7.224
-18.766
-13.536
-5.821
-19.039
-12.699
-10.383
-18.255
-11.456
-11.026
-24.453
-9.180
-10.443
-19.988
-6.892
-7.355
-18.062
-12.576
-14.787
-17.433
-4.541
-13.776
-11.871
-15.039
-14.422
-8.911
-17.729
-7.616
-11.799
-18.371
-16.874
-12.151
-1.753
-9.361
-15.643
-6.211
-7.115
-15.647
-13.308
-11.459
-18.116
-21.509
-15.823
-16.911
-24.436
-15.102
-26.496
-25.524
-22.469
-21.533
-21.325
-12.261
-26.252
-19.863
-11.715
-23.225
-19.195
-13.727
-22.129
-28.467
-19.241
-19.350
-20.720
-15.345
-26.028
-24.300
-14.131
-28.423
-18.890
-13.448
-25.054
-28.680
-33.835
-21.888
-21.746
-21.386
-14.084
-26.621
-27.750
-19.066
-21.603
-28.485
-18.022
-15.399
-24.639
-17.189
-22.449
-31.040
-17.097
-16.949
-24.080
-13.850
-22.113
-25.934
-16.992
-23.335
-27.519
-17.314
-20.207
-29.166
-21.032
-8.625
-11.670
-0.905
-3.786
-13.971
1.981
-3.557
-12.046
-7.739
-7.294
-16.659
-5.980
-0.562
-7.505
0.463
-6.110
-12.568
-2.608
-0.995
-8.810
2.866
-11.979
-17.793
-0.113
-6.438
-18.832
-1.955
-7.237
-17.503
-3.885
-10.621
-10.341
-0.025
-11.136
-13.724
-2.280
-15.284
-17.239
-0.343
-10.718
-12.133
-2.459
-11.994
-14.650
3.525
-9.065
-8.628
-1.486
-7.854
-11.838
3.263
-8.106
-11.484
-0.587
-11.559
-5.456
-2.715
-14.260
-12.739
0.255
-8.441
-15.663
-9.108
-3.921
-11.616
-10.322
-4.831
-13.880
-5.267
-7.309
-8.196
-6.923
-6.956
-12.693
-9.348
-5.390
-16.993
-12.905
-5.522
-19.687
-15.225
-4.309
-8.609
-1.599
-8.351
-19.598
-10.813
-6.491
-20.243
-12.086
6.105
-12.291
-5.378
2.345
-8.198
-3.185
-1.506
-11.198
-8.466
-6.778
-11.868
-11.148
-0.578
-8.359
-9.532
-1.989
-8.784
-9.986
2.957
-5.269
-8.195
-4.099
-5.834
-6.000
-3.878
-14.642
-9.487
-0.846
-2.286
-0.588
-1.585
-24.310
-13.563
-29.413
-15.074
-20.419
-5.623
-20.142
-10.931
-14.093
-7.754
-21.947
-9.670
-21.293
-7.332
-22.707
-3.323
-23.654
-4.861
-25.605
-9.967
-20.386
0.031
-25.868
-7.586
-31.950
-5.251
-24.474
-8.617
-24.524
-9.381
-27.118
-5.817
-25.606
-7.694
-23.943
-14.704
-27.571
-14.090
-28.963
-28.771
-20.647
-25.097
-22.478
-28.348
-18.495
-23.607
-18.170
-20.472
-22.039
-23.201
-14.050
-23.678
-24.273
-24.492
-16.576
-28.844
-23.730
-23.157
-24.385
-9.283
-8.719
-16.637
-11.532
-15.935
-14.307
-11.974
-17.200
-14.759
-17.070
-9.291
-11.565
-17.539
-15.672
-14.069
-7.673
-10.506
-13.025
-20.402
-17.443
-13.012
-13.451
-16.237
-6.344
-16.651
-9.429
-7.505
-5.527
-7.405
-14.547
-8.951
-5.832
-10.528
-6.690
-13.181
-12.740
-16.374
-13.304
-17.480
-10.111
-15.154
-14.930
-9.482
-7.707
-20.144
-3.594
-15.966
-15.327
-8.927
-11.288
-21.006
-15.873
-12.099
-7.600
-15.174
-10.582
-14.165
-4.190
-12.398
-11.486
-21.948
-11.726
-21.140
-18.656
-20.681
-22.143
-28.534
-21.527
-20.492
-15.686
-22.148
-14.424
-23.119
-19.907
-27.225
-24.790
-20.559
-18.881
-30.063
-17.693
-22.349
-16.674
-22.914
-22.095
-21.873
-23.427
-30.140
-22.754
-16.295
-11.802
-20.880
-17.952
-17.926
-16.715
-23.337
-16.823
-17.182
-12.618
-24.702
-16.838
-26.889
-26.205
-26.418
-29.843
-21.328
-17.764
-25.458
-31.745
-21.921
-17.468
-13.729
-25.489
-22.800
-17.079
-20.150
-27.828
-16.919
-11.766
-10.514
-21.481
-18.527
-19.457
-21.319
-28.747
-17.251
-8.687
-20.296
-22.952
-18.134
-17.063
-10.205
-28.502
-20.515
-24.044
-24.309
-32.904
-20.428
-11.443
-21.858
-22.547
-11.311
-17.835
-13.197
-18.926
-13.223
-24.802
-17.890
-11.764
-17.643
-26.622
-20.865
-23.710
-14.048
-16.897
-14.172
-19.194
-18.222
-19.725
-20.993
-18.630
-8.735
-19.454
-18.982
-22.078
-16.270
-17.001
-18.371
-16.623
-14.612
-21.767
-23.572
-19.093
-9.987
-20.321
-19.882
-12.233
-19.179
-19.608
-18.795
-21.026
-18.661
-11.541
-11.013
-15.869
-20.605
-7.359
-9.792
-8.601
-29.351
-13.700
-10.429
-18.260
-27.463
-14.497
-9.518
-20.051
-21.102
-10.282
-3.048
-10.709
-26.887
-16.999
-13.913
-18.139
-27.370
-12.373
-9.791
-18.199
-24.281
-11.649
-5.330
-15.539
-21.339
-10.961
-8.094
-16.777
-23.131
-14.977
-15.976
-17.908
-11.967
-14.993
-15.910
-12.543
-12.170
-11.130
-8.488
-10.248
-11.652
-21.438
-16.981
-13.060
-11.346
-17.769
-14.637
-13.219
-9.259
-16.896
-9.021
-14.553
-15.469
-15.247
-14.811
-16.254
-10.844
-15.479
-10.375
-17.839
-19.140
-25.735
-15.453
-15.152
-17.323
-17.045
-9.032
-24.150
-9.193
-21.153
-12.396
-15.967
-17.389
-8.191
-24.985
-19.510
-22.895
-20.376
-25.409
-26.454
-26.347
-13.858
-25.367
-22.318
-11.372
-13.504
-21.898
-25.022
-24.530
-7.231
-22.670
-16.815
-21.795
-4.860
-20.101
-16.641
-24.308
-17.113
-25.732
-25.592
-18.495
-16.474
-22.911
-22.011
-24.905
-6.959
-24.230
-20.769
-24.416
-10.796
-20.899
-14.059
-18.888
-23.066
-12.105
-17.250
-20.326
-21.358
-8.480
-9.682
-25.139
-28.797
-9.222
-20.170
-15.200
-23.366
-11.765
-16.082
-24.046
-19.575
-7.956
-13.809
-14.845
-22.762
-11.050
-20.273
-16.941
-17.468
-12.650
-17.914
-22.242
-20.996
-12.280
-19.430
-14.680
-23.002
-12.054
-20.306
-22.001
-23.918
-13.031
-15.200
-19.423
-17.007
-18.701
-14.388
-19.582
-16.698
-21.266
-16.031
-26.140
-13.692
-16.469
-9.520
-18.774
-11.897
-21.494
-9.728
-22.323
-17.503
-21.222
-10.005
-21.042
-15.916
-19.342
-10.795
-14.128
-12.088
-20.706
-10.543
-21.681
-11.215
-18.318
-15.230
-25.101
-13.284
-15.242
-12.970
-24.966
-17.990
-20.247
-17.791
-10.526
-25.643
-8.296
-28.333
-7.031
-14.978
-15.781
-23.559
-6.209
-25.853
-12.831
-29.537
-12.642
-20.590
-10.729
-28.014
-8.387
-20.112
-14.975
-23.365
-8.865
-17.628
-8.561
-26.722
-7.215
-21.360
-12.181
-26.533
-1.368
-16.705
-8.622
-30.935
-16.764
-23.749
-10.872
-27.972
-12.395
-18.983
-13.864
-19.959
-10.332
-14.211
-24.373
-22.504
-8.978
-11.547
-24.815
-20.519
-11.980
-13.330
-21.199
-22.023
-22.419
-17.112
-24.501
-23.056
-11.206
-11.064
-27.082
-20.929
-10.629
-14.117
-28.293
-12.123
-12.375
-6.205
-20.634
-14.970
-16.216
-14.116
-22.869
-22.037
-9.457
-14.515
-24.565
-20.741
-15.533
-17.130
-24.843
-23.540
-23.027
-13.206
-16.645
-8.601
-13.287
-3.242
-19.676
-11.264
-20.189
-9.531
-22.738
-13.771
-24.954
-9.608
-25.564
-10.813
-26.399
-16.293
-25.394
-10.546
-14.350
-7.128
-19.393
-13.359
-14.638
-15.773
-18.504
-4.360
-10.022
-12.008
-19.156
-14.395
-14.963
-17.487
-24.552
-17.205
-21.138
-10.057
-17.260
-14.562
-25.991
-16.410
-23.577
-13.545
-25.026
-17.157
-28.504
-20.151
-16.560
-13.251
-24.164
-16.499
-23.944
-17.180
-28.023
-13.892
-28.106
-16.351
-20.598
-19.401
-13.313
-16.154
-13.264
-18.154
-9.802
-7.490
-11.497
-15.307
-15.597
-11.887
-11.406
-15.045
-8.645
-12.105
-13.492
-9.756
-10.797
-12.782
-15.347
-11.400
-9.030
-13.639
-16.391
-14.439
-19.252
-11.602
-20.732
-17.734
-16.063
-13.527
-13.682
-15.670
-14.915
-9.436
-16.178
-15.467
-13.914
-9.686
-21.384
-20.727
-15.441
-14.715
-20.491
-16.826
-19.315
-7.876
-9.270
-14.519
-14.481
-15.931
-18.563
-15.543
-14.357
-15.965
-18.239
-11.044
-13.969
-16.244
-8.901
-7.054
