-23.920
-18.440
-19.002
-21.128
-21.187
-21.899
-22.408
-23.451
-23.893
-22.734
-29.967
-22.995
-24.326
-25.880
-26.201
-22.581
-26.132
-17.661
-16.603
-16.213
-22.753
-22.778
-27.491
-18.107
-28.671
-22.441
-25.210
-21.340
-19.752
-18.546
-34.430
-22.701
-21.162
-12.068
-33.850
-22.945
-20.344
-19.172
-22.349
-20.317
-11.796
-7.922
-8.185
-20.736
-15.193
-18.412
-12.215
-18.512
-15.007
-17.494
-16.275
-15.956
-20.782
-15.711
-20.582
-23.280
-15.408
-17.763
-18.047
-25.646
-12.611
-19.030
-12.283
-19.007
-13.100
-18.634
-16.880
-18.441
-12.512
-16.476
-8.172
-13.122
-9.957
-12.951
-11.946
-17.713
-13.677
-20.383
-4.868
-6.354
-11.489
-25.259
-19.144
-14.680
-7.556
-19.678
-8.252
-13.449
-6.526
-21.309
-19.004
-19.953
-7.158
-24.670
-19.488
-26.871
-11.075
-20.733
-14.683
-21.600
-5.977
-24.660
-8.998
-18.329
-5.289
-23.240
-13.577
-17.632
-15.429
-32.232
-27.459
-14.230
-7.551
-25.280
-18.288
-20.380
-10.199
-21.886
-9.961
-12.564
-7.802
-23.580
-16.726
-19.113
-0.223
-23.253
-13.867
-30.086
-2.311
-24.763
-14.455
-29.247
-6.837
-24.505
-18.101
-22.616
-4.096
-20.848
-10.924
-23.361
-4.369
-20.600
-8.540
-23.212
0.095
-27.077
-19.675
-28.322
-6.094
-32.681
-25.274
-24.557
-15.241
-24.273
-20.736
-23.797
-4.719
-23.491
-6.411
-19.304
2.631
-20.353
-15.111
-22.269
1.253
-16.484
-8.210
-14.699
2.399
-22.545
-10.880
-24.425
8.605
-19.411
-14.863
-22.173
2.939
-21.097
-20.796
-18.474
4.713
-17.618
-13.148
-21.674
6.647
-12.911
-9.938
-18.855
-0.380
-20.004
-19.536
-16.928
3.623
-17.570
-16.527
-18.872
8.433
-15.241
-11.307
-28.226
-15.006
-6.814
-8.957
-11.156
-19.188
-17.740
-16.331
-10.129
-14.821
-11.238
-10.920
-16.226
-16.641
-14.601
-22.181
-11.613
-11.760
-14.479
-11.510
-3.380
-14.369
-8.799
-11.192
-8.564
-13.343
-19.276
-18.038
-6.822
-19.391
-18.496
-15.891
-8.912
-10.170
-14.108
-13.503
-11.975
-19.745
-16.174
-14.393
-12.524
-19.395
-16.742
-20.222
-20.804
-10.902
-11.477
-16.987
-10.812
-9.716
-9.853
-19.605
-11.336
-5.677
-0.526
-7.705
-5.034
-15.040
-18.182
-15.171
-11.448
-9.245
-9.303
-19.643
-11.284
-12.374
-9.853
-15.013
-10.899
-11.456
-11.970
-19.954
-12.490
-19.601
-16.521
-16.837
-20.814
-11.330
-11.314
-12.463
-11.887
-19.259
-18.268
-5.687
-7.965
-9.566
-9.575
-1.849
-6.360
-12.502
-8.857
-6.360
-13.186
-11.960
-15.629
-3.155
-4.247
-12.589
-12.720
-6.196
-6.707
-15.510
-16.254
-4.753
-7.741
-13.423
-13.596
-13.107
-7.931
-15.756
-15.701
-7.935
-10.116
-18.867
-20.258
-11.190
-15.767
-14.609
-10.761
-10.564
-6.824
-16.311
-19.644
-13.419
-5.671
-11.755
-13.150
-10.479
-2.796
-13.776
-12.283
-11.817
-6.387
-16.030
-19.170
-15.419
-7.637
-16.537
-18.883
-14.584
-6.339
-16.181
-20.278
-14.524
-8.013
-15.290
-13.406
-7.192
-3.810
-12.600
-19.956
-13.112
-5.848
-16.756
-17.350
-12.013
-8.026
-22.978
-21.897
-15.966
-10.138
6.003
-4.260
-6.801
-2.813
11.525
1.549
-9.385
-5.457
9.915
-4.924
-13.155
-7.088
2.007
-12.987
-14.220
-6.789
7.916
0.756
-4.818
2.813
7.359
-2.278
-7.878
-6.081
2.370
-7.193
-10.854
-4.313
2.875
-3.827
-13.392
-11.506
4.379
-1.827
-11.502
-3.145
-3.407
-9.887
-23.694
-16.197
-17.640
-20.629
-26.297
-16.186
-24.352
-25.319
-17.965
-24.227
-26.497
-12.272
-21.730
-27.356
-17.534
-27.751
-26.042
-20.538
-28.192
-27.980
-12.543
-19.631
-22.089
-18.067
-22.824
-21.903
-19.930
-24.978
-23.623
-14.289
-27.143
-32.249
-10.111
-11.983
-23.349
-2.096
-8.208
-28.868
-5.609
-12.169
-23.829
-3.384
-10.821
-26.304
-15.609
-19.792
-26.509
-9.127
-10.898
-21.163
-8.005
-14.201
-21.458
-8.381
-14.521
-25.109
-8.190
-10.015
-31.892
-3.932
-4.972
-28.283
2.507
-9.799
-26.220
-12.667
-17.541
-23.843
-9.535
-15.835
-24.770
-4.078
-10.018
-21.558
-12.778
-16.171
-26.634
-8.585
-2.704
-20.063
-12.688
-20.231
-28.532
-24.410
-17.993
-11.976
-6.143
-8.658
-25.860
-4.429
-9.254
-19.853
-7.160
-9.181
-15.824
-3.444
-3.647
-11.309
-6.342
-9.708
-5.956
-2.939
-5.261
-12.810
-5.271
-5.568
-4.539
-11.715
-9.683
-20.080
-5.989
-7.056
-17.166
-4.029
-12.628
-15.847
-0.743
-2.838
-9.102
-0.394
-8.342
-9.602
-16.627
-17.997
-6.446
-13.683
-19.795
-10.714
-21.160
-18.573
-8.895
-8.126
-15.277
-7.857
-12.751
-18.495
-8.820
-9.997
-22.969
-11.185
-7.268
-22.220
-11.826
-5.960
-20.218
-8.244
-13.715
-15.338
-7.610
-19.839
-14.211
-11.394
-6.712
-4.881
-8.758
0.301
-7.230
-13.202
-0.977
-8.378
-7.127
-4.521
-8.206
-12.554
0.082
-3.512
-7.099
-6.944
-9.384
-15.344
-2.924
-1.568
-6.153
-11.303
-0.871
-1.357
-3.373
-6.514
-5.732
-11.541
-3.402
-8.647
-17.209
-19.940
-20.123
-24.468
-20.038
-23.339
-15.635
-17.222
-28.281
-27.178
-25.002
-21.948
-18.725
-22.462
-24.678
-21.336
-18.171
-18.832
-21.325
-18.257
-19.341
-14.611
-21.671
-25.126
-20.446
-26.265
-20.037
-20.788
-23.662
-24.394
-16.285
-12.710
-19.153
-25.835
-17.566
-14.184
-5.911
-11.869
-20.148
-15.484
-16.850
-17.950
-20.881
-28.588
-19.211
-22.985
-15.707
-20.054
-19.415
-21.725
-19.451
-16.405
-18.235
-12.625
-23.524
-24.684
-17.672
-22.704
-17.241
-25.273
-22.176
-16.945
-25.468
-15.222
-19.501
-22.921
-14.824
-19.351
-16.142
-19.950
-20.747
-20.864
-22.889
-17.486
-25.742
-23.639
-20.137
-22.455
-19.049
-29.841
-22.664
-15.411
-20.862
-16.452
-20.062
-19.929
-17.917
-23.179
-12.917
-24.863
-21.677
-22.144
-19.766
-14.813
-26.961
-31.171
-19.885
-20.358
-20.937
-30.971
-20.768
-10.215
-11.306
-22.034
-16.790
-20.861
-16.528
-22.910
-29.388
-6.813
-23.824
-25.598
-23.670
-27.370
-10.109
-24.482
-19.205
-22.869
-34.645
-14.348
-14.827
-20.273
-17.974
-26.874
-9.362
-21.468
-19.317
-19.544
-28.662
-5.067
-20.452
-14.136
-17.499
-19.763
-8.581
-25.431
-17.109
-20.039
-28.179
-11.447
-20.815
-13.248
-15.569
-22.974
-10.435
-28.083
-20.930
-17.190
-28.123
-20.031
-21.010
-14.655
-19.656
-15.097
-12.794
-20.760
-12.780
-14.199
-14.719
-15.196
-18.400
-10.102
-16.824
-11.581
-15.186
-23.290
-14.789
-17.303
-18.567
-8.312
-14.841
-17.151
-17.091
-19.921
-12.147
-14.967
-9.477
-15.409
-12.895
-12.213
-20.081
-16.905
-18.406
-29.143
-23.588
-19.978
-14.368
-19.026
-16.899
-9.942
-18.854
-16.324
-16.876
-21.717
-14.342
-13.583
-13.081
-14.003
-13.688
-8.413
-22.011
-30.619
-20.456
-21.753
-29.630
-20.897
-25.767
-18.314
-21.631
-35.047
-14.778
-19.915
-15.990
-12.873
-23.246
-20.359
-26.139
-22.945
-27.478
-30.722
-13.119
-16.516
-7.800
-14.956
-23.304
-19.192
-17.652
-16.420
-19.550
-23.378
-17.788
-11.835
-11.846
-19.550
-22.871
-17.234
-22.006
-20.725
-20.208
-26.667
-24.464
-26.966
-20.748
-23.996
-31.279
-19.453
-24.774
-19.044
-20.264
-31.868
-5.508
-2.576
-19.735
-1.515
-19.308
-1.639
-3.715
-24.683
-11.270
-22.411
-3.684
-2.721
-18.309
-7.643
-19.630
-10.253
-8.731
-24.440
-6.849
-22.469
-11.449
-4.365
-25.759
-1.598
-15.116
-2.905
-3.964
-22.667
-4.985
-22.884
-0.678
-2.585
-22.661
-5.758
-20.054
-12.858
-1.914
-13.309
-7.387
-16.518
-0.498
-6.433
-23.029
-8.466
-19.719
-5.200
-1.452
-20.605
-4.152
-9.306
-24.667
-18.871
-32.445
-6.829
-13.248
-23.527
-18.832
-27.131
-10.870
-13.794
-26.172
-15.461
-30.314
-15.071
-10.304
-25.960
-22.133
-34.140
-15.816
-13.999
-24.545
-13.532
-30.755
-7.082
-16.275
-21.060
-19.789
-29.758
-14.371
-14.473
-23.497
-14.716
-27.513
-14.777
-11.533
-18.809
-14.354
-24.278
-2.658
-17.930
-22.063
-17.744
-28.964
-13.569
-14.410
-25.560
-23.655
-35.284
-17.713
-28.648
-7.932
-12.367
-21.831
-21.082
-28.324
-3.390
-8.380
-23.533
-16.160
-29.378
-5.998
-13.644
-26.113
-19.320
-26.448
-7.968
-10.296
-28.215
-20.307
-26.530
-4.007
-8.555
-32.418
-16.511
-28.732
-5.333
-16.185
-24.495
-17.337
-31.680
-5.797
-3.964
-14.967
-16.537
-19.157
-9.342
-8.396
-24.558
-17.730
-27.039
-10.939
-9.638
-27.867
-20.590
-28.660
-8.588
-6.106
-21.694
-17.766
-23.241
-19.108
-7.725
-19.162
-17.411
-10.864
-9.457
-4.096
-25.215
-17.662
-21.653
-15.462
-5.726
-24.702
-17.921
-14.572
-12.252
-8.474
-22.005
-16.851
-22.964
-8.624
-8.859
-19.505
-12.052
-12.407
-7.601
-0.306
-23.406
-14.765
-16.649
-13.052
-4.917
-21.621
-16.068
-16.503
-5.737
-9.612
-27.834
-16.126
-21.758
-15.330
-14.740
-31.287
-19.681
-20.484
-13.150
-15.085
-29.140
-16.572
-23.170
-12.953
6.733
-6.873
-17.907
-24.874
-8.789
7.176
-5.768
-17.740
-18.721
-8.967
6.477
-6.739
-19.889
-22.169
-9.855
7.281
-2.280
-17.456
-18.020
-8.979
5.308
-10.631
-16.838
-26.353
-4.514
2.907
-13.037
-20.027
-25.153
-5.105
-2.651
-15.933
-15.842
-19.879
-8.356
5.034
-14.034
-15.968
-26.059
-13.329
3.430
-12.878
-17.195
-25.704
-18.727
1.372
-10.604
-21.310
-25.387
-17.155
-20.042
-17.339
-17.414
-27.279
-25.948
-10.609
-26.533
-21.893
-13.696
-28.734
-19.532
-26.618
-25.536
-20.165
-19.324
-23.077
-20.936
-25.346
-17.302
-16.096
-18.922
-17.093
-19.371
-23.905
-22.355
-20.775
-16.886
-22.603
-21.828
-35.358
-22.581
-16.656
-39.017
-25.576
-24.436
-34.422
-23.050
-17.351
-33.224
-21.102
-17.213
-35.991
-25.226
-17.294
-32.047
-23.297
-19.074
-35.913
-26.779
-15.086
-38.219
-30.213
-21.666
-38.521
-21.909
-21.133
-33.308
-17.584
-11.479
-21.952
-32.073
-16.609
-21.745
-34.548
-23.456
-18.684
-27.784
-17.146
-15.454
-26.630
-15.996
-21.550
-21.590
-18.540
-13.351
-28.697
-18.832
-18.401
-31.089
-20.760
-20.130
-27.061
-19.458
-21.867
-32.083
-24.099
-19.896
-30.399
-22.763
-8.911
-12.936
-26.839
-10.776
-13.544
-24.375
-14.147
-13.187
-25.102
-4.263
-16.260
-23.047
-9.835
-12.196
-27.053
-8.043
-8.560
-20.610
-10.086
-9.556
-23.802
-7.074
-11.582
-26.074
-9.373
-5.457
-22.607
-4.530
-10.319
-22.479
-19.957
-14.807
-19.082
-15.445
-10.053
-20.988
-8.727
-12.079
-22.423
-14.769
-19.639
-24.862
-18.211
-12.603
-16.297
-9.163
-17.089
-22.512
-16.899
-12.979
-12.681
-15.172
-12.146
-12.723
-15.850
-15.118
-19.472
-21.825
-9.645
-19.803
-18.400
-13.982
-18.242
-13.213
-12.987
-17.370
-17.457
-9.344
-19.561
-18.497
-10.235
-21.994
-12.606
-13.422
-23.970
-14.765
-12.373
-23.416
-17.547
-3.392
-22.364
-18.412
-3.117
-23.876
-19.192
-11.226
-22.864
-9.173
-7.532
-22.306
