-7.917
-5.808
-2.665
-8.916
-2.520
-6.127
-7.008
-4.528
-4.990
-2.615
-7.976
-5.761
-4.998
-5.378
-3.557
-5.025
-6.103
-6.339
-6.312
-4.718
-3.254
-3.080
-5.124
-2.149
-3.915
-2.562
-1.687
-3.290
-2.733
-4.058
1.072
3.434
1.568
3.712
1.209
0.476
-1.865
3.024
0.137
2.048
-5.347
-0.128
-10.372
-5.559
1.698
-8.867
-6.272
0.392
-10.043
-7.961
0.565
-10.135
-7.764
1.072
-9.214
-7.187
-0.392
-9.111
-5.791
-0.542
-7.859
-4.191
-0.053
-7.459
-4.487
-2.039
-8.118
-5.744
-2.987
-10.732
-4.534
-3.821
-9.502
-2.596
-1.350
-7.917
-6.265
-4.429
-8.018
-1.823
-6.512
-4.994
-6.215
-4.267
-4.551
-6.184
-2.096
-7.447
-8.023
-4.827
-7.249
-1.719
-3.667
-8.564
-5.213
-1.082
-7.847
-4.662
-0.787
-8.957
-7.984
-5.463
-6.039
-10.514
-4.114
-10.132
-8.575
-7.659
-7.802
-9.675
-3.301
-11.783
-9.041
-3.488
-9.505
-7.503
-3.600
-7.585
-11.617
-6.860
-7.474
-8.726
-6.075
-9.254
-11.849
-4.379
-12.674
-7.069
-3.887
-9.769
-11.536
-12.568
-8.423
-7.076
-7.038
-4.100
-10.458
-10.728
-7.294
-7.797
-10.678
-6.706
-7.550
-9.150
-5.374
-8.810
-11.398
-7.848
-7.281
-7.155
-3.075
-8.034
-11.429
-9.413
-7.728
-9.840
-7.124
-7.653
-11.092
-6.273
-0.086
-4.336
2.196
1.496
-4.835
2.533
2.373
-4.469
-2.307
-0.064
-6.080
-3.454
0.518
-2.135
1.326
0.080
-4.502
-0.145
2.487
-2.943
2.414
-1.458
-5.633
0.566
-0.878
-7.241
0.906
1.314
-6.574
-0.695
-3.320
-3.807
1.340
-2.614
-6.062
0.714
-3.671
-7.170
2.419
-2.746
-4.700
2.433
-2.499
-6.686
3.681
-1.563
-3.332
2.921
-4.055
-5.108
4.373
-1.843
-2.607
0.838
-2.055
-0.814
2.683
-3.908
-4.671
4.637
-3.108
-5.800
-3.981
0.277
-4.176
-2.298
-0.265
-4.219
-1.491
-3.167
-3.638
-0.991
-0.044
-4.722
-2.420
-1.631
-7.296
-5.116
0.590
-8.280
-4.155
-0.109
-3.108
-0.871
-2.542
-8.786
-5.233
-2.531
-9.455
-6.385
2.013
-5.548
0.581
1.270
-2.873
1.772
1.804
-4.263
-3.055
-3.330
-4.108
-1.635
0.118
-3.411
-0.379
1.220
-3.124
-1.434
3.395
-1.908
-0.671
1.134
-1.897
0.830
0.336
-6.454
-1.273
1.417
-0.018
3.941
-0.382
-11.311
-3.429
-11.366
-5.655
-6.157
0.238
-6.856
-1.512
-3.693
-1.618
-7.583
-1.586
-8.186
-0.025
-8.720
0.560
-10.109
-1.963
-10.647
-1.958
-7.722
2.670
-10.918
-1.830
-12.000
-0.157
-10.578
-2.339
-9.708
-1.796
-11.293
-0.604
-9.771
-1.585
-9.300
-3.289
-10.677
-2.441
-12.287
-12.525
-9.714
-8.657
-8.677
-11.429
-8.181
-9.041
-7.198
-8.124
-7.173
-8.923
-6.291
-9.119
-9.001
-9.693
-8.211
-11.297
-7.593
-8.091
-11.076
-6.077
-3.443
-7.255
-2.911
-8.205
-5.021
-5.142
-5.225
-7.055
-6.603
-3.967
-3.015
-8.704
-4.824
-7.581
-1.358
-4.346
-4.073
-9.438
-7.982
-2.003
-4.735
-3.005
-2.316
-2.815
-4.409
-0.504
-2.523
0.898
-7.634
0.028
-2.684
0.293
-2.808
-1.231
-5.628
-3.664
-4.958
-2.914
-3.735
-3.377
-6.367
-1.322
-2.994
-6.001
-0.794
-4.259
-5.131
-2.330
-5.356
-5.639
-3.988
-1.510
-2.240
-2.761
-5.037
-4.967
-1.903
-0.841
-5.265
-7.188
-2.155
-6.637
-7.919
-6.201
-8.320
-8.369
-8.615
-6.222
-5.689
-6.914
-6.443
-7.315
-8.807
-7.731
-8.720
-6.128
-8.057
-9.216
-7.110
-6.260
-6.356
-6.221
-8.943
-5.970
-10.546
-10.458
-9.361
-5.430
-4.831
-6.398
-8.087
-4.613
-5.887
-5.907
-6.835
-4.954
-3.679
-8.149
-8.076
-9.425
-7.577
-7.367
-8.811
-7.976
-7.448
-6.745
-12.097
-7.914
-7.241
-3.027
-9.152
-8.019
-4.846
-5.005
-9.338
-4.688
-7.139
-1.882
-9.919
-5.561
-8.162
-6.407
-10.767
-5.497
-4.919
-6.034
-9.729
-6.329
-7.706
-0.973
-10.863
-6.502
-8.525
-6.664
-11.506
-6.761
-3.327
-6.624
-8.173
-2.367
-5.549
-0.703
-7.021
-4.466
-9.087
-4.469
-3.774
-5.943
-8.191
-4.530
-7.660
-5.160
-6.447
-3.343
-7.013
-5.582
-4.140
-5.044
-5.548
-2.182
-4.913
-3.734
-7.373
-5.328
-4.929
-4.006
-4.861
-5.084
-6.836
-6.767
-6.808
-2.611
-6.012
-4.572
-3.286
-6.846
-4.480
-4.963
-7.301
-3.665
-2.130
-1.916
-3.941
-6.596
-2.155
-1.517
-2.738
-9.164
-5.672
-1.938
-4.440
-8.854
-5.374
-0.859
-5.533
-6.912
-3.282
1.766
-3.038
-9.320
-4.842
-2.696
-5.453
-11.928
-3.677
-2.642
-5.861
-7.383
-3.711
-1.021
-4.122
-6.008
-3.218
-1.094
-4.822
-7.421
-5.859
-2.629
-4.670
-4.636
-4.958
-7.510
-4.206
-4.065
-3.638
-3.348
-3.528
-3.409
-5.817
-5.714
-2.604
-3.582
-4.689
-5.409
-4.575
-2.682
-6.084
-2.955
-5.417
-6.049
-5.320
-6.086
-5.294
-3.501
-5.029
-3.319
-6.324
-6.385
-8.834
-2.801
-4.993
-5.978
-7.059
-2.459
-9.716
-2.171
-6.498
-4.756
-5.111
-5.348
-3.280
-8.580
-7.054
-8.757
-9.944
-9.069
-9.006
-10.621
-6.132
-8.872
-7.816
-3.585
-5.811
-7.098
-9.839
-8.442
-3.131
-8.024
-6.656
-8.541
-3.110
-6.913
-5.290
-9.822
-7.514
-9.474
-9.684
-7.164
-7.754
-8.212
-7.916
-10.167
-4.009
-9.462
-7.462
-10.235
-5.263
-7.936
-4.274
-6.555
-9.050
-4.148
-6.746
-5.429
-7.776
-1.883
-2.674
-7.195
-11.305
-2.349
-8.619
-4.356
-8.948
-4.340
-4.435
-7.891
-7.637
-2.312
-5.213
-3.019
-9.122
-3.301
-7.355
-3.868
-6.893
-3.917
-8.395
-7.365
-7.061
-3.633
-7.200
-3.994
-9.568
-3.722
-8.607
-7.679
-9.174
-4.840
-5.936
-8.059
-4.843
-4.993
-6.213
-7.332
-3.863
-4.745
-5.739
-11.249
-4.213
-4.274
-4.104
-8.467
-4.303
-7.058
-3.484
-9.672
-5.530
-5.771
-3.964
-8.482
-4.658
-5.144
-4.477
-4.552
-2.125
-6.718
-4.205
-8.859
-1.914
-5.652
-5.779
-10.077
-3.108
-4.887
-4.861
-9.633
-5.286
-6.376
-4.680
-4.732
-10.522
-1.880
-11.085
-2.692
-4.677
-5.235
-8.961
-3.798
-11.313
-4.503
-11.374
-7.507
-7.980
-2.203
-10.977
-3.824
-6.843
-5.295
-8.433
-6.239
-6.653
-2.496
-10.849
-4.556
-8.685
-3.416
-9.977
-3.527
-6.076
-1.713
-11.436
-8.638
-8.098
-2.961
-10.661
-6.967
-6.755
-4.571
-7.282
-2.289
-6.992
-7.935
-8.537
-1.873
-5.766
-8.446
-8.689
-2.937
-6.047
-6.469
-8.061
-6.673
-8.092
-7.943
-8.713
-2.643
-6.661
-10.341
-8.276
-2.790
-6.025
-10.237
-4.011
-2.855
-3.185
-7.257
-5.044
-4.984
-5.552
-8.808
-8.589
-1.601
-7.799
-7.691
-7.286
-4.906
-8.602
-8.811
-9.937
-9.950
-4.652
-7.116
-3.785
-6.808
-0.111
-8.974
-3.477
-9.022
-2.635
-8.724
-4.937
-11.506
-3.156
-10.566
-2.910
-9.668
-5.320
-11.550
-3.705
-4.612
-0.636
-5.456
-3.391
-5.952
-5.753
-6.973
0.120
-2.434
-2.602
-6.443
-3.774
-5.083
-4.714
-9.953
-3.130
-8.930
-2.010
-6.326
-3.899
-10.479
-2.607
-9.576
-1.222
-10.424
-2.860
-9.882
-4.046
-6.487
-3.192
-8.610
-2.367
-9.449
-4.144
-10.910
-1.272
-12.553
-3.064
-8.394
-4.097
-4.831
-5.300
-5.337
-6.625
-3.020
-2.855
-3.484
-6.162
-5.148
-4.002
-3.018
-4.809
-1.488
-3.112
-4.250
-3.238
-2.851
-3.697
-5.259
-3.719
-3.894
-6.209
-6.979
-5.368
-7.262
-4.405
-7.856
-7.566
-5.773
-6.478
-5.243
-5.677
-6.040
-2.898
-5.906
-6.460
-5.294
-4.316
-9.187
-7.218
-4.282
-4.839
-6.779
-5.918
-6.653
-3.891
-0.748
-5.970
-3.707
-6.225
-5.983
-4.625
-5.063
-5.672
-4.975
-5.158
-4.350
-6.128
-1.185
-2.482
