4.929
6.052
4.645
6.098
3.943
4.715
2.355
6.877
5.215
4.983
6.141
5.993
7.122
1.293
6.239
5.503
6.829
4.366
5.324
4.368
6.083
5.648
6.528
5.933
6.692
4.372
5.948
6.940
6.583
4.987
5.063
3.662
3.221
4.115
4.426
3.291
1.870
6.074
5.995
4.546
5.009
6.528
5.690
6.977
6.513
7.224
5.780
7.505
6.454
4.724
4.862
5.693
1.800
1.360
1.205
3.591
-1.524
3.082
5.042
2.928
2.105
2.531
1.597
3.055
2.423
2.465
1.909
2.025
2.322
1.581
4.042
3.640
4.379
0.399
4.032
4.474
2.894
2.348
4.413
2.812
0.665
2.562
1.892
-0.159
1.657
3.377
1.377
2.181
3.174
2.936
0.421
3.287
3.512
1.617
3.123
2.757
1.323
1.291
3.032
2.869
2.582
2.521
4.344
3.312
2.962
3.060
3.305
3.608
4.577
2.826
3.467
3.513
2.389
2.456
3.702
2.915
2.706
3.562
2.354
3.188
2.989
2.014
2.197
3.061
3.144
0.950
3.121
1.077
2.526
2.093
3.775
2.809
6.739
3.778
5.329
3.618
3.799
6.078
3.178
3.676
3.327
4.297
5.504
-0.165
3.548
2.761
2.833
5.129
3.747
4.004
4.784
3.716
2.825
2.507
3.713
3.145
3.179
3.313
2.778
3.643
5.042
4.078
4.565
2.405
4.745
6.651
4.236
2.881
4.200
4.676
5.593
3.325
1.620
2.320
3.107
3.336
2.989
4.869
-0.022
2.753
3.195
6.191
6.555
5.829
6.733
7.031
6.274
6.544
4.878
0.852
-0.663
4.481
5.800
4.910
3.746
5.242
3.980
4.756
3.621
2.544
3.672
6.178
5.248
3.851
6.102
4.964
6.756
5.646
7.037
5.904
4.176
5.370
4.213
5.757
5.741
5.820
4.368
5.385
5.315
4.718
6.160
7.165
7.416
5.498
7.963
6.160
7.827
5.039
6.382
6.963
6.218
6.159
6.367
4.712
8.077
6.672
5.269
7.156
7.471
8.446
5.883
6.374
3.535
3.995
5.508
5.766
5.499
6.092
5.421
5.647
8.178
6.713
7.352
7.007
7.241
8.287
5.964
6.682
6.677
3.498
5.020
3.930
6.800
5.700
7.743
5.388
6.436
6.817
4.867
5.325
6.360
6.772
7.096
6.048
5.657
6.375
5.981
3.360
5.197
5.997
3.573
4.435
6.402
6.120
6.547
6.093
6.373
4.488
3.813
5.830
4.859
3.626
5.676
3.689
4.045
5.349
4.915
2.139
5.016
5.929
5.739
6.317
7.498
2.206
6.744
6.831
7.775
5.692
5.628
2.405
4.771
5.960
5.339
5.320
3.555
4.346
5.406
5.509
4.066
6.838
4.879
5.002
4.399
5.694
5.213
3.419
5.060
3.309
4.486
5.729
3.655
6.379
4.522
2.341
4.374
6.027
5.481
5.726
3.576
7.094
