-3.446
-1.483
-2.198
-2.724
-1.740
-1.836
-4.715
-1.288
-1.156
-0.709
-0.001
-2.288
-1.937
-3.544
0.163
-1.566
-2.558
-3.632
-0.892
-0.282
1.186
0.578
-0.881
-1.641
0.155
-1.430
-0.944
1.078
-0.908
-1.591
1.350
-0.951
-1.110
-0.695
2.174
-1.499
-0.654
1.777
1.018
0.826
-3.240
-0.340
-3.447
-4.534
0.088
-2.969
-3.405
1.212
-2.081
-3.587
1.536
-4.113
-5.167
0.369
-2.618
-2.433
1.766
-4.260
-2.593
0.826
-1.906
-2.588
1.260
-3.006
-2.553
-1.349
-3.967
-3.670
-0.686
-4.408
-0.829
-1.389
-5.833
-0.830
-1.210
-4.182
-3.206
-2.195
-4.345
-0.746
-2.837
-2.269
-3.847
-2.252
-2.083
-3.480
0.039
-3.502
-3.953
-4.106
-2.733
-1.162
-1.254
-3.073
-1.429
-0.489
-3.177
-2.553
-0.344
-2.892
-2.993
-3.509
-2.413
-3.187
-3.448
-2.875
-3.345
-2.266
-3.736
-4.467
-3.455
-3.585
-2.793
-2.928
-4.396
-3.646
-4.011
-4.528
-3.575
-1.522
-2.734
-3.595
-1.672
-2.504
-4.436
-2.610
-3.330
-3.862
-2.267
-4.316
-3.159
-6.141
-4.422
-1.765
-2.969
-1.133
-4.375
-5.375
-4.371
-3.664
-3.421
-2.244
-4.436
-3.605
-3.060
-5.340
-5.473
-4.773
-3.341
-4.561
-2.179
-2.986
-3.649
-4.227
-4.797
-4.798
-3.779
-4.091
-4.193
-4.534
-0.979
-3.901
-0.104
-1.777
-4.160
0.442
-0.685
-1.705
-1.903
-0.586
-5.215
-2.556
-2.615
-2.290
-0.484
-2.353
-1.908
-0.999
-1.181
-3.613
-0.111
-3.802
-3.529
-1.263
-4.180
-3.948
-1.939
-2.964
-4.126
-2.325
-3.580
-4.596
-1.815
-3.180
-3.843
1.159
-3.381
-4.546
0.073
-2.323
-1.954
1.008
-5.222
-4.397
-0.351
-4.591
-3.856
-1.288
-4.610
-4.458
0.120
-3.987
-3.935
-2.320
-4.516
-3.969
-2.052
-3.392
-2.632
1.935
-2.592
-5.721
-3.519
-1.328
-3.466
-1.838
-0.908
-5.333
-1.350
-1.400
-3.737
-2.195
-1.078
-3.709
-3.122
-0.852
-4.704
-2.495
-1.445
-4.674
-3.198
-0.908
-3.762
-1.062
-1.793
-4.463
-1.765
-3.734
-4.516
-2.902
-0.622
-3.117
-3.098
0.656
-0.880
-0.254
-1.283
-3.626
-3.124
-0.903
-4.004
-3.846
-0.881
-2.139
-2.600
0.033
-3.854
-2.486
-0.403
-1.488
-3.373
-0.012
-2.785
-2.809
0.068
-4.149
-3.785
-1.451
-2.812
-1.206
-2.094
-2.578
-1.475
-2.370
-1.833
-3.452
-3.008
-2.490
-3.111
-0.450
-1.562
-3.274
-3.641
-1.767
-2.042
-2.088
-0.271
-3.767
-2.065
-2.397
-0.663
-2.367
0.118
-1.977
-0.479
-3.807
-0.048
-2.420
0.697
-3.295
0.007
-2.274
-1.748
-3.192
-0.873
-2.764
-3.207
-2.714
-2.447
-3.943
-4.365
-2.114
-2.904
-4.585
-4.220
-1.660
-2.437
-1.562
-3.895
-3.444
-4.306
-2.038
-2.893
-5.214
-3.024
-2.747
-2.721
-4.699
-5.026
-3.234
-2.685
-2.104
-1.881
-0.033
-2.033
-0.393
-2.293
-1.366
-1.126
-2.158
-1.367
-1.252
-3.847
-1.568
-2.095
-1.554
-1.077
-2.510
-3.023
-2.801
-1.211
-2.973
-0.814
-1.529
-2.319
-2.682
-1.976
-0.014
0.821
-1.462
-1.979
-2.952
-2.860
-1.489
-2.528
-1.649
-2.045
-1.990
-1.115
-0.813
-0.768
-4.119
-2.707
-2.170
-5.318
-1.077
-2.645
-2.506
-1.177
-2.539
-1.921
-3.601
-2.720
-2.809
-1.145
-1.806
-2.620
-1.958
-1.154
-4.495
-1.412
-2.305
-2.215
-3.752
-1.310
-2.985
-2.625
-3.070
-3.038
-2.141
-2.465
-2.908
-1.943
-2.761
-1.536
-4.844
-2.194
-2.086
-2.986
-4.125
-1.351
-2.623
-2.762
-4.546
-2.593
-3.885
-4.509
-3.590
-2.018
-2.164
-1.899
-5.334
-3.317
-2.733
-2.891
-6.102
-2.508
-2.331
-3.159
-2.967
-4.002
-4.916
-3.209
-2.206
-0.134
-2.165
-2.196
-3.984
-2.148
-2.902
-1.826
-4.895
0.014
-3.407
-2.699
-5.474
-0.095
-3.386
-2.449
-4.106
-0.386
-2.977
-0.580
-4.173
-1.174
-2.751
-2.902
-5.041
-2.327
-3.094
0.395
-5.618
0.321
-3.792
-2.435
-4.734
-2.204
-1.526
-2.974
-4.142
-1.818
-1.288
-3.755
-1.427
-1.116
-4.578
-3.143
1.833
-2.919
-5.289
-2.898
-1.493
-3.045
-3.035
-2.693
-0.746
-3.243
-3.723
-3.488
-1.067
-0.557
-4.239
-4.212
-1.889
-2.980
-3.321
-5.123
0.357
-1.099
-2.745
-4.320
-0.362
-3.085
-5.135
-4.095
0.127
-4.269
-2.986
-4.353
-1.867
-2.715
0.627
-2.003
-3.398
-3.273
-0.925
0.460
-2.064
-3.928
-1.530
0.146
-2.552
-2.640
-1.353
-0.399
-3.026
-3.037
-1.142
0.555
-2.044
-3.410
-0.474
-1.046
-1.794
-4.215
-0.245
-0.413
-1.095
-3.444
-0.624
-0.985
-3.032
-3.003
-0.578
0.093
-1.565
-2.519
-2.061
-1.369
-2.666
-0.931
-1.503
-3.958
-0.723
-2.193
-1.238
-2.250
-0.169
-0.981
-2.058
-3.574
0.469
0.009
-2.458
-0.867
-0.224
-0.016
-2.282
-2.535
-0.988
-0.692
-1.579
-1.911
-0.951
-1.121
-1.546
-2.293
-0.437
-1.243
-6.109
-2.198
-0.571
-0.382
-2.646
-3.250
-3.080
-0.842
-2.716
-2.616
-1.424
-0.918
-3.102
-2.470
-2.373
-1.880
-4.179
-3.680
-4.319
-2.680
-2.781
-3.152
-2.651
0.858
-4.180
-2.837
-2.757
-1.259
-1.990
-2.514
-2.844
-2.100
-2.600
-2.654
-2.842
-2.874
-3.294
-4.355
-2.294
-1.540
-3.710
-2.513
-3.657
-1.020
-3.168
-2.680
-3.490
-2.488
-2.826
-1.491
-4.186
-2.047
-3.776
-1.566
-3.429
-1.702
-2.849
-1.323
-1.551
-3.079
-3.672
-0.949
-3.046
-1.654
-3.598
-1.229
-4.257
-2.915
-4.504
-2.196
-1.960
-1.723
-3.300
-0.036
-1.772
-2.170
-1.686
-1.089
-1.658
-2.342
-2.515
-1.752
-3.632
-4.442
-3.279
-3.205
-1.827
-2.800
-4.130
0.546
-1.188
-2.891
-3.767
-2.574
-0.837
-3.131
-2.186
-2.154
-2.191
-2.861
-2.999
-2.056
-0.574
-3.176
-1.381
-3.976
-1.034
-2.376
-2.982
-2.096
-0.069
-2.856
-3.484
-1.940
-1.597
-2.692
-3.068
-2.543
-0.797
-3.677
-2.770
-3.511
-1.571
-3.340
-1.727
-2.192
-1.244
-2.455
-4.559
-2.492
-1.741
-1.342
-1.852
0.538
-4.794
-1.937
-0.002
-2.592
-4.502
-2.268
-1.893
0.032
-4.451
-3.942
-2.023
-1.915
-4.275
-3.095
-1.006
-1.697
-4.153
-2.546
0.543
-0.273
-2.598
-3.609
-2.800
-1.050
-5.195
-3.461
-1.987
0.139
-4.066
-3.139
-1.052
-0.588
-4.748
-3.350
-0.777
-1.605
-1.727
0.013
-2.968
-1.765
-2.718
0.048
-2.053
-3.771
-3.754
-0.729
-2.567
-2.817
-1.776
-2.124
-1.589
-4.140
-3.793
-0.393
-2.044
-3.564
-2.403
-0.863
-2.460
-3.704
-0.683
-0.090
-0.143
-3.462
-1.298
-2.497
-2.536
-3.765
-2.890
-0.391
-4.204
-2.757
-3.609
-0.480
-2.763
-2.679
-3.327
-2.329
-2.061
-2.687
-3.143
-1.754
-1.026
-3.089
-1.746
-2.117
-2.046
-2.747
-2.350
-2.120
-2.012
-3.065
-1.777
-3.326
-1.930
-4.336
-2.134
-3.091
-1.220
-2.200
-1.625
-2.377
-0.330
-3.980
0.781
-1.309
-2.279
-3.489
-0.969
-3.616
-0.625
-1.875
-0.152
-3.627
-0.611
-3.126
-0.058
-2.294
0.076
-1.478
0.571
-1.838
-2.052
-2.297
-1.339
-1.077
-0.434
-0.812
-0.225
-2.511
-0.679
-3.402
-0.329
-2.196
-1.104
-2.589
-2.425
-3.535
-3.019
-4.242
-2.655
-3.992
-1.257
-2.462
-2.489
-3.233
-1.636
-3.005
-1.147
-1.623
-2.322
-2.135
-1.825
-2.512
-3.208
-2.097
-1.345
-4.233
-2.705
-5.077
-2.243
-4.103
-1.077
-3.414
-1.432
-2.138
-1.546
-3.062
-2.209
-3.200
0.057
-3.418
-0.433
-4.469
-0.981
-3.636
-2.477
-2.773
-1.797
-2.763
-1.322
-1.112
-2.257
-0.620
-2.819
-2.994
-3.611
-2.539
-2.540
-0.213
-4.314
-3.361
-2.128
-0.208
-2.917
-1.326
-2.924
