-4.576
-5.296
-1.984
-4.972
-3.366
-4.070
-2.835
-4.993
-3.037
-5.778
-3.186
-3.913
-4.715
-4.869
-3.224
-6.628
-2.959
-3.326
-1.914
-3.822
-4.930
-2.898
-2.043
-2.168
-5.288
-3.547
-3.204
-3.586
-1.375
-2.716
-3.752
-3.635
-3.931
-2.219
-4.527
-3.341
-3.029
-2.991
-2.756
-4.409
-2.594
-0.439
-0.511
-4.319
-2.441
-2.556
-0.607
-2.048
-1.568
-3.668
-3.303
-1.682
-4.409
-3.123
-3.253
-4.368
-2.130
-3.743
-1.582
-2.958
0.192
-3.055
-1.768
-2.381
-0.487
-3.053
-1.422
-3.482
-0.469
-3.146
1.690
-1.527
0.640
-1.557
0.588
-2.011
-1.140
-2.413
-1.255
-1.098
-3.311
-4.442
-3.426
-3.276
-1.499
-5.091
-2.774
-1.647
-2.215
-5.066
-4.933
-2.394
-4.297
-3.488
-3.527
-4.027
-4.089
-4.996
-3.798
-1.700
-3.294
-3.566
-1.490
-1.376
-2.691
-1.549
-2.473
-3.266
-3.646
-3.428
-3.067
-0.281
-3.533
-4.236
-4.925
-2.108
-2.651
-4.312
-3.502
-1.849
-0.999
-3.846
-2.766
-3.558
-0.312
-4.025
-4.233
-3.966
-0.506
-4.212
-4.243
-3.932
-0.150
-2.000
-3.161
-4.072
-0.553
-3.114
-3.521
-4.714
-0.264
-3.745
-3.902
-3.387
-0.059
-2.654
-4.762
-4.608
-1.040
-3.866
-4.867
-4.312
-2.856
-2.736
-4.126
-2.511
-1.741
-2.157
-2.380
-2.898
-0.929
-1.841
-0.898
-3.073
-0.928
-3.091
-2.935
-2.640
0.572
-3.103
-2.752
-2.589
0.644
-3.271
-3.691
-1.992
0.883
-3.860
-3.116
-2.556
-1.790
-2.644
-3.139
-1.467
0.069
-1.606
-2.316
-1.708
-1.578
-3.141
-2.414
-2.087
-0.959
-1.543
-3.227
-2.415
-0.526
-2.672
-1.956
-3.036
-2.169
-0.139
-0.296
-2.482
-2.859
-2.192
-0.784
-1.240
-3.397
-3.280
-1.557
-2.569
-3.169
-2.657
-2.987
-1.455
-3.552
-3.490
-1.635
0.568
-4.024
-1.319
-2.463
-1.163
-2.513
-4.212
-2.160
-0.189
-1.403
-3.203
-2.047
1.198
-2.136
-2.666
-2.670
-1.329
-3.657
-2.645
-2.117
-2.201
-2.786
-0.656
-2.500
-4.972
-2.887
-1.840
-3.300
-2.785
-1.953
0.971
-2.167
-1.341
-3.193
-1.083
-2.239
-2.618
-2.023
-3.191
-2.253
-1.972
-2.145
0.148
-2.035
-3.583
-1.945
-2.215
-3.574
-1.638
-1.987
-2.247
-2.349
-1.838
-1.076
-0.148
-2.294
-3.436
-3.583
-2.287
-3.127
-3.974
-4.347
-2.971
-0.124
-1.461
-2.179
-1.972
-0.321
-2.966
-3.621
-2.701
-1.160
-2.834
-3.253
-2.456
0.468
-1.439
-1.726
-3.395
-1.466
0.724
-3.903
-2.431
-1.337
-1.434
-3.354
-2.448
-1.786
-2.584
-1.526
-2.415
-0.171
-3.007
-0.913
-2.946
-2.320
-1.556
-1.631
-2.136
-1.559
-0.248
-2.636
-2.279
-2.079
-2.019
-3.387
-1.379
-1.510
-1.296
-2.198
-1.813
-5.439
-1.390
-2.870
-4.221
-2.616
-2.032
-2.375
-4.666
-3.432
-2.579
-3.565
-4.343
-3.646
-3.373
-3.538
-4.825
-1.451
-2.068
-2.361
-2.922
-3.575
-0.239
-2.267
-3.258
-1.489
-1.326
-3.510
-3.228
-3.715
-0.471
-0.344
0.368
-2.850
-2.896
-0.803
0.336
-3.397
-1.917
-0.728
0.169
-5.087
-4.253
0.757
-0.495
-4.654
-3.455
-0.698
0.732
-3.591
-0.325
-2.775
1.240
-3.315
-2.374
-2.047
-3.063
-3.876
-4.786
-0.116
-0.394
-4.799
-1.814
0.019
-0.819
-3.510
-2.718
-1.120
-1.849
-5.072
-2.889
-4.054
-2.607
-3.478
-3.309
-3.619
-4.065
-2.355
-3.323
-2.802
-2.506
-3.940
-4.890
-2.875
-4.231
-4.512
-3.280
-3.864
-4.641
-2.801
-2.797
-3.168
-4.957
-3.422
-4.569
-3.255
-1.606
-4.406
-1.771
-2.272
-5.225
-3.069
-1.640
-2.232
1.119
-3.339
-4.207
-1.557
-2.065
-2.555
0.515
-1.275
-3.302
-2.413
-5.256
-3.682
-0.500
-3.016
-4.583
-1.766
-1.610
-3.500
-1.747
-3.985
-3.617
-1.625
-2.170
-3.191
-1.216
-1.845
-3.939
0.823
-4.562
-5.538
1.124
-1.468
-3.844
0.627
-1.388
-2.510
0.541
0.412
-3.046
-2.107
-2.728
-3.261
-0.214
-0.673
-1.361
-1.869
-2.464
-1.808
-1.961
-2.666
-2.487
-0.239
-0.091
-3.041
-0.195
-1.330
-2.700
-0.960
-1.552
-1.888
-0.170
-2.015
-2.838
-0.062
-2.770
-3.027
1.175
-0.543
-3.043
0.535
-3.367
-0.567
-1.964
-0.843
-3.907
-0.544
-1.715
-3.085
0.739
-1.683
-1.680
0.432
-1.077
-1.857
0.720
-3.018
-3.333
-2.254
-3.012
-0.724
-4.304
-4.015
-2.987
-3.801
-5.417
-2.333
-1.392
-3.493
-1.839
-3.724
-4.999
-2.838
-0.502
-3.644
-2.867
-1.190
-4.794
-1.313
-1.644
-3.176
-1.912
-1.904
-4.461
-2.463
-2.550
-4.644
-1.900
-0.369
-3.751
-2.622
0.276
-2.757
-1.862
1.431
-1.696
-1.120
-1.394
-2.929
-2.371
-1.240
-2.371
1.463
0.302
-0.147
-2.104
-0.319
-0.492
-1.326
-1.026
-1.129
0.414
0.188
-2.833
-1.176
-0.873
-1.471
-1.510
-3.488
-3.303
-3.743
-2.674
-1.212
-1.618
-1.657
-2.264
-2.638
-5.105
-3.325
-3.572
-3.946
-1.420
-2.194
-2.164
-2.088
-3.113
-1.833
-3.212
-2.077
-4.659
-3.070
-3.995
-2.516
-3.546
-3.365
-4.018
-3.107
-3.473
-1.383
-3.974
-3.144
-3.656
-1.671
-2.771
0.189
-2.618
-0.824
-3.724
-1.300
-1.630
-3.213
-3.609
-3.414
-2.535
-2.444
-3.241
-0.985
-3.723
-3.465
-3.310
-3.562
-0.353
-1.473
-3.500
-3.431
-3.077
-1.744
-2.189
-2.741
-2.591
-5.265
-0.608
-0.066
-4.052
-3.854
-4.068
-1.890
-2.420
-4.001
-3.175
-4.622
-1.837
-0.895
-2.253
-1.762
-3.054
-1.303
-1.507
-3.389
-3.132
-4.186
-0.936
-0.813
-1.275
-1.716
-3.775
0.670
-2.081
-2.284
-3.197
-3.339
-1.826
-1.785
-3.472
-3.206
-3.299
-1.542
-2.463
-3.031
-2.836
-5.218
-3.799
-2.979
-3.707
-2.907
-3.815
-3.174
-1.473
-4.115
-4.420
-4.866
-3.606
-0.458
-3.346
-2.368
-4.637
-4.721
-3.383
-0.491
-4.758
-1.572
-4.946
-0.541
-3.332
-3.384
-2.832
-4.151
-1.022
-1.929
-4.251
-3.607
-4.938
-2.924
-2.905
-3.379
-3.635
-3.682
-2.554
-2.656
-3.116
-2.727
-3.297
-3.083
-3.756
-3.145
-1.900
-5.335
-2.622
-3.704
-2.197
-5.817
-1.146
-1.998
-3.291
-1.507
-4.147
-1.743
-0.257
-2.542
0.027
-3.689
-1.124
-2.144
-4.290
-4.499
-3.080
-2.051
-1.815
-2.494
-2.466
-4.283
-2.334
-2.564
-0.936
-2.330
-4.396
-0.969
-2.412
-2.877
-3.265
-2.680
-2.566
-3.283
-3.087
-1.824
-3.874
-2.382
-0.922
-3.797
-2.180
-2.650
-3.571
-1.376
-3.380
-2.444
-4.523
-3.253
-0.568
-0.854
-4.082
-4.718
-1.405
-3.958
0.593
-3.336
-2.646
-0.319
-3.429
-0.752
-2.122
-1.684
-0.242
-2.863
-0.758
-2.175
-3.585
-2.889
-2.407
-0.928
-2.334
-0.406
-0.393
-4.274
-1.019
-2.738
-4.354
-1.465
-2.768
-1.151
0.179
-0.355
-3.509
-4.556
-1.834
-3.553
-4.191
0.120
-2.875
-2.176
-3.110
-4.976
-2.444
-4.248
-1.671
-3.675
-4.123
-1.544
-4.218
-0.247
3.269
-2.541
2.103
-1.394
-0.685
1.474
-2.713
-0.464
-2.412
-0.491
1.831
-2.599
0.366
-0.206
-0.581
1.049
-3.919
1.210
-1.806
-3.176
0.557
-3.414
0.169
-2.322
0.143
1.166
-1.814
-0.236
-1.518
0.137
0.754
-1.283
1.433
-2.853
-2.148
-0.626
-0.610
-1.084
-1.393
0.790
0.494
-2.098
-0.236
-1.988
-2.125
-0.806
-2.652
0.443
-2.334
-2.613
-4.434
-2.519
0.532
-2.063
-3.420
-3.849
-3.015
-0.111
-0.944
-1.946
-3.731
-2.185
-2.935
-3.482
-2.106
-3.988
-1.879
-1.259
-1.646
-3.639
-4.835
-2.880
-0.831
-2.328
-0.931
-5.583
-2.012
-1.773
-2.890
-2.447
-4.408
-3.359
-1.361
-1.648
-0.925
-3.797
-2.359
-0.858
-2.323
-0.730
-5.284
-2.285
-0.238
-1.213
-2.035
-4.967
-2.511
-0.992
-3.985
-2.204
-1.401
-1.986
-3.647
-4.463
-0.173
-1.303
-3.591
-3.308
-4.262
0.752
-1.250
-3.526
-2.421
-3.098
-0.775
-1.599
-3.963
-2.667
-3.492
-0.086
-0.872
-3.377
-2.148
-4.644
1.156
-2.182
-2.141
-1.472
-3.653
0.095
-1.770
-2.497
-1.925
-3.112
-1.474
-0.992
-3.058
-1.370
-4.152
0.371
-2.847
-2.768
-4.454
-3.187
0.447
-1.508
-2.476
-0.713
-4.050
-2.680
0.378
-0.957
-2.067
1.755
-3.216
-1.361
-2.054
-3.896
-1.354
-1.867
-0.353
-1.685
-3.825
-1.709
-1.739
-1.320
-2.979
-3.816
-2.486
-1.318
-0.238
-1.668
-1.212
-0.742
-0.035
0.682
-3.420
-1.242
-1.428
-0.733
-0.417
-1.482
-0.471
-0.642
-1.058
0.797
-4.116
-2.929
-1.405
-2.119
-1.169
-3.825
-3.030
-2.667
-1.880
-2.355
-2.643
-2.977
-1.298
-2.359
1.920
-1.349
-3.110
-2.993
-0.334
-1.136
-0.575
-2.104
-3.340
-0.179
0.670
1.003
-2.144
-0.626
0.212
0.426
0.155
-2.671
-2.536
-1.138
0.252
-0.703
-2.944
-3.850
-1.541
0.998
-0.373
-4.025
-2.384
-0.978
-0.996
-0.328
-2.021
-2.271
-0.595
2.210
-0.696
-1.504
-2.908
-1.199
2.552
-0.304
-1.229
-3.413
-2.526
-0.013
0.206
-2.849
-3.150
-4.365
-3.808
-2.729
-2.094
-4.821
-4.127
-1.985
-5.382
-2.648
-2.558
-4.760
-3.097
-5.856
-4.061
-2.578
-1.997
-4.118
-2.763
-5.864
-1.875
-3.191
-4.378
-1.911
-6.613
-5.318
-3.692
-4.747
-1.262
-4.074
-4.145
-4.100
-2.394
-3.196
-4.152
-2.441
-2.894
-4.562
-3.116
-1.884
-3.928
-0.155
-0.740
-4.576
-0.636
-0.376
-3.861
-1.829
-0.973
-4.839
-1.510
-2.365
-4.478
-3.265
-3.028
-4.603
-2.358
-2.785
-4.192
-1.953
-0.725
-1.280
-4.986
-2.383
-3.464
-5.002
-2.397
-2.355
-5.705
-1.943
-1.603
-4.597
-0.675
-3.986
-4.414
-3.667
-2.317
-5.761
-2.137
-3.003
-4.202
-1.818
-2.749
-4.185
-3.154
-3.243
-3.208
-3.155
-2.444
-4.187
-1.152
-2.211
0.309
-4.138
-2.432
-2.246
-6.013
-1.901
-0.497
-3.210
-0.829
-2.970
-4.244
-1.281
-1.194
-6.270
0.020
-1.644
-4.775
-0.998
0.169
-3.658
-1.572
-0.395
-4.042
-0.921
-0.929
-5.687
-0.407
-1.762
-2.682
-4.086
-3.182
-1.991
-2.875
-2.376
-2.191
-1.773
-3.372
-3.785
-1.946
-3.267
-3.208
-4.028
-2.197
-1.280
-1.054
-5.136
-2.887
-2.960
-2.893
-1.191
-1.816
-1.276
-1.199
-2.698
-3.929
-2.542
-4.085
-2.040
-0.894
-2.411
-0.444
-2.051
-1.850
-1.648
-2.954
-0.594
0.154
-2.412
-1.003
-0.663
-0.514
-1.943
-0.583
-4.541
-1.973
-0.483
-3.863
-1.659
-0.099
-2.089
-1.287
-1.231
-1.844
-2.588
-0.869
-2.039
-0.793
0.499
-3.012
