-6.658
-2.936
-4.434
-7.287
-2.773
-4.289
-5.548
-3.031
-3.625
-2.984
-3.197
-2.452
-4.135
-2.632
-2.729
-3.476
-4.589
-3.843
-2.574
-3.831
-0.631
-1.185
-1.335
-2.291
-2.323
1.422
-1.432
-0.236
-1.701
-1.323
0.369
0.907
0.435
-0.806
0.510
-1.024
-0.991
0.312
1.091
1.081
-0.899
0.700
-1.161
0.724
3.263
0.555
0.447
2.645
0.730
0.883
3.068
1.483
0.552
2.953
-1.005
0.315
2.452
-0.024
-0.352
2.735
0.887
1.209
3.603
0.825
0.994
2.701
2.087
0.638
2.332
1.337
0.923
0.479
-1.167
3.812
1.953
2.765
2.820
-0.882
1.227
3.461
0.552
1.924
2.123
2.105
3.110
2.147
1.589
2.586
0.569
-0.185
1.436
4.266
2.864
2.347
2.496
0.416
0.986
1.864
2.878
1.885
-2.663
-0.156
-1.311
-0.580
2.388
-0.459
-0.468
1.685
-0.934
-0.750
1.394
-0.021
-0.396
2.400
-1.177
-1.213
1.318
-1.519
-0.149
2.181
-0.525
0.540
2.664
1.070
-2.058
0.838
-2.027
0.692
2.427
0.466
2.142
-0.784
1.793
1.372
0.294
2.325
2.080
-1.671
0.694
1.516
0.804
2.590
0.724
-0.347
1.064
1.824
-0.245
2.091
1.485
-0.681
1.386
1.221
-1.337
1.284
1.793
0.161
2.354
3.142
0.668
3.188
4.395
3.165
4.221
3.553
1.438
3.748
4.685
2.087
3.132
2.686
0.706
2.218
4.018
3.198
2.360
2.780
0.264
3.669
4.385
2.279
5.261
3.413
1.709
3.725
3.367
1.451
3.191
4.702
0.998
2.901
3.239
1.084
4.917
1.193
-0.415
3.703
1.666
0.535
4.283
3.174
1.276
3.378
0.709
-1.189
1.038
2.196
0.339
4.680
-1.673
-2.494
2.024
1.830
0.691
3.923
1.747
0.921
4.659
1.571
1.479
4.871
2.318
-0.386
1.454
1.834
-0.298
1.003
3.097
-0.387
2.568
2.681
-0.327
1.159
3.224
0.382
1.969
1.227
-0.940
1.038
3.280
0.834
3.265
3.924
2.210
3.854
1.303
-0.045
2.085
2.113
-0.216
0.938
3.195
1.032
2.902
3.989
1.732
3.060
4.296
-0.182
2.137
1.208
1.017
1.264
3.423
2.048
3.438
4.729
3.073
5.195
3.992
0.955
1.980
1.894
2.405
1.599
2.203
0.278
2.537
3.435
0.606
4.250
1.443
-1.399
2.845
-0.073
1.508
-0.478
2.968
0.078
0.283
-0.864
-0.711
-3.483
3.079
-0.362
-0.373
-5.017
1.277
-1.419
0.336
-2.380
2.248
-1.017
3.003
-0.546
2.225
-1.882
3.826
-1.271
3.349
-3.864
2.552
-2.239
4.424
-1.278
1.258
-4.611
1.530
-2.275
1.774
-5.018
-0.276
-2.526
-1.078
-3.585
-2.413
-2.197
0.785
-0.527
-0.048
-0.961
-0.721
-2.457
-1.869
-4.402
-1.247
-2.305
-1.226
-2.962
-1.712
-2.636
1.380
1.407
0.547
1.575
0.059
0.818
-1.194
0.443
-0.368
-1.682
0.898
2.106
-0.191
0.555
1.053
1.320
1.064
0.605
-0.841
-0.959
1.056
0.246
1.542
0.572
0.337
0.836
1.250
2.328
1.859
0.993
0.750
1.239
0.035
0.902
-2.477
0.093
-0.246
0.439
-1.825
-1.080
0.882
1.069
-0.431
-1.659
-1.084
-1.264
1.885
0.019
0.205
-1.154
-1.208
0.924
1.930
1.017
-0.335
-1.149
0.038
-0.030
1.807
-0.012
-3.661
-3.897
-5.529
-2.749
-4.917
-4.594
-7.837
-4.184
-5.616
-3.086
-7.283
-4.628
-5.597
-4.671
-7.200
-5.452
-6.225
-5.705
-9.419
-5.035
-5.228
-4.398
-7.968
-4.914
-6.321
-4.812
-8.657
-6.847
-6.063
-3.888
-7.307
-5.692
-4.979
-4.973
-7.655
-4.873
-2.485
-2.592
-4.617
-3.330
-2.958
-5.865
-7.390
-5.949
-0.423
-4.033
-4.477
-6.317
-2.273
-3.920
-1.533
-4.554
0.433
-5.424
-3.135
-5.510
-3.276
-3.835
-5.241
-6.003
-1.851
-4.901
-4.180
-6.238
-2.669
-2.557
-6.091
-4.947
-2.206
-4.437
-3.898
-5.850
-0.325
-5.275
-4.098
-5.769
-3.370
-3.086
-6.496
-5.372
-1.285
-5.476
-2.215
-3.191
-3.100
-4.690
-3.478
-3.300
-2.817
-5.569
-3.270
-5.270
-5.092
-5.490
-3.939
-5.265
-4.815
-4.885
-4.818
-4.195
-3.638
-4.481
-4.933
-5.670
-4.137
-3.598
-3.948
-4.556
-4.574
-4.739
-4.140
-4.313
-5.844
-6.003
-4.612
-4.491
-4.299
-5.940
-5.513
-4.422
-6.218
-1.274
-1.739
-6.133
-8.027
-2.710
-2.217
-4.228
-8.154
-3.022
-0.085
-6.809
-9.224
-2.631
-3.216
-7.341
-8.240
-1.731
-2.746
-5.608
-7.408
-2.694
-2.917
-6.848
-8.252
-1.375
-2.865
-6.085
-7.210
-2.535
-1.071
-5.201
-6.739
-2.030
-0.772
-6.571
-4.649
-1.728
-3.202
-4.760
-1.523
-6.014
-1.495
-3.900
-3.068
-4.612
-2.497
-1.624
-3.610
-6.176
-3.953
-4.071
-2.802
-4.238
-2.082
-2.225
-0.493
-6.119
-1.950
-3.717
-3.183
-3.509
-2.347
-4.318
-2.774
-4.432
-1.657
-5.547
-1.694
-8.276
-4.596
-5.582
-4.284
-8.216
-3.177
-9.541
-0.970
-3.718
-1.386
-4.366
-0.673
-1.227
-2.891
-5.847
-1.967
-5.263
-6.305
-8.111
-2.313
-4.497
-6.590
-6.638
-0.684
-3.855
-5.276
-8.670
-1.989
-4.454
-7.301
-8.539
-1.805
-3.461
-6.772
-7.860
-2.481
-3.382
-7.824
-9.192
0.438
-3.990
-7.017
-7.709
-0.612
-3.669
-5.657
-6.669
-1.705
-3.383
-6.386
-8.377
1.027
-6.443
-0.665
-3.531
0.648
-7.418
-0.366
-1.134
-1.069
-7.535
-1.001
-2.416
-0.886
-7.481
-1.478
-5.172
-0.634
-7.414
-0.857
-2.039
1.004
-5.643
-0.698
-2.288
-0.773
-6.716
-3.148
-3.599
0.040
-6.071
-0.382
-2.114
1.657
-4.368
-0.971
-2.592
-0.102
-8.340
-0.467
-3.114
-3.362
-4.279
-9.814
-1.886
-4.012
-1.251
-8.172
-3.361
-3.313
-2.163
-9.338
-1.632
-3.891
-1.523
-9.875
-3.481
-3.527
-3.764
-8.268
-1.296
-2.916
-3.303
-9.484
-1.942
-2.133
-2.768
-8.582
-2.424
-1.534
-1.804
-8.850
-1.607
-2.355
-0.697
-9.098
-1.415
-5.102
-2.875
-11.344
-2.537
-1.981
-6.907
-1.289
-5.430
-0.520
-1.884
-4.041
-5.949
-1.035
-3.675
-2.546
-6.201
-3.464
-6.249
-3.372
-7.441
-2.842
-4.468
-2.045
-4.353
-3.026
-3.814
-2.321
-6.395
-2.433
-2.551
-2.729
-6.279
-1.049
-2.047
-1.980
-5.393
-4.857
-2.573
-2.190
-7.984
-2.717
-5.853
-1.076
-4.784
-2.587
-4.579
-11.600
-7.048
-1.862
-2.361
-11.610
-5.393
-0.708
-1.578
-8.491
-3.375
-2.733
-2.285
-9.480
-4.272
-3.215
-2.798
-11.769
-3.871
-3.200
-3.023
-11.319
-4.498
-3.550
-3.207
-11.360
-3.884
-2.952
-3.736
-11.268
-3.624
-1.519
-3.799
-10.214
-4.094
-2.165
-2.423
-10.396
-3.580
-6.825
-2.626
-3.742
-1.295
-3.423
0.225
-6.765
-3.212
-7.553
-3.275
-6.589
-2.414
-6.653
-1.325
-4.657
-0.812
-7.597
-0.920
-5.460
-1.438
-5.119
-1.059
-5.420
-3.853
-4.873
-0.328
-6.271
-0.234
-2.853
-2.791
-5.468
-0.745
-4.526
-2.919
-7.887
-1.408
-5.882
-0.975
-4.734
-0.823
-7.348
-4.240
-5.896
-2.799
-5.947
-2.948
-4.854
-2.611
-2.713
-2.050
-5.232
-1.613
-5.684
-3.011
-6.481
-3.125
-3.695
-3.372
-6.494
-2.955
-3.497
-4.051
-3.310
-4.507
-1.136
-2.290
-3.800
-5.267
-2.019
-2.996
-3.319
-5.760
-1.757
-3.730
-1.980
-3.437
-1.536
-0.596
-3.691
-4.069
-4.919
-5.566
-3.738
-2.153
-4.292
-1.800
-5.382
-3.582
-5.720
-5.445
-3.003
-4.147
-3.802
-1.390
-5.237
-2.252
-1.701
-1.550
-6.736
-3.577
-2.010
-2.644
-3.987
-1.857
-2.335
-1.963
0.637
-1.193
-3.426
-2.627
-2.393
-1.401
-2.922
-3.495
-3.039
-0.716
-0.025
-1.963
0.151
-2.598
