-5.873
-5.590
-5.931
-4.469
-2.810
-4.607
-4.300
-4.869
-6.263
-6.257
-6.268
-5.254
-6.881
-5.307
-5.503
-5.609
-7.534
-3.462
-4.470
-4.100
-5.039
-5.628
-6.215
-3.706
-6.337
-4.426
-6.713
-5.868
-4.638
-3.407
-5.788
-5.223
-2.419
-1.333
-4.838
-4.208
-5.139
-2.910
-2.592
-3.881
1.707
-2.775
1.435
-4.655
1.518
-4.660
1.116
-6.286
0.467
-8.324
-2.057
-5.106
0.600
-3.338
1.034
-6.046
1.809
-3.011
0.254
-6.918
0.782
-3.294
0.293
-2.512
3.398
-2.347
2.098
-3.474
2.223
-4.125
3.745
-0.510
3.054
-3.331
1.698
-3.554
2.511
-3.190
0.829
-2.083
5.321
-2.572
2.093
2.535
3.790
-0.026
2.326
1.197
5.734
0.074
3.045
2.942
5.064
0.678
2.004
1.729
4.924
0.071
1.992
4.329
4.716
0.030
2.811
1.783
4.093
-0.900
2.042
1.638
3.258
-2.806
0.958
0.642
5.509
0.966
3.119
3.643
6.422
0.168
3.361
3.640
4.320
0.374
3.181
1.466
3.835
-0.045
1.867
-0.066
4.506
0.064
2.221
-0.776
4.388
0.849
2.779
1.681
2.934
0.251
1.810
-0.586
4.216
-0.327
2.371
-0.110
3.142
-0.979
0.348
-1.771
3.836
0.079
2.726
1.119
2.852
-0.006
1.517
-0.496
3.211
0.388
2.876
0.712
3.167
-0.966
1.750
-0.865
3.184
-0.038
1.982
-0.433
4.142
0.606
3.699
0.732
3.485
-0.792
1.663
-0.380
4.955
-0.424
2.525
0.100
4.110
-0.174
2.506
-0.658
3.730
0.411
2.658
-0.199
3.406
-1.569
1.150
-1.581
3.510
-0.633
1.669
-0.223
1.742
-0.684
0.835
-4.002
0.943
1.820
2.599
4.072
2.474
0.214
2.099
5.662
2.484
-0.048
2.501
4.973
1.947
-0.511
0.809
5.352
2.350
-0.064
2.142
5.283
1.654
-0.285
0.755
3.385
1.647
-3.452
-0.784
3.195
1.334
-0.569
1.652
4.379
1.353
-1.803
-0.595
3.660
2.250
-0.307
1.566
3.143
3.821
5.808
0.395
1.703
3.490
4.013
1.335
3.728
3.813
4.948
-0.207
1.496
3.889
3.805
1.216
2.210
3.361
3.550
-0.366
1.093
4.069
4.986
-0.965
1.255
3.651
5.052
1.454
2.741
2.617
2.542
-0.262
0.799
3.181
5.199
0.824
2.452
3.413
5.016
0.670
2.533
0.254
-1.018
4.480
2.130
2.210
0.551
4.612
2.680
1.951
1.503
3.580
1.776
3.064
0.697
4.588
3.392
3.270
1.762
3.560
3.746
0.737
-0.002
4.397
1.801
3.357
2.424
4.534
4.361
2.160
0.023
5.243
1.809
1.711
0.410
2.958
2.064
3.815
2.253
4.440
3.781
3.783
3.676
0.604
2.080
3.635
3.648
1.922
1.496
4.383
1.982
0.554
1.341
3.734
1.953
-0.786
0.514
1.166
0.639
-0.739
-0.091
3.566
3.213
0.807
1.337
4.904
3.287
1.414
2.595
2.639
1.885
0.521
1.936
3.588
1.874
-1.186
0.588
2.663
2.995
0.435
1.849
4.754
3.676
2.381
2.757
4.279
1.315
0.578
2.581
4.984
2.595
1.244
2.861
4.328
1.551
1.161
2.951
3.577
2.515
2.223
3.730
3.017
1.909
1.323
1.320
4.622
0.542
-0.218
1.296
3.660
1.148
0.047
1.910
3.614
1.878
-0.047
2.232
3.872
1.298
0.368
2.516
0.922
-2.247
-2.798
1.002
-3.577
-2.450
1.428
-2.337
-3.333
1.447
-3.314
-2.388
0.648
-2.955
-2.403
0.113
-5.178
-5.678
1.237
-3.704
-0.996
2.004
-1.740
-0.750
1.471
-2.099
-2.271
1.908
-2.390
-3.366
3.119
1.077
-1.331
4.133
0.862
-2.267
4.069
0.598
-1.402
4.169
1.908
0.055
3.401
-0.602
-2.636
3.286
1.719
-1.831
2.496
0.092
-2.160
1.725
-2.215
-4.091
5.072
1.133
-1.860
3.400
0.784
-4.552
2.495
0.402
-0.157
2.441
-0.088
1.336
2.224
0.619
0.314
1.520
0.167
-1.436
1.481
-2.883
-2.041
3.207
-0.605
-1.169
1.335
-2.761
-0.934
-0.305
-1.667
-0.402
3.151
1.377
0.241
1.533
-1.213
-1.488
2.808
-1.198
-0.578
3.384
0.109
0.408
2.357
-1.656
0.189
0.197
-0.912
-1.481
2.523
-0.399
1.384
3.281
0.398
0.053
2.429
-0.319
-0.990
4.422
1.088
1.817
2.294
-0.088
0.053
3.959
1.225
1.586
-2.590
-1.850
2.165
0.023
-0.970
2.790
-0.860
-0.700
3.326
-0.589
-3.596
1.545
-1.186
-0.415
2.577
0.047
-3.294
1.526
-1.174
-1.431
2.382
-1.350
-1.805
-0.529
1.620
0.525
3.526
1.353
1.273
4.451
2.972
1.064
0.258
4.773
2.592
3.030
3.122
-0.164
0.221
3.254
-0.189
0.217
3.109
1.651
0.471
1.662
0.008
0.437
4.297
2.510
3.323
3.019
0.736
2.119
2.510
0.255
1.560
1.861
0.409
-0.149
-6.623
-4.545
-5.392
-8.357
-5.421
-6.753
-4.555
-4.816
-7.668
-6.771
-7.724
-6.874
-6.127
-7.668
-6.714
-6.214
-4.841
-3.984
-8.153
-7.203
-6.301
-6.301
-5.131
-9.200
-5.759
-8.896
-7.068
-8.193
-8.938
-7.693
-5.212
-4.447
-4.916
-6.153
-3.609
-4.624
-2.548
-2.834
-5.183
-4.052
-5.500
-3.214
-4.839
-9.806
-4.651
-5.662
-3.852
-4.340
-6.857
-6.075
-7.426
-6.717
-7.072
-6.179
-7.599
-9.258
-5.960
-7.407
-4.822
-7.382
-7.016
-4.893
-4.803
-3.599
-5.574
-8.079
-5.659
-5.607
-4.876
-6.467
-8.233
-6.249
-7.180
-6.459
-7.890
-9.088
-6.553
-6.377
-5.966
-7.253
-6.705
-7.300
-6.480
-6.063
-6.474
-5.286
-5.295
-5.685
-3.985
-6.137
-5.285
-5.006
-3.999
-4.058
-4.641
-8.065
-5.864
-6.022
-4.981
-8.295
-4.155
-1.237
-2.158
-6.536
-2.513
-5.431
-3.362
-2.294
-7.315
-2.237
-5.608
-4.774
-3.267
-8.947
-1.906
-4.255
-1.670
-2.744
-8.281
-1.486
-2.520
-6.003
-0.761
-7.999
-2.792
-5.526
-3.197
-2.048
-6.972
-3.147
-3.617
-3.884
-1.979
-7.956
-2.021
-4.598
-3.246
-3.642
-6.716
-2.217
-3.420
-2.745
-1.629
-6.768
-1.100
-7.509
-5.578
-3.145
-11.989
-5.712
-8.148
-5.353
-7.322
-4.256
-2.787
-4.286
-3.941
-5.111
-4.056
-2.217
-4.056
-4.237
-4.918
-2.192
-3.502
-6.209
-4.133
-4.536
-5.150
-4.214
-3.699
-4.579
-4.666
-4.301
-3.240
-2.928
-3.573
-3.403
-1.615
-2.089
-4.578
-8.505
-5.924
-9.119
-6.761
-4.602
-3.678
-4.772
-2.830
-1.325
-5.075
-3.660
-4.267
-6.102
-2.373
-6.123
-3.098
-5.418
-4.834
-1.800
-3.271
-6.642
-5.268
-4.679
-5.710
-3.076
-3.753
-3.527
-1.966
-4.787
-4.560
-5.073
-2.476
-3.098
-6.226
-5.056
-4.354
-3.609
-5.244
-6.511
-3.766
-4.887
-0.659
-1.918
-3.900
-3.787
-6.466
-3.622
-2.098
-5.423
-4.240
-2.123
-1.771
-4.270
-4.758
-5.791
-6.024
-5.552
-3.294
-5.722
-3.958
-3.331
-3.145
-3.798
-4.953
-4.909
-5.000
-3.143
-7.327
-7.261
2.063
1.603
-5.889
1.402
-1.952
1.782
-0.004
-5.396
0.042
-6.299
2.290
2.883
-6.461
1.849
-3.996
0.917
-1.078
-8.896
1.094
-4.647
0.210
0.382
-7.569
1.972
-1.881
1.546
0.387
-5.506
1.132
-4.063
0.995
-0.294
-7.809
1.554
-5.490
1.688
0.597
-5.320
1.576
-3.001
1.870
0.097
-5.929
1.043
-4.183
1.229
-2.194
-6.986
0.592
-4.305
-5.465
-5.489
-9.610
-3.950
-5.736
-4.115
-4.060
-10.078
-1.645
-3.522
-4.208
-5.706
-8.017
-5.408
-5.348
-3.386
-6.133
-9.015
-3.862
-5.910
-2.692
-2.859
-8.476
-0.887
-2.335
-3.364
-5.145
-8.535
-3.312
-5.762
-4.250
-5.439
-8.678
-3.308
-4.037
-3.900
-6.362
-9.160
-3.357
-7.297
-4.486
-3.676
-9.574
-3.124
-3.021
-4.303
-4.486
-10.918
-3.941
-6.501
1.320
-1.695
-1.170
-5.834
-6.412
1.106
-3.123
-3.438
-5.420
-10.326
0.913
-4.539
-1.587
-6.522
-9.295
2.519
-2.932
-4.368
-2.792
-6.343
2.109
-2.484
-4.846
-2.633
-7.321
0.777
-5.582
-3.239
-4.041
-8.216
0.702
-4.038
-2.543
-5.722
-6.850
1.253
-1.842
-1.380
-3.333
-7.058
1.599
-1.824
-3.171
-2.490
-6.146
1.800
-3.300
-3.554
-1.752
-6.430
-1.153
-0.919
-8.368
-3.508
-2.779
0.938
-0.645
-6.574
-3.302
-4.358
0.485
-0.167
-7.877
-4.169
-2.633
1.740
-1.575
-6.525
-2.869
-4.020
-2.352
-1.753
-10.600
-2.249
-3.159
1.343
-0.121
-5.850
-3.327
-1.932
0.488
-1.360
-6.883
-2.761
-2.239
1.968
-0.427
-6.041
-3.304
-3.704
1.131
-0.225
-4.560
-3.928
-2.227
0.407
-1.689
-6.743
-2.779
-2.853
2.168
0.686
-0.156
-3.054
-4.127
1.185
-0.258
-1.309
-1.779
-3.508
2.601
1.048
-1.944
-2.983
-3.943
1.018
-1.193
0.164
-3.660
-5.177
2.188
0.293
0.835
-3.299
-4.539
1.153
-1.393
-4.729
-2.453
-2.520
1.403
-1.171
-5.020
-1.428
-4.165
2.825
0.753
-1.240
-1.796
-1.973
1.780
0.501
-4.097
-1.904
-4.155
1.257
0.701
-3.381
-2.848
-4.181
-4.144
-5.039
-3.731
-4.950
-6.378
-5.768
-3.000
-8.619
-4.919
-3.953
-7.520
-4.058
-5.719
-5.251
-4.792
-3.660
-7.463
-5.704
-6.115
-5.415
-2.553
-4.164
-4.173
-4.941
-4.017
-4.714
-5.118
-1.736
-5.225
-5.207
-12.375
-6.841
-5.440
-8.434
-3.341
-2.359
-10.241
-3.474
-2.480
-12.790
-5.439
-4.730
-10.137
-3.240
-1.237
-12.105
-4.606
-4.333
-11.966
-3.469
-1.629
-9.373
-4.662
-2.093
-11.199
-4.558
-4.365
-12.259
-4.505
-1.728
-4.772
-6.583
-4.122
-7.767
-4.574
-3.340
-4.964
-4.871
-2.085
-5.294
-4.217
-1.503
-4.662
-4.608
-2.866
-5.125
-5.617
-3.507
-3.877
-6.089
-1.214
-5.248
-5.176
-2.881
-4.829
-3.470
-3.408
-3.993
-5.140
-1.473
-2.646
-1.940
-4.168
-2.007
-2.157
-3.931
-3.123
-2.378
-4.745
-1.237
-2.514
-5.940
-2.166
-3.239
-5.448
-0.379
-1.724
-4.367
-2.027
-3.033
-5.720
-2.316
-1.600
-4.574
-2.221
0.134
-2.567
-1.888
-2.360
-4.143
-3.721
-6.241
-6.129
-3.258
-4.908
-5.577
-4.091
-3.953
-5.686
-3.338
-3.966
-5.439
-4.449
-2.236
-3.524
-1.813
-4.752
-5.609
-3.666
-3.936
-4.455
-5.036
-5.125
-6.305
-3.565
-4.760
-5.331
-5.532
-3.856
-4.256
-5.622
-3.326
-7.265
-3.297
-1.777
-6.593
-6.911
-1.413
-4.695
-4.644
-2.055
-6.344
-4.626
-1.508
-7.427
-6.349
-2.755
-6.754
-6.622
0.063
-4.865
-8.528
-2.575
-6.823
-8.182
-2.934
-6.783
-4.764
-1.745
-6.694
