-6.778
-3.083
-4.517
-7.383
-2.941
-4.480
-5.676
-3.205
-3.787
-3.176
-2.657
-2.143
-3.922
-2.421
-2.546
-3.292
-4.416
-3.958
-2.625
-3.887
-0.648
-1.394
-1.566
-2.245
-2.178
1.405
-1.348
-0.520
-1.751
-1.258
0.709
0.929
0.009
-1.176
0.028
-1.332
-0.788
0.174
1.237
0.069
-0.829
0.298
-1.116
1.006
2.256
0.698
0.297
2.021
0.774
0.845
2.546
1.330
0.698
2.038
-0.833
0.176
1.883
-0.200
-0.746
1.771
0.828
1.436
2.785
0.883
0.867
2.431
1.966
0.089
2.079
1.188
1.199
0.434
-0.933
2.911
2.137
2.672
2.305
-0.654
1.370
3.554
0.815
2.406
1.550
2.405
3.415
1.689
1.651
3.003
-0.361
0.013
1.864
3.902
3.007
2.549
2.053
0.647
1.231
1.811
2.904
2.124
-2.262
0.903
-0.907
-0.082
2.612
-0.240
-0.112
2.122
-0.553
-0.495
2.837
0.309
-0.020
2.725
-0.826
-0.991
1.586
-1.329
0.253
2.627
-0.120
0.838
2.898
1.133
-1.866
1.010
-1.760
1.162
2.997
0.695
1.064
-0.517
2.361
0.914
0.490
2.132
0.867
-1.252
2.043
1.165
0.789
2.465
0.397
-0.328
1.122
0.942
0.014
2.447
0.426
-0.545
1.988
0.699
-0.783
1.557
0.561
0.171
2.852
1.897
0.961
3.747
4.102
3.392
4.589
3.112
2.357
4.199
4.207
2.134
3.692
2.310
1.091
2.625
4.195
3.101
2.637
2.312
0.764
4.141
4.027
2.698
5.813
3.166
2.005
4.208
3.049
1.612
3.427
4.137
1.307
3.615
2.830
1.444
5.196
0.999
-0.017
3.705
1.501
0.976
4.404
2.949
1.353
3.701
0.371
-0.896
1.763
1.865
0.680
4.939
-1.850
-1.684
2.129
1.864
0.431
3.942
1.586
1.241
4.516
1.286
2.393
4.694
2.476
0.028
2.162
2.086
0.116
1.562
2.306
-0.096
2.670
2.734
0.154
1.861
3.189
0.736
2.504
0.750
-0.258
1.622
2.902
1.384
3.861
2.958
2.399
4.446
1.213
0.534
3.206
1.644
0.311
1.792
3.682
1.195
2.942
4.298
1.803
3.219
4.518
0.229
2.553
1.521
1.077
1.327
3.795
2.131
3.231
4.888
3.349
5.240
3.971
1.163
2.323
2.289
2.546
1.810
2.368
0.426
2.842
3.895
0.913
3.877
1.762
-1.312
3.037
-0.223
1.652
-0.547
3.186
0.033
0.557
-1.042
-0.298
-3.602
3.096
-0.610
-0.668
-4.594
1.614
-1.341
0.443
-2.389
2.330
-1.163
3.645
-0.800
2.733
-1.799
4.370
-1.280
3.588
-3.901
2.974
-2.483
4.795
-1.266
1.404
-4.685
1.947
-2.387
1.955
-4.889
-0.062
-2.066
-0.805
-3.079
-2.465
-1.903
1.147
-0.594
0.506
-0.672
-0.254
-2.010
-1.534
-4.238
-1.148
-1.867
-0.957
-2.510
-1.294
-2.499
1.785
0.528
0.748
0.925
0.314
0.702
-1.118
-0.325
0.008
-2.414
1.855
1.752
0.029
0.040
1.462
0.470
1.466
-0.551
-0.077
-1.817
1.687
0.353
1.404
0.240
0.712
0.927
1.681
2.397
1.946
1.135
1.057
1.106
0.711
0.885
-1.559
-0.054
0.338
0.335
-1.325
-1.485
1.084
0.281
-0.475
-1.154
-1.248
-0.831
1.960
-0.818
0.200
-1.722
-0.351
-0.099
1.885
1.308
-0.572
-1.197
0.362
0.189
1.628
-0.445
-3.752
-1.255
-5.585
-0.370
-4.845
-2.408
-7.865
-3.194
-5.356
-0.885
-7.377
-2.409
-5.754
-2.620
-7.312
-3.110
-6.109
-2.878
-9.315
-4.070
-5.107
-1.210
-7.937
-2.055
-6.101
-2.016
-8.469
-3.786
-5.932
-1.051
-7.379
-3.339
-4.782
-1.896
-7.697
-3.936
-2.392
0.289
-4.857
-1.685
-2.900
-5.716
-7.148
-2.821
-0.433
-4.111
-4.562
-3.025
-2.395
-3.689
-1.391
-1.521
0.580
-5.427
-3.247
-2.642
-3.320
-3.160
-5.301
-3.192
-1.574
-4.653
-4.161
-3.331
-2.650
-2.242
-6.080
-1.624
-2.010
-4.388
-3.766
-2.906
-0.467
-5.418
-4.007
-2.814
-3.128
-2.890
-6.516
-2.341
-1.267
-5.560
-1.143
-3.307
-2.633
-4.435
-2.579
-3.535
-2.565
-5.984
-2.489
-5.401
-4.828
-5.055
-2.984
-5.154
-4.629
-4.749
-2.642
-4.315
-3.906
-4.738
-2.373
-5.804
-3.930
-3.193
-1.721
-4.328
-4.261
-4.466
-2.403
-4.213
-5.775
-5.770
-2.721
-4.316
-4.054
-5.862
-2.334
-4.657
-6.233
-2.370
-1.659
-4.597
-7.852
-2.139
-1.992
-3.067
-8.356
-3.866
0.183
-4.413
-9.396
-3.583
-3.337
-4.732
-8.128
-3.286
-2.545
-4.078
-7.489
-3.408
-2.740
-4.406
-7.914
-2.532
-2.679
-5.428
-7.273
-2.460
-0.916
-3.366
-7.069
-2.715
-0.574
-3.598
-4.788
-1.237
-3.415
-3.098
-1.452
-5.604
-2.526
-0.208
-2.984
-4.395
-2.874
0.122
-3.681
-6.061
-4.510
-1.083
-2.784
-4.278
-2.668
-0.642
-0.609
-5.792
-2.821
-1.394
-2.941
-3.102
-2.374
-0.852
-3.018
-4.170
-2.938
-1.172
-1.985
-7.993
-4.474
-1.557
-4.573
-7.872
-3.913
-3.667
-0.694
-3.553
-3.093
-0.885
-0.792
-0.435
-3.544
-5.395
-2.567
-2.654
-7.127
-8.017
-3.575
-2.079
-7.492
-6.467
-1.074
-1.487
-6.299
-8.248
-2.554
-2.174
-8.231
-7.776
-2.745
-1.583
-7.425
-7.211
-3.719
-1.806
-8.841
-8.531
-1.158
-0.378
-7.967
-7.036
-1.945
-0.501
-6.153
-6.025
-2.751
-1.080
-7.168
-7.584
0.275
-6.529
-1.829
-3.491
0.073
-7.373
-1.109
-0.840
-1.481
-7.400
-1.696
-1.927
-0.761
-6.894
-2.373
-4.787
-0.537
-7.476
-1.634
-1.643
0.253
-5.868
-1.559
-1.832
-1.065
-6.121
-4.192
-2.871
-0.075
-5.874
-1.114
-1.610
0.779
-4.562
-1.772
-2.084
-0.472
-7.674
-1.064
-2.735
-4.316
-2.493
-9.783
-1.829
-5.216
-1.331
-8.457
-3.656
-4.635
-1.098
-9.930
-1.668
-5.185
-1.235
-10.075
-3.985
-4.823
-2.232
-8.356
-1.133
-3.834
-2.022
-9.708
-2.056
-3.209
-1.457
-8.646
-2.705
-2.216
-0.735
-8.963
-1.862
-3.329
-0.168
-9.548
-1.836
-5.415
-3.481
-11.461
-3.131
-0.757
-6.671
-2.178
-5.563
1.079
-2.077
-4.777
-6.239
1.270
-3.514
-3.212
-5.868
-0.258
-6.174
-4.648
-7.399
0.043
-4.575
-2.811
-4.335
0.442
-3.594
-3.381
-6.308
0.125
-2.230
-4.000
-5.867
1.582
-2.552
-2.828
-5.594
-0.669
-2.575
-3.266
-7.966
-0.186
-5.708
-1.688
-4.471
-2.435
-3.302
-11.861
-6.953
-1.083
-1.809
-11.564
-5.331
-0.660
-0.598
-8.817
-2.825
-2.179
-2.274
-10.109
-3.932
-3.056
-2.282
-11.580
-4.078
-2.515
-2.744
-11.233
-4.400
-3.176
-2.833
-11.738
-3.867
-2.306
-3.393
-11.189
-3.711
-0.667
-2.788
-10.627
-3.915
-1.651
-2.003
-10.295
-3.825
-6.256
-2.412
-3.538
-1.178
-3.378
0.088
-6.588
-3.039
-7.425
-3.342
-6.467
-2.362
-6.365
-1.500
-4.606
-0.938
-7.544
-1.244
-5.302
-1.485
-5.117
-1.193
-5.297
-4.255
-4.771
-0.712
-6.078
-0.336
-2.418
-3.230
-5.290
-1.085
-4.415
-3.353
-7.880
-1.643
-5.499
-1.243
-4.619
-0.968
-7.722
-4.218
-5.888
-2.901
-6.027
-3.136
-5.018
-2.640
-2.874
-2.251
-5.298
-1.660
-5.635
-3.056
-6.347
-3.268
-3.654
-3.360
-6.861
-2.769
-4.080
-3.639
-4.018
-4.136
-2.452
-2.231
-4.288
-5.086
-2.656
-2.841
-4.167
-5.178
-2.690
-3.368
-3.102
-3.431
-2.206
-0.482
-4.798
-3.980
-2.948
-5.044
-1.834
-1.522
-1.972
-1.724
-2.608
-3.142
-3.883
-4.429
-0.957
-3.189
-1.351
-1.030
-2.438
-2.138
-0.080
-0.945
-4.118
-3.627
-1.587
-2.959
-3.140
-2.282
-2.095
-2.438
-0.478
-1.328
-2.775
-2.877
-2.174
-1.652
-2.876
-3.399
-1.788
-0.838
-0.248
-2.095
-0.904
-3.030
