-8.456
-4.110
-5.355
-9.233
-4.396
-5.219
-7.717
-4.343
-5.628
-4.572
-5.452
-4.025
-6.573
-4.064
-4.236
-4.868
-6.733
-5.149
-4.226
-5.524
-0.730
-1.750
-1.166
-2.543
-2.459
3.431
-1.484
0.771
-1.732
-1.063
-0.028
0.740
0.263
-1.162
0.838
-1.120
-1.133
0.553
0.863
0.871
1.552
1.001
-0.384
2.572
3.202
1.442
4.243
2.789
1.702
5.987
2.742
2.207
0.947
2.944
-0.362
4.958
2.575
-0.506
3.929
3.013
0.932
5.236
3.431
1.998
6.370
2.341
2.661
4.317
2.433
0.649
1.876
1.336
0.012
8.742
3.216
3.989
4.928
0.056
1.455
7.168
2.456
5.580
6.383
4.087
5.191
4.568
2.520
4.423
2.277
0.168
2.452
8.446
5.428
5.895
4.387
1.425
1.175
7.077
5.417
4.037
-0.997
0.701
1.378
1.270
2.662
3.818
0.770
2.071
2.106
1.072
1.494
3.765
1.118
2.600
1.001
-0.013
1.590
0.524
1.367
2.176
3.380
2.655
2.719
4.455
-0.614
1.483
1.070
2.465
2.694
3.549
5.729
0.296
2.767
4.760
1.815
3.047
4.402
-0.441
1.010
3.783
2.514
2.694
1.692
1.107
1.748
3.525
0.724
2.538
4.143
0.248
2.044
3.971
-0.860
1.836
5.883
1.543
2.696
8.836
2.654
3.554
12.273
5.231
5.550
9.599
3.065
4.873
11.827
3.609
4.591
7.751
2.154
3.046
9.896
4.747
4.454
8.563
1.341
4.808
12.898
4.134
6.570
11.859
3.784
5.581
9.814
3.097
4.998
11.001
1.551
3.599
9.904
2.333
3.810
7.822
0.763
3.184
7.688
1.917
3.427
7.664
1.804
2.593
5.818
-0.409
0.928
6.769
1.359
3.632
1.508
-1.548
1.876
7.687
1.172
3.147
6.347
1.776
3.768
6.358
3.762
4.013
3.994
0.961
1.144
3.376
0.711
0.877
4.248
0.459
2.232
4.547
1.188
1.087
5.231
1.731
1.662
1.962
-0.187
0.915
4.710
2.339
2.543
5.084
3.673
2.867
2.706
1.596
1.373
3.340
1.358
0.754
7.213
1.970
2.411
9.193
3.139
2.515
9.536
0.648
1.701
4.396
1.796
1.266
9.241
2.855
3.047
11.889
4.302
4.168
7.910
1.728
1.573
6.425
3.237
1.519
6.126
1.426
1.949
9.036
1.560
3.560
3.328
-0.123
7.092
2.497
4.168
0.262
8.048
2.800
1.133
-0.453
-1.308
-4.100
8.589
2.072
-0.997
-6.008
2.378
-0.214
2.543
-1.493
1.259
0.282
1.033
1.309
0.825
-1.011
1.826
0.564
1.888
-4.135
1.043
-1.063
2.473
0.044
0.538
-4.324
0.376
-1.440
0.808
-5.905
1.175
-2.314
1.470
-3.083
-1.476
-1.909
2.481
-0.361
2.839
-1.185
0.589
-2.349
-0.972
-3.275
-0.292
-2.380
0.688
-2.729
-1.595
-1.945
3.308
1.874
2.833
2.180
2.413
1.769
0.167
0.562
1.018
-1.514
3.109
2.854
1.919
0.638
3.493
2.275
2.990
0.743
1.031
-0.843
5.871
1.753
5.429
2.317
4.019
2.208
5.083
3.941
5.467
2.530
5.162
3.031
3.571
2.181
0.021
1.337
2.724
1.474
-1.244
-0.485
4.074
0.900
1.749
-0.335
0.140
-0.742
6.034
0.646
2.387
-1.294
1.065
0.029
6.396
1.903
0.309
-1.084
1.392
0.213
3.835
0.304
-4.698
-1.210
-7.824
-3.885
-6.074
-1.528
-9.995
-5.853
-7.851
-0.830
-9.877
-6.919
-8.245
-3.984
-10.184
-7.648
-7.844
-2.660
-12.680
-6.633
-7.982
-0.340
-11.713
-7.188
-9.069
-1.271
-11.923
-9.065
-8.897
-0.923
-10.341
-8.937
-7.362
-1.966
-10.513
-6.703
-3.445
1.180
-6.349
-4.767
-4.615
-7.350
-11.436
-8.158
-0.781
-5.739
-6.747
-8.535
-4.479
-6.287
-3.896
-6.864
-0.232
-7.691
-5.924
-7.638
-5.725
-6.311
-8.788
-8.248
-3.759
-6.838
-7.289
-8.560
-3.927
-4.641
-9.785
-7.266
-3.549
-6.818
-6.919
-8.266
-0.929
-7.488
-6.543
-8.183
-5.668
-5.384
-10.668
-7.842
-3.122
-8.284
-2.825
-5.593
-5.545
-6.457
-2.795
-5.946
-5.015
-7.020
-4.249
-8.140
-8.368
-8.950
-6.481
-8.983
-7.396
-6.890
-4.714
-6.251
-6.123
-6.739
-3.582
-8.733
-6.268
-5.182
-1.731
-6.643
-7.242
-6.607
-2.785
-6.920
-9.011
-8.362
-3.702
-6.601
-6.503
-7.595
-2.019
-6.452
-7.709
-1.902
-4.345
-8.672
-10.268
-1.856
-5.344
-7.017
-10.398
-5.506
-1.716
-9.739
-11.414
-4.549
-6.286
-10.529
-10.786
-4.926
-5.658
-8.469
-9.467
-5.351
-6.103
-10.226
-10.853
-5.260
-6.540
-9.459
-9.198
-3.443
-3.600
-8.035
-8.806
-4.156
-3.402
-9.995
-6.062
-1.129
-6.509
-7.302
-4.702
-8.381
-4.506
-6.848
-6.260
-7.138
-4.946
-3.390
-6.696
-8.500
-6.978
-5.975
-6.216
-6.669
-5.032
-5.213
-2.702
-8.932
-4.825
-5.509
-5.983
-6.227
-3.307
-7.158
-5.976
-7.166
-5.368
-8.333
-4.210
-11.448
-5.739
-8.730
-7.173
-10.898
-5.480
-12.220
-3.007
-5.298
-5.155
-6.571
-2.391
-0.959
-4.122
-6.746
-5.024
-2.554
-7.079
-8.076
-5.268
-2.770
-7.164
-6.671
-3.006
-1.440
-6.369
-8.978
-4.721
-2.605
-8.199
-8.509
-5.314
-2.365
-7.583
-8.062
-6.419
-3.133
-8.411
-9.577
-2.339
0.048
-7.595
-7.525
-3.621
-0.308
-6.002
-6.343
-4.651
-1.144
-6.759
-8.200
-1.084
-6.402
-1.785
-3.471
-1.587
-7.236
-1.588
-1.331
-4.436
-6.974
-1.934
-2.525
-3.655
-7.423
-2.589
-5.327
-2.545
-7.312
-2.248
-2.242
-1.713
-5.269
-1.564
-1.999
-3.448
-6.453
-4.671
-3.736
-1.140
-5.923
-0.983
-2.053
-0.822
-4.014
-1.934
-2.138
-3.648
-7.973
-1.973
-3.497
-6.233
-1.632
-8.633
-2.833
-6.006
-1.450
-7.770
-4.163
-7.078
-0.675
-8.603
-2.345
-6.789
-2.493
-9.912
-4.618
-7.850
-0.983
-7.478
-2.141
-5.128
-0.363
-8.443
-2.347
-5.731
0.060
-8.106
-3.725
-3.698
0.688
-8.106
-2.700
-5.778
0.662
-8.395
-2.424
-7.997
-3.823
-11.113
-3.770
0.151
-6.963
-2.361
-5.318
0.915
-2.132
-5.123
-5.971
3.981
-3.628
-3.653
-6.076
0.482
-6.656
-4.978
-7.500
2.503
-4.407
-2.580
-4.091
2.792
-3.577
-3.456
-6.017
3.629
-1.930
-3.440
-5.777
3.626
-1.775
-2.654
-4.833
0.442
-2.754
-3.551
-7.976
1.431
-5.568
-1.817
-4.965
-2.704
-3.603
-11.340
-7.583
-2.894
-0.571
-11.336
-5.862
-2.057
0.225
-8.067
-3.669
-3.379
-1.770
-8.913
-4.810
-5.651
-3.848
-12.043
-4.650
-5.213
-3.561
-11.048
-5.655
-5.378
-2.637
-10.603
-4.524
-4.115
-1.790
-10.577
-3.910
-0.959
-2.011
-9.962
-4.224
-2.959
-0.238
-9.671
-3.678
-9.155
-3.799
-5.349
-2.061
-4.078
0.213
-8.623
-4.574
-9.367
-4.730
-8.204
-3.922
-8.244
-1.793
-5.363
-1.374
-9.804
-1.926
-6.994
-3.511
-7.216
-2.876
-6.988
-5.531
-6.328
-0.187
-8.102
-1.655
-4.437
-3.852
-7.566
-1.805
-6.480
-4.135
-9.642
-3.013
-7.492
-2.578
-7.098
-1.850
-9.924
-5.712
-7.574
-3.529
-8.138
-3.695
-7.508
-3.493
-3.908
-2.433
-8.160
-2.611
-7.581
-3.898
-8.062
-3.548
-5.747
-4.724
-8.437
-3.105
-3.562
-4.600
-3.542
-5.341
-0.628
-2.537
-4.052
-5.440
-1.939
-3.388
-3.624
-6.530
-1.809
-4.176
-1.800
-3.864
-1.220
-0.500
-3.698
-4.569
-5.419
-6.119
-4.026
-3.087
-4.983
-2.222
-5.094
-3.977
-5.334
-5.769
-3.111
-4.605
-4.320
-1.893
-4.937
-2.852
-1.670
-2.143
-6.833
-3.958
-2.702
-2.737
-4.254
-1.675
-3.270
-2.172
0.634
-1.267
-4.146
-3.012
-2.231
-1.234
-3.072
-3.482
-3.381
-0.873
-0.222
-1.785
-0.190
-2.966
