-7.228
-7.130
-7.411
-6.072
-3.342
-6.324
-5.545
-6.216
-8.240
-8.664
-7.787
-6.191
-8.122
-7.261
-6.911
-7.324
-9.481
-4.391
-6.125
-5.150
-6.458
-7.521
-7.677
-5.290
-8.342
-6.261
-8.359
-7.225
-6.096
-5.292
-7.205
-7.325
-3.313
-2.245
-6.014
-5.175
-6.744
-3.984
-3.683
-5.318
2.344
-2.758
2.345
-4.353
1.877
-4.887
1.786
-6.223
1.738
-7.768
-2.711
-5.034
1.078
-3.474
1.790
-5.802
2.677
-3.086
0.305
-6.946
0.813
-3.497
-0.267
-3.220
4.225
-2.621
2.199
-3.739
2.131
-4.693
5.301
-0.630
3.036
-3.496
1.882
-4.251
2.240
-4.060
-0.002
-2.661
8.715
-1.551
1.968
5.380
3.507
1.187
2.081
3.257
10.336
1.964
2.227
5.058
7.840
3.059
1.904
3.655
12.910
2.670
1.810
5.091
6.464
1.789
2.515
4.295
6.351
0.006
1.822
1.811
3.289
-2.428
1.250
2.853
11.140
4.107
2.870
5.120
11.892
2.494
2.864
6.312
7.545
2.618
3.372
5.915
4.980
1.325
2.127
2.094
5.583
2.331
2.013
0.507
8.671
3.659
2.881
3.683
3.496
1.622
1.745
0.708
5.798
0.955
2.247
1.702
3.077
0.899
0.992
-0.968
6.490
2.081
2.728
3.830
4.047
2.124
1.699
0.548
6.022
2.238
2.921
3.001
4.836
0.812
2.225
2.020
4.564
1.014
1.980
2.279
7.552
2.794
3.555
4.024
5.243
0.926
2.130
3.742
6.675
1.494
2.560
4.508
4.604
1.986
2.987
3.994
5.463
2.823
2.613
3.415
3.828
-0.310
1.611
1.944
4.918
0.778
2.187
3.545
-0.763
0.149
0.954
-2.785
8.032
3.319
2.590
1.270
11.917
1.834
2.331
4.747
9.644
1.028
2.538
5.518
10.434
1.154
0.880
4.455
11.521
1.709
2.002
3.331
7.697
0.860
1.280
2.946
6.064
-3.659
-0.159
2.002
8.267
-0.150
1.618
1.856
7.792
-1.264
0.427
2.183
8.264
0.958
1.467
0.457
10.556
5.765
2.252
1.508
9.345
4.610
2.185
3.033
11.066
4.968
1.009
1.402
10.447
3.893
1.830
1.945
9.414
2.861
0.930
1.103
10.952
4.995
0.615
1.290
10.492
5.300
2.493
2.356
7.533
1.766
0.747
0.553
9.702
5.166
2.495
2.195
10.715
4.916
1.797
2.147
7.231
0.423
3.614
2.093
8.942
1.643
4.098
2.347
7.324
2.644
3.028
1.735
10.724
1.372
4.178
2.626
10.907
3.009
3.587
3.231
7.245
1.586
3.423
1.889
11.572
3.515
4.237
3.473
10.692
1.479
4.636
1.643
7.415
1.548
2.228
1.969
11.835
3.328
4.172
3.111
10.754
3.572
1.646
1.737
9.599
5.004
2.836
1.314
10.815
1.529
2.186
1.198
10.254
1.130
-0.065
0.457
3.815
-0.452
0.406
-0.029
11.100
2.665
2.455
1.325
10.813
3.610
2.611
2.046
6.463
2.106
1.299
1.631
9.823
1.530
-0.115
0.683
8.327
3.724
1.768
1.563
10.592
5.088
4.168
2.173
8.024
3.103
2.059
1.876
10.048
4.321
2.597
2.162
8.965
2.781
2.501
2.254
8.365
4.351
3.683
3.060
6.299
3.301
3.081
1.014
9.427
2.412
0.962
0.996
6.687
2.012
1.350
1.617
7.259
2.826
0.988
1.836
7.855
2.456
1.424
1.921
5.652
-1.684
-1.565
4.081
-2.791
-2.065
3.561
-1.521
-3.394
6.062
-2.321
-1.817
3.404
-1.930
-2.050
3.808
-3.159
-5.502
5.867
-2.476
0.356
6.633
-1.249
0.625
6.182
-1.196
-1.501
4.406
-1.609
-3.761
6.970
0.233
-0.351
8.683
-0.622
-0.699
7.741
0.145
-0.299
9.821
0.788
2.421
7.523
-1.144
-1.636
8.087
0.824
-0.010
4.532
-0.164
-1.641
3.369
-1.786
-4.538
11.463
0.401
-0.217
6.395
0.128
-4.829
5.750
-0.190
0.538
6.008
-0.062
3.265
6.126
0.134
1.475
1.731
-0.028
-1.765
3.732
-2.968
-0.987
7.569
-0.948
-0.354
3.557
-2.331
-0.896
0.414
-0.939
-0.960
7.411
0.877
2.082
2.988
-0.866
-1.142
4.397
0.383
-0.987
7.281
1.912
0.618
3.895
0.130
0.228
0.326
0.247
-1.989
4.550
1.063
1.158
4.519
1.675
-0.511
3.613
1.628
-0.300
9.813
3.407
1.644
5.506
2.094
0.571
8.821
3.345
1.942
0.050
-1.519
0.527
5.074
0.143
1.048
4.632
0.746
1.697
1.917
-2.536
-0.726
3.770
0.929
0.795
2.910
-2.641
-0.377
2.631
-0.505
0.246
1.766
-1.014
-2.428
7.477
2.018
2.607
8.377
3.106
3.571
5.857
2.494
-0.211
10.838
4.656
2.466
6.600
1.248
0.862
6.063
0.615
-0.960
5.831
3.047
0.263
4.619
1.513
0.741
9.775
4.393
3.493
8.438
2.601
2.313
6.346
2.112
1.183
4.290
2.042
-0.825
-8.392
-6.092
7.559
-10.525
-8.101
-9.078
-6.406
2.471
-11.159
-10.288
-10.448
-9.367
1.383
-10.421
-10.455
-8.601
-7.030
2.137
-10.883
-9.760
-8.040
-8.684
5.766
-11.808
-8.081
-11.565
-8.963
5.125
-12.104
-11.179
-6.815
-6.535
6.588
-8.920
-6.393
-6.204
-4.405
4.657
-7.352
-5.945
-6.905
-4.385
8.088
-12.720
-6.817
-7.564
-5.345
3.908
-9.804
-8.342
-9.708
-8.674
-4.289
-9.191
-9.565
-12.618
-7.937
-8.171
-7.126
-9.599
-10.089
-7.121
-5.302
-6.369
-8.130
-10.386
-7.274
-5.029
-7.061
-7.792
-11.745
-8.528
-7.764
-9.963
-10.798
-12.066
-8.079
-6.605
-9.107
-8.797
-8.946
-9.220
-6.184
-8.536
-8.060
-6.943
-6.538
-5.526
-5.657
-8.086
-7.328
-6.670
-4.096
-6.144
-6.335
-10.444
-7.445
-5.220
-7.327
-10.029
-4.913
-2.230
5.630
-8.411
-4.533
-6.845
-5.484
3.260
-9.654
-4.271
-7.514
-7.084
0.864
-11.880
-3.182
-5.204
-2.784
3.833
-10.639
-2.380
-3.873
-8.004
2.313
-10.537
-4.384
-7.923
-5.028
1.584
-9.026
-5.117
-4.280
-5.346
3.333
-9.972
-3.590
-6.250
-4.959
2.373
-8.796
-4.716
-4.074
-4.051
3.952
-8.363
-1.946
-10.447
-8.085
-0.665
-15.600
-8.319
-11.101
-7.648
-3.643
-6.684
-5.273
-5.986
-6.125
-4.665
-6.839
-4.857
-6.132
-6.659
-3.378
-4.720
-6.351
-9.173
-6.157
-3.566
-7.523
-6.795
-5.927
-6.364
-2.113
-6.568
-5.737
-5.105
-5.310
-1.797
-3.960
-4.042
-6.347
-11.495
-3.086
-12.281
-9.759
-6.627
-5.493
-3.475
-5.275
-3.039
-7.448
-6.008
-4.635
-9.471
-4.387
-8.906
-5.544
-2.436
-7.791
-3.653
-5.634
-8.783
-4.435
-8.196
-8.056
-3.793
-5.138
-2.154
-3.186
-5.708
-6.289
-7.133
-0.064
-5.469
-8.435
-6.584
-6.262
-2.845
-7.706
-8.431
-5.199
-6.822
-0.647
-3.612
-5.157
-5.689
-8.892
-1.717
-4.771
-7.721
-6.505
-4.041
0.842
-7.027
-6.995
-7.533
-7.996
-2.019
-5.088
-7.464
-4.439
-3.665
-2.420
-5.511
-6.335
-6.739
-6.329
-1.820
-10.565
-9.239
0.405
5.805
-5.871
-0.641
-1.776
0.594
2.874
-5.353
-2.225
-6.916
0.505
6.483
-6.179
-0.699
-3.907
-2.069
2.263
-8.938
-1.319
-4.985
-2.324
2.252
-7.232
-0.099
-2.129
-0.736
3.958
-5.364
-0.874
-4.477
-0.495
2.872
-7.359
-0.218
-5.740
-0.326
4.991
-5.120
-0.793
-3.120
0.694
3.109
-6.164
-1.037
-4.824
-0.552
2.624
-6.961
-1.651
-4.762
-7.497
-5.391
-9.102
-4.534
-6.189
-4.807
-3.662
-9.123
-1.571
-3.619
-6.108
-4.500
-7.804
-6.046
-5.635
-5.785
-3.593
-8.206
-4.883
-5.767
-5.985
-1.460
-8.409
-1.755
-2.463
-4.031
-4.426
-8.403
-4.325
-6.237
-7.374
-5.925
-8.294
-4.159
-4.560
-4.232
-4.938
-9.034
-3.630
-7.522
-6.172
-4.425
-9.043
-3.972
-3.408
-5.908
-4.576
-10.535
-4.673
-6.415
-0.802
2.531
-1.555
-7.393
-5.919
-1.351
1.674
-3.400
-6.672
-9.987
-1.732
1.015
-1.561
-7.986
-9.342
-0.174
4.156
-4.287
-4.347
-5.910
-0.204
3.715
-4.715
-3.618
-7.085
-2.961
0.564
-3.427
-5.317
-8.550
-3.272
1.559
-2.811
-7.258
-6.731
-2.430
4.063
-0.946
-4.213
-6.426
0.644
2.246
-3.544
-3.875
-5.876
-1.215
2.279
-3.248
-2.574
-6.551
-4.207
0.423
-8.042
-5.105
-3.252
-0.640
2.090
-6.837
-4.977
-5.119
-2.998
2.940
-7.225
-5.399
-3.113
-1.336
3.212
-6.537
-4.219
-4.514
-6.907
-1.555
-10.251
-3.529
-4.070
-1.723
3.203
-6.018
-5.055
-2.280
-4.176
2.582
-6.942
-4.121
-2.721
-0.981
4.237
-6.417
-4.499
-3.399
-3.538
4.465
-4.627
-5.062
-2.137
-4.573
1.628
-6.591
-4.133
-3.190
-0.274
3.502
-0.513
-4.419
-4.046
-1.577
2.091
-1.406
-2.849
-3.722
0.370
3.861
-2.485
-4.336
-4.020
-0.290
1.714
-0.657
-5.358
-5.212
0.135
3.302
0.332
-4.222
-4.301
-0.640
0.320
-5.008
-3.290
-2.841
-1.983
1.175
-5.843
-3.057
-4.508
-0.245
5.948
-1.189
-3.503
-1.732
-1.506
3.277
-4.797
-3.338
-3.887
-1.603
1.945
-3.956
-4.774
-4.490
-5.595
-6.945
-4.941
-6.407
-8.448
-7.849
-4.184
-11.723
-7.412
-5.759
-10.028
-4.811
-6.684
-7.151
-6.066
-5.068
-9.568
-7.816
-7.762
-7.781
-3.454
-5.572
-6.407
-6.182
-4.947
-6.512
-6.011
-2.308
-7.066
-6.248
-14.023
-8.384
-6.537
-9.067
-3.666
-2.331
-11.195
-4.311
-3.306
-14.385
-6.181
-5.929
-12.081
-3.887
-1.740
-13.260
-5.197
-5.038
-12.865
-3.082
-1.536
-10.919
-6.309
-3.247
-12.351
-4.805
-5.019
-12.991
-5.001
-2.332
-6.775
-8.401
-5.196
-9.695
-6.646
-3.726
-6.349
-6.577
-2.279
-7.083
-5.542
-1.825
-5.643
-6.144
-3.153
-6.850
-7.682
-4.290
-5.997
-8.475
-1.291
-7.108
-7.304
-3.199
-6.554
-4.439
-4.020
-6.602
-6.985
-1.876
-2.797
-2.120
-4.147
-2.148
-2.044
-4.005
-3.145
-1.987
-4.652
-1.358
-2.175
-5.873
-2.492
-3.218
-5.516
-0.325
-1.441
-4.142
-2.210
-2.955
-5.387
-2.456
-1.170
-4.439
-2.440
0.468
-2.130
-2.677
-2.179
-4.716
-3.766
-6.354
-6.539
-3.106
-4.430
-5.862
-4.306
-4.040
-5.742
-3.740
-3.881
-5.563
-4.811
-2.386
-4.175
-2.170
-5.287
-5.941
-4.198
-4.167
-4.764
-5.263
-5.448
-6.602
-3.979
-4.922
-5.911
-6.211
-4.085
-4.471
-5.166
-3.625
-7.320
-3.134
-1.967
-7.002
-6.370
-1.467
-4.629
-5.026
-2.427
-6.572
-4.499
-2.072
-7.360
-6.173
-3.174
-6.931
-6.960
0.118
-5.094
-8.210
-2.966
-6.575
-7.906
-3.436
-6.411
-5.096
-1.773
-6.572
