-4.842
-3.571
-4.651
-7.041
-2.616
-3.961
-3.727
-2.321
-2.932
-2.882
-6.711
-4.049
-5.847
-4.632
-3.901
-5.913
-4.734
-5.569
-5.532
-5.032
-1.985
-2.282
-2.857
-2.859
-3.425
-0.288
-2.731
-1.478
-2.103
-2.737
0.516
0.712
-0.104
-1.287
-0.332
-1.319
-0.634
0.214
1.208
-0.310
-1.862
0.277
-1.632
-1.196
2.259
0.145
-0.247
1.661
-0.207
1.204
2.814
-0.257
-2.692
1.905
-1.355
0.089
1.665
-2.055
0.686
1.899
-0.513
-0.230
2.585
-0.354
1.550
2.122
0.461
1.028
1.176
-0.936
-3.050
0.115
-1.421
1.915
1.696
1.500
0.205
-0.956
1.013
-0.414
0.306
2.892
1.470
1.979
2.974
0.411
1.439
2.704
-0.607
-0.780
1.735
0.376
2.280
2.417
-0.560
0.296
0.373
0.170
1.979
1.742
-2.789
-1.202
-0.800
-0.419
1.926
0.301
-0.779
0.709
-0.175
-0.745
0.847
0.681
-0.783
1.629
-0.475
-1.222
0.851
-1.525
-0.370
1.332
0.258
0.643
2.131
0.463
-2.370
0.239
-1.528
0.693
1.446
0.690
0.690
-1.318
-0.051
-0.114
-0.315
0.931
-0.589
-1.900
-0.029
-0.922
0.066
1.821
-3.004
-1.176
0.447
-1.356
-0.700
1.223
0.202
-1.469
0.186
-1.057
-1.521
0.212
0.631
-0.875
1.159
2.615
0.158
1.739
3.318
2.743
4.278
2.351
0.381
3.676
3.272
1.499
3.272
2.219
0.005
2.192
2.550
2.799
1.302
2.768
-0.200
3.824
3.513
1.836
5.447
2.865
1.177
3.410
2.823
0.635
2.487
3.879
1.340
3.443
2.422
0.455
2.762
0.838
-0.836
0.546
0.161
-0.236
2.080
2.421
1.118
2.328
-0.630
-1.721
0.154
1.328
-0.091
1.907
-3.408
-3.590
-1.499
1.858
0.842
0.859
0.671
0.471
1.410
0.054
-0.413
1.907
1.567
-0.330
3.607
1.396
0.250
3.281
3.220
-0.051
3.670
2.188
-0.068
3.096
2.508
0.360
3.381
1.478
0.059
3.737
3.567
1.453
4.197
4.266
2.438
4.344
0.955
0.223
3.752
2.259
0.013
2.806
0.842
0.419
4.475
2.240
1.004
3.250
3.781
-0.026
3.094
-0.543
0.418
1.289
1.826
2.005
2.701
2.169
2.701
5.646
2.899
0.526
3.937
-0.122
2.029
1.990
-0.036
-0.409
3.141
1.533
0.406
3.886
-3.954
-1.511
-2.906
-0.802
-3.979
-0.880
-2.842
-0.400
-5.911
-1.043
-5.755
-3.997
-1.905
-1.180
-6.130
-4.845
-4.888
-1.270
-4.371
-2.490
2.511
-1.303
1.765
-0.817
2.642
-2.033
1.177
-1.487
1.998
-4.054
1.670
-2.894
2.570
-1.207
0.578
-5.186
1.127
-3.077
1.178
-5.193
-2.362
-1.689
-3.833
-2.495
-7.276
-2.865
-1.427
-0.467
-2.754
-1.305
-3.148
-2.375
-3.795
-3.519
-5.155
-1.995
-4.707
-2.624
-4.917
-2.890
0.571
1.280
0.523
1.725
-0.904
1.472
-1.202
1.238
-2.170
-1.554
1.141
1.645
0.224
1.083
0.764
1.412
0.408
0.498
-0.914
-0.698
0.249
1.950
1.329
-0.513
0.072
0.593
1.127
1.041
1.445
0.465
0.526
0.307
-0.718
1.615
-2.852
-0.622
-0.856
0.662
-2.633
-1.468
0.298
0.750
-0.695
-1.540
-1.490
-0.497
2.424
0.115
-0.821
-0.327
-1.092
0.026
1.697
1.262
-0.937
-0.829
-0.032
0.242
1.723
-0.278
-4.468
-2.823
-3.770
-4.052
-5.504
-5.077
-8.648
-5.931
-5.949
-3.431
-7.203
-5.014
-6.352
-4.066
-7.830
-4.645
-6.966
-4.549
-10.243
-7.265
-5.561
-3.632
-4.816
-4.624
-6.310
-4.063
-8.174
-4.735
-6.358
-2.743
-9.193
-5.455
-5.485
-3.862
-8.882
-6.838
-3.065
-2.076
-6.711
-4.261
-3.575
-6.513
-4.324
-5.471
-0.774
-4.345
-6.623
-4.420
-2.780
-3.859
-4.298
-1.803
0.105
-5.493
-6.915
-3.747
-4.057
-2.938
-5.567
-6.289
-1.597
-4.607
-7.329
-3.148
-2.998
-2.158
-5.597
-1.973
-2.360
-4.539
-5.604
-3.926
-0.827
-5.789
-7.165
-3.213
-3.136
-2.923
-5.642
-3.695
-1.623
-6.141
-4.627
-7.188
-2.959
-4.366
-7.031
-8.518
-3.134
-6.549
-6.092
-11.778
-5.116
-5.363
-6.651
-9.981
-5.370
-5.459
-5.064
-8.039
-4.234
-5.324
-3.738
-6.061
-4.204
-3.327
-5.325
-7.152
-4.584
-4.651
-6.617
-7.351
-6.558
-6.080
-6.452
-7.335
-4.570
-6.154
-5.323
-8.412
-6.291
-5.888
-7.594
-7.636
-7.776
-4.806
-8.632
-5.221
-8.770
-7.717
-9.130
-6.555
-9.562
-7.058
-9.562
-6.394
-8.172
-7.766
-8.304
-7.512
-7.750
-7.506
-8.221
-6.951
-7.828
-7.162
-10.953
-8.237
-7.248
-5.451
-8.826
-3.852
-7.352
-6.037
-7.394
-4.920
-4.786
-5.069
-8.666
-3.365
-1.830
-5.637
-6.565
-3.038
-3.903
-4.608
-6.811
-4.570
-4.401
-6.136
-7.263
-2.448
-3.595
-4.871
-6.193
-3.243
-1.329
-5.865
-6.497
-4.884
-3.366
-3.218
-6.767
-3.215
-3.319
-4.254
-7.447
-3.122
-2.525
-8.009
-6.233
-5.106
-4.983
-7.857
-5.948
-4.095
-1.181
-3.495
-8.005
-4.316
-1.962
-1.724
-1.818
-5.278
-3.282
-5.864
-5.061
-6.427
-2.734
-4.365
-6.015
-5.459
-2.768
-4.032
-3.888
-5.920
-4.050
-4.644
-5.511
-5.737
-3.069
-3.576
-5.158
-6.049
-3.290
-3.934
-7.107
-5.593
-1.536
-4.467
-6.072
-6.216
-1.622
-3.329
-4.900
-6.055
-3.014
-3.301
-5.027
-7.156
1.009
-2.722
0.797
-3.269
0.558
-2.768
0.627
-1.167
-1.162
-2.795
-0.200
-2.755
-1.779
-2.551
-0.222
-4.059
-1.486
-3.320
0.347
-2.264
1.239
-2.360
0.527
-1.161
-1.438
-2.755
-1.034
-4.018
-1.323
-3.135
0.574
-3.968
1.246
-0.881
0.402
-1.673
-0.131
-2.059
0.509
-2.165
-1.725
-4.798
-7.060
-2.822
-3.060
-2.184
-8.265
-3.639
-1.260
-2.431
-7.337
-2.638
-2.605
-1.819
-8.204
-4.363
-2.115
-4.705
-6.071
-2.426
-2.117
-4.016
-6.332
-2.854
-1.639
-3.370
-4.750
-2.517
-1.096
-1.690
-4.999
-2.133
-1.193
-0.997
-6.066
-1.523
-4.255
-3.739
-8.463
-3.131
-2.120
-2.641
-0.558
-5.225
-1.003
-1.741
-2.383
-5.448
-0.823
0.496
-0.368
-3.703
-3.522
-2.541
-1.704
-4.152
-3.036
-0.740
-1.605
-4.389
-3.101
-0.130
0.101
-4.228
-2.949
0.883
-0.667
-4.710
-0.916
0.178
-1.098
-4.265
-4.933
-1.193
-0.838
-4.888
-3.032
-1.522
-0.515
-3.360
-3.035
-4.433
-6.395
-3.512
-3.078
-2.058
-4.945
-2.698
-1.711
-0.813
-3.456
0.105
-3.986
-1.599
-5.695
-1.908
-3.805
-2.521
-6.192
-4.903
-3.949
-2.788
-6.020
-3.168
-3.878
-2.829
-6.510
-2.929
-3.900
-4.009
-5.349
-2.384
-3.065
-3.512
-4.702
-1.949
-3.563
-2.343
-4.531
-2.478
-6.170
-7.193
-4.479
-6.913
-1.738
-7.164
-6.614
-6.626
-6.060
-8.620
-6.574
-6.792
-5.043
-6.566
-4.993
-5.449
-3.516
-7.965
-5.223
-6.005
-2.627
-1.486
-2.889
-4.594
-4.232
-0.980
-3.919
-0.685
-4.576
-3.745
-4.239
-1.175
-2.893
-3.935
-5.797
-1.725
-3.978
-1.554
-2.578
-0.706
-8.130
-8.719
-5.954
-8.375
-6.089
-8.938
-5.524
-7.385
-3.059
-7.950
-4.934
-10.511
-4.851
-9.227
-6.278
-9.756
-3.179
-7.501
-7.198
-10.982
-2.302
-3.482
-3.578
-4.007
-3.534
-2.215
-3.697
-4.929
-1.423
-2.806
-4.269
-4.901
-5.177
-3.157
-3.722
-3.418
-2.117
-0.512
-2.509
-3.867
-5.348
-5.047
-2.665
-1.468
-3.600
-1.840
-3.208
-3.199
-5.982
-4.303
-0.779
-3.034
-3.112
-1.145
-4.010
-2.170
-0.909
-0.809
-5.606
-3.749
-3.858
-6.116
-3.692
-6.797
-2.845
-6.306
-1.512
-4.688
-2.976
-6.192
-4.242
-4.782
-3.128
-6.341
-2.217
-5.080
-2.065
-5.289
-3.031
-4.775
