-7.471
-5.252
-4.803
-8.705
-5.394
-6.174
-6.401
-5.102
-6.244
-5.125
-6.856
-4.004
-3.643
-5.894
-5.716
-5.401
-4.113
-3.655
-5.946
-4.690
6.391
3.256
6.663
5.150
5.724
6.892
5.719
6.518
6.661
4.959
0.103
0.133
1.591
0.258
1.733
1.084
1.855
1.006
0.759
-0.110
6.910
5.968
7.811
7.584
6.906
8.910
8.000
6.713
7.568
6.974
5.528
5.782
3.936
4.201
3.567
4.286
1.228
7.257
4.624
6.412
-3.965
-2.878
-3.555
-2.289
-3.454
-3.414
-3.044
-0.458
-4.147
-1.621
4.192
5.591
3.689
3.314
1.524
4.517
3.540
4.044
3.786
5.723
3.616
3.958
4.354
2.924
4.125
2.530
4.093
3.333
3.338
4.016
5.078
5.471
4.698
2.786
4.202
3.356
4.169
4.526
3.920
2.554
3.963
3.034
4.315
3.520
4.036
4.531
5.023
5.354
3.737
4.219
3.704
4.146
4.097
1.401
4.239
4.516
2.832
1.643
1.563
4.220
0.969
2.262
1.185
2.203
-0.229
-1.400
2.694
-0.409
0.683
-0.229
-3.043
-1.791
-1.573
-2.778
-2.649
-2.643
-1.016
-4.560
-3.272
-3.012
3.081
4.298
2.970
1.911
2.298
3.276
2.339
2.676
3.878
2.556
3.412
3.480
2.336
0.745
1.202
2.726
2.151
2.115
1.518
1.431
4.848
3.840
2.929
2.540
2.997
4.023
3.692
2.779
2.976
2.662
1.043
-2.603
-2.761
0.284
-1.110
1.063
0.221
-1.999
-0.903
-0.479
0.435
7.196
6.048
6.200
5.913
5.755
3.965
4.762
4.305
0.964
-6.091
-6.618
-4.249
-6.957
-7.645
-6.226
-3.262
-7.238
-6.232
-4.936
-4.316
-4.347
-6.835
-7.298
-3.774
-3.823
-3.769
-3.710
-4.828
-5.278
3.120
5.260
4.307
5.800
5.213
5.283
4.379
6.809
5.058
6.232
-1.771
-2.347
-2.873
-5.193
-3.009
-2.627
-2.513
-3.617
-5.054
-0.223
-1.967
-1.342
-2.464
-0.337
-0.655
-0.733
-1.155
0.921
-0.528
-0.791
7.347
5.339
5.733
5.580
6.251
8.432
4.773
6.919
6.049
4.714
-0.929
-4.659
-2.515
-4.130
-0.693
-0.552
-2.586
-1.345
-3.030
-3.078
-1.829
-0.965
0.593
0.343
0.427
0.665
0.048
0.742
-0.240
0.989
-0.984
2.249
0.738
0.190
0.177
0.704
0.324
0.843
1.043
1.000
6.285
3.805
5.140
6.218
4.812
6.764
5.746
5.161
3.295
3.906
-4.978
-4.883
-5.302
-7.092
-5.876
-5.284
-7.706
-2.251
-3.626
-5.141
-5.165
-4.628
-5.700
-4.563
-3.726
-4.371
-5.037
-1.306
-5.303
-6.957
-1.843
-3.237
-2.176
-1.788
-1.725
-4.256
-3.736
-4.176
-2.870
-3.550
-3.963
-3.325
-2.290
-3.484
-3.440
-2.839
-2.225
-1.031
-2.293
-3.231
2.572
5.476
2.326
2.026
4.355
6.960
1.986
3.878
1.580
4.875
