-5.840
6.807
-5.488
4.882
-4.947
5.220
-3.670
7.427
-6.203
6.265
-5.609
9.392
-5.917
6.303
-5.781
6.210
-5.989
6.270
-7.855
5.182
-0.159
-7.845
4.129
-6.875
4.617
-6.435
4.029
-6.963
1.741
-4.339
4.148
-6.646
2.699
-5.243
5.905
-4.939
1.404
-6.773
2.273
-5.101
4.937
-2.612
3.725
-4.916
5.016
-4.649
3.989
-5.439
3.812
-7.432
0.747
-5.300
3.294
-3.285
2.929
-6.808
3.858
-2.945
2.853
-7.284
-1.574
-3.594
-1.963
-3.545
0.322
-2.847
0.628
-4.543
0.158
-4.861
0.789
-1.307
0.877
-3.712
-0.732
-4.402
0.776
-3.764
-2.557
-3.073
0.640
-2.365
1.405
2.852
-1.301
-0.716
1.442
1.208
1.909
-0.125
2.669
2.420
0.125
0.113
1.175
1.829
4.419
-0.151
0.851
1.896
-0.406
-0.758
1.736
1.490
1.064
-1.083
1.441
0.101
-1.740
-3.216
0.044
1.429
2.965
0.036
2.174
2.221
2.560
-0.189
2.501
3.157
-1.280
-0.488
2.057
2.339
-2.037
-0.515
0.826
-0.240
-2.452
-0.836
1.530
-0.987
0.587
0.265
1.545
0.200
-2.457
-0.773
0.961
-0.569
-1.728
-1.405
1.513
-0.245
-3.120
-1.392
-0.793
-2.236
-0.880
-0.378
1.528
1.365
-2.191
-0.396
0.869
-0.213
-1.336
-0.649
1.834
0.959
-2.975
-1.595
0.776
-0.559
-2.790
-0.434
1.013
-0.425
-1.499
-0.179
2.952
1.166
-2.862
-1.115
0.886
0.258
-2.632
-0.564
1.840
1.250
-3.895
-0.938
1.350
0.358
-2.941
-0.401
2.155
0.667
-4.392
-1.834
0.365
-0.759
-2.900
-1.045
0.695
0.140
-6.377
-1.134
0.589
-3.616
5.210
1.441
1.221
0.214
6.614
-0.111
0.954
2.103
4.791
-0.244
1.323
2.643
6.214
-0.600
0.090
2.509
6.724
-0.397
1.467
1.828
3.545
-0.011
-0.391
0.582
3.243
-3.500
-1.438
0.958
5.185
-0.562
0.857
0.816
4.329
-1.878
-1.987
0.513
3.897
-0.552
0.581
-0.777
3.897
7.989
-0.052
1.637
4.048
4.774
1.333
1.268
4.428
6.915
-0.022
1.638
4.887
5.175
1.579
1.113
4.444
6.110
-0.613
0.645
5.077
7.111
-1.092
1.253
4.503
6.634
1.377
1.726
3.870
4.374
-0.141
0.208
3.460
6.992
0.153
1.306
4.311
7.108
0.806
0.941
-0.428
-1.549
7.038
-0.924
1.630
0.224
6.798
1.122
1.138
1.083
5.095
0.437
3.602
0.933
6.377
1.487
3.669
2.124
5.325
1.372
0.162
-0.763
7.008
-0.664
3.953
2.657
6.352
1.176
2.387
0.188
7.801
0.110
2.679
0.034
4.970
-0.733
4.073
2.590
6.184
1.811
5.030
5.499
0.799
1.239
4.184
3.274
2.068
0.989
5.789
4.013
0.672
0.685
5.624
4.227
0.043
0.868
2.550
2.243
-1.480
-1.377
5.071
5.199
0.362
0.506
5.991
3.985
1.145
2.554
2.916
2.489
0.188
0.867
5.404
4.208
-0.613
0.398
4.013
3.722
0.075
0.462
2.754
2.998
1.529
5.718
1.568
0.202
-0.153
6.858
2.470
1.461
1.092
6.398
1.786
0.610
0.739
5.985
1.232
1.052
1.489
4.442
0.438
0.563
0.047
5.333
3.067
-0.673
-0.395
5.020
2.032
0.781
-0.504
3.102
1.241
1.066
-0.435
5.400
0.635
0.418
0.018
5.546
6.635
-1.927
-3.398
5.709
-1.998
-2.674
5.632
-1.212
-3.485
6.918
-1.441
-2.540
5.984
-2.067
-2.694
8.252
-2.992
-6.491
7.494
-1.837
-1.608
6.639
-0.697
-1.960
7.158
-1.085
-2.832
5.289
-0.249
-4.563
-3.839
3.657
-2.168
-2.089
4.784
-2.958
-1.121
4.253
-1.680
-2.735
4.516
-0.223
-2.882
4.202
-3.215
-3.652
3.496
-1.701
-3.027
2.903
-2.333
-3.457
2.793
-4.518
-2.090
6.099
-2.116
-3.853
5.165
-4.805
-1.649
1.024
-0.220
-0.532
0.445
1.124
-3.057
0.932
-0.064
-3.357
-0.021
-1.607
-1.359
-0.448
-2.380
-0.846
2.433
-1.826
0.073
-0.886
-1.518
-3.532
-1.851
-0.948
-1.818
2.031
0.079
-1.134
-0.442
-2.169
2.315
-2.208
1.498
3.151
-0.629
1.443
2.184
-1.574
0.883
0.110
-1.999
-0.913
2.539
-0.026
1.792
2.506
-0.750
1.583
1.353
-2.325
-0.732
4.287
2.138
1.766
2.224
-0.773
0.176
3.551
1.161
1.222
-2.712
3.091
0.858
0.029
3.447
2.387
-0.739
5.034
0.929
-1.759
2.620
0.680
-0.843
4.283
0.682
-0.869
1.795
1.408
-1.655
4.087
0.503
-1.242
1.771
-1.886
0.839
4.636
1.481
1.162
5.806
2.438
3.334
-0.262
1.113
5.198
3.638
3.297
3.052
-1.401
1.066
3.453
0.304
1.826
2.858
0.049
1.149
1.086
-0.953
0.578
4.317
2.613
3.455
4.073
1.165
2.852
1.747
1.089
1.237
2.433
-0.547
0.846
-6.638
-4.545
7.064
-7.115
-2.414
-7.586
-4.321
2.807
-5.520
-4.377
-8.210
-7.189
3.195
-9.313
-4.217
-6.547
-5.186
3.076
-7.930
-3.693
-6.480
-6.106
4.240
-7.313
-4.059
-9.531
-6.806
6.922
-7.427
-2.767
-5.560
-4.085
5.926
-5.878
-2.338
-5.359
-2.784
2.675
-5.260
-2.141
-5.689
-3.488
7.541
-8.434
-2.556
-6.026
-4.035
3.411
-6.443
-1.056
-8.040
-6.563
-5.411
7.245
-5.008
-10.219
-6.609
-8.493
5.267
-6.319
-8.180
-4.861
-6.155
5.161
-4.471
-8.952
-5.697
-6.946
8.287
-4.112
-9.160
-6.279
-7.364
6.755
-5.358
-10.193
-6.735
-9.064
10.222
-5.536
-7.363
-7.891
-7.574
7.025
-5.531
-5.999
-5.408
-6.483
5.313
-4.738
-5.928
-5.544
-6.852
5.572
-4.574
-8.720
-5.294
-7.541
4.935
-7.331
-5.261
-1.165
1.002
-7.031
-2.886
-6.239
-3.440
-0.716
-8.606
-3.755
-6.078
-4.404
-4.410
-7.989
-4.789
-4.928
-0.896
-3.122
-8.336
-5.333
-2.719
-5.689
-4.193
-9.488
-5.635
-5.966
-2.630
-3.063
-7.478
-6.156
-4.326
-3.729
-2.957
-6.691
-4.254
-5.241
-2.951
-0.815
-6.619
-5.413
-4.017
-2.454
-1.311
-8.691
-4.118
-8.109
-4.881
-3.850
-9.591
-6.662
-8.662
-5.484
-3.496
-2.280
-2.713
-5.021
-4.427
-4.529
-2.385
-2.816
-4.329
-3.956
-2.901
-3.508
-1.954
-6.783
-3.945
-3.978
-4.445
-5.064
-4.387
-4.567
-3.073
-3.177
-3.697
-3.413
-3.316
-3.033
-3.913
-3.930
-5.493
-8.005
-4.552
-6.978
-8.583
-5.147
-3.920
-3.297
-1.710
-2.326
-6.031
-3.715
-5.044
-2.055
-4.335
-6.801
-3.452
-3.183
-1.647
-1.939
-3.112
-6.599
-4.559
-7.342
0.504
-2.617
-4.025
-3.038
-7.521
4.124
-4.273
-5.471
-1.891
-6.145
5.000
-4.463
-4.486
-4.034
-7.746
4.810
-3.830
-5.093
-3.616
-4.120
0.355
-3.485
-6.601
-2.294
-7.417
4.501
-4.085
-2.072
-0.136
-6.314
3.006
-5.834
-6.267
-2.751
-6.528
6.317
-4.323
-4.358
-4.182
-7.760
1.752
-4.592
-5.367
-4.777
-6.003
2.325
0.914
1.098
-1.452
5.170
-4.358
-0.156
0.914
-1.199
4.528
-3.763
1.389
3.137
-1.620
7.353
-3.428
0.808
-0.681
-2.733
4.428
-2.970
-0.985
-0.079
-2.400
4.048
-3.403
1.093
0.048
-1.829
4.457
-3.191
-1.741
-0.173
-1.048
3.972
-2.778
0.564
1.137
-1.956
5.575
-3.606
-0.184
0.976
-1.176
4.558
-3.973
-0.180
-2.147
-1.367
4.708
-4.727
-6.508
-5.726
-6.538
-6.265
2.230
-5.130
-4.104
-5.991
-4.727
4.656
-4.544
-6.293
-6.211
-7.171
2.318
-4.328
-6.389
-4.263
-4.680
4.150
-2.978
-3.095
-4.374
-2.308
2.391
-4.550
-5.233
-5.136
-4.613
2.500
-4.202
-5.690
-5.801
-5.377
3.484
-5.441
-5.715
-5.117
-5.232
1.668
-5.513
-3.989
-6.227
-4.576
3.466
-5.279
-4.215
-6.312
-5.180
2.590
-1.635
-2.013
2.578
-3.151
-4.819
-2.794
-2.063
2.764
-2.265
-5.203
-2.073
-5.159
2.978
-3.570
-6.261
-0.212
-2.574
2.618
-0.058
-4.226
-1.486
-2.352
3.705
-0.924
-4.453
-1.565
-5.939
2.510
-2.902
-6.219
-2.593
-3.642
3.429
-3.423
-5.970
-1.342
-1.258
3.806
-1.564
-3.920
-1.130
-0.623
1.286
-0.474
-2.583
-0.493
-3.294
3.106
-1.381
-3.196
0.902
-1.457
-5.269
-2.498
-4.314
0.728
-0.242
-2.102
-1.621
-2.988
3.019
-0.607
-4.071
-2.614
-4.606
4.393
-2.559
-2.763
-1.780
-3.963
1.604
-1.458
-7.746
-2.542
-3.912
3.151
-0.314
-2.671
-2.352
-3.216
3.873
-2.184
-3.431
-1.319
-4.061
4.227
-0.387
-2.907
-1.051
-3.121
4.577
-0.687
-3.039
-2.045
-4.116
4.175
-2.762
-3.410
-1.870
-1.769
-0.005
0.442
0.286
-1.108
-4.988
-0.439
-0.519
-1.487
-0.265
-6.507
1.017
0.257
0.203
-0.462
-5.228
-1.802
-1.294
0.151
-1.586
-4.788
-0.081
-0.446
1.181
-2.004
-3.572
0.858
-2.151
-2.292
-2.248
-2.126
0.526
-1.420
-0.633
0.236
-3.281
1.752
0.523
0.672
1.012
-4.790
0.872
0.565
-1.040
0.403
-5.304
-0.351
-0.795
-1.826
-0.508
-6.698
-2.782
-4.939
-7.141
-3.346
-6.915
-9.346
-4.216
-9.047
-9.300
-1.988
-7.692
-8.198
-2.249
-5.502
-6.613
-5.179
-7.571
-10.171
-3.775
-5.630
-7.569
-3.411
-4.578
-5.925
-1.546
-5.011
-7.707
-3.603
-5.519
-9.069
-8.506
-6.993
5.423
-5.230
-4.174
-0.056
-8.666
-4.787
3.900
-9.835
-5.748
9.021
-7.415
-3.636
4.065
-9.503
-5.180
5.148
-7.425
-4.809
7.238
-6.316
-5.656
2.144
-8.838
-5.887
4.560
-9.796
-5.213
6.764
5.987
-6.819
-11.161
4.781
-5.429
-7.774
6.775
-4.910
-9.360
7.027
-4.383
-7.572
5.584
-5.448
-8.679
7.121
-6.623
-9.610
6.655
-5.413
-7.356
6.522
-6.086
-11.108
4.877
-4.196
-7.661
6.096
-4.724
-8.223
-1.777
-1.408
-3.698
-0.359
-0.817
-3.351
-1.815
-3.067
-4.313
-2.569
-2.739
-5.191
-1.149
-2.454
-4.806
0.288
-0.224
-3.765
-3.003
-3.367
-5.849
-2.843
-2.104
-3.720
-0.579
-1.512
-2.297
-1.187
-3.755
-3.627
2.072
-6.618
-6.212
4.390
-2.521
-5.203
2.151
-4.599
-5.548
3.997
-4.275
-5.468
2.021
-3.007
-3.519
2.481
-6.676
-5.713
3.111
-4.448
-4.524
1.731
-5.013
-6.092
3.194
-5.443
-5.508
2.866
-6.061
-4.054
-5.109
4.879
-7.270
-1.467
3.353
-6.017
-5.784
4.229
-4.470
-2.602
3.354
-5.945
-3.599
3.426
-7.257
-3.591
6.437
-6.981
-3.176
4.174
-5.167
-4.022
5.815
-6.567
-4.266
4.427
-6.573
-2.619
4.423
-6.434
