-13.193
-14.770
-8.450
-13.918
-10.532
-12.297
-10.709
-14.201
-10.281
-15.658
-10.069
-12.126
-13.531
-13.673
-10.698
-16.956
-10.067
-10.699
-8.089
-12.297
-13.612
-10.543
-8.404
-8.760
-13.502
-11.309
-10.144
-11.091
-6.178
-10.563
-11.572
-11.656
-11.210
-9.099
-12.551
-11.033
-9.967
-10.837
-9.225
-13.422
-7.972
-4.338
-5.886
-10.987
-8.393
-7.655
-5.531
-6.904
-5.905
-9.943
-9.241
-6.103
-11.194
-8.393
-9.132
-11.431
-7.424
-10.228
-6.556
-8.649
-3.947
-9.303
-7.908
-8.147
-4.879
-9.238
-7.232
-10.162
-4.972
-9.439
-1.998
-6.433
-2.613
-6.905
-2.522
-7.906
-6.525
-8.128
-5.591
-5.219
-1.082
-12.700
-9.324
-8.871
0.618
-13.344
-7.768
-5.795
-1.870
-13.491
-12.824
-7.457
-5.133
-10.771
-9.039
-10.157
-2.893
-13.153
-10.393
-5.627
-3.062
-11.216
-5.851
-5.550
-2.670
-7.553
-7.545
-8.184
-2.755
-11.087
-8.833
-3.115
-1.730
-12.667
-10.885
-5.927
-2.041
-12.858
-10.438
-5.609
-3.239
-11.178
-7.260
-9.480
-2.669
-10.464
-9.817
-10.858
-2.026
-11.744
-9.586
-10.955
-2.373
-7.659
-8.698
-10.860
-4.420
-9.551
-9.230
-12.600
-0.659
-10.184
-9.438
-10.544
-1.741
-8.718
-11.479
-11.247
-2.841
-11.214
-12.941
-10.673
-5.008
-8.847
-10.656
-8.632
-5.628
-6.868
-6.939
-8.506
-1.292
-7.903
-5.131
-7.528
3.545
-10.292
-6.381
-7.685
4.096
-10.474
-7.783
-7.934
4.763
-9.966
-8.487
-7.412
6.384
-12.398
-8.162
-7.348
2.334
-9.281
-8.292
-6.874
3.952
-7.972
-7.123
-6.405
1.580
-9.745
-5.730
-5.648
0.827
-7.650
-8.365
-7.631
1.673
-9.572
-6.037
-7.688
-6.837
-3.893
-3.789
-5.911
-6.755
-8.929
-5.347
-3.016
-7.888
-9.579
-6.008
-4.506
-8.379
-8.192
-7.837
-3.838
-7.351
-10.478
-6.210
0.349
-6.423
-6.600
-7.654
-3.435
-8.439
-11.321
-6.584
-1.648
-5.743
-9.554
-6.832
0.945
-6.516
-9.493
-9.185
-4.603
-8.961
-8.656
-6.964
-5.383
-7.444
-3.333
-5.047
-8.336
-7.320
-6.452
-7.356
-4.954
-5.600
-1.444
-4.691
-2.709
-7.379
-4.843
-4.486
-4.324
-5.813
-6.737
-5.593
-4.183
-5.431
-2.400
-5.804
-5.946
-5.862
-7.124
-8.047
-3.621
-5.230
-4.870
-5.183
-3.888
-4.621
-3.024
-6.245
-6.375
-8.648
-5.807
-6.691
-7.387
-9.843
-7.452
1.706
-4.048
-5.603
-5.437
-0.522
-4.975
-8.477
-5.918
-1.177
-5.780
-8.119
-6.663
0.214
-3.142
-4.834
-7.862
0.026
0.197
-8.822
-7.279
0.665
-3.582
-7.882
-6.464
-1.852
-5.359
-5.387
-6.042
0.698
-4.642
-4.164
-6.934
-0.871
-3.318
-4.289
-4.770
-2.632
-0.884
-7.060
-7.546
-6.209
-4.093
-7.787
-5.396
-2.919
-3.528
-6.091
-6.759
-10.151
-2.931
-6.695
-10.056
-5.795
-3.096
-6.063
-10.176
-7.342
-4.250
-7.490
-10.125
-7.687
-5.054
-8.757
-10.637
-3.554
-3.701
-6.192
-8.031
-6.878
-1.364
-6.339
-8.458
-5.663
-3.324
-8.448
-8.503
-6.621
-1.979
-1.669
0.960
-5.731
-5.404
-2.305
1.157
-6.351
-3.843
-1.918
1.914
-7.851
-6.933
0.022
-1.099
-7.491
-5.485
-1.974
1.188
-6.400
-1.649
-5.444
1.910
-6.184
-4.862
-5.343
-4.830
-6.973
-6.984
-1.974
-0.403
-7.611
-3.781
-0.713
-0.683
-6.551
-4.228
-3.532
-1.647
-8.122
-5.422
-9.554
-8.471
-11.014
-8.553
-9.985
-12.073
-7.698
-9.985
-9.273
-7.486
-9.897
-13.041
-9.292
-10.797
-12.811
-7.588
-10.734
-12.911
-8.992
-8.527
-10.552
-10.302
-9.838
-12.289
-7.912
-6.565
-13.009
-5.851
-8.107
-14.406
-0.449
-6.875
-8.004
4.541
-8.985
-11.999
1.801
-6.811
-9.367
2.814
-6.219
-9.665
0.016
-13.298
-10.332
2.052
-9.586
-12.212
0.572
-7.348
-10.191
1.562
-10.910
-10.451
0.707
-8.365
-9.921
2.358
-6.482
-11.555
-0.162
-11.620
-15.169
-1.298
-6.566
-10.871
-2.318
-5.591
-7.811
-1.127
-2.924
-9.492
-3.473
-9.040
-9.345
-2.087
-4.900
-7.246
-5.304
-8.336
-7.398
-6.912
-8.628
-8.061
-1.246
-3.594
-10.002
-4.916
-8.106
-9.823
-3.965
-3.479
-5.289
-3.139
-4.399
-6.798
-2.512
-5.365
-7.295
-0.492
-1.623
-6.850
-1.963
-5.950
-3.243
-5.958
-2.353
-8.176
-3.638
-3.556
-7.184
-1.309
-4.303
-4.420
-1.407
-2.542
-4.712
-1.008
-5.952
-7.723
-5.871
-7.693
-3.227
-8.742
-8.857
-6.993
-7.796
-10.762
-5.556
-3.590
-8.539
-5.303
-7.012
-10.257
-6.501
-1.941
-7.792
-6.790
-3.179
-9.830
-4.636
-4.856
-7.971
-5.370
-4.419
-9.527
-6.493
-6.346
-9.969
-5.107
-2.452
-7.110
-6.964
-0.995
-5.700
-5.353
-0.368
-3.932
-4.084
-4.572
-5.948
-6.280
-3.443
-4.870
-0.611
-2.185
-2.697
-5.686
-2.421
-2.811
-5.346
-4.033
-3.267
-2.194
-1.407
-5.582
-4.849
-2.748
-3.607
-5.701
-10.489
-10.847
-11.677
-11.099
-4.496
-7.093
-7.806
-7.305
-10.904
-11.641
-9.896
-11.442
-9.576
-8.718
-7.276
-8.953
-8.826
-8.889
-9.214
-8.542
-8.223
-14.272
-10.292
-13.717
-7.788
-10.708
-11.241
-11.400
-12.093
-8.741
-6.385
-12.515
-10.353
-13.133
-6.490
-9.124
-4.069
-7.404
-7.077
-10.658
-6.890
-7.581
-9.496
-12.713
-8.771
-8.475
-9.332
-10.892
-8.001
-9.927
-10.476
-10.631
-9.064
-6.753
-5.308
-10.482
-11.240
-9.415
-9.206
-6.600
-8.899
-9.545
-12.441
-6.704
-2.524
-12.243
-11.819
-10.218
-9.808
-6.345
-11.179
-10.521
-11.513
-9.192
-4.202
-8.131
-7.572
-8.292
-8.231
-5.473
-10.240
-10.967
-10.454
-7.596
-3.568
-6.195
-8.006
-10.014
-4.205
-5.786
-8.390
-10.419
-8.155
-9.534
-5.647
-10.966
-10.397
-8.985
-8.521
-7.510
-9.601
-10.700
-12.594
-13.420
-8.756
-11.315
-10.606
-10.227
-11.834
-6.316
-11.568
-12.893
-11.823
-13.215
-3.856
-9.782
-9.932
-11.285
-15.014
-9.113
-4.854
-14.015
-6.764
-15.244
-4.659
-9.860
-11.047
-8.940
-13.372
-5.144
-7.754
-13.141
-10.390
-15.333
-9.472
-9.455
-11.068
-9.177
-12.764
-6.839
-9.216
-10.643
-8.005
-12.083
-9.235
-11.027
-10.427
-8.069
-16.958
-9.012
-11.486
-8.469
-14.389
-8.255
-4.539
-10.106
-7.206
-10.256
-8.598
-0.454
-9.440
-4.487
-9.351
-8.018
-4.596
-11.738
-13.399
-8.953
-9.750
-4.619
-7.872
-9.616
-9.748
-10.440
-5.609
-5.751
-9.596
-10.301
-7.744
-5.688
-9.250
-11.340
-7.761
-10.987
-6.199
-9.932
-8.280
-9.940
-10.396
-1.513
-11.438
-8.500
-8.132
-12.932
-3.532
-11.197
-8.619
-11.190
-12.249
-1.417
-6.446
-12.380
-12.763
-9.013
-9.679
-2.868
-10.813
-8.709
-5.999
-9.426
-5.389
-8.502
-6.774
-6.522
-7.820
-5.499
-8.764
-10.846
-11.489
-6.948
-6.564
-8.978
-3.750
-6.807
-10.673
-6.052
-9.515
-10.463
-8.698
-8.046
-6.499
-3.670
-5.020
-12.754
-13.303
-7.760
-11.457
-11.912
-5.456
-7.562
-7.902
-10.056
-12.225
-10.656
-11.210
-6.917
-10.883
-10.932
-9.136
-10.764
-3.156
4.982
-8.200
1.334
-6.002
-4.773
0.934
-9.038
-3.318
-8.308
-4.100
3.728
-8.687
-1.198
-4.474
-4.522
1.582
-10.997
0.268
-7.340
-7.287
0.163
-9.448
-3.009
-8.020
-1.983
1.310
-6.393
-2.708
-6.289
-2.350
0.065
-6.311
0.008
-9.042
-7.052
-0.316
-4.806
-3.939
-6.099
-1.276
-0.732
-6.817
-1.607
-7.543
-7.070
-1.372
-8.148
-1.904
-7.110
-7.956
-9.336
-7.863
-2.207
-8.455
-9.663
-9.867
-9.185
-2.660
-6.340
-7.433
-10.492
-7.336
-8.223
-10.286
-7.039
-9.829
-7.395
-5.130
-7.905
-9.904
-10.406
-9.082
-4.258
-8.851
-5.828
-12.618
-7.624
-5.589
-9.741
-7.470
-9.816
-9.737
-5.533
-7.469
-5.505
-8.443
-8.424
-3.882
-9.156
-6.372
-11.572
-8.379
-2.196
-7.029
-7.676
-11.380
-8.038
-4.642
-11.462
0.622
-4.497
-7.397
-9.642
-12.245
2.657
-5.518
-10.879
-8.977
-11.940
2.545
-4.566
-10.653
-7.663
-10.149
0.067
-4.651
-11.252
-7.248
-10.471
2.056
-3.192
-9.936
-6.570
-12.171
4.676
-4.884
-7.196
-5.587
-10.497
3.334
-4.510
-8.276
-6.108
-9.375
1.098
-3.354
-9.043
-5.680
-11.674
1.353
-7.781
-8.483
-10.915
-9.573
2.197
-4.016
-8.042
-4.601
-11.263
-8.133
-1.530
-4.920
-7.202
0.053
-7.527
-2.028
-7.030
-10.989
-5.871
-4.965
0.773
-5.899
-9.566
-6.640
-4.921
0.867
-7.958
-9.278
-7.713
-5.326
0.278
-6.058
-4.801
-5.365
-3.830
2.469
-9.383
-4.865
-7.123
-4.356
1.686
-5.808
-3.942
-4.604
-5.458
2.518
-11.790
-8.268
-5.934
-6.986
-1.082
-9.928
-8.040
-8.979
-6.832
-0.649
-7.952
-8.302
-5.476
-3.297
1.059
-5.735
-7.911
-9.106
-3.153
-3.394
-5.198
-6.998
-9.800
-1.982
-0.048
-3.331
-6.701
-5.548
-0.915
-0.891
-4.279
-7.298
-8.883
-1.759
-1.714
-4.878
-8.171
-10.964
-4.142
-0.327
-4.779
-9.859
-8.328
-1.526
-1.799
-4.660
-6.779
-7.891
-2.759
2.411
-5.232
-4.835
-9.422
-3.783
1.701
-5.112
-4.402
-10.022
-4.870
-2.016
-2.572
-8.136
-9.526
-13.705
-10.484
-9.146
-8.085
-13.358
-11.469
-8.239
-13.638
-8.513
-9.544
-13.297
-8.953
-16.255
-10.962
-8.862
-8.559
-11.711
-9.497
-16.207
-7.952
-10.264
-13.629
-8.777
-16.702
-15.035
-10.533
-12.779
-7.199
-11.609
-12.107
-13.496
-8.590
-10.378
-13.259
-9.454
-9.993
-14.142
-10.350
-7.486
-13.016
-5.416
-5.734
-13.799
-6.285
-5.282
-12.900
-7.395
-6.152
-14.543
-7.549
-8.431
-14.257
-10.395
-10.106
-14.504
-8.100
-9.861
-13.282
-7.972
-5.807
-7.528
-12.705
-8.563
-11.463
-13.058
-8.853
-9.524
-14.096
-7.378
-8.451
-11.498
-5.482
-12.643
-11.851
-10.464
-9.347
-14.882
-8.755
-10.928
-11.461
-7.265
-10.365
-11.174
-10.425
-11.508
-9.531
-10.307
-9.978
-11.932
-6.205
-5.812
-2.346
-9.769
-6.143
-6.907
-13.971
-5.564
-4.145
-8.711
-3.059
-8.217
-10.176
-4.058
-4.915
-13.626
-1.973
-6.105
-11.093
-4.156
-3.436
-9.891
-4.712
-3.913
-9.791
-3.756
-4.555
-12.840
-3.302
-6.135
-7.651
-9.912
-8.251
-6.566
-7.932
-6.199
-6.608
-5.471
-8.089
-10.083
-6.202
-7.584
-8.022
-9.815
-6.556
-5.277
-4.975
-10.721
-7.542
-8.046
-7.093
-5.099
-6.224
-4.386
-4.516
-7.663
-8.529
-7.008
-9.329
-5.517
-5.516
-6.724
-3.526
-6.357
-5.621
-5.483
-7.771
-3.570
-2.846
-7.189
-4.372
-4.187
-4.125
-5.757
-3.486
-10.406
-6.252
-3.592
-9.298
-5.679
-2.898
-6.786
-4.853
-3.923
-6.207
-7.832
-4.502
-6.683
-4.323
-1.521
-7.665
