-10.634
-7.420
-8.497
-9.618
-8.190
-7.480
-12.633
-6.555
-6.441
-6.064
-5.298
-9.415
-8.821
-11.472
-4.705
-7.373
-9.829
-12.404
-6.722
-5.856
-1.738
-2.548
-4.678
-6.019
-3.788
-5.735
-5.527
-0.850
-4.386
-6.509
-1.007
-5.494
-5.374
-4.589
-0.488
-5.100
-4.747
-0.389
-2.493
-1.725
-6.644
-1.770
-9.636
-7.653
-2.310
-7.900
-6.819
-1.053
-6.705
-7.330
-0.130
-10.384
-7.633
-1.232
-8.775
-7.207
-0.032
-10.209
-7.769
-1.384
-6.329
-6.725
-1.064
-8.377
-5.619
-5.065
-10.386
-6.147
-4.406
-11.160
-4.016
-6.888
-12.402
-2.285
-6.321
-10.738
-6.721
-8.125
-9.589
-0.723
-9.507
-6.516
-7.299
-7.736
-5.495
-8.346
-3.933
-7.838
-5.717
-11.923
-6.515
-3.163
-6.085
-8.792
-3.232
-4.633
-7.774
-7.321
-4.507
-7.220
-10.459
-8.972
-7.941
-10.440
-8.481
-9.238
-11.110
-8.294
-8.529
-12.742
-8.606
-9.573
-9.677
-7.169
-10.921
-11.213
-9.921
-10.437
-10.716
-6.468
-8.157
-10.417
-5.377
-7.706
-12.700
-6.275
-8.834
-11.976
-6.497
-11.259
-8.493
-14.547
-10.006
-6.178
-8.918
-4.769
-8.636
-13.034
-9.674
-7.382
-10.387
-5.387
-7.721
-10.430
-7.807
-8.833
-14.308
-11.215
-7.802
-12.728
-7.139
-6.753
-10.665
-9.718
-8.116
-12.439
-8.560
-8.921
-12.052
-10.500
-3.925
-8.378
-1.765
-4.540
-8.690
0.625
-2.189
-4.462
-4.003
-2.659
-9.061
-3.942
-5.395
-5.716
-2.913
-5.771
-5.459
-3.087
-4.271
-6.496
-0.865
-7.683
-8.089
-2.038
-7.869
-8.754
-4.088
-6.002
-7.852
-4.271
-8.314
-8.943
-1.698
-8.006
-8.842
0.352
-8.263
-9.221
-1.007
-5.500
-5.888
0.450
-10.998
-8.679
-1.333
-9.451
-9.177
-1.958
-10.402
-8.991
0.004
-8.997
-9.705
-2.861
-10.299
-9.144
-3.567
-9.118
-7.171
0.074
-5.657
-8.957
-6.028
-2.386
-5.330
-3.704
-3.882
-9.261
-2.910
-3.352
-7.016
-4.558
-2.866
-6.015
-5.257
-2.571
-6.009
-4.302
-4.040
-6.747
-4.904
-4.079
-7.066
-3.212
-3.551
-6.316
-3.555
-7.560
-6.261
-4.445
-3.062
-7.451
-7.081
-1.630
-4.907
-2.404
-4.161
-7.047
-5.340
-3.387
-7.209
-6.978
-3.503
-5.841
-6.290
-1.956
-7.606
-5.081
-3.089
-4.129
-6.205
-1.367
-5.858
-5.794
-2.790
-8.217
-7.289
-4.287
-5.948
-3.491
-5.017
-9.065
-2.831
-8.307
-5.585
-9.550
-7.525
-8.344
-7.638
-5.002
-4.443
-9.632
-5.824
-6.954
-4.837
-8.622
-3.249
-10.742
-3.717
-8.461
-4.889
-8.613
-3.437
-7.842
-3.917
-10.931
-2.927
-7.735
-1.770
-9.251
-3.215
-7.963
-5.670
-9.780
-4.479
-9.202
-9.875
-9.345
-8.987
-10.817
-9.637
-8.426
-7.414
-11.807
-8.951
-6.710
-7.819
-7.317
-9.186
-9.704
-10.145
-7.062
-9.629
-12.541
-8.249
-7.839
-8.795
-11.228
-10.340
-9.329
-5.117
-5.868
-3.964
-2.802
-4.731
-3.626
-4.746
-5.127
-2.974
-6.283
-2.913
-4.492
-7.127
-5.240
-4.217
-4.969
-3.353
-6.828
-6.103
-7.172
-5.263
-6.593
-4.246
-4.034
-6.554
-6.147
-5.833
-1.566
-1.390
-4.200
-6.405
-6.962
-7.574
-3.981
-6.275
-4.912
-6.174
-5.119
-4.700
-3.544
-3.582
-9.928
-5.833
-6.614
-10.421
-4.689
-5.522
-6.605
-3.278
-7.637
-6.396
-8.660
-6.597
-7.611
-4.012
-6.234
-6.990
-5.992
-4.209
-10.102
-6.922
-6.988
-10.200
-9.630
-6.274
-9.133
-10.598
-7.752
-9.311
-6.744
-10.412
-8.025
-6.957
-8.623
-8.360
-11.714
-8.900
-7.226
-11.635
-10.004
-6.413
-8.012
-10.962
-11.020
-8.986
-10.996
-14.573
-9.578
-7.339
-7.260
-9.203
-12.364
-10.440
-9.328
-11.154
-13.748
-8.761
-8.783
-11.556
-8.636
-11.716
-14.064
-11.987
-7.246
-3.832
-8.723
-9.213
-9.685
-7.902
-9.167
-8.897
-13.164
-3.695
-10.452
-10.525
-13.203
-4.561
-10.632
-10.022
-11.079
-4.918
-9.187
-6.615
-11.629
-7.081
-9.235
-11.347
-12.870
-7.809
-10.354
-4.233
-13.424
-3.587
-11.487
-10.233
-12.657
-8.062
-6.983
-11.058
-11.319
-7.644
-6.625
-9.323
-8.229
-5.487
-13.412
-7.978
-1.290
-8.031
-14.390
-8.780
-8.615
-8.566
-10.049
-7.747
-6.721
-8.823
-11.314
-9.734
-7.328
-5.155
-12.383
-11.815
-8.936
-8.220
-11.010
-11.207
-4.586
-5.133
-9.855
-11.267
-5.875
-8.644
-14.419
-10.848
-5.058
-11.145
-10.301
-10.463
-9.006
-9.408
-1.450
-9.457
-9.260
-10.938
-4.290
-3.925
-6.785
-12.300
-6.060
-4.822
-7.759
-9.640
-4.810
-5.603
-9.030
-10.214
-4.063
-3.764
-6.838
-11.074
-3.869
-7.037
-6.647
-12.996
-3.891
-5.843
-6.042
-10.781
-4.593
-7.557
-9.084
-9.794
-3.111
-4.983
-5.850
-8.971
-5.927
-7.639
-8.783
-5.108
-7.432
-9.167
-3.573
-6.993
-7.141
-6.519
-2.921
-4.055
-8.550
-8.558
-2.192
-3.222
-8.722
-4.559
-3.520
-2.600
-8.956
-5.677
-4.204
-4.172
-7.816
-5.716
-3.928
-4.342
-7.669
-5.663
-3.549
-5.244
-15.908
-5.848
-3.988
-3.165
-9.517
-7.289
-8.166
-4.404
-9.862
-7.111
-5.372
-5.418
-7.416
-8.017
-7.907
-6.223
-9.778
-10.430
-11.962
-7.178
-7.011
-9.186
-8.917
-2.260
-9.989
-8.517
-8.848
-4.653
-6.522
-7.513
-9.249
-5.790
-5.800
-8.743
-8.954
-6.583
-7.841
-11.311
-7.751
-4.932
-9.037
-7.778
-10.997
-5.721
-7.319
-8.439
-10.262
-7.530
-6.999
-6.285
-11.826
-4.598
-10.461
-4.734
-10.343
-3.825
-9.399
-4.704
-7.295
-4.651
-9.890
-4.736
-8.769
-3.621
-10.139
-4.960
-11.217
-6.588
-11.457
-6.733
-7.281
-4.843
-9.517
-2.373
-7.174
-5.572
-6.890
-4.269
-7.152
-4.085
-7.920
-5.811
-10.487
-8.333
-9.162
-8.600
-7.288
-6.090
-11.434
-1.868
-6.662
-9.690
-5.570
-8.126
-5.897
-9.678
-4.179
-7.215
-7.792
-8.942
-4.830
-7.446
-5.285
-9.482
-3.280
-10.867
-5.741
-7.741
-4.657
-7.932
-4.391
-8.838
-5.231
-7.047
-6.668
-6.915
-3.630
-8.314
-5.146
-8.835
-4.412
-9.687
-6.733
-9.090
-4.083
-7.522
-5.419
-7.988
-7.996
-7.574
-6.278
-3.363
-8.096
-2.762
-12.872
-6.456
-4.216
-7.484
-12.313
-4.618
-7.153
-2.672
-11.954
-6.703
-7.811
-6.143
-11.823
-6.261
-6.235
-5.900
-12.153
-5.073
-3.542
-3.149
-9.227
-6.656
-9.450
-4.258
-13.632
-7.126
-7.689
-2.733
-11.680
-5.705
-6.081
-3.338
-12.451
-5.691
-6.307
-5.887
-7.770
-3.131
-5.172
-6.570
-9.041
-2.580
-4.698
-10.052
-10.594
-4.045
-5.642
-9.077
-8.062
-5.936
-5.759
-10.906
-11.012
-2.928
-3.410
-10.017
-8.212
-4.753
-5.079
-10.563
-5.783
-2.593
-1.926
-9.825
-6.376
-6.617
-5.411
-10.236
-8.925
-3.648
-8.233
-8.165
-10.209
-3.237
-6.138
-8.652
-10.125
-10.033
-8.619
-10.686
-9.792
-8.689
-6.805
-11.420
-8.633
-9.853
-8.894
-10.900
-9.643
-9.588
-8.531
-11.598
-8.214
-12.079
-8.519
-13.980
-8.716
-10.477
-6.198
-8.660
-6.799
-9.863
-4.608
-12.853
-2.414
-7.253
-7.311
-11.568
-5.043
-12.457
-4.836
-8.708
-4.052
-12.155
-4.873
-10.703
-4.079
-7.507
-3.727
-6.707
-3.410
-7.531
-8.465
-7.615
-6.611
-4.991
-4.851
-5.215
-4.098
-8.148
-5.971
-10.714
-4.557
-7.725
-6.583
-8.225
-8.824
-8.633
-7.975
-9.695
-7.461
-9.854
-5.660
-7.160
-7.195
-8.334
-5.643
-7.978
-5.551
-5.848
-6.966
-6.743
-6.637
-7.118
-8.518
-6.274
-5.081
-8.846
-7.634
-10.998
-7.258
-8.739
-4.957
-8.095
-5.548
-5.785
-5.983
-7.301
-7.608
-7.637
-3.535
-7.950
-3.503
-10.565
-4.705
-8.209
-7.128
-7.866
-6.817
-7.340
-6.194
-4.461
-7.177
-3.920
-7.939
-7.842
-10.036
-7.555
-7.519
-3.746
-10.613
-8.569
-7.419
-3.373
-8.623
-5.291
-7.767
