4.597
6.806
4.345
6.934
3.113
4.508
-0.191
8.353
5.335
5.288
7.593
7.190
9.294
-2.098
7.220
6.193
8.503
3.639
6.509
3.491
6.974
5.367
7.230
6.243
8.295
4.754
6.022
7.870
8.253
4.086
5.464
2.853
2.250
4.459
4.782
2.934
0.276
7.632
6.912
5.505
6.209
7.959
6.839
8.542
8.415
9.058
7.053
9.435
8.747
5.077
7.422
8.511
1.983
0.490
0.371
4.138
-4.899
4.071
6.669
2.635
-0.857
2.236
-0.168
0.604
0.298
1.533
0.622
-0.041
-0.917
1.776
5.002
4.253
4.842
-2.039
3.519
5.460
2.174
1.315
5.328
2.679
1.106
3.746
2.873
0.649
2.060
4.073
1.530
3.340
4.120
3.443
0.595
3.813
4.745
0.513
2.833
2.404
3.013
2.022
3.813
2.696
3.263
2.941
6.180
4.516
2.790
3.587
4.166
3.109
5.739
3.129
4.847
2.981
2.042
2.143
2.817
2.070
3.217
4.440
1.231
2.665
3.486
2.035
1.301
3.986
3.150
0.004
2.783
0.572
2.271
1.733
3.014
1.934
6.657
2.919
3.103
3.103
1.857
4.873
0.955
2.963
2.939
4.370
6.717
-3.078
3.544
2.133
1.805
5.595
4.239
3.473
6.018
5.649
3.393
3.775
4.633
2.987
4.491
4.956
3.232
5.401
5.297
3.373
4.006
0.910
4.734
8.205
4.336
2.344
3.962
5.269
7.218
4.264
0.398
3.755
3.803
4.215
4.022
5.808
-0.784
3.003
1.576
7.771
7.746
6.494
8.130
8.312
6.836
7.794
4.545
-3.678
-4.031
5.428
8.922
7.911
5.835
7.088
5.428
7.709
4.048
2.973
3.731
7.777
5.447
2.134
6.142
5.473
8.148
6.435
8.209
7.216
4.666
7.230
3.896
7.997
7.642
7.648
4.776
6.976
6.756
6.171
7.094
9.830
9.621
6.216
10.666
7.555
10.731
5.215
7.257
8.990
7.731
6.681
7.671
4.607
10.859
8.080
5.587
8.183
9.186
10.949
5.656
4.907
1.687
0.050
4.004
4.638
4.434
4.081
3.931
4.083
10.905
9.114
8.993
9.829
8.660
10.868
7.021
8.332
7.982
2.826
4.906
4.294
7.747
5.721
8.102
4.834
7.058
7.310
4.950
4.242
7.785
7.837
8.818
6.840
6.940
8.236
7.314
3.159
4.814
7.596
4.748
3.876
8.777
8.072
8.773
8.744
8.509
5.488
4.051
6.321
4.591
3.853
6.399
3.365
3.586
7.272
5.726
-0.855
5.881
6.853
6.694
7.502
10.126
-0.623
8.487
8.531
10.353
5.979
6.686
-0.157
5.698
6.868
6.112
6.796
4.000
4.656
6.184
6.650
4.645
8.898
5.537
5.342
4.244
7.193
6.442
2.417
5.993
2.893
5.372
6.975
2.687
7.591
3.767
0.365
3.933
7.194
5.607
6.397
2.911
8.541
