-10.943
-7.804
-7.882
-9.229
-9.273
-9.583
-10.037
-10.241
-10.123
-10.274
-12.984
-10.842
-11.032
-11.415
-11.466
-10.244
-11.205
-7.714
-7.253
-7.243
-9.070
-10.361
-12.497
-7.845
-13.501
-9.379
-11.662
-9.597
-7.221
-8.642
-16.472
-9.827
-8.348
-4.690
-14.929
-10.650
-8.466
-8.173
-10.005
-9.084
-5.270
-3.863
-2.346
-10.169
-6.167
-9.110
-4.365
-8.930
-6.396
-8.624
-7.130
-7.646
-10.201
-8.019
-9.502
-11.807
-6.474
-8.971
-7.692
-12.611
-4.987
-9.473
-4.542
-9.052
-4.584
-8.856
-6.842
-9.162
-4.036
-7.719
-2.293
-5.943
-3.346
-5.860
-4.192
-8.428
-5.195
-10.012
-1.250
-2.158
-9.985
-12.631
-9.910
-8.167
-6.305
-10.299
-4.521
-7.557
-6.438
-11.317
-10.255
-11.493
-6.045
-11.375
-9.655
-13.831
-10.321
-10.746
-7.749
-12.293
-6.261
-12.359
-3.928
-10.162
-5.579
-11.992
-6.527
-10.276
-9.585
-16.080
-13.519
-7.485
-7.451
-13.262
-9.031
-11.574
-7.721
-11.764
-5.090
-8.576
-6.946
-10.625
-7.888
-9.779
-6.479
-11.787
-7.001
-15.837
-5.041
-12.064
-6.938
-15.150
-6.330
-11.835
-7.888
-12.396
-4.828
-9.231
-5.349
-11.719
-4.967
-9.184
-3.501
-10.881
-5.140
-13.380
-9.726
-15.029
-5.549
-15.175
-12.787
-12.450
-8.716
-11.129
-10.390
-11.873
-5.215
-10.879
-2.478
-10.449
-1.482
-9.871
-7.129
-11.225
-3.031
-7.760
-3.015
-8.337
-0.563
-10.901
-4.331
-12.862
-2.367
-10.185
-7.162
-11.783
-2.334
-10.418
-9.381
-9.066
-3.875
-7.593
-5.396
-10.649
-2.638
-6.486
-4.360
-9.892
-7.159
-9.428
-10.238
-8.426
-1.715
-8.875
-8.429
-9.224
-3.172
-7.863
-5.249
-14.618
-8.437
-2.776
-5.190
-5.793
-13.061
-8.286
-9.451
-7.486
-10.692
-4.639
-6.846
-8.895
-9.819
-6.764
-12.172
-6.063
-8.756
-6.983
-6.787
-1.840
-9.963
-4.191
-6.946
-4.853
-8.234
-9.074
-9.764
-3.421
-11.521
-8.229
-9.145
-4.801
-5.941
-6.169
-7.572
-5.859
-12.895
-7.387
-8.515
-6.902
-8.475
-8.470
-10.841
-12.611
-5.857
-6.102
-9.692
-8.039
-2.889
-5.008
-10.646
-8.856
-2.443
-0.492
-4.531
-4.640
-7.851
-9.700
-7.663
-8.022
-4.524
-4.858
-10.774
-8.934
-5.108
-4.865
-8.654
-7.996
-5.146
-6.265
-10.729
-9.721
-9.617
-8.688
-9.076
-12.176
-5.079
-5.573
-6.937
-6.662
-9.347
-10.069
-3.328
-2.489
-2.848
-5.172
-1.696
-3.260
-7.210
-4.960
-3.589
-6.545
-4.716
-8.425
-2.546
-0.895
-4.602
-6.776
-4.036
-2.042
-6.993
-8.926
-3.349
-2.661
-4.854
-7.163
-7.957
-5.342
-10.939
-8.968
-5.295
-4.679
-10.576
-10.979
-6.954
-6.577
-5.155
-5.762
-6.214
-3.239
-6.115
-10.058
-7.536
-4.628
-5.289
-7.019
-6.159
-2.275
-4.129
-6.275
-7.324
-4.840
-5.028
-9.763
-8.159
-5.960
-7.745
-10.197
-7.183
-5.056
-7.279
-10.673
-7.691
-5.831
-7.565
-6.825
-2.577
-2.185
-6.590
-10.662
-7.650
-5.239
-7.461
-8.938
-5.879
-5.173
-12.450
-11.607
-7.905
-5.949
0.665
-2.439
-3.865
-3.200
0.112
0.381
-6.096
-4.750
-1.643
-3.105
-7.823
-6.378
-3.064
-7.309
-7.660
-6.872
-0.929
0.135
-3.383
-0.796
-2.415
-1.339
-4.371
-4.916
-3.217
-4.301
-5.847
-4.385
-3.618
-2.401
-8.591
-8.717
-0.868
-1.024
-6.643
-4.915
-7.319
-5.678
-12.561
-12.378
-9.531
-10.502
-12.636
-8.534
-11.992
-12.078
-8.976
-12.022
-13.143
-6.556
-10.037
-14.161
-8.888
-13.466
-12.346
-11.089
-14.013
-13.777
-6.724
-9.556
-11.159
-9.805
-11.498
-10.547
-10.489
-12.600
-11.453
-7.318
-13.398
-15.405
-4.544
-6.024
-10.937
0.218
-3.190
-13.947
-3.409
-6.003
-10.992
-0.412
-4.928
-12.957
-6.695
-9.579
-12.596
-2.649
-4.908
-10.231
-4.147
-6.963
-10.158
-3.088
-6.701
-12.131
-3.456
-4.265
-15.570
-0.503
-2.052
-13.603
1.376
-4.521
-12.566
-6.058
-8.636
-11.507
-4.489
-7.029
-12.773
-1.828
-4.470
-10.830
-5.462
-8.261
-12.922
-3.007
-1.863
-9.717
-7.150
-9.461
-13.872
-12.054
-9.513
-5.413
-2.701
-4.105
-12.780
-0.448
-3.959
-9.818
-3.622
-5.896
-7.983
-2.294
-2.244
-5.691
-3.101
-5.871
-2.576
-2.036
-3.995
-6.451
-2.996
-3.770
-2.014
-6.736
-6.222
-10.066
-3.064
-5.221
-8.903
-2.363
-8.561
-7.934
-0.291
-2.388
-4.318
-0.289
-4.897
-4.673
-8.496
-11.106
-3.123
-7.837
-11.914
-4.773
-10.845
-11.018
-4.052
-4.486
-9.757
-3.970
-7.487
-11.248
-4.282
-5.549
-13.184
-5.449
-4.137
-12.917
-5.820
-3.632
-11.945
-3.559
-7.244
-8.889
-3.241
-10.237
-8.901
-5.252
-3.375
-3.908
-4.104
0.417
-5.252
-6.130
-0.581
-5.932
-3.099
-2.545
-6.041
-6.026
0.249
-3.102
-3.603
-3.897
-5.779
-7.564
-1.200
-1.951
-3.018
-5.619
-1.838
-0.030
-1.485
-5.152
-2.784
-6.246
-3.433
-3.630
-8.147
-8.918
-10.289
-9.435
-9.188
-9.729
-7.375
-8.686
-11.403
-12.705
-11.406
-10.176
-8.556
-8.874
-11.440
-9.405
-7.992
-9.396
-8.097
-8.609
-8.284
-6.804
-10.333
-10.076
-9.068
-12.351
-9.584
-9.957
-9.440
-11.380
-6.847
-5.995
-9.032
-10.436
-7.339
-5.707
-3.199
-5.865
-7.381
-7.040
-7.105
-8.091
-10.174
-11.936
-8.911
-9.806
-7.165
-9.256
-7.162
-9.274
-8.325
-7.959
-7.864
-4.361
-10.365
-11.248
-8.098
-10.658
-6.396
-11.204
-9.742
-7.616
-11.743
-5.118
-7.684
-10.420
-7.461
-8.917
-5.810
-8.544
-9.022
-9.659
-10.588
-6.301
-11.293
-11.001
-9.508
-10.658
-7.106
-13.740
-10.368
-7.459
-9.526
-5.794
-8.285
-9.015
-8.165
-10.402
-3.788
-10.901
-9.757
-10.277
-8.976
-5.207
-11.965
-14.179
-9.474
-9.294
-8.181
-14.511
-9.255
-5.242
-5.708
-8.599
-7.630
-8.329
-7.449
-10.337
-12.649
-2.273
-9.659
-12.390
-11.470
-11.595
-4.463
-11.304
-9.203
-10.679
-14.626
-5.764
-5.886
-9.249
-8.569
-11.292
-3.107
-9.501
-9.111
-8.838
-12.004
-1.506
-8.978
-6.594
-8.049
-8.041
-3.336
-11.154
-8.182
-9.393
-12.475
-5.154
-8.578
-7.109
-7.517
-9.289
-4.671
-12.508
-11.407
-7.673
-12.237
-8.741
-9.427
-6.584
-9.525
-4.876
-5.667
-9.497
-5.362
-6.428
-4.594
-6.807
-8.177
-4.304
-7.896
-2.977
-7.114
-10.892
-6.738
-7.602
-6.862
-3.822
-6.038
-7.578
-7.524
-7.012
-5.381
-6.266
-4.464
-7.481
-4.221
-5.575
-8.279
-7.314
-8.800
-12.015
-11.029
-9.085
-5.504
-8.623
-5.645
-3.329
-8.495
-7.210
-7.308
-8.612
-6.530
-5.801
-5.618
-6.420
-3.917
-3.415
-8.677
-13.407
-9.960
-8.597
-13.051
-8.997
-11.770
-9.525
-8.919
-16.656
-6.689
-8.799
-7.790
-3.556
-9.939
-8.793
-11.810
-11.653
-11.568
-14.085
-5.400
-6.986
-4.040
-4.655
-10.467
-8.713
-7.875
-8.843
-7.310
-10.313
-8.008
-5.217
-5.626
-7.184
-10.094
-7.798
-9.552
-10.486
-7.450
-11.813
-10.826
-11.086
-10.057
-9.673
-13.950
-8.359
-10.516
-9.977
-8.030
-14.393
-1.554
-1.697
-8.252
0.644
-8.577
0.433
-2.546
-11.001
-4.499
-10.336
-0.650
-1.851
-7.199
-2.714
-8.469
-4.224
-4.469
-10.912
-2.135
-10.247
-4.933
-2.557
-11.177
0.447
-6.133
-0.071
-2.747
-9.710
-1.419
-10.485
1.235
-1.921
-9.986
-1.803
-9.178
-5.685
-1.856
-4.794
-2.845
-6.654
1.108
-4.047
-9.923
-3.263
-8.649
-1.431
-1.137
-8.500
-0.703
-2.919
-11.614
-9.885
-15.388
-1.883
-5.698
-10.419
-9.186
-12.208
-3.691
-6.007
-11.812
-7.595
-13.774
-5.943
-3.992
-11.903
-11.412
-15.611
-5.934
-5.808
-11.583
-6.612
-14.393
-2.011
-6.984
-9.360
-9.975
-13.560
-5.608
-6.235
-10.499
-7.629
-12.205
-6.192
-4.438
-8.053
-7.280
-11.226
0.753
-7.980
-9.972
-9.773
-13.007
-5.180
-5.809
-11.826
-12.384
-16.591
-7.466
-13.974
-2.972
-7.862
-9.300
-9.610
-13.760
-0.326
-6.046
-10.659
-7.396
-14.073
-2.019
-9.340
-11.911
-8.614
-12.799
-2.768
-7.207
-12.618
-9.859
-12.577
-0.265
-5.045
-15.294
-7.681
-13.911
-2.106
-11.672
-10.899
-7.742
-15.162
-1.767
-4.154
-6.111
-7.144
-8.318
-3.774
-5.452
-10.725
-7.721
-12.735
-4.791
-5.999
-12.769
-9.517
-13.779
-3.351
-4.538
-9.309
-7.983
-11.127
-8.656
-4.491
-8.041
-7.861
-4.211
-3.228
-2.751
-11.347
-8.329
-10.426
-6.665
-3.174
-11.120
-8.327
-6.065
-4.556
-4.977
-9.465
-7.828
-10.427
-2.957
-4.598
-8.057
-4.768
-4.723
-2.686
0.423
-10.246
-6.502
-6.879
-5.295
-2.697
-9.070
-6.937
-6.860
-1.692
-5.567
-12.976
-7.475
-10.105
-6.016
-7.524
-14.264
-8.833
-9.204
-5.875
-7.974
-13.694
-7.458
-10.590
-5.349
0.882
-1.478
-8.393
-11.650
-3.658
1.046
-1.209
-8.264
-8.303
-3.657
1.325
-1.470
-9.299
-10.180
-4.149
2.054
1.113
-7.794
-8.073
-3.571
-0.017
-3.778
-7.685
-12.420
-1.212
-1.354
-4.730
-9.408
-11.646
-1.927
-4.789
-6.100
-6.934
-9.203
-3.189
0.068
-5.575
-7.505
-12.067
-5.906
-0.713
-5.231
-7.985
-11.921
-8.739
-1.440
-3.594
-10.061
-11.792
-8.008
-10.197
-7.911
-7.653
-12.798
-11.946
-4.750
-12.659
-9.792
-6.015
-13.316
-8.384
-12.584
-11.767
-9.440
-9.474
-10.624
-9.505
-11.351
-8.428
-7.676
-9.198
-7.977
-9.249
-11.093
-9.986
-8.848
-7.806
-9.500
-9.500
-16.413
-9.801
-7.664
-18.582
-10.897
-11.695
-16.265
-9.927
-7.532
-15.983
-9.074
-7.569
-16.659
-11.195
-8.232
-15.431
-9.949
-8.213
-17.045
-12.041
-6.480
-18.218
-12.796
-9.980
-18.402
-8.744
-9.529
-15.251
-7.208
-4.963
-10.731
-14.766
-6.490
-9.940
-16.074
-9.539
-9.693
-12.678
-6.930
-7.262
-11.643
-6.131
-10.559
-8.924
-7.691
-6.247
-13.450
-7.772
-8.520
-14.467
-8.125
-9.711
-12.025
-7.922
-9.627
-14.588
-10.777
-9.980
-14.039
-9.375
-3.817
-6.012
-12.885
-4.380
-5.892
-11.755
-6.762
-6.056
-12.169
-1.338
-7.167
-11.393
-4.111
-5.644
-13.125
-3.274
-3.592
-9.278
-4.154
-4.013
-11.150
-2.576
-5.064
-12.707
-4.037
-1.552
-10.834
-1.457
-4.164
-10.471
-9.239
-7.364
-9.070
-6.510
-5.169
-9.640
-3.475
-6.116
-10.137
-6.100
-10.002
-11.622
-8.044
-6.729
-7.469
-2.937
-8.860
-10.342
-7.228
-6.425
-5.371
-6.589
-6.238
-5.474
-6.630
-7.742
-8.692
-10.339
-4.553
-9.311
-8.410
-6.577
-8.804
-5.727
-6.586
-8.380
-7.910
-4.026
-9.410
-8.550
-4.685
-10.681
-5.492
-6.026
-11.452
-6.373
-5.915
-11.563
-8.105
-0.754
-10.709
-8.693
-0.946
-11.968
-8.871
-5.615
-10.936
-3.721
-3.410
-10.505
