3.305
7.449
2.825
5.994
5.605
5.954
2.961
7.302
4.445
5.604
8.217
6.884
7.425
-0.193
6.698
7.634
5.681
5.313
3.466
6.710
7.870
7.833
4.789
6.659
8.730
6.847
6.951
7.570
7.003
7.323
7.248
8.848
6.131
5.910
8.605
3.899
2.765
11.099
7.757
6.100
8.000
6.874
5.791
7.455
6.851
6.886
6.558
5.608
6.421
2.297
7.592
5.705
2.980
4.116
0.851
2.688
-3.689
7.029
5.383
3.457
0.413
-1.068
-4.108
1.374
2.610
2.358
1.415
-0.267
1.516
0.126
5.042
0.337
3.489
2.756
-5.116
3.933
-3.585
2.309
-7.370
2.090
4.624
6.614
1.978
0.593
5.093
1.918
4.435
3.793
4.991
5.599
2.745
7.041
4.427
3.190
8.318
6.305
3.367
2.089
4.143
5.758
3.858
3.814
4.858
4.138
2.076
1.480
0.453
3.312
1.186
0.797
4.726
4.541
3.616
3.376
4.153
3.137
4.864
2.345
4.790
4.089
1.079
-1.625
0.335
4.192
2.565
1.136
2.435
1.882
2.851
2.473
2.110
5.035
6.191
4.869
5.334
2.978
6.240
7.638
4.879
4.344
5.028
0.307
5.215
0.832
-5.385
4.507
-8.425
4.356
-12.998
3.413
6.185
6.846
3.205
3.147
7.442
3.932
5.272
4.871
4.948
7.271
4.969
3.881
3.039
0.102
3.630
7.082
1.877
5.968
4.983
3.055
3.708
3.714
0.767
1.875
2.570
2.723
4.079
4.136
0.195
5.532
3.811
5.879
7.143
6.163
6.803
7.079
5.244
7.072
6.126
3.297
-6.064
2.868
4.670
4.369
4.105
4.855
4.119
6.492
0.470
1.632
6.197
10.257
6.644
5.926
6.928
7.090
9.276
8.911
9.962
7.799
4.959
6.628
4.770
6.989
6.377
5.500
5.220
5.744
6.549
5.799
8.482
11.080
7.557
7.698
8.326
6.148
9.397
4.145
4.486
10.164
9.123
9.220
8.818
7.319
10.153
9.170
8.323
9.137
11.819
12.191
6.816
6.719
3.624
5.894
7.644
6.007
8.127
8.514
6.149
8.325
10.877
9.232
11.932
6.489
11.438
12.647
8.222
9.116
8.698
3.858
6.529
5.081
8.136
5.438
9.061
8.055
8.705
7.164
4.924
4.687
7.115
9.623
8.552
5.911
7.948
8.195
7.243
5.860
6.597
7.596
6.472
5.471
8.911
7.602
8.991
9.169
8.206
7.898
5.099
7.407
6.692
6.085
6.385
6.523
7.194
7.979
6.487
3.349
8.324
6.679
7.262
7.608
8.955
1.916
6.797
7.571
6.736
6.298
4.673
4.693
5.820
4.374
5.876
6.090
2.858
5.784
7.674
8.096
6.538
6.641
7.303
7.331
7.051
6.990
7.099
6.185
4.725
3.265
7.253
4.637
5.671
9.033
5.605
4.519
5.237
7.181
7.266
6.852
5.457
9.091
