-11.345
-9.454
-3.803
-11.705
-5.125
-9.237
-9.502
-8.071
-7.286
-4.281
-7.094
-8.249
-6.972
-4.750
-4.654
-7.169
-7.839
-6.976
-8.025
-6.060
-2.897
-4.367
-5.158
-2.985
-4.622
-2.069
-1.636
-2.826
-3.114
-3.452
-1.186
0.803
-0.774
2.067
0.086
-2.692
-4.827
1.058
-0.567
-1.234
-9.934
-2.426
-12.214
-9.062
-0.856
-9.987
-9.338
-1.556
-11.010
-11.071
-1.046
-11.804
-11.236
-1.728
-10.884
-10.912
-1.641
-10.999
-9.978
-3.098
-9.832
-7.491
-2.847
-9.770
-7.224
-4.961
-9.637
-8.372
-5.227
-12.900
-6.691
-5.243
-11.117
-5.269
-3.310
-10.436
-9.320
-6.639
-9.666
-3.627
-7.295
-6.799
-8.914
-6.737
-5.120
-9.322
-3.003
-6.873
-10.463
-7.235
-6.939
-3.802
-4.425
-9.128
-8.091
-3.031
-9.130
-7.701
-4.553
-9.833
-9.433
-8.066
-8.453
-12.217
-7.247
-13.341
-11.174
-10.938
-10.849
-10.907
-5.900
-13.855
-9.874
-6.569
-12.028
-9.186
-7.230
-11.010
-13.197
-10.126
-10.402
-10.170
-8.067
-13.164
-12.771
-7.013
-14.787
-8.420
-6.654
-12.348
-14.509
-15.494
-11.358
-10.021
-8.868
-7.574
-14.216
-12.796
-9.957
-11.282
-12.735
-9.298
-9.734
-11.308
-8.400
-11.117
-14.388
-9.669
-10.050
-10.665
-6.449
-10.841
-11.595
-10.017
-11.146
-12.094
-9.293
-10.246
-13.467
-10.480
-2.447
-6.253
-0.849
-1.711
-7.444
1.644
-0.256
-6.394
-3.454
-3.674
-8.831
-2.660
-1.754
-4.149
0.921
-2.772
-6.666
-1.114
0.138
-4.699
1.565
-5.146
-8.999
0.395
-3.707
-10.058
-0.198
-1.582
-9.000
-1.597
-5.917
-5.939
-0.470
-7.534
-7.563
0.034
-7.848
-9.486
1.785
-6.275
-6.776
1.397
-7.390
-8.401
2.776
-5.656
-4.952
0.790
-6.547
-6.756
3.591
-4.854
-5.901
-0.107
-5.036
-3.485
-0.721
-8.404
-7.185
2.549
-4.308
-9.477
-6.748
-2.035
-7.388
-6.878
-2.151
-7.507
-4.522
-3.908
-5.070
-4.057
-3.395
-8.116
-6.178
-2.721
-9.913
-8.682
-2.584
-11.609
-9.663
-2.320
-5.655
-2.474
-4.419
-11.783
-8.476
-3.814
-11.774
-9.002
-0.191
-7.758
-4.717
0.143
-5.637
-3.349
-0.659
-6.814
-6.616
-4.552
-7.762
-6.631
-1.639
-5.868
-5.094
-0.900
-5.999
-6.902
1.029
-3.626
-5.088
-1.146
-4.019
-4.252
-1.928
-8.733
-5.652
-0.738
-2.098
-0.994
-0.170
-12.434
-5.942
-14.096
-7.375
-9.329
-2.797
-9.188
-4.187
-6.402
-3.174
-9.910
-3.510
-9.972
-2.784
-10.523
-1.394
-12.101
-2.672
-12.591
-4.732
-9.616
0.266
-12.813
-3.277
-15.247
-2.055
-12.146
-4.474
-11.822
-4.315
-12.801
-2.579
-12.410
-3.209
-11.293
-6.847
-12.946
-6.922
-13.885
-15.033
-11.222
-12.329
-11.428
-14.216
-9.824
-11.499
-9.763
-10.440
-11.017
-10.928
-7.953
-12.556
-12.627
-11.910
-9.134
-14.584
-11.955
-11.005
-13.359
-5.919
-4.577
-9.731
-5.603
-9.238
-7.162
-7.528
-9.105
-8.854
-8.851
-6.099
-5.528
-10.056
-7.523
-8.266
-3.947
-6.534
-6.557
-11.258
-9.055
-6.493
-7.750
-8.210
-3.939
-8.295
-5.961
-3.957
-3.563
-3.151
-8.645
-4.168
-3.214
-4.735
-3.500
-6.364
-7.195
-8.452
-7.485
-8.920
-6.312
-8.125
-8.049
-4.854
-4.052
-10.729
-1.892
-8.114
-8.166
-4.971
-6.039
-11.020
-7.598
-6.301
-3.948
-7.702
-5.760
-7.898
-2.638
-6.024
-6.157
-9.963
-5.168
-8.225
-9.392
-9.320
-11.409
-12.083
-10.636
-9.189
-8.084
-8.941
-7.065
-10.690
-10.187
-11.225
-11.451
-9.002
-9.880
-12.572
-8.505
-10.269
-8.676
-9.271
-10.598
-9.802
-12.462
-13.599
-10.867
-7.197
-6.539
-8.126
-9.036
-7.629
-8.631
-8.805
-8.305
-7.205
-6.688
-9.761
-8.577
-11.804
-11.122
-11.028
-12.676
-9.811
-8.387
-9.878
-14.627
-10.280
-8.215
-4.289
-12.040
-10.152
-7.440
-7.675
-12.945
-6.811
-6.479
-2.614
-10.243
-8.078
-9.647
-8.284
-13.448
-7.313
-4.570
-7.377
-11.231
-8.124
-8.488
-2.249
-13.383
-8.497
-11.006
-9.652
-14.727
-9.074
-5.060
-8.731
-10.346
-4.091
-8.806
-5.837
-7.027
-5.428
-12.025
-8.305
-3.360
-7.429
-12.812
-9.311
-9.555
-6.247
-8.488
-7.107
-7.375
-7.638
-8.948
-10.042
-7.047
-3.210
-8.999
-8.675
-8.945
-6.576
-7.862
-8.433
-5.639
-5.923
-10.402
-11.181
-7.303
-3.791
-9.618
-9.177
-3.585
-8.014
-8.774
-8.985
-8.033
-8.136
-4.260
-3.793
-6.673
-9.593
-3.573
-2.092
-3.360
-13.794
-6.657
-3.253
-7.569
-13.012
-7.226
-2.343
-8.854
-9.774
-4.546
1.048
-4.567
-12.833
-7.650
-4.481
-7.836
-13.890
-5.263
-3.128
-7.881
-11.714
-5.576
-0.564
-6.574
-9.773
-4.734
-2.088
-7.181
-10.778
-7.518
-5.443
-7.716
-5.158
-7.001
-7.359
-5.021
-5.109
-5.453
-4.068
-4.049
-4.604
-9.801
-8.118
-4.661
-4.311
-7.901
-7.003
-5.292
-3.201
-8.029
-3.910
-5.955
-6.762
-7.092
-7.016
-6.473
-4.242
-7.063
-4.640
-7.790
-8.017
-12.149
-6.678
-6.530
-8.188
-8.468
-3.994
-11.506
-3.052
-10.112
-5.492
-6.443
-7.490
-5.237
-11.117
-8.751
-10.542
-13.127
-11.381
-12.325
-12.496
-9.052
-11.532
-9.998
-4.780
-9.224
-9.646
-11.885
-11.192
-4.871
-10.055
-7.169
-10.281
-4.165
-8.799
-7.143
-11.288
-10.987
-11.828
-12.169
-8.389
-10.619
-10.314
-10.042
-11.671
-5.217
-11.030
-9.072
-11.824
-7.411
-9.143
-5.551
-8.197
-10.152
-5.112
-7.252
-8.918
-9.119
-2.902
-3.108
-11.245
-13.089
-3.573
-9.162
-6.573
-10.332
-5.376
-6.423
-10.833
-8.162
-2.737
-5.574
-5.804
-10.021
-4.723
-8.864
-6.570
-7.323
-5.226
-8.130
-9.964
-8.991
-5.078
-8.288
-6.178
-10.105
-5.274
-9.446
-9.709
-10.466
-5.768
-6.428
-8.854
-8.748
-7.315
-5.739
-8.956
-8.550
-8.455
-6.403
-12.341
-7.604
-6.329
-3.306
-8.774
-7.114
-9.079
-3.745
-10.538
-9.574
-8.786
-3.304
-9.617
-8.356
-7.689
-3.843
-6.036
-6.305
-8.650
-3.970
-10.171
-5.952
-7.247
-6.386
-11.577
-6.830
-5.848
-5.099
-12.078
-9.031
-8.400
-7.141
-7.544
-11.958
-3.218
-13.591
-5.735
-5.820
-6.710
-11.168
-5.209
-12.225
-5.667
-14.231
-9.220
-9.167
-3.906
-13.576
-6.542
-8.698
-6.520
-10.599
-7.358
-7.488
-3.402
-12.715
-6.696
-9.364
-5.356
-12.421
-3.440
-7.172
-3.217
-14.702
-11.999
-10.407
-4.429
-13.208
-9.248
-8.007
-5.903
-8.941
-4.145
-8.412
-10.937
-10.179
-3.476
-6.786
-10.987
-9.457
-4.950
-7.091
-9.055
-9.956
-10.503
-9.258
-10.838
-10.516
-4.638
-7.053
-12.485
-9.481
-4.152
-7.702
-12.964
-4.702
-5.154
-4.012
-8.995
-6.065
-7.485
-8.297
-10.419
-10.054
-3.369
-9.190
-10.867
-9.247
-7.003
-9.805
-11.288
-10.958
-11.207
-6.215
-7.860
-4.431
-6.515
-1.281
-9.692
-5.292
-9.827
-4.578
-10.447
-6.398
-12.718
-4.522
-12.429
-4.954
-12.292
-7.361
-12.934
-5.294
-6.263
-2.018
-8.081
-5.056
-6.548
-6.980
-8.195
-1.353
-3.564
-4.737
-8.484
-5.649
-6.084
-7.373
-11.196
-6.643
-10.035
-3.455
-7.589
-6.008
-11.570
-6.139
-10.456
-4.956
-11.366
-6.887
-12.285
-8.403
-7.242
-5.262
-10.836
-6.313
-10.761
-7.123
-12.614
-5.086
-13.125
-6.559
-9.224
-7.945
-6.311
-7.309
-6.230
-8.447
-4.378
-3.113
-4.997
-6.978
-7.515
-5.414
-5.120
-6.565
-3.540
-4.982
-6.225
-4.041
-4.716
-5.162
-7.482
-4.980
-4.026
-6.081
-7.748
-6.303
-8.938
-4.946
-9.594
-8.273
-7.219
-6.250
-6.370
-6.821
-7.329
-3.717
-7.594
-7.241
-6.500
-4.255
-10.274
-9.873
-6.948
-7.022
-9.370
-8.137
-8.752
-4.040
-3.463
-7.043
-6.354
-7.895
-8.649
-7.605
-6.064
-8.281
-7.862
-5.455
-6.351
-8.017
-3.245
-3.142
