-24.999
-21.145
-9.623
-25.732
-12.319
-20.702
-21.242
-18.324
-16.724
-10.598
-15.864
-18.220
-15.615
-11.086
-10.890
-16.017
-17.384
-15.624
-17.763
-13.757
-5.010
-7.445
-8.553
-8.430
-8.080
-3.735
-3.042
-5.065
-7.752
-5.402
-3.647
0.184
-2.852
2.620
-1.196
-6.547
-10.660
0.676
-2.454
-3.739
-16.302
-5.235
-19.786
-13.340
-1.691
-16.035
-14.318
-3.054
-15.323
-15.158
-2.514
-16.344
-17.156
-3.238
-18.497
-16.939
-3.182
-14.502
-15.863
-6.525
-14.791
-12.358
-4.853
-13.475
-10.716
-9.124
-15.666
-11.286
-9.033
-20.256
-7.913
-11.131
-16.473
-5.969
-7.527
-15.682
-12.794
-13.970
-13.856
-2.058
-15.359
-9.310
-13.510
-14.177
-7.202
-14.361
-6.578
-9.930
-16.700
-15.089
-9.294
-1.287
-9.339
-13.449
-8.493
-6.609
-11.634
-11.386
-10.012
-16.157
-19.906
-13.918
-15.238
-25.423
-12.694
-22.249
-23.300
-18.667
-18.237
-22.645
-10.364
-23.798
-20.540
-11.765
-19.926
-19.244
-13.120
-18.097
-27.253
-17.474
-18.774
-21.170
-14.191
-22.126
-26.373
-12.661
-24.755
-17.701
-10.342
-19.567
-25.994
-31.625
-21.809
-17.836
-18.333
-13.837
-24.505
-26.404
-19.243
-19.109
-26.147
-17.245
-13.893
-23.322
-15.215
-19.409
-28.806
-18.160
-15.321
-22.261
-11.378
-18.293
-23.387
-18.145
-19.548
-24.791
-17.186
-17.992
-27.166
-18.763
-4.694
-11.298
-1.972
-1.717
-13.149
1.075
-0.038
-10.978
-7.802
-5.235
-14.962
-6.608
0.204
-6.675
0.903
-3.714
-10.757
-3.424
1.640
-8.311
2.681
-8.998
-15.731
-0.253
-5.117
-17.792
-1.308
-3.544
-15.998
-4.050
-8.791
-10.272
3.456
-11.481
-12.759
0.740
-13.291
-16.984
5.067
-9.619
-11.583
5.630
-11.382
-14.811
5.037
-8.431
-8.050
3.962
-8.497
-11.746
8.347
-6.652
-9.780
3.481
-8.612
-4.770
2.132
-13.614
-12.357
4.675
-7.192
-18.362
-8.096
-2.882
-13.370
-7.141
-2.853
-13.309
-5.171
-5.732
-9.446
-3.859
-5.422
-14.105
-8.224
-4.703
-18.218
-10.649
-4.282
-19.246
-12.690
-3.527
-10.837
0.269
-7.452
-20.672
-10.745
-6.265
-21.154
-11.134
4.785
-13.606
-5.333
4.083
-9.182
-2.201
1.151
-11.627
-7.254
-6.048
-12.993
-7.316
0.312
-9.823
-4.793
0.166
-10.134
-6.511
5.213
-6.591
-3.946
-0.849
-7.087
-2.976
-2.134
-15.048
-8.583
1.121
-3.552
1.134
-0.851
-25.857
-4.911
-29.232
-7.067
-19.556
-1.414
-19.271
-5.991
-13.615
-3.405
-20.735
-1.831
-20.862
-1.710
-21.979
-2.931
-25.183
-3.624
-26.177
-8.612
-20.139
1.227
-26.627
-6.084
-31.567
-3.940
-25.274
-8.462
-24.617
-8.078
-26.603
-4.603
-25.810
-6.228
-23.542
-13.075
-26.898
-13.318
-28.802
-21.323
-21.392
-17.566
-22.074
-19.797
-19.071
-15.297
-18.417
-15.861
-21.473
-16.384
-15.017
-16.079
-24.584
-18.380
-17.178
-19.723
-22.990
-16.295
-25.770
-6.298
-8.792
-13.020
-10.769
-13.856
-13.772
-10.646
-17.515
-13.737
-17.026
-7.394
-10.625
-14.818
-14.467
-11.580
-7.579
-10.033
-12.607
-18.624
-17.419
-9.356
-10.241
-8.195
-3.467
-11.699
-6.935
-4.592
-3.335
-2.151
-11.415
-4.482
-3.560
-7.538
-3.636
-10.215
-9.459
-12.019
-10.680
-10.962
-7.084
-9.389
-15.481
-6.567
-7.781
-13.223
-3.620
-7.752
-15.706
-6.342
-11.608
-14.888
-14.611
-5.476
-7.580
-9.915
-11.071
-12.552
-5.057
-5.068
-11.835
-22.434
-10.784
-22.022
-22.154
-21.123
-23.391
-29.886
-24.690
-20.857
-16.626
-23.482
-17.409
-23.917
-20.787
-28.139
-26.352
-20.477
-20.067
-30.884
-20.344
-23.058
-18.092
-24.154
-24.612
-22.107
-25.388
-32.978
-25.160
-16.797
-13.543
-21.821
-21.429
-17.676
-17.746
-23.205
-19.938
-16.812
-14.225
-25.152
-20.491
-26.188
-24.387
-27.737
-28.849
-22.124
-18.810
-25.392
-32.826
-23.080
-18.459
-13.998
-27.551
-22.820
-16.879
-20.901
-29.398
-16.010
-14.919
-10.583
-23.888
-18.592
-21.378
-22.142
-30.422
-17.032
-11.028
-20.293
-25.904
-18.685
-19.015
-9.840
-30.289
-19.446
-24.148
-24.930
-33.030
-20.622
-12.027
-23.052
-24.098
-10.463
-19.665
-12.484
-19.579
-13.190
-26.227
-17.434
-12.104
-17.269
-27.830
-19.110
-24.733
-14.859
-19.016
-14.646
-20.289
-17.694
-19.954
-20.665
-19.621
-8.668
-20.059
-17.928
-23.489
-15.530
-17.741
-17.345
-16.749
-14.198
-22.917
-23.000
-20.142
-9.853
-21.320
-19.317
-12.562
-18.462
-19.600
-18.184
-21.631
-18.298
-8.750
-12.987
-16.610
-21.268
-7.792
-9.519
-9.857
-29.833
-13.730
-11.885
-18.438
-28.238
-15.029
-10.031
-21.058
-21.638
-9.461
-3.116
-12.318
-27.873
-15.923
-14.390
-18.980
-30.030
-11.287
-11.630
-19.074
-25.593
-11.791
-6.405
-16.409
-21.637
-9.806
-9.510
-17.645
-23.685
-15.636
-16.351
-18.736
-12.640
-15.985
-14.951
-13.243
-12.539
-12.829
-8.508
-11.261
-11.509
-21.692
-16.777
-12.509
-10.912
-17.818
-14.220
-13.794
-8.648
-18.081
-8.266
-15.147
-15.908
-16.171
-14.268
-16.203
-10.772
-16.111
-9.712
-18.888
-18.468
-26.480
-14.109
-16.319
-18.817
-18.976
-8.536
-26.462
-8.346
-22.327
-11.368
-16.141
-12.444
-8.179
-25.202
-20.865
-18.371
-18.905
-25.710
-27.751
-18.672
-12.028
-26.000
-23.268
-7.715
-11.381
-22.368
-26.903
-14.251
-6.165
-23.155
-17.819
-13.056
-3.260
-20.735
-17.769
-15.302
-13.614
-26.571
-27.450
-12.701
-15.515
-23.654
-23.354
-16.721
-5.936
-25.034
-21.484
-17.504
-11.167
-21.400
-14.701
-7.177
-23.697
-13.634
-17.979
-7.123
-21.707
-9.377
-9.997
-11.665
-29.354
-10.669
-21.658
-6.827
-24.043
-14.143
-16.381
-8.947
-19.864
-9.060
-14.747
-4.499
-23.443
-12.885
-21.085
-6.148
-18.246
-13.853
-19.669
-9.845
-21.460
-13.570
-19.975
-3.246
-23.607
-13.946
-22.205
-6.485
-24.301
-14.897
-16.391
-12.415
-16.458
-18.232
-14.842
-13.942
-17.077
-20.427
-16.122
-13.105
-13.787
-16.333
-10.154
-11.356
-12.253
-21.630
-11.000
-13.889
-17.149
-21.065
-10.151
-12.945
-15.462
-18.952
-11.190
-5.586
-11.673
-20.803
-11.435
-12.232
-10.707
-18.100
-16.089
-12.399
-13.480
-15.406
-13.609
-18.143
-19.792
-20.321
-17.543
-10.729
-27.174
-9.985
-30.190
-5.177
-15.352
-16.712
-25.522
-3.329
-27.690
-14.703
-31.422
-10.071
-21.799
-11.312
-30.161
-6.745
-20.896
-16.346
-24.425
-7.476
-18.565
-10.340
-28.502
-5.485
-22.179
-14.103
-27.936
0.843
-17.956
-9.983
-32.330
-15.068
-24.187
-12.318
-29.452
-10.286
-19.565
-15.159
-21.233
-4.832
-15.150
-25.209
-23.618
-1.576
-11.776
-25.304
-22.227
-5.664
-14.495
-21.583
-23.187
-14.918
-19.748
-25.017
-24.265
-3.252
-12.626
-28.190
-22.273
-4.013
-15.377
-29.114
-13.066
-1.346
-7.318
-21.468
-15.693
-6.021
-14.341
-24.210
-23.377
-4.785
-15.934
-25.073
-21.821
-6.210
-17.288
-25.885
-25.118
-24.855
-14.399
-18.032
-10.763
-15.290
-4.340
-21.766
-12.518
-22.041
-11.063
-23.306
-14.772
-27.936
-10.947
-27.346
-11.829
-27.067
-16.735
-28.376
-12.521
-14.776
-6.610
-18.481
-12.802
-15.356
-16.725
-18.714
-5.253
-9.274
-12.152
-19.303
-14.011
-14.412
-17.527
-24.833
-16.038
-22.466
-9.538
-17.480
-14.743
-26.083
-14.245
-23.812
-11.833
-25.667
-15.770
-27.541
-18.859
-17.259
-12.456
-24.586
-14.600
-24.433
-16.251
-28.210
-12.098
-29.253
-15.100
-21.299
-17.926
-14.179
-16.860
-14.023
-19.052
-10.456
-8.777
-11.648
-16.221
-16.498
-13.209
-11.885
-15.426
-8.841
-12.378
-14.013
-10.564
-11.105
-12.724
-16.434
-12.372
-4.259
-14.494
-14.365
-14.922
-16.235
-12.307
-16.006
-18.717
-11.884
-14.820
-12.129
-15.920
-14.045
-9.939
-15.642
-16.728
-12.576
-10.977
-19.613
-21.799
-12.655
-15.548
-18.685
-17.697
-16.888
-9.804
-10.013
-15.589
-14.220
-17.231
-17.257
-16.671
-14.209
-17.974
-16.084
-12.529
-10.927
-17.466
-8.350
-8.074
