-24.179
-17.312
-17.940
-20.217
-20.775
-20.939
-22.333
-22.281
-22.508
-22.348
-28.340
-23.505
-24.361
-24.673
-25.245
-22.287
-24.714
-17.129
-16.656
-16.169
-20.361
-22.525
-27.347
-17.396
-29.393
-20.524
-25.645
-20.968
-16.591
-19.021
-35.451
-21.437
-18.890
-10.964
-32.304
-23.114
-19.130
-18.063
-22.267
-19.922
-3.155
-8.804
3.003
-20.950
-2.765
-18.910
0.241
-18.563
-4.698
-17.973
-5.780
-16.089
-8.013
-16.809
-7.270
-24.105
-1.460
-18.642
-5.861
-25.654
2.717
-19.609
1.476
-18.798
3.187
-18.420
-0.235
-19.010
2.308
-16.231
6.779
-12.809
4.513
-12.649
5.030
-17.597
1.424
-20.648
5.574
-5.518
-12.052
-25.750
-17.433
-11.880
-5.086
-20.755
-7.092
-10.652
-6.113
-23.060
-17.934
-15.335
-7.242
-23.638
-16.288
-21.027
-12.097
-21.674
-13.035
-17.705
-4.559
-25.640
-5.742
-17.142
-4.066
-24.444
-10.673
-14.672
-12.699
-32.639
-24.226
-12.769
-8.285
-27.007
-15.207
-17.296
-7.871
-23.761
-8.904
-12.671
-8.748
-21.763
-11.741
-14.154
-3.993
-24.023
-10.942
-23.838
-3.772
-24.718
-10.585
-22.131
-7.742
-24.328
-12.202
-17.875
-4.740
-19.006
-7.608
-19.184
-4.475
-18.818
-3.624
-16.641
-3.010
-27.714
-15.367
-23.858
-6.282
-31.062
-20.937
-19.260
-14.481
-23.400
-17.357
-20.055
-5.700
-22.205
-2.802
-16.693
4.309
-20.230
-10.475
-18.128
1.761
-15.974
-3.691
-12.967
3.940
-22.629
-5.152
-21.208
6.060
-20.723
-11.485
-18.443
3.708
-21.148
-15.147
-15.300
2.080
-15.791
-7.156
-16.020
4.973
-13.433
-6.137
-15.247
-4.127
-19.399
-16.640
-13.405
4.092
-18.298
-13.047
-14.772
4.228
-16.089
-8.420
-22.107
-12.284
-5.113
-8.666
-2.855
-20.254
-16.290
-17.552
-5.200
-15.631
-9.214
-12.503
-7.878
-16.239
-13.008
-21.672
-3.050
-11.921
-13.419
-11.688
5.481
-14.169
-7.780
-11.799
-0.558
-13.165
-17.820
-17.431
0.776
-19.084
-15.951
-16.177
-0.905
-8.376
-12.017
-12.418
-3.681
-20.555
-14.225
-15.133
-3.580
-15.099
-13.131
-19.160
-18.299
-9.614
-11.063
-16.577
-10.021
-4.792
-7.442
-19.053
-12.752
-2.297
0.852
-7.140
-4.894
-12.675
-15.927
-14.196
-11.277
-6.264
-7.748
-18.878
-11.804
-8.310
-7.111
-15.184
-10.242
-8.630
-10.189
-19.134
-12.631
-16.072
-13.106
-16.526
-18.567
-7.295
-7.532
-12.676
-8.404
-17.104
-17.491
-6.368
3.959
-4.807
-8.354
-2.753
3.097
-11.122
-8.194
-6.931
-2.224
-8.822
-15.043
-3.125
4.004
-8.720
-11.306
-6.311
4.345
-12.659
-15.828
-5.544
4.917
-9.703
-12.641
-14.072
-3.271
-16.549
-16.337
-9.344
1.717
-18.013
-19.670
-12.329
-2.025
-10.002
-9.731
-10.888
1.734
-11.542
-17.133
-13.475
-2.535
-8.059
-11.932
-10.232
0.943
-7.561
-10.048
-12.224
-3.534
-10.537
-16.704
-14.934
-5.529
-13.623
-17.508
-13.970
-5.475
-13.024
-18.028
-13.541
-4.937
-12.402
-11.022
-6.444
1.092
-10.377
-18.768
-13.451
-3.648
-13.328
-14.971
-10.610
-6.081
-21.459
-20.264
-14.108
-6.289
5.709
-3.819
-7.241
-0.409
7.713
0.995
-12.035
-4.082
5.023
-5.297
-14.361
-8.265
-0.099
-13.072
-15.139
-8.784
5.271
1.096
-6.625
0.796
3.159
-2.477
-7.687
-5.999
-1.012
-7.652
-11.540
-6.113
-0.316
-4.490
-15.154
-9.219
3.493
-1.208
-12.131
-5.666
-7.874
-10.377
-22.889
-17.241
-14.620
-20.067
-26.269
-11.684
-23.083
-25.135
-14.911
-23.014
-27.298
-11.663
-19.582
-29.363
-14.237
-26.321
-25.679
-16.807
-26.972
-28.585
-8.761
-18.610
-23.271
-13.696
-21.626
-22.027
-14.017
-24.221
-23.868
-10.726
-26.384
-31.888
-0.865
-10.671
-22.820
6.103
-5.566
-28.930
0.550
-10.998
-22.931
5.246
-8.657
-26.920
-5.411
-17.938
-26.187
0.842
-8.715
-21.387
0.165
-12.539
-21.240
1.176
-12.731
-25.244
1.528
-7.665
-32.223
5.417
-3.445
-28.230
6.612
-8.630
-26.126
-0.672
-16.547
-23.977
0.576
-14.170
-26.545
4.113
-8.519
-22.603
-1.173
-15.971
-26.848
4.659
-2.797
-20.343
-3.152
-18.734
-28.777
-11.462
-18.533
-11.609
3.591
-7.536
-26.559
5.920
-7.204
-20.549
5.678
-5.806
-15.353
4.354
0.349
-10.938
6.209
-4.377
-4.937
6.809
-2.627
-12.402
3.126
-2.552
-3.856
-0.383
-6.444
-19.365
6.484
-4.607
-17.125
6.624
-9.417
-15.258
7.874
-1.577
-8.294
8.325
-3.626
-8.976
-12.550
-15.671
-5.991
-10.866
-15.923
-9.170
-13.937
-15.328
-7.781
-3.462
-12.633
-7.623
-10.003
-16.231
-8.224
-7.387
-18.642
-10.472
-5.724
-19.672
-11.187
-4.583
-17.271
-6.831
-9.765
-11.133
-6.219
-13.392
-11.372
-10.092
2.722
-1.115
-7.881
7.219
-3.467
-11.784
6.945
-2.953
-5.945
3.698
-4.625
-11.583
5.863
-2.068
-6.916
-0.480
-5.444
-14.547
3.611
1.091
-5.789
-0.172
2.130
-0.033
3.141
-4.599
-5.339
-2.919
0.445
-6.967
-18.733
-19.893
-21.314
-24.488
-21.737
-21.958
-16.747
-18.171
-28.500
-28.908
-25.376
-22.458
-17.928
-23.346
-26.328
-21.298
-18.005
-19.517
-21.761
-20.558
-19.012
-15.583
-21.299
-25.796
-21.492
-27.303
-21.251
-20.899
-24.498
-26.207
-16.083
-13.934
-18.717
-26.530
-17.968
-13.758
-8.234
-12.223
-20.302
-17.358
-16.608
-18.206
-20.990
-29.587
-21.173
-22.115
-16.319
-19.120
-19.856
-21.913
-19.096
-17.937
-16.297
-14.145
-24.138
-25.055
-18.220
-21.805
-18.293
-25.847
-21.984
-17.238
-23.989
-15.687
-18.672
-23.367
-16.922
-18.449
-17.099
-20.424
-20.516
-21.403
-21.727
-18.099
-26.029
-24.551
-21.095
-21.765
-19.741
-31.018
-23.261
-16.918
-19.551
-17.066
-19.898
-20.501
-18.357
-21.074
-12.977
-25.229
-22.016
-22.663
-18.338
-15.869
-27.399
-31.029
-21.025
-19.356
-21.932
-32.589
-20.991
-12.399
-12.055
-22.785
-18.562
-19.103
-16.897
-21.331
-31.041
-7.641
-21.816
-26.971
-23.678
-28.891
-12.105
-25.168
-20.474
-21.522
-35.071
-14.756
-14.123
-20.568
-17.499
-28.274
-9.341
-21.493
-20.285
-18.673
-29.726
-6.076
-20.427
-15.154
-16.849
-21.647
-9.807
-24.862
-18.392
-18.966
-30.687
-13.514
-19.610
-16.205
-15.889
-24.191
-12.528
-27.624
-24.966
-16.544
-30.201
-20.827
-21.342
-15.134
-19.518
-15.195
-14.559
-21.485
-12.644
-13.003
-14.619
-16.884
-18.795
-10.485
-16.373
-11.322
-17.509
-24.329
-15.448
-15.810
-19.243
-10.798
-14.434
-17.160
-15.127
-19.549
-13.977
-14.898
-10.812
-15.255
-13.858
-14.371
-19.002
-16.622
-17.753
-29.747
-25.491
-20.645
-12.933
-17.181
-16.762
-9.794
-19.442
-16.411
-14.862
-22.811
-16.318
-13.949
-13.164
-13.261
-13.238
-9.969
-19.813
-29.043
-20.437
-22.781
-29.613
-20.465
-25.706
-19.729
-23.437
-36.962
-15.761
-19.649
-16.228
-12.504
-23.268
-20.049
-25.789
-23.979
-28.836
-31.720
-13.132
-15.954
-8.680
-14.744
-24.346
-19.886
-17.765
-18.499
-20.156
-24.031
-18.449
-12.348
-11.978
-19.900
-23.584
-18.022
-21.185
-21.527
-20.441
-27.088
-24.193
-24.312
-20.342
-24.973
-31.445
-19.166
-23.150
-20.390
-21.624
-32.349
8.752
-2.731
-20.037
-2.546
-20.531
6.787
-4.916
-25.332
-12.454
-23.919
6.179
-1.448
-18.008
-9.014
-20.322
0.120
-9.985
-25.159
-7.900
-23.747
0.816
-5.653
-25.672
-2.925
-15.824
9.000
-3.373
-22.845
-6.520
-24.206
10.334
-2.622
-23.377
-7.259
-21.689
-0.199
-2.852
-13.376
-9.267
-16.827
8.900
-6.586
-23.256
-10.072
-20.669
7.027
-2.991
-20.514
-5.142
-9.632
-17.236
-20.425
-33.781
-7.414
-14.986
-16.647
-19.965
-27.656
-10.896
-15.580
-17.254
-17.096
-30.674
-15.235
-11.698
-21.829
-23.891
-34.211
-15.217
-15.196
-15.797
-15.351
-31.865
-7.661
-17.463
-18.172
-21.092
-30.262
-14.589
-16.020
-16.493
-15.883
-27.650
-15.715
-12.559
-12.421
-15.679
-25.765
-2.336
-19.381
-17.950
-19.880
-29.195
-13.765
-15.200
-20.041
-24.872
-36.099
-18.169
-30.928
0.869
-9.002
-22.055
-22.299
-30.515
2.935
-6.410
-24.672
-18.034
-31.118
-0.525
-11.042
-27.085
-20.380
-28.663
1.049
-7.722
-28.446
-22.777
-28.236
3.754
-6.766
-33.600
-18.583
-30.806
-1.000
-14.443
-25.135
-18.699
-33.216
3.741
-1.144
-15.913
-17.549
-20.032
0.885
-4.763
-24.800
-18.660
-28.541
-5.432
-8.866
-28.738
-22.120
-30.551
1.981
-3.642
-22.072
-19.164
-25.443
-7.916
-7.518
-19.629
-18.929
-12.120
2.289
-1.916
-25.998
-19.831
-24.092
-1.472
-4.323
-25.561
-19.827
-15.691
1.588
-5.225
-22.373
-18.865
-24.095
0.522
-7.683
-19.661
-12.972
-13.107
0.476
1.088
-23.877
-16.312
-17.261
-1.757
-2.089
-21.613
-17.149
-17.224
0.826
-7.496
-29.137
-18.186
-23.474
-4.228
-13.758
-31.616
-20.801
-21.739
-0.026
-11.072
-30.519
-18.153
-24.408
-2.696
9.630
-6.987
-19.953
-26.450
-4.777
10.517
-6.471
-19.705
-20.004
-2.812
10.577
-6.973
-21.699
-23.619
-4.866
8.217
-1.998
-18.801
-19.561
-3.528
8.644
-11.419
-18.591
-27.933
-2.049
5.204
-13.253
-21.910
-26.442
0.391
-0.129
-15.891
-17.143
-21.737
-1.273
10.030
-14.880
-18.245
-27.253
-6.275
6.659
-14.217
-19.168
-26.972
-8.978
3.960
-11.064
-23.167
-26.723
-18.333
-23.283
-17.857
-17.609
-28.586
-26.083
-11.692
-28.304
-21.692
-14.270
-29.643
-18.822
-27.663
-26.485
-20.975
-21.322
-24.153
-21.106
-25.148
-19.677
-17.378
-20.760
-18.757
-20.586
-24.623
-22.854
-19.766
-17.922
-21.862
-21.097
-35.468
-22.475
-17.354
-39.891
-24.712
-25.572
-35.166
-22.734
-17.084
-34.592
-20.994
-17.160
-35.971
-25.319
-18.512
-33.467
-22.777
-18.473
-36.757
-27.044
-14.940
-39.148
-28.583
-22.076
-39.522
-20.321
-21.156
-33.100
-17.190
-11.847
-23.885
-32.598
-14.961
-22.271
-35.265
-21.176
-21.768
-28.341
-15.857
-16.813
-26.232
-14.228
-23.534
-20.688
-17.409
-14.743
-29.915
-17.574
-19.378
-31.989
-18.293
-21.805
-27.009
-17.880
-21.634
-32.235
-23.699
-22.353
-31.116
-20.841
4.253
-13.602
-27.600
3.612
-13.371
-25.424
-1.590
-13.687
-26.220
6.939
-15.827
-24.726
5.127
-12.894
-28.062
3.858
-8.942
-20.651
4.624
-9.753
-24.258
7.057
-11.776
-27.257
3.531
-5.011
-23.650
8.375
-10.043
-22.951
-15.403
-16.206
-20.251
-11.805
-11.978
-21.349
-6.582
-13.803
-22.306
-12.501
-21.288
-25.166
-11.565
-14.983
-17.167
-7.828
-19.088
-22.702
-11.749
-14.398
-13.127
-9.812
-14.039
-13.324
-12.239
-16.935
-19.523
-18.875
-10.792
-20.715
-14.112
-14.690
-19.740
-13.006
-14.709
-18.923
-13.960
-9.777
-20.906
-12.102
-11.046
-23.354
-8.989
-13.630
-24.840
-10.616
-13.417
-25.053
-11.591
-3.474
-23.408
-12.448
-3.845
-25.835
-16.513
-12.838
-23.846
-6.347
-8.591
-23.016
