5.335
13.783
4.356
10.817
10.025
10.736
4.634
13.484
7.659
10.022
14.882
12.164
13.268
-2.264
11.784
13.692
9.712
8.961
5.196
11.809
13.798
13.727
7.863
11.465
15.454
11.827
12.028
13.220
12.127
12.744
10.252
12.244
13.149
9.793
12.716
6.252
4.729
15.723
10.984
10.777
14.608
12.980
10.892
13.986
12.594
12.954
12.307
10.522
12.146
3.865
14.215
11.372
5.912
8.572
2.634
5.284
-5.924
13.985
10.624
7.585
3.333
1.543
-7.755
5.014
5.136
4.283
2.483
0.257
5.715
1.275
5.166
-0.920
1.391
2.821
-8.120
7.033
-7.653
4.196
-12.401
3.015
8.356
11.584
2.663
1.216
8.386
4.274
7.629
5.767
8.100
7.652
6.755
12.377
8.042
5.700
14.866
11.382
6.798
4.041
8.710
10.685
6.412
6.221
6.573
5.923
1.404
2.419
-1.943
4.370
0.849
-1.747
9.426
9.053
7.740
6.492
8.248
6.705
10.140
5.462
9.126
8.503
2.737
-1.943
1.903
9.432
6.463
2.958
6.164
4.384
6.199
5.504
4.085
7.964
8.452
7.627
3.464
2.419
8.318
9.550
5.146
3.213
9.583
0.002
9.961
1.067
-11.552
8.525
-17.722
8.220
-27.002
6.304
8.320
11.290
4.919
7.432
10.476
7.666
8.206
8.881
8.404
7.283
9.596
7.500
5.877
0.221
7.017
13.667
3.639
11.520
9.622
5.909
7.754
7.655
4.303
5.887
6.125
6.537
9.859
7.911
0.949
10.323
6.057
10.274
12.849
10.853
12.157
12.719
8.980
12.706
10.777
5.009
-12.377
5.685
9.110
8.967
7.817
9.505
7.929
13.054
0.887
3.196
9.627
17.903
10.538
9.074
11.118
11.447
15.904
15.160
17.302
12.893
7.987
11.388
7.600
12.124
10.878
9.090
8.518
9.586
11.228
9.699
12.038
17.334
10.152
10.440
11.721
7.280
13.904
3.196
3.892
15.467
13.432
13.620
12.846
9.957
15.415
13.523
11.892
13.460
18.626
19.342
10.681
8.096
2.756
7.404
8.233
8.410
11.900
10.471
8.838
10.332
16.941
13.774
18.974
8.489
18.024
20.352
11.828
13.550
12.744
3.421
7.392
3.046
9.240
5.447
8.082
8.361
7.223
7.929
5.027
3.426
9.918
14.748
12.687
7.599
11.523
11.998
10.164
7.500
8.921
10.845
10.699
8.657
15.670
13.003
15.834
16.198
14.234
13.605
7.899
12.606
11.914
10.675
11.288
11.570
12.937
14.537
11.495
5.097
15.241
11.888
12.797
13.502
16.248
1.899
11.849
13.427
11.724
10.831
7.518
7.560
9.445
6.099
7.863
10.919
3.228
9.123
10.356
12.358
9.440
9.991
12.045
12.100
11.560
11.443
11.653
9.893
7.079
4.267
11.950
6.910
8.143
14.619
8.017
5.925
7.307
11.051
11.215
10.418
7.730
14.731
