4.871
7.027
4.590
7.400
3.008
4.677
-0.477
9.289
5.849
5.252
7.622
7.359
9.478
-2.316
7.637
6.259
8.899
3.603
5.920
3.683
7.469
6.721
8.316
7.184
8.528
3.661
6.869
8.878
8.054
5.185
6.074
2.029
2.291
4.654
5.141
2.931
-0.633
7.828
7.153
5.170
6.176
7.872
6.503
9.301
8.041
9.841
7.354
9.965
8.884
5.720
7.632
8.939
2.135
0.536
0.229
3.540
-6.149
4.178
6.305
1.986
2.826
3.177
0.901
3.255
4.856
3.931
-0.166
3.504
2.677
1.107
5.881
3.901
5.124
-1.849
3.500
5.903
2.256
1.869
5.794
2.813
3.638
6.161
5.516
2.980
4.321
4.812
3.191
5.580
4.828
5.560
1.081
7.204
5.390
0.872
1.999
4.641
4.640
4.646
5.095
2.654
3.955
2.225
7.755
4.419
2.267
2.445
4.042
1.746
4.666
2.813
4.051
3.430
2.780
1.745
3.930
1.884
3.268
5.340
0.981
2.543
3.947
2.179
1.579
4.423
3.014
0.763
3.002
0.893
2.621
2.388
5.208
3.679
10.413
4.346
7.917
6.143
5.142
9.612
5.122
4.370
3.440
5.273
6.787
-3.004
3.451
2.268
1.933
5.682
4.471
3.586
5.679
7.412
4.041
5.554
5.584
1.712
5.708
6.398
3.755
6.994
6.076
4.144
5.101
1.825
4.731
9.160
5.094
2.916
4.341
5.692
7.692
5.203
-1.244
5.530
4.455
5.252
5.155
5.703
0.104
3.283
1.471
6.975
8.352
7.095
8.773
9.614
7.573
8.372
4.979
-3.750
-4.874
5.136
9.169
8.487
6.361
7.023
5.524
8.290
3.822
3.163
3.511
8.229
6.233
1.865
7.403
4.948
9.001
7.322
9.773
7.518
5.506
7.051
3.588
8.306
8.147
7.415
5.226
7.080
6.576
6.064
7.283
9.497
10.051
5.822
11.256
7.282
10.957
4.810
7.770
9.053
7.520
7.398
7.827
4.426
11.338
8.453
5.571
9.447
10.094
12.097
6.680
7.749
2.475
4.228
6.142
6.571
5.908
7.564
6.021
6.285
11.575
8.508
9.846
9.123
9.613
11.804
6.939
8.443
8.432
1.773
5.226
3.071
8.741
6.569
10.605
5.952
8.023
8.776
4.923
5.827
8.069
9.076
9.474
7.474
6.635
7.904
7.184
1.893
5.763
7.183
5.825
3.935
8.653
9.054
8.829
10.019
8.441
6.010
4.144
5.874
4.547
4.188
6.797
3.893
3.647
7.395
5.894
-0.499
6.587
6.951
6.431
7.648
10.161
-0.898
8.775
8.703
10.710
6.354
6.213
-0.647
5.980
6.964
5.833
6.889
3.231
4.613
5.932
5.440
5.111
8.647
6.688
6.063
4.940
8.789
7.482
2.994
6.122
2.119
5.722
6.451
2.600
7.927
4.455
-0.351
4.432
7.882
7.256
7.633
3.088
9.100
