4.597
6.806
4.345
6.934
3.113
4.508
-0.191
8.353
5.335
5.288
7.617
7.136
9.210
-2.106
7.185
6.215
8.373
3.562
6.410
3.409
6.905
5.284
7.128
6.158
8.166
4.808
5.919
7.907
8.218
4.063
5.243
3.089
2.257
4.327
4.635
2.721
0.402
7.482
6.840
5.546
5.932
7.865
6.593
8.406
8.492
8.819
6.632
9.327
8.525
4.598
6.591
7.771
2.042
0.793
0.728
3.927
-4.124
3.532
6.428
2.567
1.855
2.412
1.191
3.096
2.270
2.325
1.600
1.751
2.138
1.171
4.707
4.096
5.022
-0.124
4.631
5.361
3.021
2.516
5.110
2.963
-0.209
2.356
1.451
-1.323
1.132
3.459
0.753
1.842
3.183
2.862
-0.165
3.449
3.733
1.343
3.243
2.781
0.972
0.932
3.127
2.922
3.057
2.811
5.285
3.884
3.278
3.534
3.893
4.003
5.401
3.173
3.905
3.718
2.519
2.355
4.121
2.886
2.985
3.990
2.165
3.354
2.975
1.952
1.336
3.091
3.111
-0.285
2.586
0.303
1.997
1.321
4.389
2.575
9.378
4.070
7.117
4.641
4.167
8.225
3.434
4.195
2.596
3.885
6.609
-2.614
3.659
2.069
1.963
5.433
4.039
3.353
5.606
4.484
3.153
2.883
4.453
3.382
3.836
3.968
3.109
4.469
5.297
3.373
4.006
0.910
4.734
8.205
4.336
2.344
3.962
5.269
6.281
3.727
1.752
2.655
3.463
3.790
3.357
5.501
-0.016
3.097
1.474
8.008
7.513
6.129
7.781
7.742
6.647
7.503
4.272
-3.512
-2.639
5.091
7.708
6.560
4.842
6.615
4.819
6.162
4.157
2.754
2.475
7.231
4.971
2.592
5.966
5.390
7.576
5.926
8.119
7.284
4.583
7.142
4.114
7.167
6.484
7.252
4.674
7.200
6.681
5.760
7.094
9.830
9.621
6.216
10.666
7.555
10.731
5.215
7.257
8.990
7.731
6.681
7.671
4.607
10.859
8.080
5.587
8.183
9.186
10.949
7.138
6.801
2.954
2.811
6.090
6.487
5.368
6.525
5.961
5.590
10.905
9.114
8.993
9.829
8.660
10.868
7.021
8.332
7.982
2.826
5.948
4.125
8.566
6.713
10.174
6.388
8.103
8.807
5.190
5.162
7.807
8.152
9.047
6.884
6.920
8.014
7.498
3.203
5.117
7.742
4.352
3.819
8.654
7.733
8.783
8.492
8.412
5.381
4.070
6.274
4.734
3.583
6.410
2.950
3.609
7.066
5.597
-0.880
5.399
6.804
6.694
7.502
10.126
-0.623
8.487
8.531
10.353
5.979
6.686
-0.157
5.155
6.947
6.051
6.431
4.106
4.697
6.196
6.622
4.544
8.666
5.268
5.364
4.112
6.679
6.167
2.278
5.712
3.047
5.106
7.029
2.727
7.348
3.604
0.521
3.831
6.845
5.157
5.885
2.732
8.396
