-12.986
-14.770
-8.393
-13.918
-10.412
-12.297
-10.675
-14.201
-10.179
-15.658
-9.923
-12.126
-13.340
-13.673
-10.637
-16.956
-9.941
-10.699
-7.972
-12.297
-13.346
-10.543
-8.257
-8.760
-13.214
-11.309
-9.920
-11.091
-5.940
-10.563
-11.373
-11.656
-10.888
-9.099
-12.320
-11.033
-9.791
-10.837
-9.033
-13.422
-7.450
-4.238
-5.301
-10.855
-7.727
-7.708
-4.838
-6.810
-5.410
-9.858
-8.795
-5.962
-10.730
-8.371
-8.841
-11.341
-6.815
-10.160
-6.162
-8.602
-3.755
-9.269
-7.477
-8.188
-4.525
-9.219
-6.989
-10.217
-4.765
-9.477
-1.812
-6.579
-2.305
-6.872
-2.319
-7.899
-6.232
-8.188
-5.526
-5.192
-5.219
-12.423
-7.237
-4.835
-2.852
-13.126
-5.833
-2.777
-3.788
-13.332
-9.985
-3.834
-6.507
-10.481
-7.119
-5.843
-6.235
-13.027
-7.963
-2.932
-5.197
-11.000
-4.219
-2.215
-4.409
-7.644
-5.722
-4.811
-5.656
-10.872
-6.597
-0.884
-5.509
-12.424
-9.110
-3.258
-4.358
-12.625
-7.752
-2.965
-2.199
-10.987
-6.131
-5.412
-1.301
-10.247
-8.089
-6.047
-1.556
-11.799
-8.045
-6.102
-1.090
-7.329
-6.818
-6.172
-1.617
-9.088
-7.172
-6.891
-1.239
-9.808
-7.470
-5.334
-0.971
-8.557
-9.002
-6.735
-2.253
-10.850
-9.934
-6.347
-4.625
-8.480
-8.137
-4.118
-3.168
-6.493
-5.292
-4.640
-2.108
-7.831
-3.635
-4.550
-2.106
-10.102
-5.650
-4.035
-0.147
-10.248
-6.296
-4.122
-0.053
-9.611
-6.804
-3.403
0.259
-12.178
-6.510
-4.060
-3.233
-9.047
-6.684
-2.671
-0.804
-7.803
-5.445
-2.942
-2.956
-9.720
-4.830
-3.480
-2.147
-7.557
-6.785
-4.074
-1.582
-9.422
-4.566
-4.710
-3.727
-4.160
-2.340
-3.974
-4.629
-9.311
-3.593
-2.143
-5.331
-10.234
-4.455
-3.798
-5.033
-9.084
-6.312
-2.632
-5.534
-11.119
-4.621
0.096
-6.150
-7.173
-5.860
-2.161
-4.176
-12.145
-5.128
-1.143
-2.727
-9.993
-5.295
0.751
-3.684
-10.049
-6.669
-2.543
-5.671
-8.938
-5.501
-3.561
-4.341
-1.734
-3.849
-7.831
-4.286
-3.387
-4.858
-4.874
-3.015
0.356
-3.430
-2.921
-4.618
-2.432
-3.520
-4.648
-3.231
-5.092
-3.537
-3.775
-3.224
-0.751
-3.263
-5.953
-3.132
-4.112
-5.204
-3.323
-3.169
-3.869
-3.658
-3.593
-1.894
-1.009
-3.589
-5.754
-5.203
-3.729
-4.640
-6.482
-6.077
-4.808
-0.852
-3.084
-3.341
-3.559
-1.101
-5.119
-5.217
-4.330
-2.159
-4.940
-4.802
-4.308
-0.107
-3.053
-2.729
-5.544
-2.545
-0.129
-5.441
-4.379
-2.382
-3.048
-4.785
-3.772
-2.948
-4.603
-2.634
-3.927
-0.912
-5.174
-1.723
-4.709
-3.622
-3.212
-2.479
-3.730
-2.663
-1.444
-3.908
-4.058
-3.318
-3.838
-4.907
-2.876
-2.601
-2.861
-3.482
-3.508
-7.555
-2.987
-4.038
-6.888
-3.995
-3.856
-3.521
-7.335
-5.024
-4.595
-4.933
-6.852
-5.294
-5.669
-5.085
-7.333
-2.526
-3.904
-3.526
-4.949
-5.204
-1.431
-3.430
-5.325
-2.574
-2.902
-5.020
-5.095
-5.382
-1.744
-1.001
-0.286
-4.291
-5.024
-1.488
-0.436
-4.980
-3.700
-1.454
-0.515
-7.112
-6.859
0.537
-1.471
-6.566
-5.781
-1.245
0.146
-5.225
-1.548
-3.911
0.832
-4.877
-4.318
-3.172
-4.832
-5.584
-7.579
-0.815
-1.102
-6.749
-3.560
-0.372
-2.026
-5.123
-4.783
-2.052
-3.218
-7.093
-5.014
-8.873
-6.574
-9.668
-7.598
-8.105
-10.378
-6.471
-7.919
-7.764
-5.816
-8.269
-11.177
-6.794
-8.821
-11.129
-7.564
-8.606
-11.454
-7.025
-6.957
-9.267
-10.368
-7.911
-10.547
-8.032
-5.099
-11.498
-5.226
-6.211
-12.443
-6.839
-5.038
-6.810
0.014
-7.408
-10.111
-4.560
-5.285
-7.690
-1.523
-4.374
-7.780
-5.965
-10.910
-8.466
-2.827
-7.439
-10.391
-5.086
-5.086
-8.431
-5.529
-8.497
-8.989
-4.916
-6.068
-8.641
-3.766
-5.196
-10.049
-1.047
-9.205
-13.561
-1.321
-4.772
-9.874
-1.347
-4.123
-6.250
-1.620
-1.553
-8.018
-6.082
-6.965
-8.093
-3.161
-3.439
-6.276
-5.221
-6.594
-6.123
-5.873
-6.487
-7.139
-2.957
-2.097
-8.715
-3.312
-5.357
-8.103
-1.880
-1.847
-5.289
-1.026
-2.392
-6.798
-0.849
-3.160
-7.295
0.795
-0.639
-6.850
-0.139
-3.772
-3.243
-3.327
-1.005
-8.176
-1.527
-1.917
-7.184
0.134
-1.956
-4.420
-0.129
-1.265
-4.712
0.266
-3.516
-7.723
-3.533
-3.573
-3.227
-6.055
-4.640
-6.993
-5.448
-6.275
-5.556
-2.302
-4.122
-5.303
-5.294
-5.749
-6.501
-1.200
-4.282
-6.790
-2.142
-5.505
-4.636
-2.772
-3.666
-5.370
-2.977
-5.092
-6.493
-3.904
-5.373
-5.107
-0.940
-4.232
-6.964
-0.276
-3.141
-5.353
1.104
-1.917
-4.084
-2.536
-3.327
-6.280
-2.034
-2.707
-0.611
-0.330
-0.232
-5.686
-1.077
-0.671
-5.346
-2.100
-1.224
-2.194
-0.277
-3.175
-4.849
-1.688
-1.645
-5.701
-10.227
-10.297
-7.686
-11.099
-4.935
-6.676
-7.468
-4.839
-10.904
-11.446
-9.490
-10.958
-7.213
-8.718
-7.287
-8.483
-8.434
-5.973
-9.214
-8.569
-7.894
-14.252
-6.726
-13.717
-7.130
-10.238
-10.832
-7.703
-12.093
-9.755
-6.108
-12.429
-6.562
-13.133
-6.122
-8.617
-3.980
-5.210
-7.077
-10.839
-6.418
-7.428
-6.566
-12.713
-8.466
-7.913
-8.850
-6.970
-8.001
-10.581
-10.050
-10.139
-6.554
-6.753
-6.164
-10.323
-10.424
-6.425
-9.206
-6.874
-8.867
-8.855
-9.517
-6.704
-3.351
-11.668
-11.242
-7.425
-9.808
-7.632
-11.315
-9.662
-8.564
-9.192
-4.508
-7.954
-7.051
-6.091
-8.231
-5.227
-10.195
-10.222
-7.646
-7.596
-4.605
-6.251
-7.528
-7.317
-4.205
-6.164
-8.230
-9.910
-6.248
-9.534
-5.381
-10.898
-9.739
-6.540
-8.521
-7.517
-9.050
-10.663
-9.391
-13.420
-8.115
-10.857
-10.272
-7.323
-11.834
-5.505
-11.289
-12.297
-8.695
-13.215
-3.587
-9.570
-9.960
-8.319
-15.014
-8.676
-4.216
-13.596
-4.039
-15.244
-3.270
-9.598
-10.377
-5.750
-13.372
-4.886
-7.130
-12.680
-7.268
-15.333
-8.344
-9.195
-10.626
-6.762
-12.764
-6.401
-8.852
-10.547
-5.429
-12.083
-8.778
-10.195
-10.020
-4.723
-16.958
-8.342
-10.800
-7.948
-10.470
-8.255
-7.777
-9.659
-6.677
-7.623
-8.598
-4.114
-9.003
-3.865
-6.938
-8.018
-7.193
-10.795
-12.801
-6.357
-9.750
-7.408
-7.383
-9.016
-7.658
-10.440
-8.396
-4.900
-9.533
-7.632
-7.744
-7.836
-8.810
-10.910
-5.591
-10.987
-8.219
-9.198
-7.896
-7.233
-10.396
-5.307
-10.945
-8.006
-5.311
-12.932
-5.902
-10.869
-7.985
-8.060
-12.249
-4.934
-5.973
-11.800
-9.038
-9.013
-9.904
-2.620
-10.205
-5.744
-5.999
-9.111
-5.140
-8.255
-4.066
-6.522
-8.642
-4.878
-8.215
-7.251
-11.489
-7.519
-5.889
-8.770
-1.951
-6.807
-11.161
-5.668
-8.894
-7.640
-8.698
-9.176
-6.038
-3.522
-2.309
-12.754
-12.693
-7.404
-10.947
-8.062
-5.456
-8.124
-8.046
-9.498
-8.898
-10.656
-10.590
-6.654
-10.054
-7.740
-9.136
-10.792
-4.473
2.623
-8.200
0.301
-6.002
-4.681
-0.851
-9.038
-4.292
-8.308
-4.351
0.656
-8.687
-2.532
-4.474
-4.286
-1.186
-10.997
-1.135
-7.340
-8.349
-1.814
-9.448
-3.670
-8.020
-3.121
-1.501
-6.393
-3.405
-6.289
-3.300
-2.603
-6.311
-0.875
-9.042
-6.678
-3.397
-4.806
-4.989
-6.099
-1.692
-2.531
-6.817
-2.703
-7.543
-7.033
-4.759
-8.148
-2.643
-7.110
-7.483
-11.464
-7.863
-2.656
-8.455
-8.750
-10.411
-9.185
-3.221
-6.340
-6.731
-10.453
-7.336
-8.352
-10.286
-7.150
-11.010
-7.395
-5.684
-7.905
-9.749
-12.033
-9.082
-4.891
-8.851
-4.624
-14.069
-7.624
-5.917
-9.741
-7.206
-11.341
-9.737
-5.655
-7.469
-4.946
-10.781
-8.424
-4.620
-9.156
-4.671
-13.036
-8.379
-2.966
-7.029
-7.019
-12.417
-8.038
-5.019
-11.462
-5.810
-6.033
-7.397
-9.610
-12.245
-3.346
-6.588
-10.879
-8.916
-11.940
-2.147
-6.428
-10.653
-7.362
-10.149
-4.975
-7.128
-11.252
-7.345
-10.471
-2.938
-5.140
-9.936
-6.530
-12.171
-0.343
-6.843
-7.196
-5.295
-10.497
-3.232
-7.020
-8.276
-5.976
-9.375
-5.028
-5.111
-9.043
-5.551
-11.674
-2.608
-9.158
-8.483
-10.667
-9.573
-2.300
-5.518
-8.042
-4.106
-11.263
-8.296
-3.842
-4.920
-7.464
0.053
-8.908
-5.891
-7.030
-11.040
-5.871
-6.420
-3.984
-5.899
-9.773
-6.640
-6.024
-5.605
-7.958
-9.732
-7.713
-5.349
-5.093
-6.058
-5.311
-5.365
-3.797
-2.321
-9.383
-5.437
-7.123
-4.267
-4.299
-5.808
-4.236
-4.604
-6.024
-2.223
-11.790
-8.830
-5.934
-6.215
-5.809
-9.928
-8.249
-8.979
-6.897
-7.273
-7.952
-8.721
-5.476
-7.280
-0.231
-5.735
-8.089
-9.106
-4.415
-6.280
-5.198
-6.614
-9.800
-4.573
-3.160
-3.331
-6.925
-5.548
-3.250
-2.763
-4.279
-7.561
-8.883
-4.834
-3.852
-4.878
-7.907
-10.964
-6.433
-1.659
-4.779
-9.924
-8.328
-4.835
-5.530
-4.660
-6.780
-7.891
-4.991
0.272
-5.232
-5.112
-9.422
-5.598
0.034
-5.112
-4.639
-10.022
-7.251
-3.459
-2.572
-8.067
-9.526
-13.705
-10.264
-8.796
-8.085
-12.902
-10.721
-8.239
-13.320
-8.139
-9.544
-12.872
-8.724
-16.255
-10.715
-8.660
-8.559
-11.437
-9.067
-16.207
-7.661
-10.021
-13.629
-8.497
-15.978
-15.035
-10.421
-12.294
-7.199
-11.321
-11.556
-13.496
-8.238
-10.132
-13.259
-9.095
-9.864
-14.142
-10.046
-7.167
-13.016
-5.108
-5.484
-13.799
-6.008
-5.033
-12.900
-7.209
-5.864
-14.543
-7.270
-8.000
-14.257
-10.141
-9.970
-14.504
-7.820
-9.538
-13.282
-7.784
-5.556
-7.528
-12.404
-8.229
-11.463
-12.901
-8.560
-9.524
-13.998
-7.146
-8.451
-11.397
-5.192
-12.643
-11.746
-10.093
-9.347
-14.655
-8.486
-10.928
-11.340
-7.140
-10.365
-11.024
-10.198
-11.508
-9.338
-9.998
-9.978
-11.646
-6.042
-5.024
-1.847
-9.187
-5.535
-6.139
-13.117
-4.714
-3.695
-8.345
-3.314
-7.477
-9.720
-3.793
-4.267
-12.705
-1.737
-5.242
-10.557
-3.567
-2.950
-9.276
-4.217
-3.528
-9.102
-3.459
-3.920
-12.121
-2.840
-5.644
-7.259
-7.968
-7.385
-6.064
-6.272
-5.733
-5.971
-4.501
-7.296
-9.129
-4.856
-6.987
-7.248
-7.875
-5.999
-4.718
-3.731
-10.096
-6.783
-6.416
-6.377
-4.463
-4.637
-4.006
-3.905
-5.890
-7.809
-6.241
-7.689
-5.110
-5.001
-5.253
-2.968
-5.718
-4.632
-4.850
-6.964
-2.586
-2.393
-6.587
-3.066
-3.687
-3.723
-4.619
-2.936
-9.565
-4.865
-3.072
-8.476
-4.259
-2.297
-6.301
-3.836
-3.449
-5.781
-6.165
-3.950
-6.005
-3.209
-1.210
-6.986
