-10.355
-7.275
-8.299
-9.443
-8.101
-7.317
-12.372
-6.360
-6.296
-5.983
-5.298
-9.415
-8.821
-11.472
-4.705
-7.373
-9.829
-12.404
-6.722
-5.856
-1.565
-2.431
-4.507
-6.025
-3.692
-5.655
-5.357
-0.761
-4.309
-6.324
-0.888
-5.439
-5.260
-4.561
-0.417
-5.009
-4.690
-0.329
-2.482
-1.611
-5.126
-1.241
-5.068
-6.816
-1.369
-4.553
-5.342
-0.032
-3.536
-5.579
0.838
-6.094
-7.643
-0.734
-4.142
-4.072
0.578
-6.195
-4.281
-0.655
-3.160
-4.275
0.052
-4.633
-4.230
-3.829
-5.859
-5.688
-3.031
-6.387
-1.977
-6.800
-7.963
-1.978
-6.198
-5.966
-5.083
-8.105
-6.254
-1.868
-9.409
-3.544
-5.920
-7.556
-3.449
-5.440
-4.292
-5.005
-6.057
-11.934
-4.111
-2.412
-5.673
-4.644
-2.761
-4.736
-4.634
-4.228
-4.468
-4.363
-9.828
-7.100
-3.936
-9.778
-6.623
-4.662
-10.806
-5.836
-5.412
-12.605
-7.046
-5.400
-9.111
-5.640
-6.466
-10.981
-7.934
-6.560
-10.260
-4.179
-4.212
-10.122
-3.815
-4.088
-12.009
-4.896
-5.085
-11.621
-5.017
-6.391
-5.020
-14.627
-8.249
-3.200
-9.196
-3.562
-6.609
-13.062
-7.938
-5.681
-10.467
-4.578
-6.688
-10.530
-6.134
-7.870
-14.555
-9.078
-5.258
-12.407
-5.256
-4.795
-10.851
-8.197
-7.160
-12.499
-6.877
-6.237
-12.282
-8.338
-1.807
-6.183
-0.828
-2.670
-6.609
-0.139
-1.173
-3.423
-3.097
-1.230
-8.064
-3.919
-3.581
-4.325
-1.307
-3.345
-3.597
-1.956
-2.112
-5.870
-0.836
-5.152
-5.971
-2.289
-5.580
-6.521
-3.142
-4.100
-6.533
-3.628
-5.264
-7.014
-3.562
-4.494
-6.064
0.459
-4.744
-7.096
-1.010
-3.270
-3.474
0.255
-7.229
-6.765
-1.583
-6.139
-6.187
-2.850
-6.491
-6.867
-0.945
-5.551
-6.338
-4.245
-6.332
-6.360
-3.882
-5.032
-4.371
1.508
-4.342
-7.911
-5.866
-2.605
-5.068
-3.594
-2.362
-7.421
-2.934
-2.846
-5.409
-4.076
-2.272
-5.374
-5.329
-2.026
-6.629
-4.482
-2.818
-6.591
-5.432
-2.118
-5.441
-2.544
-3.180
-6.324
-3.494
-6.001
-6.391
-5.032
-1.453
-4.627
-5.297
0.260
-1.807
-1.451
-2.139
-5.269
-5.332
-1.736
-5.745
-6.309
-1.612
-3.393
-4.624
-0.482
-5.557
-4.470
-1.143
-2.573
-5.668
-0.451
-4.209
-4.906
-0.587
-5.929
-6.227
-2.368
-4.243
-2.739
-5.212
-7.973
-4.745
-6.973
-4.876
-8.177
-7.140
-7.324
-7.130
-3.809
-4.289
-8.313
-7.796
-5.663
-5.590
-7.575
-2.234
-9.117
-5.108
-7.144
-3.488
-7.152
-1.809
-6.479
-2.817
-9.559
-2.109
-6.291
-1.016
-8.279
-2.429
-6.551
-4.860
-8.618
-3.557
-7.921
-7.704
-8.176
-7.051
-9.301
-9.673
-6.559
-7.226
-9.681
-9.447
-5.299
-6.825
-5.091
-9.014
-7.863
-9.699
-5.138
-7.584
-10.409
-7.684
-6.223
-6.613
-9.340
-10.596
-7.380
-3.090
-5.868
-2.092
-2.802
-2.324
-3.626
-2.599
-5.127
-1.351
-6.283
-1.509
-4.492
-4.338
-5.240
-2.407
-4.969
-1.255
-6.828
-3.491
-7.172
-2.413
-3.332
-1.829
-1.804
-3.706
-3.050
-3.262
-0.043
0.205
-1.625
-3.345
-3.374
-4.422
-1.689
-3.931
-1.916
-3.393
-2.259
-2.219
-0.968
-1.526
-9.928
-3.814
-6.614
-7.197
-4.689
-3.702
-6.605
-1.775
-7.637
-3.145
-8.660
-3.970
-7.611
-1.994
-6.234
-4.006
-5.992
-2.045
-10.102
-6.261
-4.812
-10.200
-10.416
-5.916
-6.239
-10.598
-7.865
-8.765
-4.547
-10.412
-8.387
-6.363
-5.984
-8.360
-11.462
-8.184
-4.537
-11.635
-10.219
-5.714
-5.294
-10.962
-11.146
-8.090
-7.478
-14.573
-9.411
-7.021
-4.769
-9.203
-12.916
-9.833
-6.084
-11.154
-14.215
-8.257
-5.392
-11.556
-8.677
-11.111
-13.430
-11.987
-7.215
-3.765
-8.621
-9.213
-9.132
-7.779
-9.092
-8.897
-12.157
-3.669
-10.295
-10.525
-12.753
-4.042
-10.277
-10.022
-10.937
-4.918
-9.115
-6.615
-10.866
-6.658
-9.046
-11.347
-12.464
-7.578
-10.184
-4.233
-13.033
-3.068
-11.193
-10.233
-11.671
-7.625
-6.942
-11.058
-10.391
-7.158
-6.408
-6.747
-8.229
-5.298
-12.908
-5.855
-1.290
-7.778
-13.784
-6.130
-8.615
-8.330
-9.772
-5.571
-6.721
-8.872
-10.905
-6.916
-7.328
-4.929
-11.890
-8.186
-8.936
-8.172
-10.668
-8.710
-4.586
-4.486
-9.447
-7.939
-5.875
-8.336
-13.907
-7.665
-5.058
-10.776
-9.771
-7.700
-9.006
-8.994
-0.504
-9.457
-8.393
-10.699
-2.997
-3.925
-7.132
-11.767
-4.000
-4.822
-7.747
-9.271
-3.417
-5.603
-8.532
-9.924
-3.046
-3.764
-6.591
-10.711
-2.371
-7.037
-6.161
-12.605
-2.161
-5.843
-5.204
-10.445
-2.525
-7.557
-8.628
-9.334
-2.016
-4.983
-5.769
-8.610
-4.410
-7.639
-8.204
-4.372
-7.073
-7.034
-5.018
-6.405
-6.970
-4.665
-4.277
-3.857
-7.992
-6.606
-3.291
-2.759
-8.386
-2.692
-4.284
-2.351
-8.686
-4.552
-5.232
-3.970
-7.553
-4.175
-5.211
-4.167
-7.317
-4.546
-4.557
-4.775
-15.227
-4.447
-5.825
-3.197
-8.952
-5.819
-9.118
-4.172
-9.404
-5.067
-6.145
-4.845
-8.797
-8.238
-7.907
-6.289
-10.657
-10.376
-11.962
-7.683
-8.268
-9.209
-8.917
-0.946
-11.098
-8.604
-8.848
-4.965
-7.785
-7.442
-9.249
-6.924
-8.438
-8.693
-8.954
-8.495
-9.083
-11.047
-7.751
-5.827
-10.413
-7.567
-10.997
-5.049
-9.495
-8.494
-10.262
-7.339
-8.702
-6.182
-11.826
-6.551
-10.461
-5.273
-10.343
-5.636
-9.399
-5.299
-7.295
-7.473
-9.890
-4.654
-8.769
-5.215
-10.139
-5.167
-11.217
-8.557
-11.457
-7.277
-7.281
-5.917
-9.517
-2.950
-7.174
-7.021
-6.890
-4.642
-7.152
-6.621
-7.920
-5.831
-10.487
-10.881
-9.162
-8.935
-7.288
-8.019
-11.434
-2.401
-6.662
-8.858
-9.472
-8.126
-6.374
-9.287
-6.233
-7.215
-8.157
-8.375
-7.848
-7.446
-5.484
-9.046
-4.770
-10.867
-6.115
-7.887
-7.774
-7.932
-4.644
-8.295
-8.539
-7.047
-7.105
-7.945
-7.745
-8.314
-5.801
-9.985
-6.338
-9.687
-6.719
-8.986
-6.303
-7.522
-5.795
-7.391
-10.808
-7.574
-6.603
-5.856
-8.096
-2.774
-12.872
-7.322
-4.216
-7.317
-12.313
-8.655
-7.153
-2.804
-11.954
-10.842
-7.811
-6.332
-11.823
-9.704
-6.235
-6.025
-12.153
-9.161
-3.542
-3.610
-9.227
-10.627
-9.450
-4.432
-13.632
-10.238
-7.689
-2.782
-11.680
-9.419
-6.081
-3.502
-12.451
-10.167
-6.307
-6.360
-7.770
-2.639
-9.025
-6.570
-9.041
-3.064
-7.211
-10.052
-10.594
-4.344
-8.421
-9.077
-8.062
-5.729
-6.619
-10.906
-11.012
-3.789
-7.030
-10.017
-8.212
-4.558
-7.797
-10.563
-5.783
-3.076
-4.200
-9.825
-6.376
-6.889
-7.276
-10.236
-8.925
-3.072
-10.765
-8.165
-10.209
-3.594
-8.670
-8.652
-10.125
-10.033
-8.289
-10.686
-9.456
-8.689
-6.654
-11.420
-8.323
-9.853
-8.538
-10.900
-9.225
-9.588
-8.142
-11.598
-7.931
-12.079
-8.169
-13.980
-8.362
-10.477
-5.956
-8.660
-6.784
-9.863
-4.492
-12.853
-2.534
-7.253
-7.001
-11.568
-5.013
-12.457
-4.617
-8.708
-3.865
-12.155
-4.588
-10.703
-3.797
-7.441
-3.278
-6.508
-3.067
-7.447
-7.935
-7.458
-6.361
-4.913
-4.642
-4.958
-3.717
-7.977
-5.553
-10.384
-4.508
-7.465
-6.349
-8.249
-8.394
-8.011
-7.352
-8.812
-6.998
-8.910
-5.351
-6.444
-6.733
-7.521
-5.130
-6.954
-5.202
-5.230
-6.312
-5.981
-6.276
-6.398
-7.885
-5.605
-4.709
-7.532
-6.990
-8.879
-6.609
-7.474
-4.411
-6.709
-4.823
-4.550
-5.480
-5.987
-7.097
-6.122
-3.107
-6.063
-3.049
-8.363
-4.108
-6.708
-6.253
-5.873
-6.134
-5.518
-5.694
-3.114
-6.705
-2.619
-7.366
-6.035
-9.270
-5.656
-6.720
-2.281
-9.778
-6.536
-6.611
-2.170
-7.784
-3.565
-7.218
