-7.899
-4.922
-5.074
-6.249
-6.358
-6.579
-7.063
-7.192
-7.142
-7.223
-9.783
-7.752
-7.981
-8.285
-8.381
-7.195
-8.141
-4.839
-4.493
-4.400
-6.170
-7.304
-9.333
-4.961
-10.259
-6.390
-8.563
-6.592
-4.464
-5.703
-13.001
-6.807
-5.505
-2.022
-11.577
-7.573
-5.613
-5.265
-7.033
-6.115
-3.066
-1.455
-0.261
-7.232
-3.718
-6.262
-2.056
-6.097
-4.014
-5.816
-4.652
-4.920
-7.120
-5.262
-6.402
-8.732
-3.799
-6.134
-4.956
-9.469
-1.771
-6.594
-1.414
-6.208
-1.304
-6.029
-3.175
-6.309
-0.887
-4.988
0.613
-3.360
-0.347
-3.284
-0.776
-5.637
-1.807
-7.088
1.103
0.108
-2.809
-9.391
-6.834
-4.083
1.051
-7.205
-1.954
-3.543
0.103
-8.159
-7.066
-6.202
0.121
-8.214
-6.510
-8.866
-1.885
-7.624
-4.812
-7.275
1.036
-9.136
-1.437
-6.551
1.098
-8.792
-3.855
-5.657
-3.492
-12.624
-10.440
-4.110
-0.622
-9.983
-6.116
-7.246
-1.223
-8.579
-2.489
-4.645
1.682
-7.511
-4.936
-5.589
3.650
-8.600
-4.131
-10.955
3.729
-8.860
-3.991
-9.920
2.296
-8.645
-5.054
-7.466
3.793
-6.205
-2.458
-7.845
4.255
-6.160
-0.736
-6.976
4.152
-10.093
-6.640
-10.553
2.092
-11.776
-9.486
-8.118
-1.695
-7.983
-7.156
-7.989
3.023
-7.749
0.149
-6.785
4.173
-6.804
-4.271
-7.464
4.919
-4.825
-0.451
-4.825
5.140
-7.770
-1.768
-9.011
5.731
-7.099
-4.512
-7.701
3.632
-7.316
-6.462
-5.801
4.484
-4.668
-2.604
-6.546
5.016
-3.631
-1.675
-6.105
-0.094
-6.389
-7.064
-4.715
4.312
-5.871
-5.463
-5.826
3.917
-4.922
-2.511
-9.994
-3.058
-0.154
-2.104
-0.185
-6.950
-5.318
-6.181
-1.143
-5.777
-1.900
-3.600
-3.074
-5.265
-3.892
-8.504
-0.415
-2.869
-4.097
-3.450
3.984
-3.968
-1.480
-3.673
0.846
-4.084
-6.057
-6.301
1.604
-5.949
-5.265
-5.629
0.894
-1.230
-3.335
-4.273
-0.504
-6.343
-4.476
-4.981
-0.817
-5.756
-5.321
-7.684
-9.008
-2.395
-3.056
-5.383
-3.896
-0.700
-2.008
-7.380
-4.426
0.825
2.313
-1.393
-0.885
-4.372
-6.497
-5.203
-4.142
-1.237
-1.864
-6.929
-4.224
-2.335
-1.872
-5.131
-4.240
-2.254
-3.211
-6.998
-5.172
-6.308
-5.529
-6.479
-8.751
-1.918
-2.549
-3.868
-3.866
-6.104
-6.850
0.453
-0.730
-0.021
-2.165
2.425
-0.739
-3.248
-1.962
0.145
-4.074
-1.858
-5.278
2.355
1.099
-1.982
-3.700
0.946
-0.081
-3.812
-5.758
1.279
-0.679
-2.521
-4.070
-3.405
-1.886
-5.766
-5.797
-0.530
-2.415
-6.528
-7.722
-2.171
-4.766
-2.792
-2.730
-2.075
-0.606
-3.596
-6.840
-3.496
-1.137
-1.921
-3.932
-1.910
0.784
-1.739
-3.221
-3.307
-1.487
-3.069
-6.558
-5.194
-2.399
-4.688
-6.973
-4.891
-1.498
-4.280
-7.428
-4.031
-2.548
-4.149
-3.747
-1.005
0.865
-2.921
-7.418
-3.457
-1.401
-4.475
-5.768
-3.419
-2.035
-8.460
-8.323
-4.987
-2.888
5.240
0.450
-0.222
0.288
6.426
3.148
-2.329
-0.985
5.308
-0.188
-4.090
-2.146
2.577
-4.210
-5.047
-2.256
5.023
2.913
-0.202
3.276
4.262
1.502
-1.323
-1.238
2.179
-1.332
-3.197
-0.359
2.364
0.486
-3.833
-4.583
4.156
1.803
-3.482
-0.438
-1.505
-2.649
-8.994
-7.316
-5.395
-7.024
-9.362
-3.614
-8.479
-8.834
-5.573
-8.446
-9.840
-3.907
-6.790
-10.802
-5.297
-10.042
-9.087
-6.537
-10.356
-10.440
-2.354
-6.321
-7.966
-4.907
-7.776
-7.387
-5.001
-9.028
-8.244
-3.407
-10.072
-11.978
1.558
-2.490
-7.756
5.165
-0.027
-10.600
2.513
-2.648
-7.808
4.953
-1.518
-9.664
-0.671
-5.997
-9.323
2.704
-1.546
-7.089
2.146
-3.391
-7.020
2.674
-3.484
-8.884
3.042
-1.039
-12.133
4.905
0.997
-10.274
6.004
-1.505
-9.295
2.670
-5.325
-8.295
3.255
-4.178
-9.490
5.242
-1.452
-7.655
2.390
-5.047
-9.631
5.329
1.309
-6.603
1.258
-6.380
-10.529
-3.001
-6.284
-2.537
4.863
-0.977
-9.497
5.956
-0.817
-6.698
5.486
-2.881
-2.701
5.229
0.395
-1.021
6.226
-3.118
1.108
6.045
-0.818
-1.417
4.752
-1.076
1.521
2.531
-3.226
-3.835
5.900
-2.211
-4.545
5.824
-4.829
-0.391
6.216
0.416
-0.497
7.045
-2.020
-0.506
-4.073
-7.185
5.585
-2.847
-8.127
4.852
-4.471
-7.388
5.705
0.648
-6.019
5.686
-2.624
-7.708
4.863
-1.352
-9.663
3.359
-0.704
-9.599
3.410
-0.113
-8.432
3.921
-2.267
-5.320
5.243
-4.218
-4.773
4.130
4.665
-1.033
-0.658
6.789
-2.030
-0.922
6.796
-2.640
1.493
5.048
-2.803
-1.535
5.303
0.012
-0.877
2.742
-2.985
-3.112
4.841
0.984
1.176
3.271
1.091
2.203
4.109
-1.887
0.271
1.959
-0.011
0.458
-5.360
-2.393
-7.164
-6.935
-3.170
-6.812
-2.356
-5.691
-8.643
-6.296
-8.352
-4.163
-5.576
-6.449
-5.116
-6.515
-2.867
-6.322
-5.775
-3.480
-5.485
-3.678
-7.157
-7.492
-2.806
-9.220
-3.854
-6.969
-6.940
-4.311
-4.166
-0.904
-5.946
-7.805
-1.092
-3.118
1.232
-2.902
-5.154
-1.191
-4.402
-3.222
-7.012
-9.106
-2.776
-6.883
-2.621
-6.135
-4.964
-3.568
-5.523
-1.184
-4.812
-2.534
-5.673
-8.207
-1.778
-7.394
-4.299
-7.493
-6.824
-1.014
-8.418
-3.190
-5.415
-7.447
-0.204
-5.821
-3.791
-5.566
-6.163
-1.783
-7.357
-4.217
-7.486
-7.980
-2.493
-7.375
-4.915
-9.558
-7.399
0.349
-6.338
-3.777
-5.053
-6.156
-0.429
-7.051
-2.036
-6.938
-6.838
-3.434
-5.769
-3.267
-7.787
-10.899
-3.922
-6.246
-5.848
-10.196
-6.377
-1.576
-2.824
-6.211
2.341
-5.526
-3.594
-7.172
-9.725
4.047
-6.748
-8.319
-8.272
-8.810
1.687
-8.258
-6.643
-7.261
-11.440
3.371
-3.283
-5.528
-5.375
-8.547
4.992
-6.603
-5.231
-5.926
-9.165
5.170
-6.123
-2.231
-5.071
-5.726
5.689
-8.121
-4.354
-6.063
-9.574
3.039
-5.755
-4.057
-4.621
-6.809
4.666
-9.365
-7.207
-4.928
-9.367
2.048
-6.535
5.664
-6.322
-2.980
-3.325
-6.599
6.755
-3.268
-2.735
-3.656
-5.387
6.150
-4.848
-1.332
-3.750
-7.880
4.212
-4.584
-4.703
-0.968
-3.423
3.548
-4.264
-4.833
-2.466
-3.632
5.783
-4.323
-2.412
-2.399
-5.481
0.770
-5.494
-9.174
-5.630
-6.221
6.764
-5.226
-3.648
-2.367
-5.679
4.604
-4.139
-6.222
-5.203
-3.204
7.009
-3.389
-2.148
-1.236
-5.846
-7.824
-6.753
-6.209
-8.434
-6.140
-7.196
-6.421
-6.488
-10.718
-4.021
-0.799
-4.780
-1.835
-6.367
-5.952
-5.412
-8.413
-8.786
-9.562
-2.836
-1.575
-1.242
-2.789
-7.040
-5.879
-1.609
-5.844
-5.092
-6.070
-5.232
0.143
-2.787
-4.983
-4.870
-5.039
-3.499
-7.263
-5.213
-7.947
-7.819
-6.598
-6.708
-7.142
-10.250
-5.554
-4.561
-6.730
-5.717
-9.903
0.243
6.361
-5.911
1.910
-6.174
2.010
4.424
-8.295
-2.582
-7.704
1.047
6.029
-4.997
-1.022
-6.080
-2.132
2.346
-8.218
-0.517
-7.626
-2.763
3.638
-8.448
1.738
-4.049
1.562
5.738
-7.175
0.108
-7.833
2.723
5.484
-7.415
-0.227
-6.697
-3.432
4.909
-2.911
-1.137
-4.502
2.610
4.124
-7.360
-1.502
-6.237
0.353
5.806
-6.126
0.733
-1.254
-8.705
-6.325
-12.101
-0.297
-3.671
-7.642
-6.490
-9.342
-1.875
-3.939
-8.881
-5.198
-10.701
-3.843
-2.186
-8.962
-9.267
-12.294
-3.835
-3.766
-8.678
-4.068
-11.238
-0.409
-4.789
-6.700
-7.593
-10.516
-3.550
-4.137
-7.713
-4.960
-9.340
-4.060
-2.575
-5.538
-4.227
-8.491
2.005
-5.655
-7.245
-6.733
-10.035
-3.176
-3.767
-8.893
-9.434
-13.145
-5.173
-10.868
-1.019
-0.927
-6.819
-7.045
-10.682
1.335
-0.055
-7.998
-5.112
-10.954
-0.171
-2.048
-9.085
-6.175
-9.845
-0.837
-0.401
-9.698
-7.262
-9.653
1.389
0.527
-12.019
-5.360
-10.813
-0.248
-3.585
-8.207
-5.413
-11.901
0.053
2.422
-4.053
-4.892
-5.949
-1.732
0.879
-8.056
-5.396
-9.790
-2.636
-2.102
-9.829
-6.964
-10.698
-1.355
1.617
-6.827
-5.624
-8.392
-6.074
1.363
-5.727
-5.517
-2.377
-1.246
4.172
-8.595
-5.926
-7.782
-4.303
3.596
-8.398
-5.924
-3.989
-2.427
3.872
-6.963
-5.488
-7.783
-1.005
2.477
-5.741
-2.817
-2.823
-0.764
4.781
-7.640
-4.331
-4.698
-3.085
4.253
-6.620
-4.710
-4.681
0.120
2.131
-10.009
-5.181
-7.503
-3.726
-0.113
-11.126
-6.366
-6.720
-3.601
1.897
-10.631
-5.165
-7.925
-3.133
5.882
-0.034
-5.982
-8.846
-1.628
5.329
0.199
-5.869
-5.936
-1.628
5.837
-0.027
-6.773
-7.568
-2.065
5.114
2.214
-5.459
-5.736
-1.551
4.235
-2.030
-5.364
-9.516
0.547
3.482
-2.855
-6.869
-8.843
-0.089
2.740
-4.044
-4.708
-6.718
-1.212
6.614
-3.588
-5.207
-9.209
-3.628
4.345
-3.290
-5.626
-9.082
-6.147
3.362
-1.869
-7.439
-8.970
-5.212
-7.287
-5.077
-4.886
-9.659
-8.811
-2.214
-9.533
-6.818
-3.378
-10.132
-5.515
-9.425
-8.719
-6.492
-6.562
-7.676
-6.552
-8.290
-5.674
-4.860
-6.308
-5.263
-6.316
-8.052
-7.095
-5.944
-5.027
-6.652
-6.548
-12.949
-6.926
-4.849
-14.946
-7.926
-8.579
-12.813
-7.042
-4.726
-12.553
-6.264
-4.761
-13.176
-8.198
-5.374
-12.045
-7.061
-5.357
-13.531
-8.969
-3.753
-14.610
-9.658
-6.992
-14.780
-5.962
-6.575
-11.880
-4.562
-2.349
-7.720
-11.454
-3.762
-6.991
-12.647
-6.584
-6.763
-9.550
-4.169
-4.526
-8.606
-3.430
-7.561
-6.126
-4.874
-3.592
-10.254
-4.949
-5.684
-11.182
-5.275
-6.780
-8.954
-5.087
-6.703
-11.292
-7.729
-7.028
-10.791
-6.432
-1.652
-3.561
-9.832
-2.158
-3.452
-8.826
-4.297
-3.601
-9.194
0.575
-4.605
-8.503
-1.916
-3.228
-10.045
-1.165
-1.374
-6.620
-1.955
-1.754
-8.287
-0.538
-2.704
-9.673
-1.849
0.471
-8.006
0.467
-1.890
-7.682
-6.522
-4.782
-6.435
-4.071
-2.798
-6.942
-1.345
-3.655
-7.384
-3.702
-7.167
-8.707
-5.449
-4.209
-5.009
-0.862
-6.135
-7.567
-4.716
-3.934
-3.142
-4.142
-3.765
-3.233
-4.179
-5.124
-6.098
-7.511
-2.242
-6.649
-5.777
-4.071
-6.198
-3.368
-4.080
-5.821
-5.329
-1.766
-6.737
-5.903
-2.361
-7.869
-3.156
-3.574
-8.556
-3.948
-3.473
-8.654
-5.504
1.192
-7.894
-6.032
1.018
-9.015
-6.192
-3.202
-8.096
-1.566
-1.209
-7.712
