-6.034
-5.467
-5.943
-4.843
-3.188
-4.373
-4.340
-4.795
-6.561
-6.707
-6.318
-5.279
-6.942
-5.338
-5.780
-5.443
-7.547
-3.708
-4.696
-3.901
-5.045
-5.391
-6.388
-3.443
-6.912
-4.478
-7.378
-5.861
-5.251
-3.249
-5.924
-5.018
-2.666
-1.388
-5.286
-4.185
-5.582
-2.775
-2.962
-3.678
1.633
-2.743
1.645
-4.767
1.499
-4.787
0.906
-5.610
0.508
-7.822
-2.228
-5.165
0.604
-3.378
1.248
-6.669
1.925
-2.846
0.533
-7.076
1.276
-3.465
0.883
-3.106
3.620
-2.744
2.666
-4.131
2.622
-4.582
4.043
-1.075
3.517
-3.538
2.017
-4.275
2.696
-3.565
1.093
-2.562
2.926
-2.109
4.668
2.755
1.833
-0.170
4.019
1.416
2.769
0.142
5.738
2.983
3.936
0.778
4.049
1.979
1.983
0.232
4.877
4.167
2.982
0.108
4.777
1.963
1.322
-0.813
4.400
1.541
1.920
-2.627
2.741
0.990
2.404
0.737
5.591
3.565
2.783
0.353
6.528
3.754
4.745
0.329
3.629
1.854
3.957
-0.086
2.716
0.145
4.404
-0.006
3.484
-0.505
3.713
0.803
3.960
1.647
3.024
0.044
2.528
-0.237
3.878
-0.615
3.502
0.067
3.233
-0.777
1.661
-1.620
4.290
0.320
3.247
1.466
2.643
0.011
2.357
-0.244
3.038
0.187
3.331
1.019
4.491
-0.857
1.875
-0.557
4.071
0.197
2.396
-0.180
5.353
0.682
3.437
1.030
4.166
-0.640
2.149
-0.098
6.315
-0.029
3.054
0.477
5.263
-0.007
2.699
-0.178
4.562
0.388
2.886
0.140
4.588
-1.273
1.643
-1.287
4.655
-0.369
1.944
0.068
3.138
-0.566
0.836
-3.704
-0.264
1.947
2.558
3.633
0.338
0.402
3.378
5.266
0.490
0.377
3.433
4.741
-0.205
-0.289
2.458
5.061
0.348
-0.165
3.191
4.899
-0.088
0.220
1.974
3.101
-0.153
-3.137
1.081
2.980
-0.106
-0.326
2.349
3.973
-0.519
-1.451
1.125
3.337
0.272
-0.044
2.942
2.828
3.541
6.242
0.576
2.211
3.231
4.062
1.645
3.770
3.589
5.346
0.123
1.866
3.632
4.126
1.575
2.349
3.085
3.896
-0.148
1.459
3.776
5.385
-0.702
1.636
3.445
5.417
1.570
2.879
2.276
2.895
0.082
1.589
2.879
5.598
0.888
2.715
3.054
5.379
1.009
2.914
0.008
-0.641
5.089
2.207
2.126
0.891
5.123
2.832
1.802
1.963
3.834
1.795
2.946
1.128
5.070
3.728
3.064
2.080
4.273
3.577
0.429
0.345
4.828
1.667
3.077
2.778
4.955
4.404
1.832
0.621
5.825
2.305
1.552
0.716
3.576
1.904
3.635
2.742
4.966
3.944
3.442
3.973
0.779
2.364
3.455
3.628
2.072
1.920
3.998
2.363
0.772
1.806
3.478
2.416
-0.283
1.177
0.915
0.952
-0.713
0.391
3.303
3.556
0.807
1.660
4.658
3.604
1.752
3.046
2.428
1.942
0.541
2.031
3.235
2.354
-0.790
1.135
2.460
2.942
0.473
2.139
4.884
3.765
2.289
3.136
4.720
1.595
0.691
3.175
5.399
2.742
1.733
3.478
4.638
1.808
1.517
3.425
3.614
2.689
2.162
3.698
3.375
2.069
1.482
1.977
4.868
0.477
0.124
1.998
3.604
1.370
0.212
2.217
3.983
2.241
0.362
2.506
4.027
1.563
0.584
3.022
2.892
-1.778
-2.907
2.777
-1.920
-2.478
2.838
-0.806
-3.295
3.005
-1.791
-2.165
2.209
-1.750
-2.397
2.201
-4.173
-5.719
3.286
-2.404
-1.052
3.586
-0.566
-0.975
3.159
-1.703
-2.259
3.138
-0.924
-3.701
1.769
2.202
-1.303
2.869
3.075
-2.505
3.087
2.215
-1.394
2.946
3.641
0.050
2.116
1.233
-2.714
2.105
2.745
-1.866
1.611
1.122
-2.019
0.723
-1.447
-4.410
3.785
2.913
-1.844
1.687
1.479
-4.486
2.947
1.811
-0.101
3.238
1.120
1.451
2.510
1.913
0.261
1.938
1.194
-1.506
2.516
-0.964
-2.000
3.541
0.835
-1.211
2.618
-1.080
-0.909
0.484
-1.298
-0.422
3.311
2.198
0.197
2.446
0.053
-1.731
3.105
-1.293
-0.905
3.388
0.112
0.368
2.371
-1.674
-0.013
0.442
-1.109
-1.748
2.568
-0.470
1.207
3.426
0.082
-0.241
2.537
-0.223
-1.419
4.310
1.501
1.760
2.500
0.569
-0.117
3.853
1.166
1.528
-2.688
-2.061
2.644
-0.191
-1.294
2.912
-0.959
-0.779
3.704
-0.863
-3.738
2.104
-1.177
-0.312
3.075
-0.009
-3.391
1.591
-1.293
-1.731
2.883
-1.398
-1.010
-0.051
1.519
0.403
3.832
1.285
1.496
4.587
3.026
0.870
0.205
4.633
2.595
3.122
2.897
-0.082
-0.098
3.052
-0.447
0.101
3.167
1.566
0.439
1.645
-0.031
0.370
4.104
2.930
3.241
2.944
0.769
2.003
2.579
0.390
1.581
1.810
-0.258
-0.405
-6.420
-4.491
-2.272
-8.235
-2.740
-7.047
-4.542
-2.476
-7.700
-4.547
-7.914
-6.786
-3.991
-7.524
-5.120
-6.223
-5.015
-2.566
-8.181
-4.937
-6.222
-6.017
-1.749
-9.250
-4.631
-9.126
-6.960
-4.958
-8.834
-4.489
-5.527
-4.335
-2.030
-6.089
-2.243
-4.742
-2.501
-0.550
-5.225
-1.693
-5.449
-3.405
-1.487
-9.670
-3.248
-5.723
-3.766
-2.607
-6.825
-3.565
-7.343
-6.501
-5.146
-6.172
-4.196
-9.360
-5.962
-6.309
-5.197
-4.428
-7.378
-4.749
-4.038
-3.577
-2.669
-8.115
-5.432
-5.110
-4.699
-2.701
-8.416
-6.087
-6.200
-6.741
-3.951
-9.263
-6.396
-5.684
-5.981
-3.655
-6.649
-7.269
-5.530
-6.461
-3.128
-5.211
-5.159
-5.051
-4.278
-2.502
-5.319
-4.779
-2.444
-4.402
-2.127
-8.087
-5.510
-5.125
-5.340
-4.429
-4.236
-1.010
2.122
-6.607
-1.282
-5.281
-3.144
1.693
-7.523
-2.519
-5.418
-4.378
0.435
-8.953
-2.641
-4.036
-1.095
2.230
-8.414
-2.015
-2.311
-5.635
2.127
-8.178
-3.384
-5.218
-2.879
0.742
-7.001
-2.842
-3.605
-3.625
2.673
-8.169
-2.280
-4.479
-3.139
0.616
-6.926
-2.001
-3.263
-2.422
2.389
-6.904
-1.903
-7.311
-5.237
1.107
-11.855
-5.684
-8.132
-5.196
-5.872
-4.529
2.434
-4.333
-4.035
-4.355
-4.368
2.467
-4.004
-3.997
-3.162
-2.738
0.685
-6.101
-3.715
-2.854
-5.282
-0.177
-3.877
-4.301
-3.040
-4.427
1.198
-2.857
-3.184
-2.425
-1.492
1.034
-4.892
-7.867
-3.265
-9.333
-3.311
-4.744
-3.475
-4.218
-3.159
3.223
-5.110
-3.553
-3.988
-6.388
2.127
-6.278
-3.095
-3.859
-5.233
3.055
-3.083
-6.455
-3.893
-4.392
-4.195
-2.923
-3.792
-2.557
-2.097
-3.088
-4.507
-5.400
-2.667
-3.041
-3.480
-4.828
-4.442
-3.049
-5.130
-4.254
-3.631
-4.777
-0.842
-2.007
-2.328
-3.600
-6.481
-3.322
-2.084
-2.809
-4.058
-2.027
-0.842
-4.309
-2.275
-5.813
-6.132
-4.708
-3.191
-3.517
-3.974
-3.643
-2.688
-3.773
-3.462
-4.667
-5.010
-2.118
-7.344
-4.960
2.170
2.662
-5.980
1.097
-2.203
2.562
1.719
-5.474
-0.264
-6.356
2.573
3.644
-6.466
1.596
-4.195
0.930
1.124
-9.092
1.155
-4.931
0.472
0.620
-8.083
2.213
-2.463
1.665
1.909
-5.774
1.061
-4.337
2.152
0.369
-7.683
1.471
-5.290
2.002
2.307
-5.527
1.303
-2.923
2.863
1.622
-6.294
0.742
-4.269
2.059
0.222
-6.735
0.520
-4.324
-5.875
-5.265
-9.627
-4.138
-5.193
-4.228
-4.054
-9.961
-1.935
-2.832
-5.396
-4.266
-8.688
-5.713
-5.298
-3.561
-4.457
-9.406
-3.796
-5.540
-3.184
-2.044
-8.078
-1.454
-1.871
-3.303
-4.169
-8.607
-3.232
-5.265
-5.089
-4.285
-9.323
-3.487
-3.668
-3.774
-4.955
-9.375
-3.377
-6.395
-4.830
-3.946
-9.669
-3.282
-2.916
-4.704
-4.224
-11.073
-4.254
-6.462
1.571
-0.292
-1.070
-6.026
-6.534
1.887
-0.975
-3.096
-5.511
-9.969
1.132
-1.957
-1.236
-6.552
-8.999
2.624
0.411
-4.027
-2.707
-6.124
2.778
-0.490
-4.126
-2.656
-6.665
0.619
-2.151
-2.685
-4.264
-8.102
1.018
-1.456
-1.882
-5.854
-6.612
1.392
-0.108
-1.383
-3.241
-6.523
2.287
0.232
-2.864
-2.588
-5.996
1.632
-0.823
-3.412
-1.931
-6.028
-2.586
0.262
-8.663
-3.603
-2.638
0.446
0.954
-6.668
-3.608
-4.299
-1.793
1.900
-8.765
-3.974
-2.947
-0.582
1.748
-7.089
-3.051
-4.392
-4.597
0.241
-11.334
-2.362
-3.371
-0.416
2.117
-6.245
-3.709
-1.993
-1.727
1.223
-7.072
-2.715
-2.502
0.055
2.694
-6.211
-3.463
-3.858
-1.407
2.637
-4.873
-4.201
-2.639
-1.813
0.953
-7.091
-2.811
-2.916
0.927
2.953
-0.535
-3.353
-4.290
0.136
2.258
-1.417
-2.040
-3.364
1.371
3.020
-1.811
-2.956
-4.077
0.933
0.786
0.631
-4.020
-4.847
1.475
2.045
0.550
-3.548
-4.234
-0.055
0.879
-4.776
-2.993
-2.675
0.597
1.257
-4.681
-1.526
-4.207
1.725
3.421
-1.199
-2.051
-2.014
0.468
2.947
-4.074
-2.093
-4.667
-0.107
2.456
-3.505
-3.233
-4.688
-3.658
-4.931
-3.612
-4.989
-6.568
-5.694
-2.972
-8.583
-4.964
-3.757
-7.435
-4.278
-5.391
-5.246
-4.868
-3.356
-7.524
-5.810
-5.993
-5.591
-2.576
-3.787
-4.283
-4.940
-3.725
-4.880
-5.242
-1.899
-5.283
-5.185
-12.377
-6.919
-5.510
-8.435
-3.764
-2.204
-10.121
-4.066
-2.603
-12.277
-5.677
-4.838
-9.862
-3.588
-1.175
-11.822
-4.751
-4.422
-11.618
-4.018
-1.729
-9.116
-5.132
-2.132
-10.910
-5.085
-4.630
-12.052
-4.755
-1.921
-4.595
-6.720
-4.152
-7.420
-4.890
-3.396
-5.095
-4.940
-2.405
-5.251
-4.195
-1.752
-4.809
-4.817
-3.017
-5.205
-5.973
-3.654
-3.698
-5.906
-1.231
-5.449
-5.543
-3.240
-4.639
-3.688
-3.571
-3.879
-5.243
-1.731
-2.135
-2.015
-3.830
-1.842
-2.658
-3.583
-2.982
-2.475
-4.436
-1.216
-2.843
-5.319
-1.433
-3.402
-5.035
-0.101
-1.985
-3.917
-1.787
-3.267
-5.649
-1.855
-1.829
-3.950
-1.782
-0.177
-2.408
-1.685
-2.903
-3.626
-3.324
-6.428
-6.094
-2.711
-4.856
-5.239
-3.491
-4.713
-5.537
-3.307
-3.713
-5.388
-4.198
-2.155
-3.369
-1.716
-4.663
-5.687
-3.194
-4.245
-4.536
-4.464
-4.562
-6.070
-3.419
-5.137
-5.523
-5.383
-4.085
-3.929
-5.439
-3.679
-7.214
-3.005
-1.331
-6.133
-6.581
-1.487
-4.417
-4.360
-2.490
-5.929
-4.104
-1.230
-7.330
-5.837
-2.692
-6.852
-6.348
-0.543
-4.940
-8.076
-2.329
-6.593
-7.837
-3.023
-6.587
-4.385
-2.211
-6.469
