-6.778
-3.083
-4.517
-7.383
-2.941
-4.480
-5.676
-3.205
-3.787
-3.176
-2.657
-2.143
-3.922
-2.421
-2.546
-3.292
-4.416
-3.958
-2.625
-3.887
-0.648
-1.394
-1.566
-2.245
-2.178
1.405
-1.348
-0.520
-1.751
-1.258
0.709
0.929
0.009
-1.176
0.028
-1.332
-0.788
0.174
1.237
0.069
-0.829
0.298
-1.116
1.006
2.256
0.698
0.297
2.021
0.774
0.845
2.546
1.330
0.698
2.038
-0.833
0.176
1.883
-0.200
-0.746
1.771
0.828
1.436
2.785
0.883
0.867
2.431
1.966
0.089
2.079
1.188
1.199
0.434
-0.933
2.911
2.137
2.672
2.305
-0.654
1.370
3.554
0.815
2.406
1.550
2.405
3.415
1.689
1.651
3.003
-0.361
0.013
1.864
3.902
3.007
2.549
2.053
0.647
1.231
1.811
2.904
2.124
-2.262
0.903
-0.907
-0.082
2.612
-0.240
-0.112
2.122
-0.553
-0.495
2.837
0.309
-0.020
2.725
-0.826
-0.991
1.586
-1.329
0.253
2.627
-0.120
0.838
2.898
1.133
-1.866
1.010
-1.760
1.162
2.997
0.695
1.064
-0.517
2.361
0.914
0.490
2.132
0.867
-1.252
2.043
1.165
0.789
2.465
0.397
-0.328
1.122
0.942
0.014
2.447
0.426
-0.545
1.988
0.699
-0.783
1.557
0.561
0.171
2.852
1.897
0.961
3.747
4.167
3.530
4.589
3.629
1.871
4.199
4.684
2.260
3.692
2.711
0.964
2.625
4.225
3.451
2.637
2.751
0.724
4.141
4.379
2.689
5.813
3.467
1.997
4.208
3.378
1.681
3.427
4.642
1.713
3.615
3.185
1.454
5.196
1.203
0.051
3.705
1.737
0.792
4.404
3.124
1.708
3.701
0.603
-0.761
1.763
2.052
0.844
4.939
-1.653
-2.102
2.129
1.765
1.107
3.942
1.565
1.347
4.516
1.549
1.485
4.694
2.477
0.028
2.162
2.114
0.116
1.562
3.234
-0.096
2.670
2.888
0.154
1.861
3.261
0.736
2.504
1.530
-0.258
1.622
3.685
1.384
3.861
4.081
2.399
4.446
1.560
0.534
3.206
2.357
0.311
1.792
3.462
1.195
2.942
3.998
1.803
3.219
4.260
0.229
2.553
1.358
1.077
1.327
3.331
2.131
3.231
4.835
3.349
5.240
4.018
1.163
2.323
2.226
2.546
1.810
2.468
0.426
2.842
3.571
0.913
3.877
0.765
-1.312
2.436
-0.223
1.035
-0.547
2.547
0.033
-0.293
-1.042
-1.250
-3.602
2.463
-0.610
-0.965
-4.594
0.342
-1.341
-0.246
-2.389
4.268
-1.163
4.606
-0.800
4.624
-1.799
5.280
-1.280
5.352
-3.901
4.876
-2.483
5.558
-1.266
3.554
-4.685
3.634
-2.387
3.623
-4.889
0.150
-1.554
-0.742
-2.233
-2.802
-1.839
1.237
-0.037
0.157
0.231
-0.128
-1.495
-1.288
-3.441
-1.429
-1.277
-0.980
-1.885
-1.416
-1.900
1.785
1.288
0.748
1.672
0.314
0.781
-1.118
0.101
0.008
-1.772
1.855
2.284
0.029
0.996
1.462
1.369
1.466
0.688
-0.077
-0.708
0.863
0.353
1.367
0.240
0.182
0.927
1.344
2.397
1.821
1.135
0.668
1.106
-0.265
0.885
-2.453
-0.054
-0.427
0.335
-1.862
-1.485
0.664
1.097
-0.073
-1.559
-1.143
-1.275
2.147
-0.033
0.257
-1.113
-1.180
0.852
2.123
1.094
-0.305
-1.433
0.362
0.143
1.883
-0.054
-3.752
-1.982
-5.585
-0.984
-4.845
-2.673
-7.865
-3.147
-5.356
-1.289
-7.377
-2.786
-5.754
-3.259
-7.312
-3.949
-6.109
-3.630
-9.315
-3.596
-5.107
-1.583
-7.937
-2.968
-6.101
-2.567
-8.469
-4.775
-5.932
-1.936
-7.379
-3.564
-4.782
-2.418
-7.697
-4.059
-2.392
-0.189
-4.857
-2.164
-2.900
-5.716
-7.148
-4.763
-0.433
-4.111
-4.562
-4.411
-2.395
-3.689
-1.391
-3.481
0.580
-5.427
-3.247
-3.777
-3.320
-3.160
-5.301
-4.431
-1.574
-4.653
-4.161
-4.989
-2.650
-2.242
-6.080
-3.112
-2.010
-4.388
-3.766
-4.680
-0.467
-5.418
-4.007
-4.567
-3.128
-2.890
-6.516
-3.755
-1.267
-5.560
-1.212
-3.307
-2.633
-4.435
-2.161
-3.535
-2.565
-5.984
-2.276
-5.401
-4.828
-5.055
-2.828
-5.154
-4.629
-4.749
-3.253
-4.315
-3.906
-4.738
-3.297
-5.804
-3.930
-3.193
-1.785
-4.328
-4.261
-4.466
-2.019
-4.213
-5.775
-5.770
-2.704
-4.316
-4.054
-5.862
-2.542
-4.657
-6.233
-2.245
-1.659
-5.587
-7.852
-2.585
-1.992
-3.202
-8.356
-3.682
0.183
-5.151
-9.396
-3.542
-3.337
-5.570
-8.128
-2.810
-2.545
-4.247
-7.489
-3.096
-2.740
-5.210
-7.914
-1.956
-2.679
-5.329
-7.273
-2.589
-0.916
-4.244
-7.069
-2.697
-0.574
-4.977
-4.788
-1.129
-3.415
-4.105
-1.452
-5.604
-2.011
-1.440
-2.984
-4.395
-2.593
-0.085
-3.681
-6.061
-4.756
-2.711
-2.784
-4.278
-2.484
-0.880
-0.609
-5.792
-2.585
-2.381
-2.941
-3.102
-1.860
-2.114
-3.018
-4.170
-2.270
-2.705
-1.985
-7.993
-5.055
-2.538
-4.573
-7.872
-4.330
-6.273
-0.694
-3.553
-2.267
-2.998
-0.886
-0.381
-2.999
-5.395
-2.481
-2.637
-6.525
-8.017
-3.444
-2.122
-7.064
-6.467
-0.952
-1.501
-5.567
-8.248
-2.432
-2.196
-7.476
-7.776
-2.619
-1.610
-6.881
-7.211
-3.578
-1.873
-8.225
-8.531
-0.757
-0.490
-7.387
-7.036
-1.726
-0.590
-5.738
-6.025
-2.646
-1.137
-6.598
-7.584
-0.056
-6.529
-1.035
-3.491
-0.147
-7.373
-0.671
-0.840
-1.841
-7.400
-1.129
-1.927
-1.062
-6.894
-1.765
-4.787
-0.900
-7.476
-1.005
-1.643
-0.047
-5.868
-0.863
-1.832
-1.335
-6.121
-3.347
-2.871
-0.314
-5.874
-0.579
-1.610
0.653
-4.562
-1.185
-2.084
-0.840
-7.674
-0.436
-2.735
-4.804
-2.433
-9.783
-1.492
-5.600
-1.338
-8.457
-3.381
-5.035
-1.124
-9.930
-1.513
-5.526
-1.244
-10.075
-3.734
-5.317
-2.215
-8.356
-0.936
-4.113
-2.023
-9.708
-1.861
-3.423
-1.478
-8.646
-2.390
-2.388
-0.734
-8.963
-1.625
-3.740
-0.182
-9.548
-1.431
-5.899
-3.428
-11.461
-2.764
-0.712
-6.671
-1.711
-5.563
0.994
-2.077
-4.081
-6.239
1.231
-3.514
-2.509
-5.868
-0.206
-6.174
-3.874
-7.399
0.036
-4.575
-2.306
-4.335
0.466
-3.594
-2.480
-6.308
0.159
-2.230
-3.166
-5.867
1.568
-2.552
-2.290
-5.594
-0.570
-2.575
-2.677
-7.966
-0.165
-5.708
-1.291
-4.471
-2.707
-3.194
-11.861
-6.953
-1.690
-1.651
-11.564
-5.331
-1.029
-0.494
-8.817
-2.825
-2.594
-2.128
-10.109
-3.932
-3.523
-2.204
-11.580
-4.078
-3.058
-2.595
-11.233
-4.400
-3.650
-2.740
-11.738
-3.867
-2.720
-3.245
-11.189
-3.711
-1.034
-2.663
-10.627
-3.915
-2.106
-1.882
-10.295
-3.825
-6.256
-2.412
-3.538
-1.178
-3.378
0.088
-6.588
-3.039
-7.425
-3.342
-6.467
-2.362
-6.365
-1.500
-4.606
-0.938
-7.544
-1.244
-5.302
-1.485
-5.117
-1.193
-5.297
-4.255
-4.771
-0.712
-6.078
-0.336
-2.418
-3.230
-5.290
-1.085
-4.415
-3.353
-7.880
-1.643
-5.499
-1.243
-4.619
-0.968
-7.722
-4.218
-5.888
-2.901
-6.027
-3.136
-5.018
-2.640
-2.874
-2.251
-5.298
-1.660
-5.635
-3.056
-6.347
-3.268
-3.654
-3.360
-6.861
-2.769
-4.080
-3.639
-4.018
-4.136
-2.452
-2.231
-4.288
-5.086
-2.656
-2.841
-4.167
-5.178
-2.690
-3.368
-3.102
-3.431
-2.206
-0.482
-4.798
-3.980
-4.297
-5.044
-3.293
-1.522
-3.829
-1.724
-4.268
-3.142
-5.343
-4.429
-2.386
-3.189
-3.598
-1.030
-4.684
-2.138
-1.175
-0.945
-6.345
-3.627
-1.993
-2.959
-4.259
-2.282
-2.108
-2.438
0.303
-1.328
-3.701
-2.877
-2.696
-1.652
-2.946
-3.399
-3.210
-0.838
0.104
-2.095
-0.263
-3.030
