2.714
6.164
4.293
3.603
4.295
3.663
1.392
5.388
6.869
6.642
4.288
6.075
4.587
0.014
1.735
3.234
4.960
2.111
0.332
2.492
6.589
3.064
6.624
5.204
5.703
6.522
5.624
6.324
6.738
4.545
4.972
5.621
4.669
4.282
3.050
3.162
2.717
6.829
4.646
5.012
6.775
6.591
8.126
7.435
7.457
8.733
8.017
7.398
7.822
7.441
2.147
4.542
3.388
4.296
3.541
3.576
1.798
5.113
3.272
3.643
4.258
5.763
5.209
4.308
4.417
4.653
4.484
3.493
5.761
5.830
3.396
5.041
2.989
3.099
2.684
4.098
3.591
3.127
3.900
5.132
6.300
5.664
5.733
3.904
4.480
5.257
5.939
5.338
5.930
4.859
4.288
4.524
3.730
2.314
4.253
3.065
3.322
3.557
3.993
3.096
4.012
3.511
4.315
3.827
4.300
3.815
5.085
5.383
3.893
3.774
5.495
5.722
2.939
4.021
5.529
7.464
2.726
3.436
5.069
5.995
3.307
4.370
2.887
4.311
2.173
0.499
4.495
0.541
3.128
1.934
0.888
0.672
1.864
-0.190
1.199
0.783
1.537
-0.503
-0.196
0.011
3.605
4.282
3.011
2.244
2.650
3.900
2.682
2.658
4.193
2.820
6.465
6.382
6.499
5.224
4.755
6.406
5.072
5.963
5.041
6.172
6.619
5.133
4.668
4.135
4.227
6.613
5.704
6.061
4.552
4.492
2.262
0.692
-0.078
3.148
1.037
1.115
2.961
0.683
1.068
2.057
1.023
6.602
5.898
5.995
5.467
5.130
3.478
4.693
3.956
1.018
-1.377
2.795
4.339
4.580
4.028
6.260
3.202
5.427
2.012
2.394
3.306
6.975
3.156
1.140
4.790
2.762
7.001
8.386
6.209
7.724
3.468
5.355
4.442
5.454
5.221
5.126
4.307
6.739
5.368
6.307
4.575
5.066
5.569
2.947
5.622
4.300
3.733
3.979
3.960
4.568
0.168
2.884
3.058
3.656
5.762
5.526
4.356
5.655
5.233
7.172
7.575
5.124
5.806
5.495
6.142
8.315
4.831
6.963
5.975
4.650
7.000
6.173
7.852
5.726
7.502
8.755
4.047
4.376
5.333
2.003
5.698
4.653
5.483
7.093
6.565
8.089
5.850
6.209
6.001
3.382
4.325
6.662
5.830
5.622
4.480
4.270
5.967
3.979
5.828
5.649
6.640
3.968
5.396
6.648
5.247
6.756
5.648
5.459
3.699
4.067
4.928
5.697
4.745
3.514
5.063
6.314
3.408
3.417
5.884
4.284
3.722
6.554
5.873
-1.192
3.955
2.841
4.616
2.594
1.440
2.782
5.396
4.053
2.783
1.700
2.486
4.168
3.558
3.824
2.396
5.151
5.394
4.526
4.972
3.204
4.321
2.053
4.742
4.204
3.452
2.985
2.549
5.439
2.355
2.126
4.379
6.783
1.754
4.115
1.756
4.924
