-3.157
-1.736
-2.186
-2.795
-2.190
-1.410
-3.933
-0.984
-1.165
-0.917
-0.379
-2.473
-2.171
-3.511
-0.111
-1.445
-2.615
-4.012
-1.091
-0.771
0.753
0.297
-1.003
-1.811
-0.487
-1.736
-1.463
1.161
-0.852
-2.093
1.403
-1.264
-1.158
-0.810
1.413
-0.744
-0.820
1.554
0.259
1.081
-3.240
-0.340
-3.447
-4.534
0.088
-2.969
-3.405
1.212
-2.081
-3.587
1.536
-4.113
-5.167
0.369
-2.618
-2.433
1.766
-4.260
-2.593
0.826
-1.906
-2.588
1.260
-3.006
-2.553
-1.349
-3.967
-3.670
-0.686
-4.408
-0.829
-1.486
-5.833
-0.830
-1.222
-4.182
-3.206
-2.123
-4.345
-0.746
-2.924
-2.269
-3.847
-1.587
-2.083
-3.480
-0.260
-3.502
-3.953
-4.376
-2.733
-1.162
-0.642
-3.073
-1.429
-0.390
-3.177
-2.553
0.250
-2.892
-3.119
-3.509
-2.413
-3.046
-3.448
-2.875
-3.814
-2.266
-3.736
-4.660
-3.455
-3.585
-2.730
-2.928
-4.396
-3.718
-4.011
-4.528
-3.510
-1.522
-2.734
-3.345
-1.672
-2.504
-4.011
-2.610
-3.330
-4.309
-2.267
-4.316
-3.159
-5.397
-4.422
-1.765
-2.479
-1.133
-4.375
-4.634
-4.371
-3.664
-3.587
-2.244
-4.436
-3.422
-3.060
-5.340
-5.525
-4.773
-3.341
-4.168
-2.179
-2.986
-3.696
-4.227
-4.797
-4.578
-3.779
-4.091
-4.550
-4.534
-0.979
-3.993
-0.104
-1.777
-4.318
0.442
-0.685
-1.901
-1.903
-0.586
-5.358
-2.556
-2.615
-2.566
-0.484
-2.353
-1.994
-0.999
-1.181
-3.796
-0.111
-3.802
-3.783
-1.263
-4.180
-4.207
-1.939
-2.964
-4.243
-2.325
-3.580
-4.685
-1.815
-3.180
-3.868
1.159
-3.381
-4.620
0.073
-2.323
-1.992
1.008
-5.222
-4.441
-0.351
-4.591
-3.994
-1.288
-4.610
-4.489
0.120
-3.987
-4.057
-2.320
-4.516
-4.091
-2.052
-3.392
-2.626
1.935
-2.579
-5.721
-3.519
-1.318
-3.466
-1.838
-1.035
-5.333
-1.350
-1.369
-3.737
-2.195
-1.036
-3.709
-3.122
-0.802
-4.704
-2.495
-1.416
-4.674
-3.198
-0.871
-3.762
-1.062
-1.764
-4.463
-1.765
-3.797
-4.516
-2.902
-0.622
-3.117
-3.098
0.656
-0.880
-0.254
-1.283
-3.626
-3.124
-0.903
-4.004
-3.846
-0.881
-2.139
-2.600
0.033
-3.854
-2.486
-0.403
-1.488
-3.373
-0.012
-2.785
-2.809
0.068
-4.149
-3.785
-1.451
-2.812
-1.206
-2.094
-3.012
-1.475
-2.450
-1.833
-3.042
-3.008
-2.536
-3.111
-0.406
-1.562
-3.082
-3.641
-1.558
-2.042
-2.751
-0.271
-3.507
-2.065
-2.435
-0.696
-2.352
0.098
-2.005
-0.498
-3.894
-0.070
-1.907
0.689
-3.169
-0.251
-2.036
-1.907
-3.407
-1.028
-2.821
-3.143
-2.959
-2.745
-3.697
-4.365
-2.484
-2.904
-4.659
-4.220
-1.886
-2.437
-1.655
-3.895
-3.728
-4.306
-1.913
-2.893
-5.102
-3.024
-2.763
-2.721
-4.650
-5.026
-3.365
-2.685
-1.971
-1.881
-0.188
-2.033
-0.549
-2.293
-1.630
-1.126
-2.200
-1.367
-1.013
-3.847
-1.536
-2.095
-1.340
-1.077
-2.587
-3.023
-2.810
-1.211
-2.973
-0.814
-1.529
-2.319
-2.682
-1.976
-0.014
0.821
-1.462
-1.979
-2.952
-2.860
-1.489
-2.528
-1.649
-2.045
-1.990
-1.115
-0.813
-0.768
-4.659
-2.707
-2.583
-5.318
-1.483
-2.645
-2.480
-1.177
-3.350
-1.921
-3.861
-2.720
-3.096
-1.145
-2.238
-2.620
-2.268
-1.154
-4.821
-1.243
-2.373
-2.241
-4.041
-1.164
-3.052
-2.432
-2.422
-2.849
-2.125
-2.343
-2.976
-1.291
-2.811
-1.361
-4.541
-2.195
-2.142
-2.927
-3.925
-1.099
-2.651
-2.605
-4.593
-2.292
-4.043
-4.332
-3.378
-1.875
-2.230
-1.764
-5.451
-3.207
-2.908
-2.697
-6.144
-2.395
-2.456
-2.890
-3.169
-4.247
-4.939
-3.096
-2.178
-0.188
-2.360
-1.769
-2.951
-1.894
-2.576
-1.618
-4.808
-0.154
-3.223
-2.397
-5.206
-0.119
-3.255
-2.156
-4.138
-0.564
-2.594
-0.527
-4.041
-1.709
-2.584
-2.790
-5.059
-2.342
-3.211
0.612
-5.336
0.347
-3.773
-2.257
-4.397
-2.100
-1.489
-2.651
-3.533
-1.959
-1.185
-3.665
-1.299
-0.886
-4.672
-3.120
2.019
-2.516
-5.098
-2.859
-1.483
-2.561
-2.973
-2.763
-0.577
-2.916
-3.568
-3.412
-0.868
-0.832
-4.126
-4.299
-1.637
-2.527
-3.495
-5.013
0.444
-0.547
-2.860
-4.301
-0.173
-2.616
-5.199
-4.066
0.218
-4.047
-3.009
-4.298
-1.670
-2.585
0.761
-1.886
-2.682
-3.515
-0.807
0.759
-2.347
-4.079
-1.477
0.330
-2.688
-2.738
-1.202
-0.043
-2.798
-3.065
-0.978
0.837
-1.928
-3.476
-0.358
-0.729
-1.511
-4.516
-0.161
-0.158
-1.120
-3.334
-0.512
-0.977
-3.037
-2.754
-0.382
0.254
-1.389
-2.376
-1.880
-1.017
-2.763
-0.297
-1.569
-3.886
-1.255
-1.554
-1.509
-2.222
-0.904
-0.333
-2.048
-3.394
-0.208
0.652
-2.266
-0.854
-0.833
0.601
-2.450
-2.292
-1.317
-0.267
-1.867
-1.828
-1.298
-0.353
-1.706
-2.128
-0.880
-0.591
-5.857
-2.052
-1.819
0.130
-2.559
-3.093
-3.368
-0.302
-2.837
-2.532
-1.846
-1.012
-3.181
-2.752
-2.269
-1.859
-4.214
-3.974
-4.492
-2.625
-2.693
-3.290
-2.823
1.246
-4.549
-2.990
-2.785
-1.076
-2.549
-2.207
-3.005
-2.228
-2.866
-2.985
-2.843
-3.162
-3.270
-4.274
-2.183
-1.573
-4.001
-2.297
-3.963
-1.166
-3.482
-2.858
-3.560
-2.482
-3.006
-1.533
-4.418
-2.002
-3.855
-0.984
-3.605
-1.377
-3.263
-1.065
-1.933
-2.449
-3.537
-0.697
-2.742
-1.170
-3.676
-1.062
-4.084
-3.168
-4.412
-2.241
-1.925
-1.604
-3.328
0.219
-1.867
-2.221
-1.862
-0.687
-1.855
-1.990
-2.437
-1.326
-3.684
-4.450
-3.130
-3.157
-1.929
-2.831
-4.399
0.565
-1.586
-3.386
-3.357
-2.552
-1.872
-3.634
-1.472
-2.043
-2.877
-3.082
-2.431
-2.172
-1.333
-3.463
-0.637
-4.082
-1.717
-2.825
-2.322
-2.444
-0.871
-3.020
-2.749
-1.949
-2.278
-2.835
-2.414
-2.657
-1.522
-4.002
-1.673
-3.423
-1.999
-3.437
-1.491
-2.214
-1.480
-2.532
-4.276
-2.244
-1.917
-1.591
-2.535
0.340
-4.991
-2.347
-0.369
-2.172
-4.685
-3.095
-2.009
0.344
-4.488
-4.302
-2.376
-1.643
-4.416
-3.701
-1.496
-1.438
-4.597
-3.282
0.007
-0.103
-2.992
-4.173
-3.291
-0.508
-5.408
-4.035
-2.308
0.367
-4.338
-3.443
-1.410
0.034
-4.760
-3.964
-1.537
-1.692
-2.194
0.282
-3.214
-1.683
-2.891
-0.015
-2.255
-3.627
-3.742
-0.733
-2.846
-3.083
-2.354
-1.469
-1.899
-4.104
-3.972
-0.441
-2.135
-3.607
-2.436
-0.878
-2.559
-3.912
-1.104
0.073
-0.518
-3.500
-1.429
-2.158
-2.203
-3.730
-2.827
0.013
-4.318
-2.574
-3.531
-0.295
-2.934
-2.845
-3.485
-2.781
-2.171
-3.321
-2.813
-2.125
-1.444
-3.453
-2.318
-2.730
-2.428
-3.184
-2.709
-2.859
-2.184
-3.295
-2.233
-3.655
-2.302
-4.760
-2.304
-2.672
-1.070
-1.522
-1.817
-2.522
-0.410
-4.183
0.428
-1.205
-1.688
-3.368
-0.776
-3.906
-0.387
-1.898
0.202
-3.840
-0.340
-2.812
0.069
-2.153
0.541
-1.363
0.669
-1.928
-2.020
-2.492
-1.148
-0.958
-0.192
-0.528
0.247
-2.551
-0.782
-3.306
-0.233
-1.948
-1.217
-2.912
-2.295
-3.708
-2.883
-4.007
-2.723
-3.968
-1.765
-2.443
-2.657
-2.943
-1.576
-2.618
-1.701
-1.647
-2.313
-2.109
-2.335
-2.403
-3.188
-1.910
-1.316
-3.882
-2.552
-4.719
-2.339
-3.866
-0.908
-3.241
-1.219
-1.866
-1.712
-2.868
-2.670
-2.941
-0.302
-2.944
-0.156
-4.414
-0.841
-3.346
-2.082
-2.679
-2.087
-2.519
-1.987
-0.877
-2.747
-0.447
-3.169
-2.839
-4.323
-2.656
-2.494
-0.395
-4.710
-3.146
-2.636
-0.374
-3.307
-1.224
-3.184
