4.593
5.701
4.413
5.734
3.858
4.481
2.198
6.318
4.836
4.932
6.080
5.826
6.749
0.636
5.301
5.206
6.171
3.676
5.479
3.612
5.556
4.445
5.575
5.069
6.361
4.789
4.974
6.125
6.523
3.891
4.733
3.629
3.014
4.112
4.320
3.270
2.001
6.060
5.742
4.816
4.896
6.036
5.671
6.042
6.421
6.447
5.417
6.686
6.428
4.120
4.862
5.693
1.800
1.360
1.205
3.591
-1.524
3.082
5.042
2.928
2.105
2.531
1.597
3.055
2.423
2.465
1.909
2.025
2.322
1.581
4.042
3.640
4.379
0.399
4.032
4.474
2.894
2.348
4.413
2.812
0.665
2.562
1.892
-0.159
1.657
3.377
1.377
2.181
3.174
2.936
0.421
3.287
3.512
1.617
3.123
2.757
1.323
1.291
3.032
2.869
2.582
2.521
4.344
3.312
2.962
3.060
3.305
3.608
4.577
2.826
3.580
3.485
2.501
2.452
3.750
2.874
2.938
3.718
2.339
3.138
2.856
2.232
1.840
2.944
3.117
0.659
2.709
1.189
2.272
1.775
3.775
2.809
6.739
3.778
5.329
3.618
3.799
6.078
3.178
3.676
3.251
3.714
5.413
0.167
3.731
2.786
2.784
4.864
3.789
3.638
4.784
3.716
2.825
2.507
3.713
3.145
3.179
3.313
2.778
3.643
4.497
3.315
3.656
1.613
4.324
6.254
3.797
2.526
3.719
4.445
5.593
3.325
1.620
2.320
3.107
3.336
2.989
4.869
-0.022
2.753
2.953
6.405
6.078
5.365
6.199
6.153
5.619
6.087
4.407
0.272
-0.735
4.482
5.976
5.175
3.908
5.417
4.129
4.990
3.774
2.626
2.737
5.345
4.172
3.253
4.589
4.831
5.595
4.544
5.727
5.622
3.914
5.541
4.026
5.561
5.269
5.812
4.079
5.565
5.577
4.863
6.029
7.337
7.237
5.609
7.737
6.249
7.768
5.130
6.107
6.935
6.300
5.714
6.267
4.556
8.046
6.495
5.103
6.553
7.112
8.096
5.984
5.708
3.491
3.125
5.317
5.560
4.932
5.459
5.226
5.031
8.046
7.064
6.998
7.457
6.815
8.026
5.917
6.636
6.444
3.617
5.268
4.228
6.764
5.675
7.714
5.487
6.525
6.875
4.872
4.787
6.344
6.524
6.980
5.717
5.867
6.440
6.169
3.790
4.735
6.323
2.847
3.708
6.132
5.083
6.059
5.155
6.084
4.077
3.473
5.212
4.585
3.999
5.402
3.574
4.008
5.750
4.999
1.620
4.854
5.714
5.771
5.986
7.316
1.866
6.128
6.467
7.321
5.095
5.648
2.336
4.642
5.811
5.188
5.379
3.864
4.208
5.323
5.594
4.209
6.886
4.400
4.505
3.823
5.223
4.937
2.797
4.964
3.338
4.431
5.795
3.201
6.002
3.704
1.952
3.815
5.633
4.493
5.022
3.180
6.608
