-4.819
-5.135
-2.643
-4.771
-3.316
-3.976
-3.949
-4.812
-3.413
-5.688
-2.964
-3.865
-5.082
-4.570
-3.475
-6.342
-3.218
-3.139
-2.247
-3.956
-4.770
-3.182
-2.132
-2.062
-4.158
-3.497
-2.987
-3.446
-0.836
-3.025
-3.803
-3.592
-2.997
-2.262
-3.970
-3.243
-2.840
-3.258
-2.547
-4.440
-2.662
-0.376
-1.231
-4.183
-2.684
-2.448
-0.952
-1.878
-1.446
-3.671
-3.364
-1.380
-4.403
-2.694
-3.257
-4.468
-2.022
-3.775
-1.757
-2.912
-0.336
-3.492
-2.412
-2.925
-0.705
-3.470
-2.071
-4.021
-0.850
-3.620
0.838
-2.020
0.570
-2.159
0.556
-2.728
-1.778
-2.920
-1.543
-1.012
-3.311
-4.547
-3.426
-3.276
-1.499
-4.901
-2.774
-1.647
-2.215
-5.143
-4.933
-2.394
-4.297
-3.581
-3.527
-4.027
-4.089
-4.934
-3.798
-1.700
-3.294
-3.837
-1.490
-1.376
-2.691
-1.929
-2.473
-3.266
-3.646
-3.713
-3.067
-0.281
-3.533
-4.549
-4.925
-2.108
-2.651
-4.653
-3.502
-1.849
-0.999
-3.492
-2.766
-3.558
-0.312
-3.095
-4.233
-3.966
-0.506
-4.150
-4.243
-3.932
-0.150
-1.438
-3.161
-4.072
-0.553
-2.577
-3.521
-4.714
-0.264
-2.805
-3.902
-3.387
-0.059
-2.335
-4.762
-4.608
-1.040
-3.383
-4.867
-4.312
-2.856
-2.358
-4.126
-2.511
-1.741
-0.853
-2.380
-2.898
-0.929
-1.927
-0.898
-3.073
-0.928
-3.359
-2.935
-2.640
0.572
-3.214
-2.752
-2.589
0.644
-2.943
-3.691
-1.992
0.883
-4.395
-3.116
-2.556
-1.790
-2.825
-3.139
-1.467
0.069
-2.309
-2.316
-1.708
-1.578
-3.080
-2.414
-2.087
-0.959
-2.043
-3.227
-2.415
-0.526
-3.079
-1.956
-3.036
-2.169
0.051
-0.296
-2.482
-2.859
-2.871
-0.784
-1.240
-3.397
-3.405
-1.557
-2.569
-3.169
-2.668
-2.987
-1.455
-3.552
-3.876
-1.635
0.568
-4.024
-1.962
-2.463
-1.163
-2.513
-4.610
-2.160
-0.189
-1.403
-3.030
-2.047
1.198
-2.136
-3.589
-2.670
-1.329
-3.657
-2.618
-2.117
-2.201
-2.786
-0.583
-2.500
-4.972
-2.887
-1.876
-3.300
-2.785
-1.953
0.932
-2.167
-1.341
-3.193
-1.117
-2.239
-2.618
-2.023
-3.126
-2.253
-1.972
-2.145
0.167
-2.035
-3.583
-1.945
-2.345
-3.574
-1.638
-1.987
-2.259
-2.349
-1.838
-1.076
-0.060
-2.294
-3.436
-3.583
-2.192
-3.127
-3.974
-4.347
-2.893
-0.124
-1.461
-2.179
-1.961
-0.321
-2.966
-3.621
-2.616
-1.160
-2.834
-3.253
-2.519
0.468
-1.439
-1.726
-3.499
-1.466
0.724
-3.903
-2.524
-1.337
-1.434
-3.354
-2.228
-1.786
-2.584
-1.526
-2.337
-0.171
-3.007
-0.913
-2.861
-2.320
-1.556
-1.631
-2.131
-1.559
-0.248
-2.636
-2.372
-2.079
-2.019
-3.387
-1.459
-1.510
-1.296
-2.198
-1.977
-5.439
-1.390
-2.870
-4.415
-2.616
-2.032
-2.375
-4.820
-3.432
-2.579
-3.565
-4.396
-3.646
-3.373
-3.538
-4.847
-1.451
-2.068
-2.361
-2.943
-3.575
-0.239
-2.267
-3.326
-1.489
-1.326
-3.510
-3.178
-3.715
-0.471
-0.344
0.402
-2.850
-2.896
-0.803
0.353
-3.397
-1.917
-0.728
0.245
-5.087
-4.253
0.757
-0.482
-4.654
-3.455
-0.698
0.733
-3.591
-0.325
-2.775
1.240
-3.315
-2.374
-2.047
-3.053
-3.876
-4.786
-0.116
-0.250
-4.799
-1.814
0.019
-0.909
-3.510
-2.718
-1.120
-1.803
-5.072
-2.889
-4.054
-2.470
-4.024
-3.309
-3.413
-4.276
-2.355
-3.348
-2.736
-2.506
-3.962
-4.732
-2.875
-3.929
-4.758
-3.280
-3.890
-4.993
-2.801
-2.799
-3.702
-4.957
-3.187
-4.339
-3.255
-1.477
-4.881
-1.771
-2.251
-5.526
-3.069
-1.895
-2.214
1.119
-3.364
-4.169
-1.557
-1.999
-2.737
0.515
-1.321
-2.755
-2.413
-5.292
-3.192
-0.500
-3.083
-4.406
-1.766
-1.418
-3.173
-1.747
-3.585
-3.561
-1.625
-2.400
-3.343
-1.216
-2.086
-4.270
0.823
-4.116
-6.059
1.124
-1.436
-4.150
0.627
-1.326
-1.918
0.541
0.570
-2.951
-2.107
-2.773
-3.134
-0.214
-0.498
-2.082
-1.869
-2.662
-1.747
-1.961
-2.375
-2.559
-0.239
0.209
-3.170
-0.195
-1.432
-2.872
-0.960
-1.552
-1.533
-0.170
-2.015
-2.597
-0.062
-2.770
-2.889
1.175
-0.543
-2.603
0.535
-3.367
-0.572
-1.964
-0.843
-3.433
-0.544
-1.715
-2.686
0.739
-1.683
-1.017
0.432
-1.077
-1.314
0.720
-3.018
-3.096
-2.254
-3.012
-0.407
-4.304
-4.015
-2.618
-3.801
-5.417
-1.856
-1.392
-3.493
-1.695
-3.724
-4.999
-2.417
-0.502
-3.644
-2.516
-1.190
-4.794
-1.211
-1.644
-3.176
-1.582
-1.904
-4.461
-2.267
-2.550
-4.644
-1.484
-0.369
-3.751
-2.574
0.276
-2.757
-1.628
1.431
-1.696
-1.065
-1.394
-2.929
-2.186
-1.240
-2.371
1.145
0.302
-0.147
-1.702
-0.319
-0.492
-1.785
-1.026
-1.129
0.147
0.188
-2.833
-1.207
-0.873
-1.471
-1.775
-3.899
-3.245
-3.879
-2.671
-0.718
-1.373
-1.824
-2.245
-2.578
-4.162
-2.990
-3.662
-3.906
-1.533
-2.256
-2.309
-2.321
-3.152
-1.770
-2.913
-2.441
-5.474
-3.164
-3.923
-2.127
-3.572
-3.573
-4.080
-3.146
-3.794
-1.257
-4.416
-3.242
-3.644
-1.569
-2.647
0.071
-2.600
-0.748
-4.240
-1.579
-1.790
-3.275
-3.443
-2.449
-2.266
-2.515
-3.377
-1.189
-4.023
-3.313
-3.179
-3.560
-0.593
-1.423
-3.631
-3.327
-3.157
-1.766
-1.774
-2.752
-2.503
-5.319
-0.570
0.048
-4.222
-3.743
-4.151
-2.054
-2.388
-3.952
-2.919
-4.715
-1.759
-0.270
-2.323
-1.552
-3.051
-1.300
-0.600
-3.812
-3.225
-4.236
-0.996
-0.823
-1.580
-1.812
-3.857
0.626
-1.383
-2.539
-3.090
-3.297
-1.923
-0.694
-3.747
-2.958
-3.354
-1.438
-2.155
-2.857
-3.577
-5.316
-3.781
-2.632
-4.009
-3.306
-3.922
-3.022
-1.208
-4.062
-4.336
-4.948
-3.683
-0.113
-3.600
-3.175
-4.705
-4.543
-3.116
-0.540
-5.098
-1.659
-4.653
0.133
-3.296
-3.339
-2.929
-3.758
-1.015
-1.867
-4.612
-3.752
-4.696
-2.704
-3.326
-3.466
-3.725
-3.467
-1.330
-2.683
-3.444
-2.796
-3.141
-3.424
-3.663
-3.158
-1.995
-5.473
-3.010
-4.067
-1.994
-5.861
-1.311
-2.670
-3.275
-1.298
-4.167
-1.475
-0.678
-2.662
0.177
-3.716
-1.198
-2.188
-3.797
-4.567
-3.147
-2.026
-2.743
-2.036
-2.601
-4.296
-2.356
-3.053
-0.747
-2.926
-4.420
-1.067
-2.450
-2.740
-3.590
-2.683
-2.618
-2.808
-3.107
-1.953
-3.937
-2.335
-1.257
-4.046
-1.964
-2.694
-3.548
-1.690
-3.844
-1.975
-4.529
-3.221
-1.314
-1.133
-4.049
-4.802
-1.673
-3.259
0.733
-3.199
-2.650
-0.232
-3.000
-1.004
-2.160
-1.640
-0.482
-3.024
-0.923
-2.161
-3.634
-2.857
-2.324
-1.414
-2.482
-0.277
-0.619
-4.316
-1.192
-2.497
-4.322
-1.523
-3.683
-1.388
0.337
-0.330
-3.462
-5.245
-2.169
-3.608
-4.307
0.027
-2.658
-2.314
-2.808
-5.000
-2.459
-3.886
-1.629
-3.109
-4.104
-1.732
-3.995
-0.876
3.519
-2.593
2.090
-1.224
-1.005
1.341
-3.061
-0.554
-2.489
-0.782
2.312
-2.865
0.478
-0.387
-0.729
1.207
-4.154
1.222
-1.958
-3.090
0.933
-3.290
-0.190
-2.331
0.011
1.235
-1.585
0.015
-1.382
-0.210
0.325
-1.539
1.422
-2.891
-2.136
0.112
-0.699
-0.905
-1.277
0.789
0.479
-1.821
0.427
-2.069
-2.353
-0.788
-2.564
0.416
-1.832
-2.518
-4.586
-2.405
0.355
-2.569
-3.270
-4.003
-3.143
0.048
-1.410
-2.115
-4.147
-2.111
-2.848
-3.573
-2.355
-4.390
-2.144
-1.368
-2.268
-3.923
-4.943
-3.086
-0.919
-2.786
-0.889
-6.216
-2.272
-1.479
-3.274
-2.331
-4.538
-3.451
-1.341
-2.029
-1.091
-4.255
-2.718
-0.724
-2.954
-0.953
-5.498
-2.693
0.210
-1.787
-2.285
-5.317
-2.503
-0.972
-4.218
-1.406
-1.591
-2.145
-3.479
-4.648
-0.048
-2.098
-4.089
-3.105
-4.480
0.634
-1.800
-3.963
-2.218
-3.498
-1.082
-2.146
-4.297
-2.176
-3.675
0.186
-1.249
-3.562
-1.726
-4.607
1.731
-2.112
-2.033
-0.983
-3.689
0.002
-2.168
-2.636
-1.363
-3.074
-1.002
-1.138
-3.064
-1.180
-4.334
0.364
-3.390
-2.751
-4.089
-3.182
0.531
-1.376
-2.505
-0.352
-4.109
-3.007
-0.121
-0.762
-2.339
2.096
-3.383
-1.395
-1.940
-4.391
-1.153
-1.917
-0.318
-1.309
-3.614
-1.574
-1.636
-1.116
-2.458
-3.574
-2.163
-1.252
-0.864
-1.398
-1.088
-0.875
-0.474
0.754
-3.254
-1.140
-1.839
-0.675
-0.487
-1.258
-0.520
-0.457
-1.770
0.680
-4.598
-3.115
-1.187
-1.774
-1.279
-3.558
-2.747
-2.857
-2.203
-2.054
-2.455
-3.076
-0.936
-2.344
1.929
-1.217
-2.585
-2.927
-0.759
-1.569
-0.917
-1.799
-3.307
-0.892
0.183
0.125
-1.977
-0.975
-0.107
0.410
-0.404
-2.254
-2.804
-0.972
-0.327
-0.739
-2.497
-3.945
-1.995
1.006
-0.683
-3.658
-2.499
-0.975
-1.272
-0.617
-1.927
-2.260
-1.183
2.153
-0.937
-0.900
-3.099
-1.430
2.049
-0.869
-0.636
-3.428
-2.362
-0.056
0.549
-2.598
-3.156
-4.407
-3.825
-2.722
-1.459
-4.403
-3.637
-1.632
-5.013
-2.329
-2.525
-4.165
-2.639
-5.781
-3.423
-2.601
-1.842
-3.784
-2.836
-5.449
-1.763
-3.345
-4.394
-2.303
-6.421
-4.873
-3.634
-4.604
-0.865
-3.814
-4.208
-4.496
-2.080
-3.298
-4.225
-2.282
-3.180
-4.704
-3.052
-1.708
-4.333
-0.466
-0.876
-4.485
-0.719
-0.545
-4.090
-1.644
-1.054
-4.995
-1.356
-2.013
-5.007
-2.810
-3.233
-4.982
-2.109
-3.061
-4.250
-1.826
-0.880
-1.606
-4.584
-2.173
-3.486
-5.018
-2.406
-2.821
-5.777
-1.611
-2.261
-4.220
-0.558
-4.368
-4.306
-3.155
-2.227
-5.985
-2.440
-3.257
-4.057
-1.637
-2.942
-4.022
-3.296
-3.621
-3.025
-3.144
-2.923
-4.223
-1.140
-2.270
0.240
-3.995
-2.577
-2.328
-6.401
-1.949
-0.907
-3.467
-1.072
-3.251
-4.309
-1.450
-1.325
-6.015
-0.116
-1.800
-4.875
-1.250
-0.413
-4.108
-1.590
-0.731
-3.883
-1.156
-0.906
-5.723
-0.725
-2.058
-2.810
-4.224
-2.934
-2.120
-3.057
-2.045
-2.015
-1.885
-3.057
-4.021
-2.048
-2.840
-2.819
-4.088
-2.203
-1.288
-1.296
-4.863
-2.561
-3.080
-2.458
-1.030
-1.915
-0.905
-0.820
-2.758
-3.381
-2.219
-3.947
-1.765
-1.456
-2.410
-0.121
-1.867
-2.005
-1.341
-2.532
-0.602
0.239
-2.360
-1.024
-0.654
-0.692
-1.994
-0.213
-4.138
-2.078
-0.279
-3.408
-1.696
0.250
-2.190
-1.455
-0.669
-1.791
-3.002
-0.750
-2.019
-1.040
0.902
-2.599
