2.418
3.765
2.992
2.833
0.731
2.852
1.888
3.976
3.367
1.578
-3.386
-3.328
-3.330
-4.187
-4.608
-4.377
-4.666
-3.724
-3.685
-3.743
2.943
-0.781
0.578
-1.223
1.297
-0.343
0.174
1.347
1.190
-0.309
-2.087
-2.514
-3.374
-1.672
-2.168
-3.804
-2.145
-2.731
-2.117
-3.340
-2.793
-0.700
-0.140
-0.495
-2.525
-0.593
0.111
1.245
-2.644
-2.167
5.516
4.873
2.549
1.025
0.895
3.690
-1.238
4.181
4.264
3.204
-3.611
-3.504
-1.333
-2.360
-3.367
-2.269
-0.566
-1.965
-4.337
-2.266
4.949
4.091
5.027
0.882
3.959
5.243
3.160
3.658
5.544
3.025
-0.110
1.535
-0.339
-0.156
-1.684
-0.821
-0.390
0.687
-1.050
-0.582
2.542
6.505
5.037
1.657
2.520
4.450
5.011
5.261
5.161
2.980
-1.100
-0.562
0.344
-0.310
-1.614
-1.632
-1.041
-1.113
-1.980
-0.051
3.417
0.085
-0.119
0.430
-0.877
-0.119
1.444
2.031
-0.339
-0.011
4.013
3.288
3.050
4.870
3.662
2.706
3.908
3.034
3.582
3.442
-0.518
-0.907
0.630
-0.386
-1.310
-0.261
-1.131
-0.303
-1.828
0.160
-3.458
-1.710
-1.000
-0.814
-3.182
-2.152
-2.828
-2.464
-3.629
-2.365
-0.798
1.505
0.621
0.447
-0.754
-0.650
-0.507
-0.544
-1.111
-1.064
-2.439
-1.629
-2.806
-3.431
-3.535
-2.553
-2.519
-1.558
-2.855
-4.356
-1.693
-2.060
-1.567
-1.368
-0.832
-1.782
-1.479
-1.482
-2.990
-3.464
-2.897
-2.255
-2.229
-2.615
-2.800
-2.498
-2.326
-2.118
-2.032
-2.802
-2.086
3.127
4.800
5.378
3.044
3.765
4.104
4.571
2.631
2.940
-3.404
-3.237
-2.758
-5.077
-2.613
-2.173
-2.620
-4.497
-3.447
-3.184
4.157
5.169
3.139
6.674
6.621
5.389
4.407
4.796
4.983
5.555
-0.910
0.080
-2.212
-0.701
0.100
0.431
-0.328
-0.130
-1.112
0.904
5.662
6.399
6.227
4.277
7.662
6.383
5.362
7.192
7.218
8.258
-1.393
-2.756
-2.272
-2.191
-1.934
-2.191
-0.860
-1.181
-1.349
-1.329
7.526
5.767
7.000
6.240
6.623
7.571
5.280
6.358
6.009
2.958
-0.543
0.199
0.765
-0.649
-1.017
-1.206
-0.159
-0.538
0.237
-0.729
2.863
1.952
1.609
2.425
2.746
2.799
2.588
0.758
0.834
2.315
5.335
3.449
5.560
6.010
6.255
6.924
5.515
4.196
3.885
4.546
-1.857
-3.620
-0.331
-2.846
-1.566
-1.457
-2.166
-1.259
-1.031
-1.268
4.967
5.476
6.724
1.890
6.833
6.237
7.135
5.260
4.931
1.907
-1.404
-3.209
-3.556
-1.910
-2.155
-2.145
-2.632
-3.079
-3.978
-1.921
-2.958
-2.787
-1.578
-2.371
-3.165
-2.524
-2.520
-2.799
-2.711
-3.446
3.342
6.010
4.617
2.099
4.284
5.822
6.308
6.443
3.591
6.375
