-4.330
-3.521
-4.049
-3.804
-2.706
-3.594
-3.291
-3.190
-3.853
-3.143
-1.153
-2.567
-1.962
-3.495
0.211
-2.368
-2.268
-3.120
-1.391
-0.986
-2.503
-2.446
-2.111
-2.254
-2.970
-2.919
-3.258
-2.571
-2.283
-3.908
1.648
0.525
-1.336
-1.196
0.886
-0.900
0.311
0.182
0.834
0.423
-4.104
0.373
-3.945
-2.887
-1.170
-3.430
-1.992
0.977
-3.063
-2.331
0.264
-5.030
-3.152
1.075
-3.900
-4.503
0.264
-4.737
-3.090
0.868
-2.915
-2.334
0.080
-4.189
-3.471
-1.156
-4.589
-2.840
-1.620
-4.793
-2.223
-2.212
-5.208
-1.945
-3.373
-4.437
-1.013
-2.393
-3.425
-2.014
-2.116
-1.715
-3.547
-2.067
-0.768
-3.228
-1.747
-2.562
-0.141
-2.639
-1.485
-2.343
-3.558
-3.049
0.292
-1.147
-2.698
-2.550
-3.458
-2.027
-5.002
-4.067
-2.869
-5.766
-3.836
-3.798
-3.476
-4.572
-2.684
-4.101
-3.336
-3.652
-5.104
-3.301
-4.256
-2.849
-4.938
-4.463
-3.773
-2.089
-2.749
-2.071
-1.710
-3.418
-4.591
-2.203
-3.353
-3.340
-2.754
-5.224
-1.885
-2.142
-2.770
-3.232
-0.484
-0.880
-1.578
-2.409
-2.957
-3.809
-3.834
-1.078
-3.752
-3.438
-2.373
-2.821
-1.935
-4.476
-2.910
-2.960
-2.242
-3.486
-3.064
-3.540
-2.786
-2.146
-2.601
-2.553
-0.785
-4.164
-2.745
-2.830
-0.974
-1.027
-2.656
1.024
-1.381
-0.680
-2.337
-1.391
-1.236
-1.581
-1.104
-1.031
-0.371
-1.205
-2.018
-1.768
-0.511
-1.376
1.138
-2.374
-2.685
-0.836
-0.303
-2.911
-1.661
-1.557
-1.791
-2.043
-0.863
-3.264
0.003
-2.607
-4.342
-1.776
-3.587
-3.272
0.386
-2.016
-2.561
-1.403
-1.997
-3.168
-0.221
-3.002
-4.400
-1.518
-1.931
-3.810
0.974
-1.727
-5.010
-0.673
-3.536
-4.208
-0.384
-3.321
-3.982
-0.799
-1.110
-5.473
-2.491
1.372
-2.439
-1.311
-1.203
-4.685
-3.635
0.600
-3.267
-3.316
-0.515
-2.668
-2.262
0.775
-2.911
-0.768
-0.912
-3.170
-1.780
-2.024
-3.798
-2.966
0.865
-3.097
-1.077
-1.887
-2.599
-1.485
-4.387
-2.875
-5.459
-3.714
-2.392
-4.152
-3.019
-4.480
-2.620
-4.170
-4.345
-2.707
-3.894
-2.762
-4.346
-4.180
-3.968
-3.859
-2.274
-2.182
-2.694
-3.550
-3.038
-3.126
-2.923
-3.989
-4.508
-2.458
-2.498
-3.244
-3.582
-0.865
-0.994
-1.579
-3.433
-3.062
-4.746
-2.341
-5.059
-1.235
-2.529
-4.492
-2.675
-3.150
-2.747
-0.358
-3.175
-1.792
-1.671
-4.109
-0.590
-0.114
-0.430
0.088
0.047
0.044
0.754
-0.173
1.157
-2.598
0.290
-1.486
-0.355
-1.184
-0.010
-0.567
-3.483
-1.625
-2.820
-1.871
-4.362
-2.802
-3.677
-4.002
-4.083
-1.621
-4.539
-2.477
-4.351
-2.773
-5.128
-1.985
-5.307
-4.236
-4.340
-1.803
-5.142
-3.667
-4.672
-3.031
-0.630
-3.084
-0.648
-1.906
-0.966
-2.985
-0.677
-2.510
-1.368
-2.101
-0.427
-2.846
-0.829
-3.321
-0.722
-3.008
-2.086
-2.582
-2.321
-3.551
4.848
-2.595
4.246
-0.311
4.694
-1.119
3.363
-0.978
5.209
-0.457
6.560
-3.310
4.443
-2.254
3.679
-2.662
4.286
-2.559
5.124
-1.645
-3.292
-2.790
-1.347
-1.269
-0.900
-2.454
-2.121
-2.448
-1.214
-3.205
-3.327
-2.956
-2.645
-4.224
-1.475
-2.209
-1.628
-4.721
-3.266
-2.655
-2.601
-2.907
-3.391
-3.206
-1.608
-4.239
-3.653
-3.372
-2.542
-1.522
-4.027
-2.953
-2.184
-3.597
-3.189
-2.354
-3.735
-2.811
-4.506
-3.130
-1.965
-2.574
-3.021
-3.189
-3.543
-4.795
-4.689
-1.771
-2.019
-2.867
-4.058
-2.939
-4.143
-4.577
-4.447
-2.934
-2.433
-3.956
-4.657
-1.697
-5.271
-1.789
-1.428
-7.351
0.107
-2.973
-1.980
-4.219
-2.464
-2.577
-3.832
-4.583
0.035
-2.026
-3.985
-5.032
-0.903
-4.331
-2.737
-4.488
-0.894
-2.578
-3.765
-2.493
-1.935
-3.453
-2.480
-5.750
-1.642
-3.213
-1.394
-5.704
-1.414
-3.356
-1.623
-5.726
-2.120
-2.895
-2.620
-4.843
-1.359
-3.370
-1.882
-2.632
-1.518
-5.350
-1.756
-1.653
-2.610
-3.670
-2.315
-2.878
-2.136
-4.470
-1.978
-3.260
-2.368
-4.983
-2.766
-3.073
-1.040
-4.319
-3.594
-1.380
-1.206
-4.636
-2.518
-1.759
-1.514
-5.473
-3.405
-0.303
-1.842
-5.651
-2.998
-1.693
-3.817
-5.066
-2.381
-1.183
-0.124
-0.304
-4.328
-3.888
-2.416
-0.515
-4.403
-4.417
-3.022
-2.872
-3.015
-4.014
-3.926
-0.819
-5.084
-4.376
-3.586
-0.540
-2.897
-5.056
-3.255
-1.536
-4.499
-4.578
-2.189
-1.749
-3.715
-5.058
-2.766
-1.259
-3.734
-3.777
-2.405
-0.831
-5.250
-4.300
-3.404
-1.354
-3.291
-3.742
-1.345
-4.753
-3.051
-2.737
-1.675
-4.350
-2.305
-3.312
0.591
-3.668
-2.526
-2.556
-0.323
-5.389
-1.139
-3.082
0.898
-5.166
-0.400
-3.057
-0.103
-4.853
-2.040
-3.263
0.356
-5.574
-0.696
-2.237
-0.342
-4.069
-0.679
-2.807
1.089
-3.057
-1.162
-2.637
-0.255
-4.909
-1.916
-2.232
-3.426
-1.151
-1.212
-2.439
-3.470
-1.094
-4.209
-4.199
-2.952
-1.576
-3.270
-2.463
-3.230
-2.813
-3.123
-2.791
-2.655
-0.828
-1.647
-2.554
-1.615
-1.309
-1.910
-2.858
-1.453
-1.618
-4.436
-2.276
-1.989
-2.179
-3.221
-3.528
-4.321
-1.483
-1.944
-3.652
-4.048
-0.922
-1.673
-4.053
-0.532
-3.849
1.059
-2.348
-0.312
-2.651
1.265
-0.323
0.531
-3.732
0.465
-2.262
-0.395
-3.693
-0.123
-3.041
-1.383
-4.522
1.225
-1.056
-1.372
-3.285
1.930
-0.585
-1.542
-1.602
1.491
-0.516
0.430
-2.600
0.693
-2.166
-0.704
-3.355
-0.038
-0.759
-0.840
-3.868
2.044
0.168
-4.185
-2.729
-2.709
-0.262
-4.280
-3.094
-2.468
-0.934
-3.906
-3.772
-2.070
-1.988
-4.542
-2.715
-4.206
-1.298
-3.047
-3.045
-2.103
-1.408
-3.791
-2.947
-2.174
-1.392
-1.443
-3.146
-2.722
-0.074
-2.334
-3.154
-3.468
-1.928
-3.743
-2.589
-2.401
-0.358
-3.740
-3.688
-2.957
-1.259
-3.538
-1.434
-0.998
-4.318
-2.748
-0.169
-3.380
-4.060
-2.953
-2.109
-1.607
-4.131
-3.140
-2.101
-1.907
-4.185
-3.804
-0.864
-2.906
-3.750
-3.573
0.476
-1.119
-2.415
-2.820
-2.710
-1.301
-5.029
-3.955
-1.973
-2.713
-3.903
-3.154
-0.958
-0.507
-4.747
-3.916
-0.630
-2.616
-1.590
-1.822
-2.629
-1.720
-2.534
-1.098
-2.051
-3.626
-3.480
-2.217
-2.997
-2.304
-1.454
-2.839
-2.165
-3.928
-3.361
-0.645
-2.234
-3.210
-2.198
-2.333
-2.010
-3.474
-0.408
-1.064
-2.413
-3.232
-0.892
-2.705
-2.167
-3.551
-2.972
-2.326
-3.026
-2.815
-3.704
-1.848
-2.839
-2.254
-3.281
-2.165
-2.264
-1.915
-2.129
-1.520
-3.877
-3.118
-2.430
-1.862
-2.786
-2.599
-2.043
-1.303
-2.581
-3.455
-2.636
-3.082
-1.885
-4.083
-1.501
-3.317
-2.092
-3.018
-1.888
-2.793
-1.325
-3.868
0.200
-1.787
-2.825
-3.372
-1.153
-3.669
-1.023
-2.087
-0.848
-3.511
-1.220
-3.327
-1.115
-2.063
-3.696
-1.829
-3.506
-2.201
-3.042
-1.641
-2.581
-0.595
-2.444
-1.577
-3.794
-1.988
-3.445
-4.056
-3.119
-2.123
-3.879
-1.815
-3.544
-4.433
-2.642
-4.483
-2.112
-2.874
-0.880
-4.264
-1.847
-2.782
-1.725
-3.503
-1.165
-3.506
-2.187
-2.315
-1.197
-4.148
-2.993
-3.051
-0.921
-3.017
-1.470
-3.071
-1.011
-0.980
-0.176
-0.204
-0.608
-2.338
0.169
-2.413
-1.139
-1.676
1.149
-2.660
0.202
-1.050
0.047
-3.005
-1.803
-5.079
-1.887
-2.873
-2.503
-3.577
-3.225
-1.738
-2.280
-3.681
-2.328
-2.677
-2.606
-2.104
-3.314
-2.917
-2.692
-3.655
-3.404
-4.304
-3.623
