-23.982
-17.048
-19.018
-19.597
-21.185
-20.470
-22.421
-22.137
-23.861
-21.369
-29.934
-22.061
-24.331
-24.202
-26.161
-21.212
-26.097
-16.549
-16.637
-15.099
-22.752
-22.588
-27.507
-18.059
-28.678
-21.098
-25.212
-20.448
-19.646
-17.233
-34.440
-21.858
-21.178
-10.746
-33.839
-22.075
-20.336
-18.628
-22.371
-19.312
-12.615
-8.881
-7.820
-20.839
-14.618
-18.677
-10.887
-17.541
-15.039
-16.648
-16.895
-15.448
-23.553
-16.399
-22.492
-23.618
-15.663
-18.244
-17.308
-24.684
-13.328
-18.944
-12.828
-19.106
-13.018
-17.977
-16.801
-18.438
-11.318
-15.338
-7.142
-12.015
-9.972
-11.547
-11.824
-16.678
-13.427
-20.047
-5.566
-4.871
-18.694
-23.784
-21.475
-10.432
-9.065
-20.466
-11.310
-10.894
-10.981
-20.969
-21.780
-15.644
-11.654
-22.151
-19.831
-20.247
-17.926
-20.240
-16.989
-16.216
-11.717
-22.554
-8.586
-14.080
-10.033
-22.705
-14.871
-14.118
-17.283
-31.751
-28.777
-8.891
-11.684
-24.740
-20.089
-16.496
-11.645
-23.936
-10.997
-14.120
-9.901
-20.128
-16.891
-14.520
-7.943
-20.376
-15.755
-23.435
-6.953
-21.495
-14.074
-23.501
-8.063
-21.457
-17.296
-18.586
-5.945
-17.275
-13.125
-17.483
-5.302
-16.611
-8.946
-15.930
-6.960
-23.450
-20.369
-21.846
-8.113
-28.746
-27.531
-20.707
-10.984
-18.657
-22.576
-14.281
-6.878
-19.335
-7.180
-15.879
-2.586
-20.145
-15.781
-19.929
-6.416
-17.411
-7.840
-15.008
-0.128
-20.815
-10.341
-19.215
-5.647
-20.580
-15.105
-18.887
-4.598
-20.568
-20.237
-14.658
-6.670
-15.523
-12.714
-15.679
-5.842
-14.668
-9.796
-15.442
-12.246
-18.779
-22.083
-13.701
-3.384
-18.020
-16.987
-14.080
-3.897
-15.536
-11.551
-22.624
-9.459
-6.460
-11.574
-8.724
-18.377
-17.844
-21.358
-12.180
-13.473
-9.935
-15.625
-14.479
-11.813
-12.276
-25.676
-9.592
-11.328
-13.753
-15.504
-3.357
-14.271
-9.994
-16.074
-8.994
-9.786
-16.337
-20.884
-4.985
-13.125
-15.782
-20.282
-8.193
-9.410
-12.411
-17.316
-10.196
-15.552
-13.950
-19.101
-10.677
-16.450
-10.893
-18.954
-16.958
-9.652
-8.369
-16.693
-8.322
-5.306
-6.653
-17.949
-8.943
-4.347
1.031
-7.950
-4.813
-12.892
-13.329
-15.383
-11.513
-7.481
-5.331
-19.245
-9.741
-9.222
-3.365
-15.909
-9.416
-9.740
-8.454
-19.388
-12.756
-16.750
-11.131
-17.208
-17.942
-8.921
-5.309
-13.022
-7.050
-16.970
-12.803
-6.580
-2.782
-4.336
-4.141
-1.654
-3.139
-12.758
-6.710
-5.983
-6.757
-8.941
-12.262
-4.502
-0.930
-9.611
-8.316
-7.397
-0.662
-12.371
-9.370
-6.385
-1.540
-8.549
-9.139
-13.885
-4.063
-20.118
-12.145
-8.629
-4.525
-19.388
-14.912
-11.694
-5.840
-8.705
-7.103
-11.018
-2.859
-9.727
-11.677
-14.120
-6.348
-9.528
-7.769
-11.685
-1.464
-7.421
-7.425
-12.760
-6.972
-8.019
-11.743
-14.471
-5.979
-12.594
-13.011
-16.263
-7.754
-13.264
-13.406
-14.316
-7.578
-12.086
-7.119
-6.866
-2.170
-10.689
-14.559
-14.063
-6.672
-12.129
-11.912
-11.291
-6.777
-21.462
-14.326
-15.075
-7.164
1.808
-3.018
-8.038
-3.002
0.555
1.004
-11.639
-2.944
-2.490
-6.888
-15.751
-11.987
-2.881
-10.340
-14.285
-10.265
-0.596
2.102
-6.026
0.740
-3.705
-1.971
-8.796
-6.125
-4.714
-7.951
-11.903
-6.971
-7.595
-5.288
-14.761
-8.326
0.298
-0.318
-11.412
-5.909
-12.929
-8.851
-22.610
-15.620
-19.098
-13.726
-26.180
-16.845
-15.100
-25.189
-18.285
-13.951
-27.109
-15.638
-12.132
-28.520
-16.991
-15.904
-26.534
-21.852
-17.675
-28.714
-15.142
-12.162
-22.768
-19.936
-12.163
-21.271
-19.020
-16.318
-23.025
-13.123
-16.746
-31.857
-10.396
-5.581
-21.763
-0.058
-3.611
-28.685
-6.666
-6.261
-22.525
-1.490
-3.835
-25.909
-11.854
-9.542
-25.534
-4.813
-3.977
-20.273
-10.660
-5.595
-20.055
-4.048
-5.823
-24.571
-8.117
-2.876
-31.270
0.191
-2.365
-26.886
1.437
-5.660
-24.765
-11.564
-11.797
-22.781
-8.618
-9.878
-24.256
-2.720
-5.668
-20.572
-9.322
-11.219
-24.169
-5.411
-4.339
-19.587
-12.467
-11.491
-26.492
-20.415
-13.597
-9.850
-4.560
-4.055
-24.594
-0.147
-3.681
-18.456
-3.053
-7.806
-7.931
0.594
-2.741
-6.357
1.963
-9.975
-2.083
-1.122
-6.414
-8.367
-0.543
-5.572
-2.072
-7.307
-7.732
-12.627
-0.445
-8.243
-11.684
-2.319
-9.567
-8.295
2.772
-2.329
-6.459
4.268
-7.271
-5.667
-8.433
-12.827
-2.418
-11.952
-13.156
-4.025
-11.858
-13.096
-2.949
-5.357
-10.094
-3.356
-11.920
-12.111
-2.711
-7.593
-16.804
-5.546
-8.383
-14.179
-6.247
-6.850
-14.678
-1.210
-8.303
-8.514
-0.954
-11.256
-11.272
-4.013
0.166
-4.314
-4.231
4.213
-7.181
-7.237
3.789
-9.638
-3.063
-1.880
-9.854
-7.470
0.863
-2.895
-5.973
-1.364
-5.826
-10.050
1.752
-1.792
-4.215
-3.895
-2.859
1.412
1.452
-6.233
-2.879
-8.432
-3.106
-2.205
-18.421
-19.784
-12.431
-24.468
-21.697
-23.413
-16.731
-9.126
-28.281
-28.583
-25.846
-22.954
-7.755
-22.462
-25.896
-21.613
-18.504
-10.082
-21.325
-19.959
-18.495
-15.965
-13.646
-25.126
-21.713
-27.264
-20.667
-10.346
-23.662
-26.862
-15.811
-13.643
-9.548
-25.835
-18.653
-14.518
-7.560
-5.054
-20.148
-16.978
-16.640
-18.643
-10.728
-28.588
-21.759
-21.761
-16.647
-9.287
-19.415
-23.702
-19.308
-16.825
-8.273
-12.625
-25.006
-25.268
-16.971
-13.608
-17.241
-27.975
-22.052
-16.383
-15.558
-15.222
-20.786
-23.474
-15.600
-9.987
-16.142
-20.856
-21.536
-20.898
-12.105
-17.486
-27.242
-24.440
-19.678
-14.329
-19.049
-32.168
-22.991
-15.373
-11.598
-16.452
-21.192
-20.561
-17.679
-13.175
-12.917
-26.087
-22.761
-21.124
-12.439
-14.813
-29.286
-31.700
-20.247
-11.108
-20.937
-33.234
-21.513
-11.080
-5.905
-22.034
-18.242
-20.807
-17.157
-9.238
-29.388
-8.406
-22.513
-26.490
-13.058
-27.370
-12.554
-24.999
-19.174
-13.711
-34.645
-15.636
-15.177
-20.352
-9.554
-26.874
-9.926
-21.347
-20.075
-6.217
-28.662
-6.725
-20.847
-14.928
-8.596
-19.763
-10.013
-25.748
-18.194
-9.373
-28.179
-13.897
-21.065
-15.251
-7.723
-22.974
-11.100
-27.869
-23.394
-5.787
-28.123
-20.706
-20.669
-14.362
-9.227
-15.097
-15.758
-21.120
-12.048
-5.955
-14.719
-17.736
-18.523
-9.772
-7.037
-11.581
-17.855
-24.160
-15.477
-5.341
-18.567
-11.154
-15.195
-17.413
-7.359
-19.921
-14.644
-15.100
-10.158
-7.943
-12.895
-14.842
-20.776
-17.399
-10.818
-29.143
-26.471
-20.414
-13.175
-8.476
-16.899
-11.475
-19.407
-16.676
-4.256
-21.717
-17.356
-14.143
-12.877
-5.023
-13.688
-10.242
-21.425
-29.597
-14.000
-21.753
-31.377
-22.171
-25.505
-14.924
-21.631
-37.591
-15.127
-18.889
-10.095
-12.873
-24.185
-20.167
-25.088
-15.626
-27.478
-33.276
-13.247
-17.052
-5.206
-14.956
-24.071
-19.891
-17.039
-11.618
-19.550
-24.898
-17.540
-12.048
-5.099
-19.550
-24.599
-17.172
-21.278
-15.092
-20.208
-27.176
-25.251
-25.133
-15.497
-23.996
-33.392
-19.705
-23.905
-14.375
-20.264
-33.473
-5.508
-2.057
-19.735
-2.889
-21.791
-1.639
-2.814
-24.683
-13.415
-24.533
-3.684
-1.164
-18.309
-9.633
-21.242
-10.253
-3.539
-24.440
-8.717
-24.570
-11.449
-4.849
-25.759
-3.353
-16.826
-2.905
-3.544
-22.667
-6.055
-25.304
-0.678
-2.127
-22.661
-7.346
-22.735
-12.858
-2.078
-13.309
-9.067
-17.095
-0.498
-4.512
-23.029
-10.428
-21.230
-5.200
-1.245
-20.605
-5.262
-10.183
-24.667
-17.974
-32.445
-8.694
-15.784
-23.527
-15.764
-27.131
-11.418
-17.563
-26.172
-14.703
-30.314
-15.772
-13.284
-25.960
-22.551
-34.140
-15.624
-16.637
-24.545
-10.619
-30.755
-8.960
-18.408
-21.060
-19.588
-29.758
-15.398
-17.166
-23.497
-12.025
-27.513
-15.943
-13.776
-18.809
-14.559
-24.278
-3.287
-20.246
-22.063
-19.497
-28.964
-14.105
-15.989
-25.560
-22.722
-35.284
-18.683
-32.533
-7.932
-15.107
-21.831
-22.675
-30.434
-3.390
-14.149
-23.533
-18.406
-31.326
-5.998
-16.731
-26.113
-21.132
-29.521
-7.968
-15.082
-28.215
-23.295
-28.654
-4.007
-10.134
-32.418
-18.975
-31.129
-5.333
-18.573
-24.495
-19.456
-34.290
-5.797
-8.072
-14.967
-17.815
-20.880
-9.342
-10.026
-24.558
-18.840
-28.774
-10.939
-12.379
-27.867
-22.434
-31.135
-8.588
-7.087
-21.694
-18.612
-25.955
-19.108
-5.841
-19.162
-18.785
-12.409
-9.457
-2.648
-25.215
-20.625
-24.640
-15.462
-1.868
-24.702
-20.147
-16.059
-12.252
-5.433
-22.005
-19.797
-24.059
-8.624
-7.612
-19.505
-13.726
-14.122
-7.601
3.720
-23.406
-17.090
-18.001
-13.052
-2.215
-21.621
-17.020
-18.036
-5.737
-6.165
-27.834
-19.626
-24.506
-15.330
-9.253
-31.287
-21.772
-22.198
-13.150
-10.218
-29.140
-19.053
-25.469
-12.953
-0.055
-6.873
-20.206
-26.292
-8.789
-0.420
-5.768
-20.080
-20.032
-8.967
0.137
-6.739
-22.186
-24.116
-9.855
3.176
-2.280
-19.017
-20.105
-8.979
-2.790
-10.631
-19.455
-28.443
-4.514
-3.045
-13.037
-22.914
-27.271
-5.105
-7.593
-15.933
-17.522
-22.646
-8.356
-1.028
-14.034
-18.497
-27.154
-13.329
-4.691
-12.878
-19.577
-27.916
-18.727
-2.097
-10.604
-23.131
-27.428
-17.154
-20.038
-17.160
-18.025
-27.257
-25.655
-11.119
-26.540
-21.603
-13.796
-28.760
-19.208
-26.439
-25.547
-20.197
-19.171
-22.966
-20.723
-25.612
-17.449
-16.097
-19.428
-17.339
-19.151
-24.002
-22.470
-20.649
-17.343
-22.593
-21.609
-35.340
-22.597
-16.334
-38.362
-25.407
-24.274
-33.775
-23.042
-16.909
-32.313
-21.227
-16.783
-35.696
-25.260
-16.957
-31.551
-23.166
-18.652
-36.047
-26.864
-14.799
-37.895
-30.248
-21.493
-38.319
-21.893
-20.736
-32.543
-17.607
-11.236
-22.560
-32.028
-16.495
-21.988
-34.493
-23.261
-19.137
-27.720
-17.003
-16.388
-26.612
-15.817
-22.804
-21.532
-18.483
-13.964
-28.803
-18.582
-19.071
-30.973
-20.654
-20.919
-27.033
-19.191
-21.746
-31.958
-23.931
-20.763
-30.338
-22.626
-9.253
-14.564
-27.680
-11.006
-13.910
-24.553
-14.242
-13.718
-25.708
-4.872
-16.240
-23.599
-10.371
-13.863
-27.684
-8.732
-9.378
-21.383
-10.379
-9.228
-24.505
-7.185
-12.581
-26.508
-9.920
-5.597
-23.472
-4.763
-10.712
-23.226
-20.382
-16.680
-19.501
-16.015
-12.321
-20.997
-8.863
-13.848
-22.205
-14.993
-21.449
-24.690
-18.722
-15.030
-16.787
-9.798
-18.898
-22.559
-17.326
-13.121
-12.311
-15.457
-14.944
-13.547
-16.207
-17.196
-19.560
-22.519
-11.324
-20.313
-17.820
-15.890
-18.489
-13.018
-15.163
-17.461
-17.021
-11.111
-19.636
-18.066
-12.718
-22.518
-12.227
-14.671
-23.745
-14.424
-14.423
-23.080
-17.775
-3.573
-22.784
-18.362
-4.589
-24.389
-19.072
-13.463
-23.429
-8.920
-8.610
-22.833
