5.839
13.278
4.455
9.775
10.260
10.633
4.931
12.206
5.308
9.215
13.184
12.424
12.228
-5.381
9.824
11.441
9.171
7.032
2.507
9.399
12.938
12.264
6.911
11.223
14.581
12.384
11.739
12.924
11.496
12.234
10.045
14.180
9.026
9.141
13.163
4.233
2.424
17.382
11.537
8.516
14.954
12.375
9.497
13.127
11.268
11.982
10.561
8.617
9.574
2.335
15.227
10.405
5.294
7.179
0.042
4.102
-8.649
12.436
9.809
5.413
-0.542
-2.796
-5.609
1.231
3.511
3.866
1.489
-1.906
2.305
-0.871
6.735
0.283
7.052
4.326
-5.300
6.198
-4.683
2.657
-10.501
5.799
8.112
8.161
0.046
-2.192
6.533
3.527
4.907
1.623
7.026
6.263
4.099
11.721
7.236
4.322
13.559
9.713
4.293
2.650
8.221
8.900
6.991
6.347
7.498
7.839
3.889
2.045
1.007
7.117
2.561
1.040
7.323
9.135
6.804
6.388
7.440
5.242
9.178
4.293
8.753
8.612
4.341
-0.799
1.434
5.689
3.941
0.654
4.596
0.624
6.060
5.042
1.416
6.918
10.946
6.919
9.703
3.732
9.702
13.807
6.564
7.411
9.132
0.086
9.690
0.962
-11.378
6.880
-17.964
8.339
-26.109
6.959
10.146
7.372
3.366
1.285
9.598
7.956
6.498
5.287
5.271
7.759
6.699
6.362
6.123
0.971
5.095
10.487
2.698
7.859
7.102
4.978
8.156
4.301
1.533
0.577
1.705
5.521
4.243
5.209
-0.059
8.477
5.677
10.567
12.353
11.007
12.031
14.637
9.238
12.509
11.148
4.262
-9.034
1.485
5.734
5.663
7.260
5.398
6.418
6.171
-0.437
0.619
10.335
17.787
7.819
7.960
9.239
10.332
14.728
14.414
16.857
11.529
5.759
10.106
6.330
9.977
9.646
7.419
9.128
7.948
8.661
7.963
11.909
16.763
10.175
10.701
10.609
7.007
13.117
3.350
2.726
16.033
12.638
13.488
12.426
9.410
14.612
12.183
12.018
13.679
17.750
18.270
7.195
6.998
2.535
5.451
8.470
9.155
10.390
9.517
7.471
11.048
16.435
12.884
18.240
8.309
16.740
19.861
11.337
12.452
12.334
2.300
9.332
6.439
12.449
8.218
13.418
11.855
12.924
11.269
7.200
5.979
9.491
14.299
11.904
7.487
10.972
10.717
10.467
7.891
8.764
10.982
8.574
8.117
14.516
11.934
14.471
14.989
13.664
11.064
6.413
12.287
11.349
9.220
10.164
11.690
12.081
12.546
10.047
4.191
13.058
10.704
10.608
11.942
14.400
-0.336
10.563
11.294
11.693
8.246
4.984
6.272
8.844
5.123
8.348
9.420
1.864
8.314
12.983
13.436
9.965
9.743
12.311
11.693
11.181
9.693
11.316
8.808
6.668
2.681
10.331
6.272
7.962
13.888
7.219
6.199
6.780
10.552
10.404
9.805
7.005
13.787
