-24.484
-21.067
-9.169
-24.963
-13.048
-20.605
-20.257
-19.497
-15.376
-10.165
-15.038
-16.453
-14.071
-10.744
-10.364
-14.379
-15.862
-13.769
-16.399
-13.786
-7.805
-10.515
-12.421
-8.429
-11.063
-6.091
-5.332
-7.303
-8.990
-7.860
-3.259
1.034
-2.030
3.440
-0.769
-6.430
-9.299
0.839
-1.753
-2.943
-11.094
-5.973
-18.758
-11.448
-4.095
-16.304
-12.642
-3.983
-18.222
-15.467
-3.643
-18.372
-15.137
-5.362
-16.869
-14.172
-4.888
-16.702
-11.837
-6.736
-14.659
-9.161
-8.333
-14.006
-9.655
-11.265
-15.082
-11.758
-11.366
-19.346
-9.734
-9.387
-17.340
-6.492
-5.989
-14.755
-12.629
-13.198
-14.918
-5.200
-14.242
-9.986
-12.545
-13.288
-9.264
-12.493
-7.005
-13.987
-15.569
-14.240
-13.664
-5.025
-9.655
-15.810
-10.870
-5.593
-14.641
-9.947
-8.089
-16.450
-20.020
-17.340
-11.691
-22.799
-16.256
-18.368
-22.557
-23.670
-14.567
-21.316
-12.391
-21.060
-20.916
-13.713
-17.345
-18.561
-15.892
-14.213
-27.663
-20.387
-14.031
-19.257
-15.673
-16.935
-24.717
-14.582
-22.513
-17.578
-15.493
-17.776
-21.446
-30.753
-25.085
-13.985
-19.293
-16.735
-19.644
-25.930
-21.728
-15.191
-26.798
-21.396
-14.778
-23.095
-17.828
-16.887
-27.946
-21.441
-14.329
-20.692
-14.046
-15.588
-26.253
-22.577
-15.076
-25.837
-19.693
-14.951
-28.146
-22.565
-3.112
-8.758
-0.362
-1.082
-9.565
1.630
0.925
-8.973
-7.359
-5.551
-11.579
-8.986
-2.526
-5.198
-0.899
-3.400
-9.027
-2.985
1.807
-6.505
1.900
-6.552
-10.856
-1.003
-5.976
-13.458
-1.911
-2.040
-12.379
-4.619
-9.973
-7.902
0.455
-11.224
-11.550
-0.554
-12.369
-13.342
2.194
-9.751
-9.347
2.217
-10.760
-12.560
4.229
-7.847
-7.134
3.003
-11.268
-10.007
5.344
-7.047
-5.961
-0.354
-7.798
-3.061
2.620
-12.856
-9.299
5.770
-6.771
-14.728
-8.124
-1.295
-12.185
-5.410
-2.172
-12.302
-4.109
-6.868
-9.715
-3.304
-1.815
-12.503
-5.607
-4.383
-17.354
-9.954
-0.789
-19.236
-8.405
-1.920
-9.286
-3.111
-5.856
-20.541
-10.143
-5.837
-21.071
-11.999
-0.387
-14.503
-0.769
-0.329
-9.403
1.151
-0.053
-12.239
-6.630
-9.623
-12.364
-4.342
-2.613
-10.237
-2.316
-2.262
-10.078
-4.018
3.047
-6.711
-2.787
-1.876
-6.993
-0.368
-3.503
-16.063
-3.758
-0.385
-3.717
4.647
-2.134
-24.768
-11.858
-28.316
-14.556
-19.447
-3.586
-18.261
-7.166
-12.981
-5.703
-20.665
-6.377
-20.102
-3.452
-20.607
-3.304
-23.430
-5.588
-25.380
-4.742
-20.547
2.656
-25.763
-4.537
-30.232
-1.863
-25.224
-5.352
-24.580
-4.482
-26.111
-2.578
-25.050
-4.145
-24.048
-6.869
-26.425
-5.514
-28.348
-29.087
-17.140
-22.600
-15.483
-26.841
-14.689
-22.760
-13.119
-18.801
-13.078
-22.284
-11.668
-23.121
-16.001
-23.905
-14.738
-26.746
-13.750
-20.820
-19.317
-11.276
-7.148
-13.154
-6.296
-14.669
-9.676
-9.785
-10.002
-12.836
-12.210
-7.911
-6.462
-15.464
-9.361
-13.674
-3.808
-8.516
-8.157
-16.636
-14.418
-5.178
-9.135
-6.821
-5.278
-6.509
-8.616
-2.722
-5.609
-0.424
-13.758
-1.849
-5.865
-1.415
-6.063
-3.914
-10.559
-7.901
-9.492
-6.672
-7.540
-7.431
-11.832
-4.062
-6.430
-11.730
-2.904
-8.875
-9.853
-5.714
-10.213
-11.137
-8.021
-4.370
-5.222
-6.420
-9.702
-10.036
-4.682
-3.274
-10.066
-22.876
-4.999
-21.140
-21.238
-21.531
-14.814
-28.534
-25.299
-21.137
-10.624
-22.148
-17.209
-23.933
-15.589
-27.225
-25.911
-20.572
-14.395
-30.063
-20.503
-23.208
-11.687
-22.914
-24.382
-21.983
-18.358
-30.140
-24.984
-17.455
-9.259
-20.880
-19.416
-18.938
-10.940
-23.337
-19.268
-17.812
-7.426
-24.702
-19.103
-26.899
-25.784
-26.418
-31.372
-22.515
-19.128
-25.458
-31.830
-23.745
-19.389
-13.729
-25.928
-23.400
-17.034
-20.150
-29.994
-17.282
-14.567
-10.514
-22.965
-19.748
-20.499
-21.319
-30.626
-16.982
-10.157
-20.296
-24.851
-18.370
-18.615
-10.205
-29.395
-20.871
-24.655
-24.309
-33.896
-20.597
-12.658
-21.858
-23.545
-11.133
-18.817
-2.688
-18.926
-12.117
-25.249
-8.683
-11.764
-16.603
-26.714
-8.779
-23.710
-14.224
-17.841
-6.889
-19.194
-18.021
-19.235
-9.599
-18.630
-7.940
-19.834
-7.513
-22.078
-15.362
-17.523
-7.946
-16.623
-12.835
-22.549
-12.341
-19.093
-9.932
-19.992
-8.847
-12.233
-18.811
-19.087
-9.469
-21.026
-17.756
-4.958
-11.013
-17.840
-20.762
-4.999
-9.792
-10.276
-28.576
-10.598
-10.429
-19.245
-27.261
-10.123
-9.518
-21.809
-21.123
-6.793
-3.048
-12.253
-26.940
-9.277
-13.913
-19.393
-28.988
-7.422
-9.791
-19.819
-24.186
-7.477
-5.330
-16.214
-21.020
-6.691
-8.094
-17.868
-23.363
-10.896
-15.976
-20.051
-12.359
-14.839
-13.524
-13.134
-12.583
-10.976
-6.898
-11.090
-11.827
-21.432
-10.664
-13.274
-11.059
-17.411
-10.179
-13.379
-9.163
-17.499
-6.273
-14.366
-14.941
-15.393
-11.258
-15.467
-12.191
-15.930
-6.853
-17.946
-19.290
-25.587
-6.027
-16.578
-18.313
-18.062
-5.482
-25.332
-8.808
-21.531
-9.139
-16.323
-17.389
-9.532
-25.085
-21.527
-22.895
-23.090
-24.957
-28.105
-26.347
-15.487
-25.707
-23.765
-11.372
-14.857
-22.533
-27.552
-24.530
-9.628
-22.815
-17.401
-21.795
-9.260
-19.983
-18.522
-24.308
-17.726
-26.193
-27.859
-18.495
-18.165
-23.756
-22.996
-24.905
-10.487
-24.871
-21.972
-24.416
-13.234
-20.768
-15.368
-18.888
-23.066
-14.103
-17.163
-20.326
-21.358
-10.079
-10.822
-25.139
-28.797
-11.071
-21.720
-15.200
-23.366
-15.065
-16.657
-24.046
-19.575
-9.295
-15.225
-14.845
-22.762
-14.306
-20.415
-16.941
-17.468
-14.905
-20.159
-22.242
-20.996
-13.923
-19.707
-14.680
-23.002
-14.699
-21.627
-22.001
-23.918
-15.066
-15.871
-19.423
-12.459
-18.701
-15.379
-19.582
-11.409
-21.266
-16.257
-26.140
-11.213
-16.469
-10.287
-18.774
-11.093
-21.494
-11.646
-22.323
-13.958
-21.222
-10.544
-21.042
-12.283
-19.342
-11.197
-14.128
-7.517
-20.706
-12.139
-21.681
-6.806
-18.318
-16.297
-25.101
-8.281
-15.242
-13.477
-24.966
-13.163
-20.247
-18.298
-12.857
-25.643
-11.773
-30.225
-8.606
-14.978
-17.774
-25.606
-9.798
-25.853
-16.134
-32.028
-16.325
-20.590
-12.466
-31.369
-10.157
-20.112
-17.789
-24.386
-15.105
-17.628
-11.100
-27.852
-11.757
-21.360
-15.102
-28.359
-9.325
-16.705
-10.691
-33.136
-19.677
-23.749
-13.841
-29.313
-16.089
-18.983
-16.346
-21.545
-10.332
-16.320
-24.373
-24.903
-8.978
-13.804
-24.815
-23.616
-11.980
-14.078
-21.199
-24.970
-22.419
-18.740
-24.501
-25.573
-11.206
-15.446
-27.082
-23.608
-10.629
-14.138
-28.293
-14.472
-12.375
-8.958
-20.634
-17.189
-16.216
-13.795
-22.869
-25.003
-9.457
-17.510
-24.565
-23.069
-15.533
-19.136
-24.843
-25.677
-23.248
-13.129
-17.025
-8.699
-13.314
-3.282
-20.243
-11.183
-20.469
-9.387
-22.754
-13.797
-26.156
-9.640
-25.556
-10.847
-26.321
-16.163
-25.880
-10.492
-14.299
-7.206
-18.954
-13.321
-15.112
-15.861
-18.484
-4.434
-9.467
-12.081
-19.761
-14.560
-15.106
-17.477
-23.979
-17.216
-20.901
-10.311
-17.225
-14.742
-26.094
-16.094
-23.664
-13.098
-25.076
-16.694
-28.561
-19.759
-16.625
-13.092
-24.112
-16.107
-23.889
-16.955
-28.014
-13.573
-28.184
-16.083
-20.557
-19.139
-15.074
-15.692
-14.581
-18.644
-10.165
-7.993
-11.955
-15.855
-15.937
-11.938
-11.675
-15.078
-8.470
-11.950
-13.663
-10.236
-11.899
-13.416
-16.266
-11.698
-9.667
-13.745
-17.074
-14.356
-19.911
-11.604
-21.394
-17.764
-16.401
-13.623
-13.984
-15.549
-15.424
-9.929
-15.860
-15.605
-14.235
-10.208
-21.720
-20.616
-15.467
-15.580
-20.489
-17.263
-19.708
-9.559
-9.313
-14.404
-14.897
-15.749
-18.359
-14.799
-14.584
-16.382
-18.305
-11.494
-14.342
-17.056
-9.095
-7.197
