1.586
6.382
2.663
4.740
4.679
5.339
2.647
6.411
3.979
5.090
8.973
7.143
7.990
3.147
7.705
9.114
4.792
6.612
6.839
7.631
6.372
5.628
3.199
4.871
7.940
8.083
6.108
6.379
6.737
6.061
5.726
7.391
5.213
5.017
6.986
3.091
3.104
9.510
7.400
5.741
7.813
6.876
4.636
6.239
7.100
5.563
6.210
6.220
5.705
2.637
7.031
6.453
4.495
5.466
2.407
3.569
-1.953
7.187
6.411
4.954
0.961
-0.386
-2.068
2.021
3.384
3.596
2.176
0.146
2.664
0.765
5.257
1.301
5.451
3.780
-2.121
4.928
-1.743
2.757
-5.309
4.683
6.090
6.120
1.086
-0.301
5.110
3.246
4.102
2.065
5.416
4.942
4.236
7.586
5.605
3.485
8.564
6.966
3.849
3.051
6.289
6.635
4.137
3.225
4.193
4.890
2.929
2.196
1.457
4.258
2.157
1.482
5.605
6.725
5.284
5.027
5.677
4.319
6.751
3.732
6.489
6.402
3.724
0.508
1.905
4.567
3.473
1.417
3.883
1.399
4.799
4.162
1.915
4.891
5.791
4.013
6.355
1.923
5.560
7.454
4.420
2.798
5.236
1.731
5.632
2.145
-3.349
4.580
-7.316
4.169
-9.240
4.377
7.347
5.655
3.211
1.941
7.013
6.011
5.122
4.383
4.373
5.891
5.202
4.991
4.842
1.626
4.201
7.567
2.704
5.926
5.454
4.128
6.109
3.691
1.955
1.356
2.063
4.456
3.655
4.261
0.957
6.310
2.609
6.417
6.640
5.180
6.704
5.719
3.634
5.347
4.596
2.489
-4.690
1.918
4.587
4.542
5.545
4.375
5.016
4.861
0.711
1.373
5.158
8.563
7.503
5.536
6.570
6.584
7.910
6.983
8.351
7.659
5.434
7.067
5.453
7.336
5.480
6.305
4.744
6.060
7.446
6.895
7.554
10.028
7.284
6.587
7.020
5.458
9.139
5.003
4.233
8.910
7.173
8.528
8.229
6.346
8.543
8.070
6.483
6.541
9.448
10.609
5.029
5.189
2.829
4.373
5.773
6.763
6.508
6.820
5.259
7.439
9.245
9.378
9.853
5.116
9.365
10.105
7.503
7.858
6.472
3.427
7.074
4.123
7.291
4.576
8.203
7.568
8.296
6.508
4.445
3.547
7.930
8.850
8.725
6.502
8.150
7.897
7.649
6.829
7.160
7.119
5.470
4.104
7.414
5.081
9.294
7.633
6.723
8.502
6.548
5.989
7.506
6.561
6.275
5.639
7.676
7.693
7.567
3.659
7.828
7.392
8.858
8.109
9.785
4.758
6.965
8.872
5.026
7.001
7.926
5.676
5.135
5.379
7.354
7.413
5.990
6.697
7.392
8.884
6.289
8.348
7.361
6.665
6.005
5.713
6.743
6.114
4.771
4.948
6.651
6.593
5.344
8.717
4.644
5.708
5.818
6.633
7.648
6.330
5.528
8.167
