2.945
8.125
4.872
4.311
5.303
4.440
-0.007
7.486
9.414
9.111
5.291
8.246
5.387
-0.770
1.970
3.112
6.158
1.669
0.122
3.162
8.205
3.449
8.136
6.528
6.691
8.034
6.845
7.801
8.869
5.722
5.221
6.073
4.889
4.128
2.711
3.242
2.568
7.871
4.545
4.918
11.019
10.185
13.352
12.395
11.647
14.079
13.147
12.900
13.248
11.798
9.166
10.911
7.149
9.039
7.625
7.668
4.032
13.439
7.691
12.491
8.290
10.886
9.383
11.303
8.957
8.395
10.780
10.383
10.060
11.605
7.949
8.838
6.341
5.602
3.932
6.347
6.412
7.023
8.033
11.231
6.497
5.700
5.803
4.023
4.926
5.185
6.114
5.625
6.006
5.021
11.727
10.435
10.918
7.911
8.502
9.441
5.830
9.274
8.802
8.944
13.257
11.424
14.144
11.949
13.079
13.213
15.032
14.081
12.223
12.357
9.985
11.715
8.969
7.042
11.090
13.945
6.881
7.779
8.503
11.780
8.316
7.032
4.505
6.296
5.923
-0.505
8.225
1.418
6.864
4.639
6.515
8.119
9.142
9.302
6.093
6.696
10.100
3.769
5.172
4.472
6.499
8.016
5.622
3.691
5.912
6.826
4.979
4.543
7.808
3.576
10.373
10.723
9.586
5.287
5.040
10.938
8.222
10.408
9.192
7.893
9.361
7.625
6.662
6.680
6.509
9.433
8.265
7.861
6.464
5.743
6.260
6.196
2.776
8.149
4.205
4.100
8.566
4.925
3.174
4.273
-0.034
7.992
6.883
6.448
6.872
5.851
3.109
5.421
3.971
0.393
-2.183
3.524
6.007
6.122
5.175
8.342
4.167
6.914
2.678
3.227
2.571
8.243
1.767
-0.598
5.270
1.563
8.997
10.476
6.746
9.327
3.667
5.545
4.629
6.046
5.479
5.073
3.437
7.516
5.586
7.490
3.045
5.128
5.460
1.031
6.124
4.290
2.228
2.668
3.691
4.072
-0.137
2.761
2.323
4.253
6.119
5.971
4.163
6.218
5.618
8.756
9.272
6.047
7.099
6.510
7.483
10.336
5.543
8.486
7.834
5.146
7.869
6.954
8.605
6.327
8.747
10.601
3.855
5.109
6.261
1.778
6.383
4.640
5.416
7.769
7.040
9.133
6.598
6.854
5.696
2.330
4.260
7.720
6.497
6.526
3.719
3.082
6.581
4.101
6.226
6.996
8.090
4.632
6.599
8.146
5.478
7.800
6.650
7.333
4.017
3.857
6.076
8.919
7.080
5.018
7.370
8.492
5.010
3.517
8.555
6.250
4.227
8.759
6.524
-2.712
4.619
1.410
4.508
2.512
1.891
3.759
7.218
4.616
3.160
2.456
3.210
5.562
4.295
5.196
3.594
6.849
6.521
5.557
6.149
3.609
5.478
2.344
5.812
5.309
4.362
3.285
3.031
7.018
1.660
2.155
4.761
8.773
1.439
4.890
2.676
5.836
