-9.556
-4.963
-6.154
-10.395
-5.354
-6.088
-8.929
-5.104
-6.655
-5.660
-5.560
-4.309
-7.005
-4.523
-4.588
-5.238
-7.431
-6.096
-5.061
-6.531
-1.328
-2.957
-2.222
-4.072
-3.018
3.028
-1.950
0.752
-3.078
-1.371
-0.063
0.430
-0.573
-2.382
-0.010
-2.063
-1.343
0.187
0.676
-0.645
1.540
2.494
0.801
3.589
5.641
2.133
4.354
5.256
3.701
5.382
6.191
5.147
2.609
4.629
-0.038
4.987
5.224
2.456
3.012
5.478
3.083
5.589
7.080
4.112
5.237
5.634
5.398
2.696
4.123
3.040
3.302
0.994
0.585
8.233
3.451
6.467
4.880
0.057
3.309
9.434
2.771
7.175
5.234
4.647
7.130
4.607
2.369
5.422
0.806
-0.014
3.117
10.285
6.048
7.618
4.760
1.564
2.817
7.216
5.907
6.397
-0.667
1.646
1.579
2.004
6.116
4.650
1.070
4.143
1.965
1.389
4.103
4.293
1.517
5.115
1.322
-0.035
3.286
1.451
1.884
5.330
4.147
3.269
6.509
6.642
-0.689
3.247
2.054
3.105
4.919
4.540
5.049
0.254
3.585
4.999
1.969
4.089
5.202
-0.140
1.853
3.930
2.362
5.404
2.539
0.805
3.184
5.356
0.783
4.550
3.575
-0.009
2.786
4.068
-0.462
2.287
4.986
1.313
5.507
7.468
2.970
6.776
9.421
9.540
13.218
7.559
5.695
11.091
9.943
6.615
12.630
5.457
4.041
8.656
8.482
8.540
10.850
5.918
3.486
10.030
9.671
7.996
14.623
9.063
7.359
13.243
7.489
5.799
10.995
9.114
5.154
11.455
7.290
5.054
4.707
4.977
3.471
3.851
4.840
3.945
4.248
6.167
4.225
3.119
3.151
1.548
1.089
4.213
3.773
4.429
-1.544
-1.185
2.239
5.020
3.803
3.785
3.768
4.263
4.641
3.907
4.879
4.977
6.629
7.310
1.632
6.026
6.924
1.293
7.886
6.756
3.059
7.865
7.558
1.703
8.210
8.240
2.349
4.644
6.930
1.390
9.235
11.271
3.422
9.525
11.055
3.844
5.565
9.146
1.987
6.816
7.439
1.211
4.848
7.275
3.117
8.265
7.491
3.204
8.390
6.729
2.242
3.427
4.259
1.613
7.888
7.933
3.914
9.594
12.101
5.261
7.043
6.106
1.978
5.410
7.420
1.921
4.908
6.289
2.527
7.374
8.073
4.579
5.306
-0.170
9.312
2.551
6.128
-0.187
10.595
3.022
3.612
-1.124
0.721
-4.995
10.211
2.066
-0.571
-6.299
5.173
-0.373
3.741
-1.781
3.166
-0.047
3.683
1.027
3.040
-1.168
5.459
0.648
4.420
-4.826
3.665
-1.590
6.357
0.065
1.154
-5.103
2.127
-1.786
1.702
-6.520
1.159
-2.672
2.049
-3.592
-0.618
-1.906
3.085
-0.686
3.823
-1.173
1.412
-2.262
-0.868
-4.860
0.715
-2.850
1.481
-3.003
-0.884
-2.794
4.785
1.932
3.847
2.974
3.403
2.683
-0.261
0.133
1.564
-1.843
5.455
4.010
2.794
1.665
4.889
3.105
4.155
1.231
2.325
-0.440
5.966
2.168
5.290
2.181
3.967
2.436
5.414
4.941
5.591
2.935
5.337
3.638
3.464
2.412
0.116
1.409
2.581
1.199
-1.634
-1.631
3.942
0.767
2.362
0.154
-0.212
-0.587
6.464
0.979
2.566
-1.346
1.063
-0.843
6.735
3.017
0.141
-2.038
1.821
0.552
4.001
0.030
-5.473
-5.792
-9.005
-4.438
-7.095
-6.324
-11.128
-6.817
-8.641
-5.494
-11.187
-7.796
-9.899
-6.946
-11.716
-9.028
-8.539
-7.266
-13.722
-7.334
-8.995
-5.071
-12.893
-7.296
-9.991
-5.740
-12.885
-9.288
-10.008
-6.544
-11.613
-9.405
-8.337
-7.700
-11.873
-7.698
-4.112
-3.843
-7.620
-4.973
-5.484
-8.130
-12.574
-9.141
-1.308
-6.992
-7.914
-9.456
-5.688
-6.792
-4.343
-7.426
-0.417
-8.738
-7.090
-8.719
-6.755
-6.176
-10.194
-8.681
-4.242
-7.164
-8.361
-8.617
-4.676
-5.049
-11.097
-7.886
-4.001
-7.779
-7.746
-8.987
-1.714
-8.896
-7.328
-9.023
-6.324
-5.844
-11.919
-7.824
-3.960
-9.464
-3.501
-6.757
-5.745
-6.869
-5.025
-7.066
-5.652
-8.786
-5.222
-9.658
-9.469
-9.711
-6.874
-10.017
-8.189
-7.505
-7.025
-7.360
-7.756
-8.256
-7.392
-10.103
-6.882
-5.033
-5.462
-6.920
-7.732
-6.822
-5.927
-7.687
-10.135
-8.942
-5.791
-7.154
-7.133
-8.378
-7.209
-7.528
-8.705
-1.544
-5.312
-9.562
-10.939
-4.407
-5.977
-7.229
-12.143
-4.995
-2.132
-10.477
-12.921
-4.657
-7.745
-11.546
-11.801
-3.367
-6.248
-9.242
-10.948
-4.872
-7.113
-11.533
-11.572
-3.513
-7.577
-10.007
-10.339
-3.838
-4.315
-8.935
-10.332
-3.615
-4.093
-11.506
-7.186
-2.339
-8.055
-8.081
-5.500
-8.939
-2.548
-7.676
-7.348
-7.956
-4.086
-4.346
-7.839
-9.266
-5.927
-6.514
-7.347
-7.857
-3.897
-5.936
-3.549
-9.549
-4.065
-5.986
-6.564
-6.586
-3.270
-7.031
-7.381
-7.992
-3.313
-8.753
-5.440
-12.347
-6.688
-9.113
-8.714
-11.735
-4.887
-13.273
-3.343
-5.825
-2.288
-7.139
-3.406
-3.217
-5.245
-7.825
-6.790
-7.260
-8.600
-9.743
-7.525
-5.306
-9.167
-7.890
-5.063
-5.408
-7.986
-10.340
-6.548
-5.839
-9.908
-9.426
-7.896
-5.347
-9.040
-9.110
-8.246
-5.075
-10.585
-10.924
-4.013
-5.245
-9.666
-8.277
-5.030
-4.548
-7.098
-6.849
-6.852
-4.004
-7.978
-9.001
-2.154
-8.216
-2.734
-4.233
-2.565
-9.045
-2.432
-1.285
-6.185
-8.610
-2.572
-2.436
-4.267
-8.448
-3.245
-5.845
-3.359
-9.187
-2.968
-2.379
-2.359
-6.972
-2.004
-1.692
-4.590
-7.319
-5.855
-3.534
-1.779
-7.277
-1.288
-1.821
-1.438
-5.535
-2.500
-1.715
-4.973
-8.673
-2.539
-3.931
-7.437
-5.839
-9.724
-3.361
-7.315
-2.234
-9.462
-5.204
-8.609
-2.578
-10.951
-3.047
-8.062
-2.815
-12.289
-6.233
-10.099
-5.533
-8.792
-2.548
-6.077
-3.937
-10.306
-2.970
-7.676
-4.103
-9.927
-4.770
-4.561
-1.761
-9.863
-3.712
-7.225
-1.706
-10.817
-3.109
-10.074
-4.621
-13.135
-5.517
-3.063
-8.513
-3.674
-6.603
-1.372
-3.411
-6.512
-7.642
-1.078
-4.903
-4.267
-6.648
-4.843
-8.497
-7.028
-9.060
-3.984
-6.103
-3.719
-4.712
-4.071
-4.554
-4.444
-6.925
-3.192
-2.581
-4.732
-6.034
-1.086
-3.543
-3.565
-5.834
-6.315
-3.995
-5.305
-9.511
-4.104
-6.725
-2.704
-5.508
-4.643
-5.884
-14.248
-9.239
-4.415
-2.763
-13.740
-7.105
-3.513
-1.227
-10.406
-3.775
-5.152
-2.389
-11.921
-5.525
-7.954
-4.367
-14.419
-6.229
-7.236
-4.692
-13.073
-7.198
-7.389
-3.674
-13.243
-5.662
-6.141
-4.843
-12.575
-5.005
-2.398
-4.935
-13.002
-4.871
-4.319
-2.195
-11.624
-4.774
-9.183
-3.985
-5.629
-2.298
-4.466
-0.152
-9.100
-4.953
-10.165
-5.640
-8.725
-4.483
-8.470
-2.453
-5.736
-1.956
-10.648
-2.791
-7.370
-4.352
-7.931
-3.831
-7.357
-7.000
-6.766
-0.835
-8.598
-2.449
-4.281
-5.142
-7.980
-2.909
-6.858
-5.412
-10.554
-4.150
-7.581
-3.644
-7.788
-2.712
-11.978
-6.398
-8.689
-4.195
-9.498
-4.724
-9.148
-4.096
-4.937
-3.341
-9.627
-3.210
-8.576
-4.567
-8.762
-4.153
-6.565
-5.359
-10.308
-3.357
-5.089
-5.283
-5.385
-6.156
-2.465
-3.283
-5.509
-6.485
-3.142
-4.083
-5.651
-7.214
-3.557
-4.769
-3.501
-4.827
-2.299
-0.562
-5.799
-5.389
-6.300
-7.006
-4.831
-3.433
-6.144
-2.953
-4.959
-4.734
-6.227
-6.011
-3.390
-4.537
-5.513
-2.338
-5.363
-3.504
-1.777
-2.258
-8.121
-5.051
-3.735
-3.952
-5.724
-2.914
-4.415
-3.861
0.079
-2.004
-5.961
-4.515
-3.174
-1.891
-4.120
-4.292
-4.795
-1.531
-0.525
-2.388
-1.220
-4.520
