-8.360
-7.893
-8.344
-7.460
-4.563
-6.538
-6.290
-6.764
-9.895
-10.651
-8.602
-6.979
-9.245
-8.105
-8.159
-7.833
-10.547
-5.489
-7.370
-5.632
-7.288
-8.025
-8.516
-5.563
-10.214
-6.954
-10.197
-8.122
-7.619
-5.799
-8.092
-7.669
-4.178
-2.985
-7.215
-5.644
-8.295
-4.408
-4.733
-5.716
-2.673
-3.822
-1.885
-5.683
-3.606
-6.610
-2.399
-6.951
-3.100
-8.661
-6.670
-6.628
-3.919
-4.612
-2.490
-8.040
-1.635
-3.898
-4.333
-8.782
-1.596
-4.810
-2.488
-5.448
2.828
-4.128
-0.439
-5.807
-0.233
-6.729
3.069
-1.931
0.731
-4.791
-0.704
-6.606
-0.450
-6.205
-0.776
-4.666
9.346
-1.029
4.982
6.976
4.696
0.811
4.177
2.541
9.985
2.268
7.186
7.591
9.615
3.425
4.260
5.595
10.910
3.134
5.831
10.089
8.976
1.863
6.020
4.701
5.800
-0.171
4.550
3.694
5.673
-2.687
2.215
2.274
10.105
4.116
7.376
8.330
11.994
2.910
8.263
9.051
11.024
2.689
6.890
6.859
8.465
1.203
3.856
2.619
10.208
2.434
5.213
1.852
9.653
3.908
5.761
6.146
6.568
1.219
3.987
1.687
8.765
0.319
4.427
3.010
7.229
1.343
1.828
-0.134
9.855
2.680
5.791
5.377
6.977
2.293
4.457
1.415
8.114
1.846
5.859
4.538
9.387
0.669
4.996
2.999
7.875
1.171
4.511
3.284
11.143
3.054
7.704
6.043
9.022
1.052
4.856
4.305
12.485
2.017
6.054
5.052
10.206
2.279
6.290
3.840
10.060
2.943
6.262
3.831
9.740
-0.208
3.825
1.669
9.165
0.903
4.233
3.958
5.309
-0.023
2.754
-3.812
2.650
3.296
3.896
6.348
5.839
1.959
4.678
10.844
5.157
1.559
4.576
9.224
5.013
1.473
2.873
9.846
5.511
1.503
4.669
9.551
3.712
1.336
1.452
6.858
2.425
-3.928
-0.323
5.101
2.380
-0.258
2.601
6.726
2.754
-1.293
-0.296
6.864
4.308
1.215
3.241
5.502
8.314
12.890
7.336
2.108
7.531
8.972
6.231
3.958
9.174
11.276
6.755
1.988
9.012
8.804
6.273
2.524
7.617
8.770
5.027
1.575
9.536
11.536
5.980
1.903
7.753
11.333
7.035
3.071
5.576
6.109
4.249
0.827
7.061
11.439
7.393
3.001
8.154
11.327
7.283
2.926
3.010
2.456
8.654
2.648
5.640
3.992
9.545
2.883
5.136
5.127
6.462
2.124
7.578
4.165
9.920
3.271
8.074
6.877
9.561
4.037
3.453
3.332
7.629
2.335
8.062
7.275
9.994
4.341
6.636
4.868
10.755
2.061
4.679
3.366
6.266
2.401
8.721
7.438
10.238
3.896
8.745
8.828
6.177
2.312
8.525
8.320
6.467
1.754
10.357
6.460
6.119
1.670
8.467
5.920
5.288
0.797
2.621
2.420
0.616
0.031
9.379
8.043
6.827
1.872
9.223
7.500
7.415
2.617
5.196
4.814
3.406
2.114
8.521
6.983
4.274
1.180
6.593
6.968
5.154
2.107
8.613
7.981
10.216
2.791
7.334
4.725
8.069
2.414
8.711
6.483
10.117
2.834
7.775
4.915
9.074
2.846
6.711
6.186
8.906
3.845
4.965
4.797
7.499
1.316
9.388
3.674
7.278
1.447
6.869
3.845
5.198
2.137
6.357
5.058
6.768
2.371
6.956
4.397
7.762
2.501
3.084
-1.659
-2.050
2.673
-4.044
-2.636
1.978
-2.331
-3.840
3.584
-2.893
-1.825
1.533
-3.571
-2.481
-0.072
-5.250
-6.176
3.347
-3.145
0.171
5.037
-0.623
0.263
3.018
-1.180
-1.728
1.987
-2.508
-5.085
6.629
1.296
-0.374
8.560
1.495
-1.090
7.400
-0.113
-0.388
10.619
3.232
2.753
6.597
-0.147
-1.862
8.585
2.623
0.081
4.770
0.002
-1.709
1.575
-2.375
-5.729
11.369
2.032
-0.152
4.577
1.651
-5.470
7.409
0.352
0.311
8.147
0.512
3.533
8.816
0.907
1.239
4.131
-0.785
-2.463
5.358
-3.356
-1.206
7.742
-0.773
-0.507
4.487
-3.314
-1.357
1.758
-2.618
-1.770
9.356
1.292
2.175
4.552
-2.022
-1.882
4.249
-0.423
-1.385
7.243
1.925
0.639
3.543
-0.462
-0.357
0.078
-0.779
-3.352
4.388
0.425
0.728
4.257
0.552
-1.321
3.835
1.283
-1.215
9.857
4.635
1.549
5.844
3.118
0.345
8.947
3.643
2.028
-0.081
-2.609
0.352
4.784
0.017
0.755
4.850
0.941
1.209
1.894
-3.287
-1.129
4.084
1.254
0.467
2.909
-3.645
-1.443
2.775
-1.071
-0.632
2.179
0.007
-3.431
8.041
2.465
2.855
8.708
4.262
3.452
5.818
2.588
-0.570
10.835
5.688
2.730
6.429
1.545
0.605
5.403
-0.146
-1.433
5.966
3.027
0.238
4.697
1.574
0.908
9.753
5.844
3.883
8.213
3.140
2.745
6.628
2.607
0.891
3.778
1.338
-1.628
-9.143
-6.768
-6.802
-11.206
-8.616
-10.785
-7.389
-6.584
-12.483
-11.565
-11.930
-10.268
-8.652
-11.316
-11.868
-9.960
-8.378
-5.517
-12.249
-10.627
-8.954
-9.300
-7.152
-12.961
-8.924
-13.100
-9.697
-10.356
-12.907
-12.020
-8.220
-7.288
-7.016
-9.773
-7.145
-7.430
-5.078
-4.353
-8.307
-6.354
-7.658
-5.361
-6.167
-13.621
-7.551
-8.764
-6.031
-6.071
-10.866
-9.011
-10.684
-9.454
-9.577
-10.304
-10.200
-14.467
-8.988
-10.049
-8.716
-10.555
-12.146
-7.993
-6.703
-7.358
-9.596
-11.492
-7.686
-6.920
-7.804
-8.055
-13.571
-9.304
-10.255
-11.647
-11.786
-13.831
-8.775
-8.476
-10.305
-9.608
-10.032
-10.185
-8.206
-10.267
-8.529
-7.794
-7.341
-7.149
-7.094
-9.243
-8.357
-7.356
-4.688
-7.634
-6.714
-11.775
-7.811
-7.795
-8.890
-10.362
-5.754
-2.641
-2.317
-9.234
-4.965
-7.796
-6.207
-3.525
-10.952
-4.987
-8.409
-7.361
-4.678
-12.958
-3.199
-5.755
-2.618
-3.413
-11.827
-2.584
-4.311
-8.356
-1.388
-11.853
-4.890
-8.542
-5.206
-3.004
-9.832
-5.457
-5.171
-5.898
-3.356
-11.459
-4.058
-7.087
-5.743
-5.388
-9.989
-5.551
-4.780
-4.496
-2.280
-9.460
-2.581
-11.675
-8.432
-6.377
-17.039
-9.106
-12.623
-8.254
-9.752
-7.956
-5.899
-7.031
-7.083
-6.904
-8.236
-5.943
-6.955
-7.233
-7.431
-6.404
-7.420
-10.240
-6.278
-7.560
-8.481
-7.336
-7.177
-6.927
-6.846
-7.616
-6.639
-6.070
-5.600
-5.047
-4.468
-4.528
-7.712
-12.026
-7.705
-13.896
-10.010
-7.750
-5.959
-6.134
-6.541
-3.972
-8.792
-6.689
-6.340
-10.847
-5.358
-10.530
-6.330
-7.160
-9.333
-3.871
-6.341
-9.647
-7.550
-9.010
-8.735
-4.090
-5.940
-4.770
-4.270
-6.635
-7.057
-8.453
-3.368
-6.283
-8.933
-7.074
-7.176
-4.800
-8.592
-9.557
-5.854
-7.692
-1.546
-4.733
-5.924
-6.328
-9.985
-4.739
-5.655
-8.523
-7.354
-4.624
-3.278
-8.083
-7.939
-8.545
-9.129
-6.909
-5.671
-8.348
-5.123
-4.666
-3.498
-6.377
-7.063
-7.319
-6.988
-3.116
-11.795
-9.855
-0.483
1.354
-7.625
-0.972
-2.198
-0.355
-0.052
-7.130
-2.805
-8.731
-0.525
3.002
-7.637
-0.886
-5.075
-3.416
-1.667
-11.293
-1.301
-6.471
-4.386
-0.576
-9.877
-0.051
-3.844
-1.806
-0.584
-7.163
-0.768
-6.023
-1.496
-0.997
-9.129
-0.305
-6.611
-1.253
1.081
-6.655
-0.895
-3.662
-0.107
-0.012
-8.543
-1.702
-6.324
-1.431
-3.418
-8.429
-1.914
-5.873
-9.910
-6.638
-11.082
-6.306
-6.900
-6.451
-4.826
-10.592
-2.847
-3.553
-7.989
-7.639
-10.201
-7.989
-6.801
-7.114
-8.053
-10.467
-6.151
-6.311
-7.612
-3.951
-9.644
-3.388
-2.302
-5.349
-6.870
-10.389
-5.629
-7.000
-9.780
-7.940
-11.001
-6.065
-5.334
-5.705
-7.219
-11.554
-4.770
-7.918
-8.166
-5.176
-10.990
-5.592
-4.158
-8.367
-5.446
-12.922
-6.636
-7.653
-1.879
-2.264
-2.595
-9.149
-7.290
-2.778
-2.894
-4.509
-7.904
-11.453
-3.172
-6.264
-2.308
-9.393
-10.883
-0.820
-3.098
-5.286
-5.133
-6.702
-0.827
-2.894
-5.553
-4.389
-7.546
-4.962
-6.737
-4.127
-6.991
-10.146
-4.566
-4.354
-3.334
-9.076
-7.824
-3.535
-1.054
-1.811
-4.526
-6.689
0.760
-1.854
-4.664
-4.577
-6.685
-2.845
-4.455
-4.541
-3.473
-7.343
-4.957
-2.569
-10.070
-6.333
-3.726
-0.913
-0.835
-8.751
-6.660
-6.111
-3.577
-1.321
-10.143
-5.907
-4.299
-2.438
-4.122
-8.962
-5.579
-6.076
-8.972
-3.916
-13.117
-4.665
-5.420
-2.279
-1.442
-8.238
-7.007
-2.971
-5.526
-3.382
-8.552
-5.068
-3.712
-1.686
-1.239
-8.339
-5.271
-4.129
-4.489
-0.947
-6.225
-6.355
-3.185
-5.824
-4.236
-8.438
-5.124
-4.017
-1.853
0.268
-2.068
-5.763
-5.304
-2.752
-0.798
-2.242
-3.599
-4.454
-0.722
0.219
-3.673
-5.127
-5.057
-1.162
-1.787
-1.025
-6.949
-6.037
-0.876
-0.283
-1.108
-5.514
-4.863
-1.822
-3.680
-6.527
-5.223
-3.893
-2.889
-2.776
-7.030
-3.995
-5.491
-1.032
0.402
-1.989
-4.503
-2.101
-2.646
0.080
-6.345
-4.156
-5.439
-3.609
-1.266
-5.661
-6.391
-6.192
-5.470
-7.681
-5.228
-7.182
-9.890
-8.609
-4.690
-13.079
-8.254
-6.355
-11.208
-5.853
-6.923
-8.095
-6.954
-5.185
-10.670
-8.673
-8.419
-9.027
-4.019
-5.548
-7.720
-6.860
-4.849
-7.842
-6.791
-2.850
-8.039
-6.817
-15.229
-9.065
-7.388
-9.637
-4.684
-2.437
-12.068
-5.811
-4.098
-14.826
-7.106
-6.708
-12.944
-4.735
-2.164
-13.927
-5.771
-5.825
-13.263
-4.158
-1.775
-11.509
-7.922
-3.997
-13.059
-6.283
-6.041
-13.719
-5.917
-3.073
-7.314
-9.662
-5.875
-9.823
-8.121
-4.004
-7.061
-7.494
-2.919
-7.671
-6.103
-2.423
-6.247
-7.261
-3.613
-7.691
-9.271
-4.791
-6.380
-9.233
-1.354
-8.290
-9.026
-4.126
-6.961
-5.528
-4.748
-7.325
-8.150
-2.640
-2.960
-2.849
-4.831
-2.643
-3.178
-4.483
-3.861
-2.345
-5.249
-1.842
-2.751
-6.208
-2.347
-4.075
-6.154
-0.363
-1.978
-4.313
-2.723
-3.758
-6.452
-2.545
-1.475
-4.584
-2.630
0.173
-2.383
-3.559
-3.675
-5.438
-4.251
-7.834
-8.031
-3.310
-5.251
-6.649
-4.728
-6.130
-6.848
-5.066
-4.672
-6.957
-5.883
-2.915
-5.301
-3.197
-6.686
-7.537
-4.901
-5.679
-6.161
-5.939
-6.144
-7.860
-5.084
-6.529
-7.844
-7.948
-5.667
-5.282
-6.145
-5.143
-8.759
-3.685
-1.776
-7.892
-7.447
-2.182
-5.305
-6.474
-3.988
-7.677
-5.071
-2.526
-8.923
-7.126
-4.051
-8.532
-8.632
-1.215
-6.538
-9.582
-3.764
-7.692
-9.434
-4.827
-7.446
-6.338
-3.154
-7.710
