0.804
4.716
3.034
2.606
3.174
2.467
0.181
4.248
6.394
5.521
4.341
5.754
4.461
0.436
2.255
2.858
3.734
2.369
1.742
2.427
5.273
1.957
5.257
3.193
3.945
5.697
4.160
4.378
5.321
2.492
4.207
5.461
3.577
3.902
2.223
2.919
1.970
6.897
4.860
5.219
6.370
6.507
8.096
7.377
7.608
9.001
7.873
6.908
7.680
7.080
5.527
6.545
4.439
5.008
4.438
4.799
2.389
7.692
4.312
7.590
4.258
5.763
5.209
4.308
4.417
4.653
4.484
3.493
5.761
5.830
3.136
4.776
2.723
2.870
2.424
4.054
3.081
3.031
3.989
4.837
6.300
5.664
5.733
3.904
4.480
5.257
5.939
5.338
5.930
4.859
4.288
4.524
3.730
2.314
4.253
3.065
3.322
3.557
3.993
3.096
6.640
5.415
7.665
5.698
6.900
6.231
6.597
6.552
5.570
5.070
5.495
5.722
2.939
4.021
5.529
7.464
2.726
3.436
5.069
5.995
4.892
3.884
2.332
2.263
4.233
-2.298
4.777
0.048
3.671
2.874
6.051
4.037
6.036
4.334
6.604
4.600
4.363
5.197
3.378
2.562
2.890
2.923
2.180
1.383
2.071
4.068
2.234
2.528
4.072
2.154
5.199
5.376
5.429
4.087
3.456
5.324
4.297
4.669
4.232
4.072
5.518
3.791
4.533
3.649
3.284
5.439
4.558
5.126
4.206
4.245
4.270
2.489
2.263
3.668
2.292
2.057
3.834
3.670
1.426
3.057
1.241
5.747
4.819
5.671
4.559
3.720
2.026
3.994
2.955
1.103
-1.231
3.001
3.999
3.694
3.506
5.941
2.855
4.747
2.668
1.210
3.068
7.220
2.992
0.591
4.432
2.643
6.988
8.407
6.239
7.886
3.439
5.400
4.454
5.609
5.267
5.288
4.373
6.970
5.679
6.611
4.471
4.971
5.608
2.836
5.514
4.274
3.762
4.013
3.962
4.475
-1.027
2.254
3.384
2.011
4.164
5.245
3.498
4.948
4.170
6.608
6.284
3.842
4.242
3.499
3.930
6.605
3.259
5.077
4.860
2.647
6.034
6.023
7.667
5.614
6.702
8.164
4.140
3.708
5.207
0.765
5.753
4.829
5.343
7.143
6.574
8.204
5.590
6.165
6.208
3.266
4.211
6.148
5.462
5.298
4.472
3.898
5.967
4.500
5.585
5.945
7.046
3.878
5.651
6.913
5.311
6.937
5.602
5.329
3.680
4.210
4.902
4.965
4.844
2.854
4.668
6.006
3.665
3.304
5.242
3.619
4.083
6.141
6.193
-1.115
3.379
3.100
4.441
2.277
2.212
2.876
5.085
4.798
2.984
1.626
2.826
4.343
4.080
4.579
2.052
6.099
4.467
2.947
3.673
0.532
2.558
0.835
3.541
3.680
1.493
2.612
2.161
4.460
1.328
1.832
3.897
5.548
0.748
3.140
1.919
4.317
