-6.914
-3.075
-4.709
-7.624
-2.860
-4.356
-5.743
-3.004
-3.725
-3.079
-4.845
-3.605
-4.986
-3.562
-3.363
-4.312
-5.444
-3.896
-2.732
-3.923
-1.018
-1.568
-1.199
-3.136
-2.872
1.254
-1.569
0.489
-2.057
-1.703
-0.208
0.598
0.470
-0.823
0.636
-1.105
-1.513
0.081
0.643
1.636
-0.906
0.963
-2.451
1.176
3.849
-0.044
0.146
3.208
-1.027
0.332
3.271
-0.643
0.580
3.574
-1.641
0.373
2.511
-2.689
-0.806
3.183
-1.413
1.386
4.088
-0.328
0.344
2.600
0.301
0.598
2.783
-0.826
0.487
0.488
-1.612
1.901
1.931
1.547
2.444
-1.121
-0.262
2.846
0.379
1.707
1.304
2.170
1.788
0.450
1.548
2.122
-1.471
-0.209
0.603
3.142
2.988
2.280
0.331
0.649
-0.260
1.616
2.996
0.991
-2.659
0.175
-0.601
-0.311
2.818
0.672
-0.321
2.024
-0.372
-0.764
1.033
0.309
-0.328
2.842
-1.185
-1.177
1.477
-1.653
-0.100
2.034
-0.081
0.680
2.606
0.534
-1.966
1.166
-1.812
1.013
2.756
0.496
0.740
-0.995
2.727
-0.262
0.234
3.281
0.178
-1.707
0.585
1.724
0.500
3.230
-1.136
-0.577
1.730
-0.244
-0.354
2.709
0.246
-0.971
2.015
0.263
-1.247
1.703
0.064
-0.108
2.971
0.793
0.516
3.894
4.813
2.105
2.892
3.102
0.533
2.366
4.746
1.364
1.502
1.579
-0.082
0.871
3.493
2.263
1.643
1.623
-0.890
2.205
3.960
1.190
3.642
2.402
0.794
2.422
2.314
0.728
2.397
4.484
-0.853
0.900
2.805
0.092
4.437
0.418
-1.597
3.455
1.446
-0.185
3.948
2.877
0.026
2.882
0.789
-2.276
0.145
1.963
-0.901
4.255
-1.476
-3.277
1.713
0.840
-0.657
3.661
1.962
-0.215
4.546
1.480
1.550
4.813
1.697
-1.790
0.599
0.939
-1.896
0.275
2.118
-1.742
2.239
1.902
-1.885
0.322
2.769
-0.927
1.248
-0.033
-3.092
0.298
1.852
-0.991
2.470
2.806
1.047
3.078
0.361
-1.738
0.879
0.985
-1.843
-0.087
2.735
0.228
2.649
4.154
1.146
2.699
3.633
-1.610
1.527
1.041
0.406
0.950
3.883
1.183
3.382
4.947
2.070
4.949
3.266
0.086
1.429
1.609
1.597
1.161
1.930
-0.432
2.066
3.247
-0.548
4.374
2.527
-1.939
3.106
-0.076
1.113
-0.723
2.927
-0.163
0.873
-1.047
-0.583
-3.623
2.280
-0.167
-1.464
-6.159
2.930
-2.042
0.086
-2.805
1.635
-1.148
1.405
-0.616
0.818
-2.465
2.402
-1.655
2.337
-4.230
1.374
-2.094
3.318
-1.844
0.569
-4.724
0.398
-2.281
1.000
-5.616
-2.985
-3.723
-3.032
-4.920
-4.674
-3.115
-0.882
-0.705
-0.560
-1.897
-2.180
-3.667
-4.129
-4.985
-2.810
-3.598
-2.575
-4.254
-2.540
-3.310
0.792
0.808
0.149
0.589
-0.375
0.182
-1.525
-0.013
-0.948
-2.577
-0.111
1.304
-0.599
-1.303
0.460
0.288
0.529
-0.615
-1.756
-2.457
1.466
-0.027
1.177
0.676
0.027
0.580
0.182
2.082
1.458
0.642
0.325
1.154
0.642
0.742
-3.018
0.024
-0.357
0.333
-1.944
-0.942
0.754
0.249
-2.113
-2.030
-1.936
-1.637
-0.477
-0.833
-0.134
-2.367
-2.121
0.059
0.693
0.223
-0.984
-1.267
-1.792
-0.788
0.428
-0.557
-3.840
-4.037
-5.682
-3.620
-4.767
-4.423
-7.895
-4.643
-5.721
-2.759
-7.546
-5.567
-5.447
-5.214
-7.434
-6.375
-6.016
-6.415
-9.487
-5.738
-5.387
-5.095
-8.014
-5.553
-6.450
-4.968
-8.557
-7.751
-6.147
-3.931
-7.517
-6.455
-4.883
-4.944
-7.748
-5.890
-2.551
-2.129
-4.957
-3.929
-2.921
-6.074
-7.443
-7.071
-0.467
-4.596
-4.712
-7.128
-2.497
-4.583
-1.530
-5.217
0.590
-5.853
-3.504
-6.129
-3.624
-5.445
-5.453
-6.536
-1.919
-5.738
-4.327
-6.645
-3.065
-3.571
-6.216
-5.669
-2.192
-5.385
-4.011
-6.329
-0.558
-5.836
-4.186
-6.760
-3.518
-3.645
-6.702
-5.936
-1.626
-5.223
-2.564
-3.323
-2.955
-5.599
-3.434
-3.549
-2.481
-5.219
-2.620
-5.412
-5.035
-5.989
-4.804
-5.307
-4.711
-4.886
-4.760
-4.400
-4.027
-4.291
-4.429
-5.849
-4.477
-4.260
-3.835
-4.350
-4.612
-5.436
-3.916
-4.208
-5.896
-6.310
-4.648
-4.351
-4.180
-5.983
-5.180
-4.624
-7.086
-0.982
-1.796
-6.896
-8.788
-2.642
-2.127
-4.734
-8.127
-3.155
-0.092
-7.227
-9.538
-2.800
-3.504
-8.132
-8.982
-2.137
-2.729
-6.168
-7.688
-2.974
-2.936
-7.558
-9.446
-1.558
-2.843
-6.591
-7.668
-2.891
-0.997
-5.730
-6.994
-2.315
-0.695
-7.322
-4.822
-2.269
-3.517
-5.424
-1.314
-6.835
-2.804
-4.378
-3.141
-5.287
-3.248
-2.141
-3.835
-6.927
-4.457
-4.799
-2.895
-4.321
-2.649
-2.704
-0.676
-7.003
-2.716
-4.186
-3.300
-4.435
-2.890
-5.172
-3.101
-5.509
-2.318
-6.635
-2.133
-9.049
-4.946
-6.152
-4.807
-9.550
-4.119
-10.375
-0.833
-4.510
-2.251
-4.795
-1.319
-1.379
-4.027
-6.300
-4.052
-5.418
-7.455
-8.678
-4.579
-5.065
-7.715
-7.000
-1.868
-4.257
-6.524
-9.264
-3.786
-5.034
-8.788
-8.980
-4.256
-3.903
-7.850
-8.362
-5.198
-3.536
-8.684
-9.553
-1.404
-4.241
-8.096
-8.062
-2.703
-4.381
-6.539
-6.929
-4.225
-4.076
-7.400
-8.831
-1.213
-6.475
-1.886
-4.001
-1.481
-7.555
-1.821
-1.360
-4.816
-7.724
-2.031
-2.997
-2.833
-8.128
-3.069
-5.991
-2.371
-7.468
-2.211
-2.231
-1.432
-5.578
-2.152
-2.581
-3.190
-7.332
-4.784
-4.118
-0.987
-6.369
-1.369
-2.509
-0.840
-4.292
-2.375
-2.925
-2.986
-8.947
-1.660
-3.903
-5.736
-4.386
-9.917
-2.465
-6.094
-1.102
-8.036
-4.099
-6.705
-2.314
-8.974
-1.957
-6.312
-1.705
-9.822
-4.246
-7.786
-3.631
-8.290
-1.436
-5.185
-3.292
-9.409
-2.285
-5.505
-2.836
-8.625
-3.091
-2.964
-2.149
-8.901
-2.645
-5.433
-0.892
-8.829
-2.197
-7.427
-2.729
-11.369
-3.051
-2.279
-7.260
-2.623
-5.839
-0.665
-1.896
-5.597
-6.180
-1.674
-3.933
-3.794
-6.822
-3.815
-6.481
-5.331
-7.833
-3.111
-4.520
-3.109
-4.393
-3.413
-4.179
-3.859
-6.827
-2.610
-2.942
-4.038
-6.936
-1.609
-1.791
-3.394
-5.845
-5.217
-2.770
-3.715
-8.378
-2.916
-6.065
-2.042
-5.355
-2.433
-5.115
-11.535
-7.445
-2.843
-3.034
-11.753
-5.851
-1.652
-2.474
-8.344
-3.686
-3.343
-3.054
-9.083
-4.570
-5.103
-3.475
-12.084
-4.285
-4.439
-3.587
-11.536
-4.847
-5.086
-3.962
-11.195
-4.174
-4.283
-3.982
-11.490
-4.104
-1.128
-4.373
-10.012
-4.381
-3.553
-2.907
-10.653
-3.981
-8.350
-3.471
-4.716
-2.001
-4.341
0.123
-7.716
-3.782
-8.478
-3.519
-7.421
-2.784
-7.501
-1.456
-5.357
-0.924
-8.314
-0.841
-6.329
-1.674
-5.676
-1.431
-6.350
-4.429
-5.503
-0.973
-6.917
-0.328
-4.064
-3.143
-6.211
-0.865
-5.171
-3.713
-8.820
-1.782
-7.036
-1.004
-5.350
-1.202
-7.747
-4.105
-6.387
-2.595
-6.640
-2.730
-5.306
-2.683
-3.078
-1.832
-5.827
-1.678
-6.400
-3.016
-7.152
-3.041
-4.186
-3.350
-7.150
-3.281
-3.282
-4.671
-2.952
-5.096
-0.272
-2.602
-3.663
-5.703
-1.758
-3.388
-2.833
-6.550
-1.182
-4.326
-1.294
-3.712
-1.256
-0.949
-3.009
-4.427
-5.699
-6.259
-4.333
-2.940
-4.913
-2.100
-6.546
-4.194
-6.262
-6.560
-3.758
-5.212
-4.219
-1.929
-5.912
-2.602
-2.387
-2.329
-7.298
-3.782
-2.227
-2.641
-3.958
-1.761
-2.744
-1.830
0.717
-1.305
-3.383
-2.683
-2.341
-1.429
-3.121
-3.850
-3.085
-0.856
-0.360
-2.155
0.294
-2.502
