-6.204
-5.970
-6.419
-4.041
-2.628
-5.163
-4.718
-5.251
-6.222
-5.570
-6.750
-5.485
-7.315
-5.322
-5.505
-6.114
-8.126
-3.087
-4.621
-4.726
-5.402
-6.223
-6.337
-4.613
-5.432
-4.526
-5.755
-6.101
-3.693
-4.078
-5.975
-5.913
-2.474
-1.615
-4.264
-4.620
-4.616
-3.236
-2.206
-4.439
-1.342
-3.159
-1.956
-4.872
-2.180
-4.919
-1.592
-7.205
-3.386
-9.142
-4.179
-5.365
-2.303
-3.657
-2.073
-5.847
-1.263
-3.465
-3.806
-7.088
-1.591
-3.463
-1.813
-2.277
2.342
-2.344
-0.577
-3.199
-0.032
-4.044
2.255
-0.341
0.502
-3.466
0.419
-3.276
0.712
-3.183
0.125
-1.930
1.482
-2.708
1.773
2.497
0.682
-0.392
2.325
2.038
1.303
-0.105
2.146
1.839
2.846
0.312
1.607
0.918
0.240
0.006
1.473
1.143
1.536
0.002
2.720
2.031
-0.053
-1.317
1.792
0.100
0.274
-2.932
1.069
1.054
0.963
0.819
2.870
2.069
1.095
0.035
2.785
2.434
1.859
0.374
3.527
2.361
2.495
-0.220
1.719
0.206
2.354
-0.190
1.879
-1.465
1.111
0.779
2.958
1.109
0.542
0.042
1.696
-1.416
0.615
-0.482
2.363
-0.479
0.961
-0.868
0.176
-2.535
2.416
-0.049
2.832
0.667
0.201
-0.199
1.429
-1.062
1.679
0.534
3.064
0.419
3.031
-0.961
2.078
-0.724
3.202
-0.153
2.003
-0.073
3.881
0.767
3.744
0.407
1.345
-0.673
2.000
0.694
4.301
-0.205
2.511
1.257
2.723
-0.155
3.205
0.817
2.596
0.335
2.609
0.782
2.594
-1.292
1.240
-0.187
2.405
-0.599
1.965
0.979
1.020
-0.818
0.501
-3.559
-0.183
1.888
2.726
-0.116
-0.756
0.268
2.129
1.721
-0.022
-0.073
2.354
3.105
-0.841
-0.594
0.234
1.349
-0.491
-0.372
1.478
0.476
-0.881
-0.317
0.696
0.847
-1.490
-3.757
-1.075
0.508
-0.194
-0.687
1.388
0.398
-1.215
-1.740
-0.286
0.202
-0.784
-0.299
0.974
-0.941
3.350
3.479
-0.450
1.008
2.607
2.883
0.134
3.476
2.775
2.812
-1.542
0.916
2.816
2.023
-0.215
1.819
2.033
1.209
-1.360
0.554
2.969
2.736
-2.067
0.681
2.286
3.092
0.547
2.364
1.192
0.494
-1.597
-0.143
2.449
3.082
0.232
2.032
2.440
2.865
-0.642
1.951
0.383
-2.006
1.755
1.858
1.952
-0.513
2.218
2.307
2.063
0.335
1.796
1.557
1.899
-0.744
2.347
2.842
2.506
0.414
1.065
3.622
0.903
-0.833
1.913
1.705
2.627
1.063
2.370
4.093
1.860
-1.602
2.542
1.116
0.397
-0.575
0.441
1.993
3.096
0.702
2.182
3.397
2.372
1.713
-0.519
1.608
2.809
3.081
0.850
0.894
3.420
-0.208
-0.554
0.657
1.682
-0.439
-2.626
-0.318
-0.560
-1.268
-1.259
-0.701
1.969
1.085
0.202
0.821
3.293
1.816
0.271
2.002
1.697
0.778
-0.172
1.610
1.837
-0.584
-2.766
-0.126
0.753
1.986
-0.283
1.363
4.242
3.085
2.071
2.195
3.534
0.694
-0.031
1.850
4.326
2.159
-0.116
2.076
3.947
0.854
0.083
2.289
3.871
2.170
1.821
3.511
2.137
1.540
0.877
0.510
3.613
0.428
-1.409
0.449
3.835
0.279
-0.726
1.407
2.831
0.979
-1.204
1.740
4.328
0.555
-0.600
1.865
-3.460
-3.030
-2.912
-1.329
-4.478
-2.887
-0.486
-2.696
-3.868
-3.018
-3.882
-3.165
-2.009
-3.216
-2.814
-4.366
-5.207
-5.881
-2.284
-4.186
-1.205
-1.542
-2.376
-0.479
-2.545
-2.414
-2.570
-0.540
-2.877
-2.928
0.829
0.132
-1.528
2.685
-0.958
-2.095
2.219
0.176
-1.839
2.890
0.849
-0.312
0.336
-1.912
-2.799
2.309
1.002
-2.309
-0.180
-0.341
-2.734
-2.623
-2.771
-3.991
3.196
0.102
-2.292
-0.414
-0.089
-5.036
1.476
-0.504
-0.698
0.317
-0.616
0.767
1.647
-0.215
0.005
0.576
-0.242
-1.813
-0.908
-4.551
-2.530
0.274
-1.663
-1.346
-1.904
-3.692
-1.307
-2.180
-1.573
-0.605
1.749
1.045
-0.141
0.335
-1.386
-1.361
0.708
-1.352
-1.412
1.972
-0.134
-0.505
0.733
-1.837
-0.238
-2.024
-0.951
-2.221
0.868
-0.558
0.807
1.647
0.426
-0.801
1.572
-0.659
-1.032
3.141
0.512
0.601
0.541
-0.828
-0.610
3.018
1.045
0.706
-3.234
-1.841
-0.061
-0.487
-0.881
0.703
-1.694
-0.819
1.238
0.052
-3.643
-1.109
-2.301
-0.681
0.106
-0.099
-3.396
-0.400
-1.289
-1.367
-0.111
-2.254
-2.694
-2.899
1.831
0.424
1.548
0.547
0.894
2.812
1.531
0.971
-1.009
3.679
2.358
1.353
2.350
-0.468
-0.048
2.299
-0.210
-1.533
2.252
1.503
-0.734
1.037
-0.166
-0.183
3.846
1.953
2.464
1.259
0.495
1.053
2.044
-0.048
0.483
0.459
0.756
-1.235
-6.689
-4.866
-4.501
-8.312
-6.142
-7.322
-5.150
-4.906
-7.853
-7.633
-8.024
-7.095
-5.281
-7.583
-7.433
-6.525
-4.986
-4.261
-8.400
-7.898
-6.693
-7.131
-4.150
-9.432
-6.505
-9.523
-7.773
-7.705
-8.835
-8.707
-5.765
-5.100
-4.309
-6.085
-4.057
-5.055
-2.761
-2.578
-5.305
-4.890
-5.473
-3.220
-4.141
-9.778
-5.128
-6.129
-4.489
-3.687
-6.922
-7.073
-7.697
-7.153
-6.994
-6.206
-8.871
-9.684
-6.030
-7.835
-5.275
-8.635
-7.561
-5.723
-5.048
-3.761
-6.835
-8.599
-6.308
-5.953
-4.827
-7.505
-8.895
-6.855
-7.148
-6.765
-9.109
-9.670
-7.145
-6.202
-6.043
-8.272
-6.950
-7.170
-6.574
-6.634
-7.447
-5.488
-5.948
-6.023
-4.488
-7.415
-5.504
-5.192
-4.758
-4.543
-5.615
-8.642
-6.928
-5.779
-5.452
-9.576
-4.335
-1.578
-2.332
-6.738
-3.153
-5.406
-3.468
-2.368
-7.623
-2.359
-5.893
-5.499
-3.171
-9.046
-1.919
-4.352
-2.582
-2.747
-8.550
-1.777
-2.597
-6.730
-0.428
-8.299
-2.994
-5.635
-4.038
-2.063
-7.107
-3.349
-3.728
-4.501
-1.276
-8.216
-2.110
-4.828
-3.955
-3.206
-7.040
-2.926
-3.372
-3.176
-1.465
-6.958
-1.262
-7.615
-6.140
-2.928
-11.940
-6.030
-8.669
-5.705
-7.057
-4.556
-3.871
-4.602
-3.859
-5.514
-4.545
-3.241
-4.212
-4.767
-5.163
-2.731
-4.463
-6.297
-4.663
-4.929
-5.345
-4.745
-3.943
-4.998
-5.248
-4.576
-4.042
-2.937
-4.365
-4.056
-1.623
-2.686
-5.129
-9.527
-6.621
-9.429
-7.892
-4.890
-3.949
-4.738
-3.198
-2.420
-5.264
-3.867
-4.409
-6.563
-3.297
-6.581
-3.203
-5.209
-5.271
-2.791
-3.221
-7.456
-5.472
-4.493
-6.487
-2.900
-4.136
-4.036
-2.106
-5.379
-4.745
-5.217
-2.322
-3.063
-6.910
-4.973
-4.895
-3.840
-5.211
-7.430
-3.845
-5.264
-0.655
-2.191
-4.487
-3.700
-6.790
-4.104
-2.089
-5.703
-4.470
-2.707
-1.594
-4.272
-5.505
-6.065
-6.457
-5.336
-3.193
-6.397
-4.001
-3.047
-3.253
-3.990
-5.685
-5.184
-5.158
-3.360
-7.427
-8.071
0.804
1.468
-5.932
-0.584
-2.607
1.490
-1.000
-5.484
-2.244
-7.143
0.737
2.354
-6.568
-0.747
-4.588
-0.819
-1.692
-8.862
-1.425
-5.384
-1.869
0.231
-7.246
0.638
-2.656
0.185
0.086
-5.374
-0.507
-5.036
0.597
-0.743
-8.045
-0.023
-6.271
0.687
-0.163
-5.244
-0.869
-3.999
1.961
-0.773
-5.773
-1.518
-4.716
0.517
-2.666
-7.340
-1.272
-5.369
-7.458
-5.866
-9.763
-4.346
-6.468
-4.762
-4.508
-10.350
-1.616
-3.939
-5.977
-5.788
-7.602
-6.206
-5.885
-4.983
-6.347
-8.821
-4.874
-6.789
-5.257
-3.162
-8.969
-1.409
-3.015
-3.576
-5.547
-8.607
-4.099
-6.706
-6.311
-5.669
-8.303
-3.608
-4.595
-4.221
-7.202
-9.142
-3.656
-7.929
-6.143
-3.861
-9.650
-3.738
-3.927
-5.840
-4.973
-10.912
-4.764
-7.328
-0.360
-1.911
-1.521
-7.570
-7.062
-0.287
-4.119
-3.946
-7.689
-11.044
-0.977
-4.609
-2.095
-7.373
-10.004
0.565
-3.606
-4.814
-4.537
-6.658
0.662
-2.934
-5.674
-3.667
-7.765
-2.075
-5.867
-3.911
-4.683
-8.434
-1.976
-4.742
-3.376
-7.275
-7.200
-1.738
-2.608
-1.638
-5.067
-7.704
1.729
-2.942
-3.621
-4.004
-7.255
-0.568
-3.736
-3.830
-2.373
-7.137
-3.370
-0.947
-8.213
-4.326
-3.725
0.257
-1.173
-6.646
-5.214
-4.829
-2.515
-0.238
-7.218
-5.458
-3.311
-1.038
-1.346
-6.119
-3.957
-4.573
-5.859
-2.280
-10.052
-2.980
-3.577
-0.453
-0.299
-5.665
-4.785
-2.212
-2.880
-1.269
-6.792
-3.694
-2.785
0.048
-0.780
-6.025
-4.958
-4.029
-2.839
-0.398
-4.417
-5.250
-2.762
-2.976
-1.372
-6.561
-3.899
-3.391
0.011
0.234
-0.019
-4.530
-4.690
-0.573
-0.683
-1.378
-3.177
-3.901
0.777
1.078
-2.210
-4.550
-4.701
0.356
-1.641
-0.468
-5.349
-5.702
0.844
0.276
0.887
-4.697
-5.185
0.461
-1.281
-4.764
-3.594
-2.999
-0.536
-1.434
-5.396
-3.079
-4.965
0.156
0.389
-1.419
-2.985
-2.449
-0.822
-0.103
-4.257
-3.395
-4.955
-1.022
1.147
-3.456
-4.656
-4.849
-5.086
-5.273
-4.183
-5.360
-6.838
-6.039
-3.301
-8.865
-4.992
-4.691
-7.950
-3.920
-6.806
-5.504
-4.848
-4.117
-8.175
-5.755
-6.844
-5.954
-2.742
-4.965
-4.605
-5.157
-5.041
-5.379
-5.023
-1.531
-5.839
-5.288
-13.253
-7.362
-5.318
-9.229
-4.053
-2.703
-11.637
-4.203
-2.452
-14.530
-5.990
-4.835
-11.200
-3.816
-1.573
-12.978
-5.045
-4.231
-13.239
-3.998
-1.631
-10.634
-5.241
-2.124
-12.688
-5.121
-3.941
-13.236
-5.061
-1.605
-5.410
-7.145
-4.451
-8.977
-5.124
-3.464
-5.591
-5.118
-1.808
-6.039
-4.344
-1.381
-5.190
-4.877
-2.753
-5.489
-6.122
-3.481
-4.527
-6.492
-1.337
-5.828
-5.465
-2.587
-5.842
-3.776
-3.430
-4.594
-5.684
-1.351
-3.349
-2.168
-4.729
-2.388
-2.035
-4.517
-3.497
-2.551
-5.282
-1.544
-2.518
-6.739
-2.996
-3.386
-6.086
-0.838
-1.787
-5.021
-2.473
-3.064
-6.009
-2.940
-1.698
-5.385
-2.845
0.118
-2.980
-2.291
-2.118
-4.828
-4.282
-6.341
-6.404
-3.926
-5.248
-6.120
-4.851
-3.611
-6.069
-3.563
-4.471
-5.732
-4.880
-2.580
-3.891
-2.127
-5.085
-5.805
-4.254
-3.982
-4.653
-5.747
-5.898
-6.755
-3.887
-4.730
-5.441
-5.897
-3.947
-4.761
-5.988
-3.301
-7.560
-3.756
-2.438
-7.244
-7.394
-1.586
-5.176
-5.085
-1.978
-6.944
-5.263
-2.017
-7.772
-6.998
-3.120
-6.914
-7.043
0.312
-5.027
-9.127
-3.129
-7.281
-8.687
-3.138
-7.208
-5.310
-1.622
-7.144
