-4.042
-5.050
-1.630
-4.942
-3.388
-4.072
-2.517
-4.935
-2.877
-5.933
-3.321
-3.975
-4.330
-5.041
-3.118
-6.418
-2.892
-3.504
-1.718
-3.735
-4.792
-2.812
-2.178
-2.101
-5.654
-3.527
-2.944
-3.721
-1.246
-2.264
-3.606
-3.351
-4.315
-1.965
-4.600
-3.293
-3.178
-2.938
-2.693
-4.217
-2.566
-0.687
-0.697
-4.224
-2.528
-2.544
-0.752
-1.975
-1.759
-3.437
-3.286
-1.640
-4.618
-3.337
-3.340
-4.404
-2.341
-4.328
-1.729
-3.211
-0.013
-3.427
-1.931
-2.693
-0.404
-3.394
-1.521
-3.818
-0.600
-3.506
1.568
-1.866
0.275
-2.116
0.439
-2.545
-1.285
-2.596
-1.046
-1.476
-3.311
-4.592
-3.426
-3.276
-1.499
-4.978
-2.774
-1.647
-2.215
-4.984
-4.933
-2.394
-4.297
-3.814
-3.527
-4.027
-4.089
-5.091
-3.798
-1.700
-3.294
-3.680
-1.490
-1.376
-2.691
-1.454
-2.473
-3.266
-3.646
-3.520
-3.067
-0.281
-3.533
-4.278
-4.925
-2.108
-2.651
-4.358
-3.502
-1.849
-0.999
-3.812
-2.766
-3.558
-0.312
-3.577
-4.233
-3.966
-0.506
-4.365
-4.243
-3.932
-0.150
-1.862
-3.161
-4.072
-0.553
-3.353
-3.521
-4.714
-0.264
-3.840
-3.902
-3.387
-0.059
-2.765
-4.762
-4.608
-1.040
-4.078
-4.867
-4.312
-2.856
-3.153
-4.126
-2.511
-1.741
-2.149
-2.380
-2.898
-0.929
-1.986
-0.898
-3.073
-0.928
-3.389
-2.935
-2.640
0.572
-3.157
-2.752
-2.589
0.644
-2.993
-3.691
-1.992
0.883
-3.656
-3.116
-2.556
-1.790
-2.608
-3.139
-1.467
0.069
-1.576
-2.316
-1.708
-1.578
-3.150
-2.414
-2.087
-0.959
-1.641
-3.227
-2.415
-0.526
-2.366
-1.956
-3.036
-2.169
-0.183
-0.296
-2.482
-2.859
-2.334
-0.784
-1.240
-3.397
-3.763
-1.557
-2.569
-3.169
-2.387
-2.987
-1.455
-3.552
-3.325
-1.635
0.568
-4.024
-1.228
-2.463
-1.163
-2.513
-4.247
-2.160
-0.189
-1.403
-2.927
-2.047
1.198
-2.136
-2.844
-2.670
-1.329
-3.657
-2.815
-2.117
-2.201
-2.786
-0.454
-2.500
-4.972
-2.887
-1.967
-3.300
-2.785
-1.953
0.719
-2.167
-1.341
-3.193
-1.241
-2.239
-2.618
-2.023
-2.975
-2.253
-1.972
-2.145
0.116
-2.035
-3.583
-1.945
-2.722
-3.574
-1.638
-1.987
-2.317
-2.349
-1.838
-1.076
0.138
-2.294
-3.436
-3.583
-1.946
-3.127
-3.974
-4.347
-2.680
-0.124
-1.461
-2.179
-1.962
-0.321
-2.966
-3.621
-2.391
-1.160
-2.834
-3.253
-2.705
0.468
-1.439
-1.726
-3.792
-1.466
0.724
-3.903
-2.783
-1.337
-1.434
-3.354
-1.666
-1.786
-2.584
-1.526
-2.123
-0.171
-3.007
-0.913
-2.631
-2.320
-1.556
-1.631
-2.132
-1.559
-0.248
-2.636
-2.635
-2.079
-2.019
-3.387
-1.734
-1.510
-1.296
-2.198
-2.454
-5.439
-1.390
-2.870
-4.885
-2.616
-2.032
-2.375
-5.201
-3.432
-2.579
-3.565
-4.503
-3.646
-3.373
-3.538
-4.836
-1.451
-2.068
-2.361
-2.991
-3.575
-0.239
-2.267
-3.461
-1.489
-1.326
-3.510
-3.048
-3.715
-0.471
-0.344
0.399
-2.850
-2.896
-0.803
0.320
-3.397
-1.917
-0.728
0.347
-5.087
-4.253
0.757
-0.506
-4.654
-3.455
-0.698
0.634
-3.591
-0.325
-2.775
1.113
-3.315
-2.374
-2.047
-3.021
-3.876
-4.786
-0.116
0.086
-4.799
-1.814
0.019
-1.217
-3.510
-2.718
-1.120
-1.730
-5.072
-2.889
-4.054
-2.572
-3.666
-3.309
-3.569
-3.969
-2.355
-3.331
-2.582
-2.506
-3.949
-4.874
-2.875
-4.159
-4.457
-3.280
-3.873
-4.892
-2.801
-2.797
-3.320
-4.957
-3.364
-4.173
-3.255
-1.570
-4.359
-1.771
-2.264
-5.798
-3.069
-1.700
-2.287
1.119
-3.347
-4.463
-1.557
-2.046
-3.161
0.515
-1.282
-3.011
-2.413
-5.272
-3.641
-0.500
-3.033
-4.423
-1.766
-1.558
-3.310
-1.747
-3.888
-3.249
-1.625
-2.225
-2.986
-1.216
-1.902
-4.316
0.823
-4.455
-5.702
1.124
-1.456
-3.424
0.627
-1.368
-1.962
0.541
0.462
-2.270
-2.107
-2.739
-2.427
-0.214
-0.622
-1.535
-1.869
-2.513
-1.256
-1.961
-2.592
-2.056
-0.239
-0.007
-3.038
-0.195
-1.351
-3.015
-0.960
-1.552
-1.846
-0.170
-2.015
-2.785
-0.062
-2.770
-3.103
1.175
-0.543
-2.763
0.535
-3.367
-0.511
-1.964
-0.843
-3.747
-0.544
-1.715
-3.008
0.739
-1.683
-1.653
0.432
-1.077
-1.746
0.720
-3.018
-3.315
-2.254
-3.012
-0.877
-4.304
-4.015
-3.198
-3.801
-5.417
-2.511
-1.392
-3.493
-2.010
-3.724
-4.999
-2.838
-0.502
-3.644
-2.993
-1.190
-4.794
-1.615
-1.644
-3.176
-2.084
-1.904
-4.461
-2.649
-2.550
-4.644
-2.063
-0.369
-3.751
-2.852
0.276
-2.757
-2.036
1.431
-1.696
-0.972
-1.394
-2.929
-2.333
-1.240
-2.371
1.462
0.302
-0.147
-2.169
-0.319
-0.492
-1.418
-1.026
-1.129
0.552
0.188
-2.833
-1.377
-0.873
-1.471
-1.583
-2.788
-3.305
-4.492
-2.452
-2.092
-2.276
-1.635
-2.334
-2.512
-4.917
-3.698
-3.807
-3.616
-1.187
-2.541
-3.076
-2.497
-3.097
-1.908
-3.687
-2.188
-4.711
-3.939
-3.989
-2.682
-3.494
-3.350
-4.491
-2.939
-3.260
-1.392
-3.677
-3.906
-3.311
-2.403
-2.718
0.491
-2.753
-0.427
-3.826
-1.280
-1.334
-3.475
-3.781
-4.005
-2.440
-2.706
-4.320
-0.886
-3.232
-3.775
-3.007
-3.030
-0.054
-1.826
-3.407
-3.358
-3.434
-1.653
-2.373
-2.977
-2.781
-5.332
-0.713
-0.332
-4.438
-3.645
-3.899
-1.801
-2.472
-4.354
-2.958
-4.888
-1.843
-1.355
-2.345
-1.523
-3.064
-1.509
-2.282
-2.985
-3.019
-4.051
-1.149
-0.956
-1.123
-1.573
-3.938
0.610
-2.666
-2.450
-3.301
-2.763
-1.747
-2.784
-4.094
-3.011
-3.751
-1.556
-2.984
-3.281
-2.790
-5.456
-3.339
-2.750
-3.710
-3.011
-3.920
-3.001
-1.688
-4.453
-4.690
-4.518
-3.339
-0.187
-2.772
-2.548
-4.387
-4.475
-3.122
-0.228
-4.666
-1.242
-5.035
-0.918
-3.065
-3.371
-2.822
-4.094
-0.639
-2.313
-4.110
-3.949
-4.708
-3.170
-2.628
-3.303
-3.278
-3.854
-3.284
-3.203
-2.835
-2.744
-3.072
-2.952
-3.389
-3.120
-2.343
-4.850
-2.379
-3.161
-2.335
-6.071
-0.743
-1.311
-3.492
-1.924
-3.635
-2.263
0.307
-3.283
-0.388
-3.436
-1.116
-1.854
-4.167
-4.385
-3.175
-2.278
-0.568
-2.328
-2.670
-3.720
-2.336
-1.480
-0.668
-1.959
-3.744
-0.898
-1.856
-3.062
-3.500
-2.525
-2.927
-2.965
-2.864
-2.091
-3.480
-2.575
-0.049
-3.857
-2.165
-2.361
-3.886
-1.236
-3.932
-2.787
-4.172
-3.462
0.120
-1.335
-4.143
-5.285
-0.943
-4.231
0.097
-3.321
-2.988
-0.337
-3.931
-0.394
-1.652
-1.656
0.010
-2.911
-0.075
-2.294
-3.820
-3.092
-2.432
-0.967
-2.531
-0.182
-0.228
-4.645
-0.687
-2.761
-3.878
-1.273
-2.147
-0.786
0.178
-0.602
-2.854
-5.192
-1.610
-3.381
-4.653
0.264
-3.268
-2.411
-3.090
-4.859
-2.398
-4.422
-1.739
-3.552
-4.237
-1.114
-4.328
0.045
3.158
-2.718
2.019
-1.575
-0.342
1.407
-2.848
-0.542
-2.368
-0.176
1.915
-2.758
0.421
-0.277
-0.277
1.048
-3.952
1.325
-1.802
-3.202
0.416
-3.464
0.156
-2.274
0.590
1.251
-1.884
-0.049
-1.426
0.564
0.845
-1.421
1.231
-2.822
-1.999
-0.578
-0.588
-1.044
-1.638
1.082
0.672
-2.200
-0.074
-1.761
-1.672
-0.793
-2.677
0.471
-2.563
-2.771
-4.550
-2.745
0.304
-2.053
-3.560
-4.026
-3.170
-0.227
-1.017
-2.010
-3.787
-2.132
-2.790
-3.471
-2.179
-3.989
-2.006
-1.131
-1.519
-3.609
-4.766
-2.927
-0.810
-2.185
-1.010
-5.617
-2.167
-1.637
-2.796
-2.485
-4.535
-3.374
-1.659
-1.504
-1.034
-3.814
-2.388
-0.713
-2.228
-0.727
-5.352
-2.278
-0.392
-1.246
-1.947
-5.000
-2.653
-0.947
-3.978
-2.232
-1.208
-1.700
-3.475
-4.290
-0.058
-1.018
-3.365
-2.917
-3.957
0.515
-1.088
-3.393
-2.218
-2.700
-0.375
-1.272
-3.894
-2.219
-3.281
-0.327
-0.750
-3.304
-1.492
-4.604
1.329
-2.172
-2.047
-1.125
-3.593
0.125
-1.592
-2.415
-1.846
-3.038
-1.422
-0.944
-3.048
-1.009
-4.001
0.441
-2.678
-3.073
-3.886
-3.033
0.554
-1.589
-2.611
-0.557
-4.071
-2.455
0.304
-1.213
-2.388
1.752
-2.835
-1.387
-2.284
-3.880
-1.277
-2.055
-0.256
-1.846
-3.693
-1.595
-2.116
-1.326
-3.160
-3.714
-2.561
-1.519
-0.222
-1.998
-1.115
-0.675
-0.005
0.758
-3.419
-0.999
-1.336
-0.785
-0.516
-1.445
-0.264
-0.656
-1.134
0.844
-3.950
-2.416
-1.531
-2.247
-1.150
-4.133
-2.991
-2.644
-2.021
-2.326
-2.532
-2.791
-1.378
-2.209
1.919
-1.521
-3.046
-3.018
-0.130
-1.136
-0.723
-2.044
-3.581
0.249
0.724
0.896
-2.212
-0.623
0.377
0.506
0.162
-2.809
-2.571
-1.134
0.289
-0.782
-2.757
-3.696
-1.179
0.887
-0.625
-4.109
-2.334
-0.778
-1.043
-0.419
-1.992
-2.274
-0.279
2.160
-0.820
-1.703
-3.014
-0.952
2.674
-0.217
-1.303
-3.533
-2.280
-0.201
-0.291
-2.872
-3.138
-4.536
-3.758
-2.312
-2.029
-4.836
-3.967
-2.224
-5.432
-2.220
-2.295
-4.752
-2.367
-5.484
-4.046
-2.101
-2.096
-4.047
-2.658
-6.132
-1.904
-2.813
-4.440
-2.000
-6.323
-5.470
-3.668
-4.063
-1.820
-4.107
-4.710
-3.749
-2.406
-3.119
-4.336
-2.447
-2.912
-4.632
-3.181
-1.719
-3.613
-0.220
-0.700
-4.724
-0.690
-0.403
-4.075
-1.918
-1.295
-4.471
-1.525
-2.489
-4.090
-3.249
-2.680
-4.608
-2.412
-2.842
-4.288
-1.972
-0.888
-0.548
-4.845
-2.440
-3.083
-4.925
-2.294
-1.497
-5.599
-1.837
-0.765
-4.507
-0.840
-2.618
-4.361
-3.376
-2.399
-5.663
-2.084
-2.882
-4.101
-1.739
-2.383
-4.098
-3.211
-2.673
-3.095
-3.041
-1.845
-4.078
-0.783
-1.655
0.650
-4.400
-2.428
-2.039
-6.248
-1.638
-0.136
-3.230
-0.588
-2.547
-4.041
-0.566
-0.781
-6.480
0.640
-1.427
-5.027
-0.877
0.409
-3.970
-1.753
-0.167
-4.097
-1.017
-0.824
-5.608
-0.537
-1.186
-2.880
-3.507
-3.382
-2.272
-2.331
-2.229
-2.421
-1.635
-2.861
-4.016
-1.964
-2.944
-3.491
-3.997
-2.387
-1.475
-1.086
-4.767
-3.028
-3.089
-3.078
-1.257
-1.692
-1.211
-1.404
-2.476
-3.489
-2.728
-3.704
-1.687
-0.972
-2.258
-0.813
-1.933
-1.635
-2.169
-2.933
-0.604
-0.518
-2.348
-0.285
-1.026
-0.349
-1.394
-0.744
-4.403
-2.134
-0.693
-3.540
-1.584
-0.436
-1.829
-0.780
-1.163
-1.421
-2.797
-1.117
-1.934
-0.681
0.308
-2.856
