4.943
6.486
4.581
5.821
4.007
4.562
2.403
7.017
5.437
5.050
5.462
5.176
6.548
1.247
6.030
5.036
6.396
3.912
4.505
4.067
6.051
5.817
6.352
6.157
6.313
4.057
5.529
6.558
6.273
5.158
5.146
3.619
3.028
4.345
4.528
3.294
1.942
6.035
6.059
4.611
4.890
6.164
5.624
6.785
6.138
6.969
5.840
7.326
6.493
4.597
4.862
5.693
1.800
1.360
1.205
3.591
-1.524
3.082
5.042
2.928
2.105
2.531
1.597
3.055
2.423
2.465
1.909
2.025
2.322
1.581
4.042
3.640
4.379
0.399
4.032
4.474
2.894
2.348
4.413
2.812
0.665
2.562
1.892
-0.159
1.657
3.377
1.377
2.181
3.174
2.936
0.421
3.287
3.512
1.617
3.123
2.757
1.323
1.291
3.032
2.869
2.582
2.521
4.344
3.312
2.962
3.060
3.305
3.608
4.577
2.826
3.744
3.281
2.684
2.264
3.720
2.626
3.459
3.958
2.184
2.878
2.973
2.084
2.123
3.050
3.155
0.889
3.035
1.117
2.479
2.028
3.775
2.809
6.739
3.778
5.329
3.618
3.799
6.078
3.178
3.676
3.508
4.732
6.117
1.107
4.058
2.888
3.384
4.989
4.322
3.592
4.784
3.716
2.825
2.507
3.713
3.145
3.179
3.313
2.778
3.643
5.152
4.234
4.787
2.978
4.944
6.714
4.523
3.216
4.305
5.091
5.593
3.325
1.620
2.320
3.107
3.336
2.989
4.869
-0.022
2.753
3.341
5.769
6.263
5.764
6.617
7.183
6.451
6.242
5.200
1.304
-0.595
4.306
6.297
6.192
4.640
5.547
4.477
5.395
4.380
2.840
4.028
6.424
5.532
3.055
5.946
4.176
6.840
5.704
7.036
5.418
4.610
5.928
4.193
6.394
5.856
5.828
4.929
5.880
4.899
5.449
6.099
6.735
7.246
5.127
7.938
5.806
7.551
4.628
6.593
6.981
5.832
6.303
6.284
4.430
7.837
6.538
5.405
7.213
7.409
8.348
5.816
6.345
3.568
4.103
5.353
5.827
5.619
6.164
5.418
5.856
8.151
6.362
7.405
6.744
7.104
8.206
5.763
6.734
6.360
3.476
4.933
3.717
6.601
5.484
7.258
5.375
5.974
6.692
4.644
5.120
6.598
7.001
6.994
6.244
5.706
6.251
5.947
3.147
5.332
5.969
3.589
4.374
6.382
6.075
6.675
6.110
6.344
4.390
3.818
5.845
4.790
4.194
5.681
4.217
4.168
6.085
5.366
1.789
5.420
6.136
4.967
5.476
6.724
1.890
6.833
6.237
7.135
5.260
4.931
1.907
4.435
6.007
5.488
5.692
4.069
4.595
5.503
5.432
4.792
7.296
5.304
5.264
4.007
6.182
5.594
3.096
5.247
3.576
4.858
5.856
3.727
6.306
4.455
2.337
4.411
5.970
5.524
5.734
3.524
7.094
