-3.425
-1.534
-1.993
-2.871
-1.629
-2.234
-4.793
-1.472
-1.159
-1.081
0.229
-2.052
-1.606
-3.412
0.417
-1.290
-2.523
-3.528
-0.931
0.062
1.497
0.918
-0.596
-1.388
0.481
-1.118
-0.639
1.348
-0.599
-1.176
0.868
-1.919
-1.153
-0.509
2.304
-1.504
-1.157
1.641
0.841
0.214
-3.240
-0.340
-3.447
-4.534
0.088
-2.969
-3.405
1.212
-2.081
-3.587
1.536
-4.113
-5.167
0.369
-2.618
-2.433
1.766
-4.260
-2.593
0.826
-1.906
-2.588
1.260
-3.006
-2.553
-1.349
-3.967
-3.670
-0.686
-4.408
-0.829
-1.341
-5.833
-0.830
-1.260
-4.182
-3.206
-2.293
-4.345
-0.746
-3.053
-2.269
-3.847
-2.315
-2.083
-3.480
-0.195
-3.502
-3.953
-4.486
-2.733
-1.162
-1.247
-3.073
-1.429
-0.544
-3.177
-2.553
-0.336
-2.892
-3.187
-3.509
-2.413
-3.019
-3.448
-2.875
-3.294
-2.266
-3.736
-4.551
-3.455
-3.585
-2.829
-2.928
-4.396
-3.244
-4.011
-4.528
-3.708
-1.522
-2.734
-3.613
-1.672
-2.504
-4.010
-2.610
-3.330
-3.803
-2.267
-4.316
-3.159
-6.101
-4.422
-1.765
-2.811
-1.133
-4.375
-5.554
-4.371
-3.664
-4.269
-2.244
-4.436
-3.917
-3.060
-5.340
-5.619
-4.773
-3.341
-4.795
-2.179
-2.986
-3.911
-4.227
-4.797
-4.936
-3.779
-4.091
-4.537
-4.534
-0.979
-4.197
-0.104
-1.777
-4.730
0.442
-0.685
-2.467
-1.903
-0.586
-5.687
-2.556
-2.615
-3.362
-0.484
-2.353
-2.230
-0.999
-1.181
-4.309
-0.111
-3.802
-4.467
-1.263
-4.180
-4.884
-1.939
-2.964
-4.570
-2.325
-3.580
-4.840
-1.815
-3.180
-3.893
1.159
-3.381
-4.755
0.073
-2.323
-2.111
1.008
-5.222
-4.514
-0.351
-4.591
-4.312
-1.288
-4.610
-4.530
0.120
-3.987
-4.344
-2.320
-4.516
-4.366
-2.052
-3.392
-2.543
1.935
-2.573
-5.721
-3.519
-1.390
-3.466
-1.838
-1.475
-5.333
-1.350
-1.343
-3.737
-2.195
-0.961
-3.709
-3.122
-0.704
-4.704
-2.495
-1.406
-4.674
-3.198
-0.841
-3.762
-1.062
-1.726
-4.463
-1.765
-3.966
-4.516
-2.902
-0.622
-3.117
-3.098
0.656
-0.880
-0.254
-1.283
-3.626
-3.124
-0.903
-4.004
-3.846
-0.881
-2.139
-2.600
0.033
-3.854
-2.486
-0.403
-1.488
-3.373
-0.012
-2.785
-2.809
0.068
-4.149
-3.785
-1.451
-2.812
-1.206
-2.094
-2.802
-1.475
-2.605
-1.833
-3.347
-3.008
-2.445
-3.111
-0.133
-1.562
-3.190
-3.641
-1.561
-2.042
-2.666
-0.271
-3.663
-2.065
-2.272
-0.664
-2.376
0.122
-2.629
-0.476
-3.790
-0.045
-2.022
0.706
-2.714
-0.049
-2.329
-1.784
-3.224
-0.906
-3.159
-3.192
-3.161
-2.520
-3.995
-4.365
-2.205
-2.904
-4.609
-4.220
-1.713
-2.437
-1.581
-3.895
-3.517
-4.306
-2.004
-2.893
-5.193
-3.024
-2.750
-2.721
-4.692
-5.026
-3.268
-2.685
-2.017
-1.881
0.017
-2.033
-0.523
-2.293
-1.179
-1.126
-2.016
-1.367
-1.262
-3.847
-1.654
-2.095
-1.686
-1.077
-2.471
-3.023
-2.692
-1.211
-2.973
-0.814
-1.529
-2.319
-2.682
-1.976
-0.014
0.821
-1.462
-1.979
-2.952
-2.860
-1.489
-2.528
-1.649
-2.045
-1.990
-1.115
-0.813
-0.768
-3.962
-2.707
-1.988
-5.318
-1.185
-2.645
-2.284
-1.177
-2.272
-1.921
-3.265
-2.720
-2.665
-1.145
-1.786
-2.620
-1.819
-1.154
-4.251
-1.863
-2.461
-1.889
-3.623
-1.446
-3.340
-2.517
-3.346
-2.707
-2.206
-2.163
-3.275
-2.089
-3.570
-1.390
-4.972
-3.089
-2.345
-2.807
-4.053
-1.314
-3.054
-2.510
-4.179
-2.614
-4.476
-4.218
-3.789
-1.831
-2.677
-1.632
-5.033
-3.692
-3.882
-2.810
-5.759
-2.352
-3.534
-2.856
-2.997
-4.285
-4.956
-3.632
-2.505
-0.165
-2.254
-2.739
-4.743
-3.162
-2.596
-2.320
-5.349
0.076
-3.199
-3.292
-5.409
-0.603
-3.306
-2.744
-4.266
-1.018
-2.858
-0.609
-4.702
-1.517
-2.726
-3.014
-5.257
-2.181
-2.896
-0.086
-5.597
-0.397
-3.567
-2.784
-5.165
-2.680
-1.222
-2.991
-4.887
-1.541
-1.399
-3.377
-1.476
-1.227
-4.432
-2.337
1.493
-2.611
-5.485
-2.607
-2.048
-2.852
-2.958
-2.627
-0.946
-2.875
-3.676
-3.365
-1.219
-0.521
-3.974
-4.213
-1.940
-2.539
-3.184
-4.049
0.140
-0.856
-2.732
-3.716
-0.481
-2.698
-4.948
-3.788
-0.122
-4.036
-2.856
-3.510
-2.105
-3.178
0.747
-2.364
-3.673
-3.124
-0.988
0.155
-1.595
-3.956
-1.998
0.171
-2.223
-2.647
-1.354
-0.502
-3.030
-3.214
-0.842
0.221
-2.437
-3.366
-0.641
-1.393
-1.892
-4.014
-0.494
-0.723
-1.591
-3.330
-0.833
-0.892
-2.954
-3.294
-0.015
-0.199
-1.484
-2.738
-1.974
-1.460
-2.588
-1.079
-1.346
-3.557
-0.468
-2.145
-0.983
-2.195
-0.164
-0.444
-2.226
-3.000
0.707
-0.775
-2.077
-0.543
-0.166
0.099
-2.381
-1.384
-0.705
-0.769
-1.601
-1.404
-0.542
-0.935
-1.299
-1.613
-0.018
-1.344
-6.025
-1.616
0.314
0.019
-2.919
-2.551
-2.547
-0.790
-2.810
-2.142
-1.434
-0.793
-3.229
-2.807
-2.405
-2.037
-4.223
-3.890
-4.199
-2.385
-2.745
-3.031
-2.493
1.049
-4.275
-2.846
-2.719
-0.929
-1.988
-2.517
-2.759
-1.772
-2.599
-2.955
-2.881
-2.764
-3.442
-4.646
-2.183
-1.138
-3.664
-2.683
-3.558
-0.812
-3.191
-2.701
-3.636
-2.235
-2.846
-1.553
-4.169
-2.186
-3.862
-1.004
-3.581
-1.587
-2.674
-1.041
-1.676
-3.260
-3.666
-0.477
-3.121
-1.745
-3.625
-0.459
-4.268
-2.877
-4.506
-1.877
-2.150
-1.711
-3.206
0.210
-1.785
-2.135
-1.640
-0.925
-1.705
-2.219
-2.618
-1.249
-3.569
-4.442
-3.346
-2.861
-1.925
-2.841
-4.008
0.797
-1.127
-2.494
-3.906
-2.769
-1.386
-2.753
-2.530
-2.479
-2.921
-2.611
-3.104
-2.101
-1.167
-2.703
-1.658
-4.229
-1.712
-1.782
-3.268
-2.272
-0.651
-2.460
-3.792
-2.251
-2.151
-2.138
-3.376
-2.809
-1.437
-3.261
-2.897
-3.558
-2.010
-3.003
-1.928
-2.436
-1.637
-2.110
-4.762
-2.789
-2.082
-1.282
-1.612
0.817
-4.793
-1.911
-0.078
-2.097
-4.400
-2.162
-1.972
0.189
-4.379
-3.840
-2.094
-1.178
-4.198
-3.000
-0.862
-1.207
-4.007
-2.350
0.539
-0.356
-2.584
-3.456
-2.708
-0.743
-5.144
-3.502
-1.972
0.545
-4.039
-2.957
-0.981
0.027
-4.806
-3.214
-0.774
-1.584
-1.706
-0.028
-2.818
-1.616
-2.600
0.124
-1.964
-3.703
-3.698
-0.473
-2.343
-2.444
-1.654
-2.202
-1.498
-3.940
-3.690
-0.253
-1.766
-3.290
-2.377
-0.863
-2.332
-3.595
-0.563
0.019
-0.040
-3.220
-1.288
-2.428
-2.416
-3.629
-2.987
-0.317
-4.269
-2.717
-3.602
-0.232
-2.582
-2.289
-3.331
-2.165
-2.284
-1.915
-2.798
-1.520
-1.280
-3.118
-2.276
-1.862
-2.119
-2.599
-2.983
-1.303
-2.105
-3.455
-2.168
-3.082
-1.761
-4.083
-2.310
-3.317
-1.250
-3.018
-1.645
-2.793
-0.346
-3.868
0.784
-1.787
-2.236
-3.372
-1.039
-3.669
-0.614
-2.087
-0.121
-3.511
-0.575
-3.327
-0.047
-2.285
-0.567
-1.493
-0.049
-1.787
-2.406
-2.350
-1.848
-1.055
-0.809
-0.754
-0.721
-2.497
-1.121
-3.365
-0.279
-2.126
-1.543
-2.594
-2.686
-2.764
-3.025
-3.750
-2.635
-3.713
-1.396
-2.347
-2.653
-3.542
-1.855
-3.032
-1.436
-1.545
-2.485
-2.074
-1.937
-2.196
-3.242
-1.842
-1.437
-3.292
-2.605
-4.623
-2.111
-3.505
-0.920
-3.202
-1.450
-1.571
-1.304
-2.426
-2.314
-2.569
0.148
-2.198
-0.341
-4.211
-0.832
-2.648
-2.250
-3.375
-1.932
-2.685
-1.572
-1.111
-2.276
-1.146
-2.621
-3.323
-3.952
-2.565
-2.697
0.248
-4.009
-3.481
-2.292
0.044
-2.960
-1.316
-2.505
