-8.270
-6.525
-1.309
-8.602
-2.530
-6.325
-6.569
-5.248
-4.524
-1.751
-4.261
-5.337
-4.147
-2.078
-1.988
-4.330
-4.955
-4.151
-5.128
-3.298
-1.058
-2.354
-3.052
-1.135
-2.579
-0.327
0.054
-0.995
-1.249
-1.548
0.998
2.820
1.376
3.979
2.164
-0.381
-2.338
3.054
1.565
0.954
-6.062
0.220
-8.440
-4.391
1.731
-6.284
-4.879
0.996
-6.675
-4.422
1.502
-7.329
-5.454
0.880
-7.305
-5.132
1.109
-6.311
-5.695
-0.413
-5.875
-2.719
0.130
-5.691
-2.332
-2.151
-5.991
-2.677
-2.504
-8.669
0.128
-2.466
-7.142
1.200
-0.654
-6.367
-0.863
-3.775
-5.743
2.718
-4.389
-3.122
-1.778
-3.867
-1.535
-2.983
-0.366
-3.310
-4.463
-4.334
-2.925
3.713
-1.699
-5.263
0.547
-0.393
-4.829
0.234
-1.820
-6.285
-6.393
-5.062
-5.158
-9.003
-4.404
-9.458
-8.026
-7.762
-7.160
-7.775
-3.233
-10.285
-6.807
-3.833
-8.219
-6.162
-4.297
-7.394
-9.921
-7.098
-7.041
-7.084
-5.135
-9.433
-9.523
-4.311
-11.183
-5.444
-3.628
-8.439
-9.996
-12.075
-8.074
-6.406
-5.864
-4.502
-8.774
-9.545
-6.862
-5.791
-9.489
-6.182
-3.778
-8.151
-5.443
-6.523
-11.038
-6.360
-3.863
-7.548
-3.574
-7.061
-8.420
-6.664
-6.649
-8.887
-6.207
-4.793
-10.174
-7.359
0.636
-2.658
1.570
1.824
-2.791
3.233
2.743
-1.980
-2.330
-0.400
-4.166
-1.413
2.403
0.195
1.939
0.578
-2.568
0.333
3.570
-0.478
2.539
-1.688
-5.037
0.764
-0.042
-4.968
1.542
1.192
-4.475
-0.100
-1.940
-2.530
2.268
-3.552
-3.526
1.740
-3.974
-5.640
3.382
-2.407
-3.085
2.686
-3.267
-4.412
4.824
-1.818
-1.590
2.770
-2.180
-2.491
5.183
-0.713
-2.288
2.422
-1.620
-1.030
1.564
-4.195
-4.123
3.830
0.017
-4.969
-3.143
1.752
-3.152
-3.425
1.679
-3.748
-1.023
0.185
-1.685
-1.122
-0.499
-4.295
-2.930
1.144
-4.871
-5.081
-0.127
-5.877
-5.839
0.786
-0.969
0.947
-0.787
-6.270
-4.408
-1.086
-6.450
-4.722
3.781
-3.446
-0.998
3.942
-1.092
0.136
2.704
-3.112
-2.722
-1.009
-1.883
-3.520
2.190
-0.766
-2.177
2.167
-0.999
-3.403
4.793
-0.211
-1.925
1.744
0.345
-1.245
1.170
-4.821
-2.515
2.644
1.186
2.204
2.004
-9.170
-0.834
-10.741
-2.092
-6.236
0.962
-6.104
-1.034
-3.471
0.422
-6.785
0.804
-6.844
1.065
-7.364
0.590
-8.856
0.659
-9.319
-0.422
-6.508
4.307
-9.528
1.074
-11.828
2.460
-8.898
-0.624
-8.592
-0.398
-9.517
1.761
-9.148
1.439
-8.092
-2.358
-9.654
-2.899
-10.541
-9.396
-7.160
-7.417
-6.882
-8.679
-5.920
-6.404
-4.994
-6.108
-7.174
-6.912
-3.793
-6.920
-7.355
-7.763
-5.327
-8.660
-7.423
-6.170
-9.027
-2.533
-1.761
-6.777
-2.730
-6.113
-4.201
-4.480
-6.035
-5.768
-5.795
-2.829
-2.659
-7.087
-4.541
-4.965
-1.167
-3.776
-3.630
-8.469
-5.987
-3.440
-4.496
-5.081
-1.031
-5.162
-2.227
-1.016
-0.203
-0.245
-5.362
-1.217
-0.436
-1.759
-0.330
-3.316
-4.050
-5.312
-4.415
-5.759
-2.548
-4.999
-5.038
-1.873
-1.266
-7.488
0.773
-4.989
-5.148
-1.985
-3.141
-7.766
-4.612
-3.256
-1.167
-4.595
-2.878
-4.782
0.069
-2.991
-3.252
-7.027
-2.228
-5.886
-6.622
-6.436
-8.137
-9.233
-7.745
-6.316
-4.966
-6.507
-4.519
-7.695
-6.916
-8.489
-8.481
-6.145
-6.579
-9.658
-5.820
-7.308
-5.654
-6.793
-7.710
-6.880
-9.073
-10.549
-7.953
-4.487
-3.521
-5.800
-6.300
-4.883
-5.491
-6.390
-5.640
-4.494
-3.841
-7.218
-5.885
-8.718
-8.746
-8.318
-9.588
-6.887
-6.733
-7.320
-11.350
-7.318
-4.656
-2.471
-9.013
-7.201
-3.682
-5.409
-9.831
-4.133
-3.825
-1.018
-7.390
-5.296
-7.340
-5.937
-10.284
-4.593
-2.374
-5.150
-8.283
-5.338
-6.476
-0.701
-10.226
-5.681
-8.272
-7.124
-11.440
-6.211
-2.935
-6.325
-7.483
-1.634
-0.368
-3.025
-4.846
-2.863
-4.713
-5.345
-1.665
-4.700
-6.951
-6.131
-7.040
-3.615
-4.223
-4.038
-5.148
-4.892
-3.615
-6.859
-4.864
-0.826
-2.027
-5.577
-6.511
-3.917
-2.448
-5.303
-3.642
-3.317
-4.852
-7.954
-5.086
-1.359
-2.795
-6.228
-1.860
-5.238
-2.980
-5.696
-5.720
-4.445
-1.274
-2.041
-4.165
-4.451
-0.825
-0.565
-1.174
-9.112
-3.609
-1.572
-4.975
-7.719
-4.218
-0.783
-6.136
-4.917
-1.608
2.160
-2.264
-7.691
-4.637
-2.638
-5.216
-9.644
-2.464
-1.463
-5.257
-6.346
-2.700
0.761
-4.076
-4.402
-1.769
-0.561
-4.624
-7.108
-4.502
-3.472
-5.107
-2.615
-1.188
-4.181
-2.674
-2.569
0.874
-1.161
-1.796
-2.105
-4.017
-5.037
-2.348
-1.836
-2.521
-3.839
-2.918
-0.817
-2.218
-1.048
-3.517
-4.087
-1.913
-3.861
-3.985
-1.773
-1.735
-1.725
-5.174
-5.240
-5.560
-3.786
-4.037
-5.397
-5.018
-1.174
-8.530
-0.680
-3.016
-2.502
-3.957
-5.037
-1.915
-8.361
-6.325
-7.751
-7.276
-8.592
-9.434
-9.489
-4.358
-8.723
-7.410
-2.626
-2.383
-7.077
-9.051
-8.330
-0.874
-7.433
-4.950
-7.519
-0.219
-6.336
-4.927
-8.415
-4.571
-8.982
-9.298
-5.837
-4.794
-7.660
-7.448
-8.756
-1.619
-8.285
-6.605
-8.891
-3.326
-6.637
-3.542
-5.666
-7.559
-3.117
-5.022
-6.307
-6.663
-1.187
-1.418
-8.377
-10.107
-1.773
-6.683
-4.221
-7.715
-3.347
-4.300
-8.010
-5.833
-1.043
-3.563
-3.538
-7.445
-2.777
-6.424
-4.219
-5.104
-3.216
-5.785
-7.237
-6.552
-3.088
-5.923
-3.870
-7.518
-3.258
-6.930
-7.010
-7.831
-3.689
-4.305
-6.250
-3.378
-5.098
-3.664
-6.340
-4.021
-6.087
-4.244
-9.352
-1.731
-4.242
-1.539
-6.179
-1.660
-6.628
-1.923
-7.748
-4.127
-6.374
-1.537
-6.928
-3.368
-5.422
-2.009
-3.744
-0.385
-6.256
-2.120
-7.422
-1.937
-5.038
-4.230
-8.672
-1.706
-3.825
-3.105
-9.117
-5.631
-6.039
-4.889
-0.009
-9.125
-1.462
-10.535
0.475
-3.801
-4.512
-8.427
2.496
-9.357
-3.602
-11.091
-0.383
-6.704
-2.064
-10.522
1.042
-6.297
-4.346
-7.932
0.433
-5.248
-1.623
-9.773
0.920
-6.876
-3.330
-9.517
3.511
-4.973
-1.461
-11.501
-1.374
-7.780
-2.520
-10.202
-0.896
-5.698
-3.808
-6.491
-2.062
-2.022
-8.240
-7.568
-1.466
-0.216
-8.283
-6.940
-2.778
-2.122
-6.607
-7.373
-7.717
-5.371
-8.154
-7.860
-2.501
-0.770
-9.583
-6.960
-2.068
-1.654
-9.999
-2.804
-2.959
1.679
-6.555
-3.990
-5.033
-1.479
-7.790
-7.459
-1.372
-2.647
-8.179
-6.756
-4.603
-2.717
-8.545
-8.245
-8.157
-3.508
-5.077
-1.857
-3.839
1.059
-6.762
-2.653
-6.887
-1.993
-7.458
-3.677
-9.548
-1.941
-9.282
-2.341
-9.156
-4.568
-9.747
-2.655
-3.607
0.171
-5.280
-2.599
-3.869
-4.354
-5.385
0.778
-1.122
-2.308
-5.651
-3.140
-3.442
-4.713
-8.147
-4.046
-7.079
-1.139
-4.828
-3.467
-8.540
-3.437
-7.524
-2.343
-8.354
-4.130
-9.192
-5.532
-4.593
-2.626
-7.870
-3.599
-7.802
-4.348
-9.491
-2.463
-9.957
-3.826
-6.400
-5.108
-3.831
-4.867
-3.758
-5.880
-2.084
-1.131
-2.643
-4.572
-4.919
-3.180
-2.755
-4.204
-1.326
-2.795
-3.753
-1.957
-2.389
-2.956
-4.889
-2.793
-1.840
-3.774
-5.183
-3.972
-6.252
-2.762
-6.841
-5.725
-4.708
-3.924
-3.945
-4.433
-4.807
-1.668
-5.045
-4.806
-4.062
-2.148
-7.452
-7.150
-4.465
-4.474
-6.640
-5.482
-6.085
-1.778
-1.335
-4.493
-3.931
-5.263
-5.992
-5.000
-3.671
-5.612
-5.285
-3.057
-3.928
-5.373
-1.138
-0.966
