-6.778
-3.083
-4.517
-7.383
-2.941
-4.480
-5.676
-3.205
-3.787
-3.176
-2.657
-2.143
-3.922
-2.421
-2.546
-3.292
-4.416
-3.958
-2.625
-3.887
-0.520
-1.671
-1.398
-2.582
-2.055
2.089
-0.650
0.784
-1.834
-0.940
0.709
0.929
0.009
-1.176
0.028
-1.332
-0.788
0.174
1.237
0.069
-0.906
0.207
-2.227
1.176
2.049
-0.140
0.146
1.742
-1.035
0.332
2.289
-0.351
0.580
1.444
-1.538
0.373
1.386
-2.596
-0.806
1.224
-1.092
1.386
2.445
-0.034
0.344
2.433
0.435
0.598
1.780
-0.751
0.487
0.434
-1.770
1.901
2.137
1.354
2.444
-0.654
-0.367
2.846
0.815
1.516
1.304
2.405
1.769
0.450
1.651
2.143
-1.471
0.013
0.681
3.142
3.007
1.977
0.331
0.647
0.156
1.616
2.904
1.171
-2.262
2.435
-0.647
-0.082
3.524
0.439
-0.112
3.137
-0.815
-0.495
3.795
0.114
-0.020
3.016
-1.344
-0.991
2.643
-1.521
0.253
3.593
-0.310
0.838
3.431
0.427
-1.866
2.543
-1.873
1.162
4.113
0.330
0.740
-0.517
2.857
-0.262
0.490
2.833
0.178
-1.252
2.401
1.724
0.789
2.594
-1.136
-0.328
1.406
-0.244
0.014
2.615
0.246
-0.545
2.346
0.263
-0.783
2.216
0.064
0.171
2.775
0.793
0.961
4.157
5.278
2.105
2.892
4.440
0.533
2.366
4.921
1.364
1.502
3.377
-0.082
0.871
4.499
2.263
1.643
3.772
-0.890
2.205
5.439
1.190
3.642
4.378
0.794
2.422
4.041
0.728
2.397
4.820
-0.853
0.900
4.323
0.092
4.437
3.137
-1.597
3.455
3.373
-0.185
3.948
3.667
0.026
2.882
2.215
-2.276
0.145
3.373
-0.901
4.255
0.831
-3.277
1.713
3.417
-0.657
3.661
3.289
-0.215
4.546
3.073
1.550
4.813
1.697
-1.790
0.599
0.939
-1.896
0.275
2.118
-1.742
2.239
1.902
-1.885
0.322
2.769
-0.927
1.248
-0.033
-3.092
0.298
1.852
-0.991
2.470
2.806
1.047
3.078
0.361
-1.738
0.879
0.985
-1.843
-0.087
3.927
0.228
2.649
4.398
1.146
2.699
3.924
-1.610
1.527
2.395
0.406
0.950
4.198
1.183
3.382
5.630
2.070
4.949
3.766
0.086
1.429
3.203
1.597
1.161
2.989
-0.432
2.066
4.109
-0.548
4.374
2.527
-1.312
3.106
-0.223
1.113
-0.547
2.927
0.033
0.873
-1.042
-0.583
-3.602
2.280
-0.610
-1.464
-4.594
2.930
-1.341
0.086
-2.389
3.557
-1.163
4.144
-0.800
4.413
-1.799
4.052
-1.280
4.032
-3.901
3.656
-2.483
4.999
-1.266
2.145
-4.685
2.674
-2.387
2.667
-4.889
-2.985
-0.252
-3.032
-0.899
-4.674
-1.493
-0.882
0.995
-0.560
0.624
-2.180
-0.340
-4.129
-1.975
-2.810
-0.750
-2.575
-0.804
-2.540
-1.152
2.792
0.528
2.548
0.925
1.589
0.702
0.668
-0.325
0.571
-2.414
2.832
1.752
1.568
0.040
2.462
0.470
2.099
-0.551
0.903
-1.817
1.272
1.513
0.620
1.355
-0.379
1.201
1.238
2.140
1.720
1.820
0.339
1.411
0.184
1.074
-2.603
-0.632
-0.948
0.857
-2.009
-1.110
0.094
0.281
-0.256
-1.154
-2.237
-0.831
0.637
-0.818
0.207
-1.722
-1.767
-0.099
1.415
1.308
-0.663
-1.197
-0.136
0.189
1.114
-0.445
-3.752
-3.925
-5.585
-3.109
-4.845
-4.924
-7.865
-4.532
-5.356
-3.398
-7.377
-4.942
-5.754
-4.561
-7.312
-5.972
-6.109
-5.504
-9.315
-5.341
-5.107
-4.116
-7.937
-4.793
-6.101
-4.795
-8.469
-6.746
-5.932
-4.034
-7.379
-5.744
-4.782
-5.162
-7.697
-5.202
-2.392
-2.878
-4.857
-3.311
-2.900
-5.716
-7.148
-6.129
-0.433
-4.111
-4.562
-6.538
-2.395
-3.689
-1.391
-4.484
0.580
-5.427
-3.247
-5.798
-3.320
-3.160
-5.301
-5.932
-1.574
-4.653
-4.161
-6.000
-2.650
-2.242
-6.080
-4.898
-2.010
-4.388
-3.766
-5.782
-0.467
-5.418
-4.007
-5.848
-3.128
-2.890
-6.516
-5.092
-1.267
-5.560
-2.152
-3.307
-2.633
-4.435
-3.670
-3.535
-2.565
-5.984
-3.715
-5.401
-4.828
-5.055
-3.683
-5.154
-4.629
-4.749
-4.960
-4.315
-3.906
-4.738
-5.336
-5.804
-3.930
-3.193
-4.193
-4.328
-4.261
-4.466
-4.436
-4.213
-5.775
-5.770
-4.752
-4.316
-4.054
-5.862
-5.801
-4.657
-6.233
-1.539
-1.659
-6.318
-7.852
-2.811
-1.992
-4.128
-8.356
-3.023
0.183
-6.758
-9.396
-2.687
-3.337
-7.388
-8.128
-1.732
-2.545
-5.716
-7.489
-2.654
-2.740
-7.095
-7.914
-1.385
-2.679
-5.843
-7.273
-2.461
-0.916
-5.258
-7.069
-2.017
-0.574
-7.052
-4.788
-1.594
-3.415
-4.955
-1.452
-5.604
-0.967
-4.100
-2.984
-4.395
-2.249
-2.038
-3.681
-6.061
-3.782
-4.123
-2.784
-4.278
-1.851
-2.347
-0.609
-5.792
-1.683
-3.849
-2.941
-3.102
-2.091
-4.105
-3.018
-4.170
-1.477
-5.640
-1.985
-7.993
-4.555
-5.548
-4.573
-7.872
-2.895
-9.968
-0.694
-3.553
-1.035
-4.465
-1.184
-1.420
-3.544
-5.395
-3.990
-5.431
-7.127
-8.017
-4.636
-4.220
-7.492
-6.467
-1.820
-3.755
-6.299
-8.248
-3.745
-4.068
-8.231
-7.776
-4.322
-3.312
-7.425
-7.211
-5.101
-3.558
-8.841
-8.531
-1.422
-4.041
-7.967
-7.036
-2.647
-3.222
-6.153
-6.025
-4.161
-2.898
-7.168
-7.584
-1.165
-6.529
-1.829
-3.491
-1.508
-7.373
-1.109
-0.840
-4.520
-7.400
-1.696
-1.927
-2.836
-6.894
-2.373
-4.787
-2.361
-7.476
-1.634
-1.643
-1.422
-5.868
-1.559
-1.832
-3.067
-6.121
-4.192
-2.871
-1.189
-5.874
-1.114
-1.610
-0.910
-4.562
-1.772
-2.084
-2.811
-7.674
-1.064
-2.735
-5.491
-4.551
-9.783
-1.829
-6.132
-1.805
-8.457
-3.656
-6.667
-2.440
-9.930
-1.668
-6.113
-1.740
-10.075
-3.985
-7.576
-4.304
-8.356
-1.133
-5.044
-3.707
-9.708
-2.056
-5.469
-3.076
-8.646
-2.705
-2.899
-1.871
-8.963
-1.862
-5.302
-0.892
-9.548
-1.836
-7.180
-3.444
-11.461
-3.131
-2.056
-6.671
-2.178
-5.563
-0.727
-2.077
-4.777
-6.239
-0.670
-3.514
-3.212
-5.868
-3.471
-6.174
-4.648
-7.399
-2.950
-4.575
-2.811
-4.335
-2.975
-3.594
-3.381
-6.308
-2.593
-2.230
-4.000
-5.867
-0.781
-2.552
-2.828
-5.594
-4.850
-2.575
-3.266
-7.966
-2.894
-5.708
-1.688
-4.471
-2.588
-4.357
-11.861
-6.953
-2.694
-1.968
-11.564
-5.331
-1.614
-0.970
-8.817
-2.825
-3.341
-1.845
-10.109
-3.932
-5.216
-2.395
-11.580
-4.078
-4.501
-2.780
-11.233
-4.400
-5.032
-2.714
-11.738
-3.867
-4.236
-3.857
-11.189
-3.711
-1.133
-3.553
-10.627
-3.915
-3.552
-2.268
-10.295
-3.825
-6.256
-2.412
-3.538
-1.178
-3.378
0.088
-6.588
-3.039
-7.425
-3.342
-6.467
-2.362
-6.365
-1.500
-4.606
-0.938
-7.544
-1.244
-5.302
-1.485
-5.117
-1.193
-5.297
-4.255
-4.771
-0.712
-6.078
-0.336
-2.418
-3.230
-5.290
-1.085
-4.415
-3.353
-7.880
-1.643
-5.499
-1.243
-4.619
-0.968
-7.722
-4.218
-5.888
-2.901
-6.027
-3.136
-5.018
-2.640
-2.874
-2.251
-5.298
-1.660
-5.635
-3.056
-6.347
-3.268
-3.654
-3.360
-6.861
-2.769
-4.080
-3.639
-4.018
-4.136
-2.452
-2.231
-4.288
-5.086
-2.656
-2.841
-4.167
-5.178
-2.690
-3.368
-3.102
-3.431
-2.206
-0.482
-4.798
-3.980
-4.297
-5.044
-3.293
-1.522
-3.829
-1.724
-4.268
-3.142
-5.343
-4.429
-2.386
-3.189
-3.598
-1.030
-4.684
-2.138
-1.175
-0.945
-6.345
-3.627
-1.993
-2.959
-4.259
-2.282
-2.108
-2.438
0.303
-1.328
-3.701
-2.877
-2.696
-1.652
-2.946
-3.399
-3.210
-0.838
0.104
-2.095
-0.263
-3.030
