-6.004
-6.265
-6.198
-5.518
-3.584
-5.310
-4.698
-5.431
-6.948
-7.577
-6.473
-5.911
-7.134
-6.300
-6.089
-6.192
-7.653
-4.561
-4.931
-4.582
-5.557
-6.107
-6.913
-3.578
-8.027
-5.154
-8.440
-6.382
-6.330
-3.494
-6.359
-5.416
-2.949
-1.567
-6.092
-4.481
-6.464
-3.626
-3.825
-4.341
-0.275
-2.612
0.293
-4.916
0.426
-4.649
-1.123
-5.439
-1.258
-7.432
-4.828
-5.300
-0.576
-3.285
-0.022
-6.808
1.247
-2.945
-0.746
-7.284
3.796
-3.594
2.720
-3.545
4.984
-2.847
4.832
-4.543
5.026
-4.861
6.198
-1.307
6.017
-3.712
3.590
-4.402
3.679
-3.764
2.966
-3.073
0.640
-2.365
1.405
2.852
-1.301
-0.716
1.442
1.208
1.909
-0.125
2.669
2.420
0.125
0.113
1.175
1.829
4.419
-0.151
0.851
1.896
-0.406
-0.758
1.736
1.490
1.064
-1.083
1.441
0.101
-1.740
-3.216
0.044
1.429
2.965
0.036
2.174
2.221
2.560
-0.189
2.501
3.157
-1.280
-0.488
2.057
2.339
-2.037
-0.515
0.826
-0.240
-2.452
-0.836
1.530
-0.987
0.587
0.265
1.545
0.200
-2.457
-0.773
0.961
-0.569
-1.728
-1.405
1.513
-0.245
-3.120
-1.392
-0.793
-2.236
-0.880
-0.378
1.528
1.365
-2.191
-0.396
0.869
-0.213
-1.336
-0.649
1.834
0.959
-2.975
-1.595
0.776
-0.559
-2.790
-0.434
1.013
-0.425
-1.499
-0.179
2.952
1.166
-2.862
-1.115
0.886
0.258
-2.632
-0.564
1.840
1.250
-3.895
-0.938
1.350
0.358
-2.941
-0.401
2.155
0.667
-4.392
-1.834
0.365
-0.759
-2.900
-1.045
0.695
0.140
-6.377
-1.134
0.589
-3.616
5.210
1.441
1.221
0.214
6.614
-0.111
0.954
2.103
4.791
-0.244
1.323
2.643
6.214
-0.600
0.090
2.509
6.724
-0.397
1.467
1.828
3.545
-0.011
-0.391
0.582
3.243
-3.500
-1.438
0.958
5.185
-0.562
0.857
0.816
4.329
-1.878
-1.987
0.513
3.897
-0.552
0.581
-0.777
3.897
7.989
-0.052
1.637
4.048
4.774
1.333
1.268
4.428
6.915
-0.022
1.638
4.887
5.175
1.579
1.113
4.444
6.110
-0.613
0.645
5.077
7.111
-1.092
1.253
4.503
6.634
1.377
1.726
3.870
4.374
-0.141
0.208
3.460
6.992
0.153
1.306
4.311
7.108
0.806
0.941
-0.428
-1.549
7.038
-0.924
1.630
0.224
6.798
1.122
1.138
1.083
5.095
0.437
3.602
0.933
6.377
1.487
3.669
2.124
5.325
1.372
0.162
-0.763
7.008
-0.664
3.953
2.657
6.352
1.176
2.387
0.188
7.801
0.110
2.679
0.034
4.970
-0.733
4.073
2.590
6.184
1.811
5.030
5.499
0.799
1.239
4.184
3.274
2.068
0.989
5.789
4.013
0.672
0.685
5.624
4.227
0.043
0.868
2.550
2.243
-1.480
-1.377
5.071
5.199
0.362
0.506
5.991
3.985
1.145
2.554
2.916
2.489
0.188
0.867
5.404
4.208
-0.613
0.398
4.013
3.722
0.075
0.462
2.754
2.998
1.529
5.718
1.568
0.202
-0.153
6.858
2.470
1.461
1.092
6.398
1.786
0.610
0.739
5.985
1.232
1.052
1.489
4.442
0.438
0.563
0.047
5.333
3.067
-0.673
-0.395
5.020
2.032
0.781
-0.504
3.102
1.241
1.066
-0.435
5.400
0.635
0.418
0.018
5.546
6.616
-1.927
-3.398
5.686
-1.998
-2.674
5.625
-1.212
-3.485
6.898
-1.441
-2.540
5.955
-2.067
-2.694
8.198
-2.992
-6.491
7.462
-1.837
-1.608
6.614
-0.697
-1.960
7.131
-1.085
-2.832
5.286
-0.249
-4.563
-3.764
3.657
-2.168
-2.034
4.784
-2.958
-1.068
4.253
-1.680
-2.654
4.516
-0.223
-2.824
4.202
-3.215
-3.579
3.496
-1.701
-2.964
2.903
-2.333
-3.401
2.793
-4.518
-2.022
6.099
-2.116
-3.790
5.165
-4.805
-1.562
1.024
-0.220
-0.442
0.445
1.124
-2.960
0.932
-0.064
-3.259
-0.021
-1.607
-1.277
-0.448
-2.380
-0.773
2.433
-1.826
0.139
-0.886
-1.518
-3.454
-1.851
-0.948
-1.716
2.031
0.079
-1.064
-0.442
-2.169
2.182
-1.440
-1.856
2.962
0.009
-0.510
1.984
-2.017
-1.025
-0.102
-1.423
-2.147
2.416
-0.700
0.275
2.389
-0.093
-0.787
0.993
-0.197
-2.607
3.955
1.432
1.922
1.910
0.326
-0.926
3.155
0.989
1.110
-2.464
-2.560
3.787
0.422
-1.721
4.068
-0.619
-1.204
5.388
-1.560
-4.261
3.483
-0.725
-0.750
4.398
-0.546
-3.810
2.555
-1.574
-2.161
4.572
-1.335
-1.022
1.466
0.790
0.084
4.783
1.225
1.181
5.917
3.352
0.821
-0.518
5.255
2.473
3.481
3.026
-0.189
-1.358
3.689
-0.565
0.197
2.792
1.364
-0.299
0.920
-0.310
-0.798
4.410
2.702
2.588
4.289
0.526
1.338
1.649
0.075
1.155
2.709
-0.615
-0.724
-6.638
-4.545
-6.622
-8.278
-2.513
-7.586
-4.321
-5.224
-7.967
-4.890
-8.210
-7.189
-7.571
-7.728
-5.957
-6.547
-5.186
-4.209
-8.629
-5.479
-6.480
-6.106
-6.458
-9.578
-6.416
-9.531
-6.806
-9.144
-8.738
-3.624
-5.560
-4.085
-5.813
-6.053
-3.494
-5.359
-2.784
-3.611
-5.435
-2.116
-5.689
-3.488
-6.080
-9.675
-4.771
-6.026
-4.035
-5.353
-6.899
-3.591
-8.040
-6.563
-7.756
-6.230
-3.271
-10.219
-6.609
-7.843
-5.347
-3.794
-8.180
-4.861
-5.515
-3.958
-1.979
-8.952
-5.697
-5.974
-4.768
-1.328
-9.160
-6.279
-7.801
-6.922
-2.408
-10.193
-6.735
-7.131
-6.040
-2.279
-7.363
-7.891
-7.182
-6.740
-2.269
-5.999
-5.408
-6.415
-4.661
-0.926
-5.928
-5.544
-4.328
-4.750
-2.258
-8.720
-5.294
-7.196
-5.483
-3.136
-5.261
-1.165
-2.828
-7.048
-3.282
-6.239
-3.440
-3.068
-7.770
-6.195
-6.078
-4.404
-3.610
-8.809
-7.183
-4.928
-0.896
-3.395
-8.631
-6.102
-2.719
-5.689
-1.603
-8.525
-7.625
-5.966
-2.630
-2.491
-7.129
-5.870
-4.326
-3.729
-3.051
-8.160
-6.260
-5.241
-2.951
-4.863
-6.994
-5.107
-4.017
-2.454
-2.390
-7.252
-6.372
-8.109
-4.881
-3.565
-11.971
-9.483
-8.662
-5.484
-8.164
-4.569
6.138
-5.021
-4.427
-5.645
-4.886
5.713
-4.329
-3.956
-5.388
-3.186
3.337
-6.783
-3.945
-4.710
-5.491
1.736
-4.387
-4.567
-4.924
-4.651
3.617
-3.413
-3.316
-3.668
-1.449
2.230
-5.493
-8.005
-6.221
-9.607
-2.658
-5.147
-3.920
-5.474
-3.481
6.698
-6.031
-3.715
-4.771
-6.932
5.252
-6.801
-3.452
-6.251
-5.310
6.336
-3.112
-6.599
-6.122
-4.233
-5.442
-2.617
-4.025
-3.826
-2.019
-3.357
-4.273
-5.471
-2.844
-3.166
-3.034
-4.463
-4.486
-3.741
-5.161
-3.762
-3.830
-5.093
-1.343
-2.139
-3.106
-3.485
-6.601
-3.492
-1.944
-2.005
-4.085
-2.072
-2.237
-4.309
-2.339
-5.834
-6.267
-6.007
-3.001
-3.282
-4.323
-4.358
-3.907
-3.884
-4.492
-4.592
-5.367
-3.041
-7.334
-5.039
0.914
1.098
-1.452
5.170
-2.316
-0.156
0.914
-1.199
4.528
-6.326
1.389
3.137
-1.620
7.353
-4.343
0.808
-0.681
-2.733
4.428
-5.142
-0.985
-0.079
-2.400
4.048
-2.358
1.093
0.048
-1.829
4.457
-4.196
-1.741
-0.173
-1.048
3.972
-5.057
0.564
1.137
-1.956
5.575
-2.813
-0.184
0.976
-1.176
4.558
-4.367
-0.180
-2.147
-1.367
4.708
-4.115
-6.508
-5.726
-6.538
-6.265
-4.960
-5.130
-4.104
-5.991
-4.727
-2.834
-4.544
-6.293
-6.211
-7.171
-5.483
-4.328
-6.389
-4.263
-4.680
-5.605
-2.978
-3.095
-4.374
-2.308
-1.672
-4.550
-5.233
-5.136
-4.613
-5.078
-4.202
-5.690
-5.801
-5.377
-3.688
-5.441
-5.715
-5.117
-5.232
-6.216
-5.513
-3.989
-6.227
-4.576
-2.925
-5.279
-4.215
-6.312
-5.180
-6.522
-1.635
-2.013
2.578
-3.151
-6.473
-2.794
-2.063
2.764
-2.265
-9.764
-2.073
-5.159
2.978
-3.570
-8.550
-0.212
-2.574
2.618
-0.058
-6.047
-1.486
-2.352
3.705
-0.924
-6.255
-1.565
-5.939
2.510
-2.902
-8.037
-2.593
-3.642
3.429
-3.423
-6.558
-1.342
-1.258
3.806
-1.564
-6.404
-1.130
-0.623
1.286
-0.474
-5.644
-0.493
-3.294
3.106
-1.381
-5.477
0.902
-1.457
-5.269
-2.498
-2.056
0.728
-0.242
-2.102
-1.621
-4.171
3.019
-0.607
-4.071
-2.614
-2.662
4.393
-2.559
-2.763
-1.780
-4.280
1.604
-1.458
-7.746
-2.542
-3.374
3.151
-0.314
-2.671
-2.352
-1.898
3.873
-2.184
-3.431
-1.319
-2.369
4.227
-0.387
-2.907
-1.051
-4.051
4.577
-0.687
-3.039
-2.045
-2.679
4.175
-2.762
-3.410
-1.870
-2.872
-0.005
0.442
0.286
-1.108
-4.435
-0.439
-0.519
-1.487
-0.265
-3.589
1.017
0.257
0.203
-0.462
-4.071
-1.802
-1.294
0.151
-1.586
-4.710
-0.081
-0.446
1.181
-2.004
-4.047
0.858
-2.151
-2.292
-2.248
-2.729
0.526
-1.420
-0.633
0.236
-4.076
1.752
0.523
0.672
1.012
-1.904
0.872
0.565
-1.040
0.403
-4.856
-0.351
-0.795
-1.826
-0.508
-4.881
-3.101
-4.939
-4.004
-5.281
-6.915
-6.240
-3.424
-9.047
-5.466
-3.841
-7.692
-4.669
-5.046
-5.502
-5.398
-3.524
-7.571
-6.243
-6.176
-5.630
-2.954
-3.825
-4.578
-5.406
-3.427
-5.011
-6.013
-2.628
-5.519
-6.147
-12.739
-6.993
-6.424
-8.869
-4.174
-2.977
-10.049
-4.787
-2.905
-12.236
-5.748
-5.020
-10.328
-3.636
-1.516
-12.213
-5.180
-5.177
-11.483
-4.809
-2.117
-9.212
-5.656
-2.709
-10.996
-5.887
-5.308
-12.411
-5.213
-2.247
-4.794
-6.819
-4.200
-7.519
-5.429
-3.828
-5.157
-4.910
-2.659
-5.223
-4.383
-1.918
-4.796
-5.448
-3.586
-5.529
-6.623
-3.988
-3.719
-5.413
-1.834
-5.556
-6.086
-3.296
-4.231
-4.196
-3.779
-4.096
-4.724
-1.878
-1.853
-1.892
-3.698
-1.799
-2.581
-3.351
-2.831
-2.573
-4.313
-0.921
-2.841
-5.191
-1.424
-3.365
-4.806
-0.104
-1.911
-3.765
-1.732
-3.545
-5.849
-1.787
-1.744
-3.720
-1.621
-0.194
-2.297
-1.702
-3.280
-3.627
-3.301
-6.644
-6.212
-2.787
-4.779
-5.203
-3.285
-4.728
-5.548
-3.489
-3.639
-5.468
-4.227
-2.152
-3.519
-1.688
-4.826
-5.713
-3.366
-4.161
-4.524
-4.363
-4.356
-6.092
-3.596
-5.170
-5.508
-5.312
-4.066
-4.054
-5.539
-3.739
-7.270
-3.051
-1.218
-6.017
-6.682
-1.704
-4.470
-4.492
-2.475
-5.945
-4.220
-1.199
-7.257
-5.847
-2.512
-6.981
-6.554
-0.720
-5.167
-8.123
-1.896
-6.567
-7.905
-3.066
-6.573
-4.379
-2.314
-6.434
