2.659
6.484
4.172
3.446
4.279
3.351
1.371
5.185
6.619
6.925
3.862
5.736
4.222
-0.529
1.448
2.959
5.112
1.573
-0.405
1.840
6.391
3.256
6.663
5.150
5.724
6.892
5.719
6.518
6.661
4.959
0.807
1.424
3.055
2.221
1.580
1.551
1.054
2.265
1.672
1.030
6.910
5.968
7.811
7.584
6.906
8.910
8.000
6.713
7.568
6.974
5.528
5.782
3.936
4.201
3.567
4.286
1.228
7.257
4.624
6.412
-3.965
-2.878
-3.555
-2.289
-3.454
-3.414
-3.044
-0.458
-4.147
-1.621
4.192
5.591
3.689
3.314
1.524
4.517
3.540
4.044
3.786
5.723
3.616
3.958
4.354
2.924
4.125
2.530
4.093
3.333
3.338
4.016
5.078
5.471
4.698
2.786
4.202
3.356
4.169
4.526
3.920
2.554
3.963
3.034
4.315
3.520
4.036
4.531
5.023
5.354
3.737
4.219
3.704
4.146
4.097
1.401
4.239
4.516
2.832
1.643
1.563
4.220
0.969
2.262
1.185
2.203
-0.229
-1.400
2.694
-0.409
0.683
-0.229
-2.974
-1.719
-1.492
-2.702
-2.579
-2.579
-0.943
-4.496
-3.212
-2.949
3.081
4.298
2.970
1.911
2.298
3.276
2.339
2.676
3.878
2.556
3.171
3.235
2.252
0.801
0.879
2.373
2.014
1.879
1.285
1.167
3.478
0.725
1.512
1.581
1.221
1.737
2.872
0.928
1.694
-0.024
3.569
3.609
1.267
4.229
3.041
2.574
4.680
3.408
2.296
2.200
0.435
7.196
6.048
6.200
5.913
5.755
3.965
4.762
4.305
0.964
-2.022
2.022
4.288
4.471
3.673
6.461
3.279
5.765
1.077
2.618
-2.260
-3.269
-6.268
-5.479
-3.650
-2.450
-3.244
-2.478
-3.391
-3.539
3.120
5.260
4.307
5.800
5.213
5.283
4.379
6.809
5.058
6.232
4.820
4.874
5.600
2.632
5.861
4.496
3.432
3.986
3.967
4.432
-1.967
-1.342
-2.464
-0.337
-0.655
-0.733
-1.155
0.921
-0.528
-0.791
7.347
5.339
5.733
5.580
6.251
8.432
4.773
6.919
6.049
4.714
7.156
6.063
7.746
5.527
7.684
8.738
3.976
4.307
5.070
2.352
-1.829
-0.965
0.593
0.343
0.427
0.665
0.048
0.742
-0.240
0.989
-0.984
2.249
0.738
0.190
0.177
0.704
0.324
0.843
1.043
1.000
6.285
3.805
5.140
6.218
4.812
6.764
5.746
5.161
3.295
3.906
4.847
5.294
4.524
3.738
5.147
6.443
3.340
3.209
5.872
4.211
3.509
6.514
5.479
-1.599
4.175
2.242
4.376
2.177
0.978
2.425
5.424
3.962
2.581
1.791
2.360
4.282
3.520
4.001
2.499
4.983
5.282
4.603
4.973
3.566
4.239
1.878
4.564
3.956
3.637
2.572
2.572
5.476
2.326
2.026
4.355
6.960
1.986
3.878
1.580
4.875
