-6.004
-6.265
-6.198
-5.518
-3.584
-5.310
-4.698
-5.431
-6.948
-7.577
-6.473
-5.911
-7.134
-6.300
-6.089
-6.192
-7.653
-4.561
-4.931
-4.582
-5.557
-6.107
-6.913
-3.578
-8.027
-5.154
-8.440
-6.382
-6.330
-3.494
-6.359
-5.416
-2.949
-1.567
-6.092
-4.481
-6.464
-3.626
-3.825
-4.341
-2.163
-2.612
-0.660
-4.916
-1.541
-4.649
-2.895
-5.439
-2.878
-7.432
-6.319
-5.300
-2.003
-3.285
-0.951
-6.808
0.014
-2.945
-2.001
-7.284
4.758
-3.594
3.547
-3.545
5.941
-2.847
5.425
-4.543
5.463
-4.861
6.870
-1.307
6.810
-3.712
4.188
-4.402
4.119
-3.764
3.770
-3.073
5.822
-2.365
1.405
1.463
4.055
-0.716
1.442
-0.546
6.832
-0.125
2.669
2.412
5.035
0.113
1.175
0.880
5.730
-0.151
0.851
4.005
4.636
-0.758
1.736
0.245
4.780
-1.083
1.441
1.118
3.094
-3.216
0.044
-0.657
6.701
0.036
2.174
3.067
7.485
-0.189
2.501
3.046
3.330
-0.488
2.057
-0.074
3.202
-0.515
0.826
-1.225
4.218
-0.836
1.530
-1.887
4.212
0.265
1.545
0.868
2.210
-0.773
0.961
-1.721
3.683
-1.405
1.513
-1.042
2.854
-1.392
-0.793
-2.558
3.272
-0.378
1.528
-0.010
2.439
-0.396
0.869
-1.297
2.779
-0.649
1.834
-0.424
2.111
-1.595
0.776
-1.969
2.293
-0.434
1.013
-1.992
3.123
-0.179
2.952
-0.588
2.609
-1.115
0.886
-1.735
4.122
-0.564
1.840
-1.350
2.995
-0.938
1.350
-2.701
2.943
-0.401
2.155
-1.758
2.203
-1.834
0.365
-3.185
2.498
-1.045
0.695
-1.851
0.579
-1.134
0.589
-5.459
0.953
1.441
1.221
4.488
2.745
-0.111
0.954
5.971
2.854
-0.244
1.323
4.804
2.495
-0.600
0.090
5.832
2.906
-0.397
1.467
6.034
2.122
-0.011
-0.391
3.277
2.267
-3.500
-1.438
3.035
1.584
-0.562
0.857
4.449
1.809
-1.878
-1.987
3.768
2.694
-0.552
0.581
2.983
3.897
7.449
-0.052
1.637
4.048
4.553
1.333
1.268
4.428
6.353
-0.022
1.638
4.887
4.878
1.579
1.113
4.444
5.234
-0.613
0.645
5.077
6.410
-1.092
1.253
4.503
6.206
1.377
1.726
3.870
3.842
-0.141
0.208
3.460
6.433
0.153
1.306
4.311
6.439
0.806
0.941
-0.428
-1.012
7.038
-0.924
1.630
0.694
6.798
1.122
1.138
1.495
5.095
0.437
3.602
1.132
6.377
1.487
3.669
2.209
5.325
1.372
0.162
-0.142
7.008
-0.664
3.953
2.738
6.352
1.176
2.387
0.573
7.801
0.110
2.679
0.415
4.970
-0.733
4.073
2.803
6.184
1.811
5.030
4.976
0.799
1.239
4.184
3.415
2.068
0.989
5.789
3.457
0.672
0.685
5.624
3.684
0.043
0.868
2.550
1.654
-1.480
-1.377
5.071
4.451
0.362
0.506
5.991
3.906
1.145
2.554
2.916
2.365
0.188
0.867
5.404
3.347
-0.613
0.398
4.013
3.277
0.075
0.462
2.754
3.300
1.529
5.718
1.568
0.950
-0.153
6.858
2.470
2.111
1.092
6.398
1.786
1.189
0.739
5.985
1.232
1.846
1.489
4.442
0.438
1.159
0.047
5.333
3.067
-0.111
-0.395
5.020
2.032
1.105
-0.504
3.102
1.241
1.492
-0.435
5.400
0.635
0.999
0.018
5.546
-1.920
-2.585
-3.398
-1.924
-3.916
-2.674
-1.166
-3.015
-3.485
-1.395
-3.731
-2.540
-2.032
-3.790
-2.694
-2.935
-6.003
-6.491
-1.771
-4.381
-1.608
-0.672
-2.179
-1.960
-1.091
-2.637
-2.832
-0.212
-2.855
-4.563
3.643
0.671
-2.168
4.798
1.200
-2.958
4.292
-0.251
-1.680
4.562
1.701
-0.223
4.232
-0.771
-3.215
3.499
1.342
-1.701
2.924
-0.519
-2.333
2.809
-2.866
-4.518
6.143
0.760
-2.116
5.120
0.681
-4.805
1.091
0.046
-0.220
0.543
-0.612
1.124
1.000
0.284
-0.064
0.047
-0.436
-1.607
-0.342
-2.655
-2.380
2.507
-0.699
-1.826
-0.769
-3.271
-1.518
-1.783
-2.498
-0.948
2.105
0.784
0.079
-0.348
-2.050
-2.169
0.383
-1.440
-1.299
1.135
0.009
-0.684
-0.254
-2.017
-0.808
-2.137
-1.423
-2.910
0.176
-0.700
0.486
0.954
-0.093
-1.375
1.261
-0.197
-2.186
2.089
1.432
-0.265
1.105
0.326
-1.058
2.048
0.989
-0.081
-3.947
-2.560
-0.196
-1.902
-1.721
-0.059
-1.860
-1.204
-0.197
-0.991
-4.261
-1.368
-2.078
-0.750
-0.595
-0.056
-3.810
-1.410
-1.205
-2.161
-0.496
-1.336
-1.022
-3.561
1.873
0.084
0.718
-0.175
1.181
1.111
1.931
0.821
-1.135
3.626
2.473
1.001
1.540
-0.189
-0.696
1.226
-0.565
-1.564
2.687
1.364
-0.551
0.858
-0.310
0.039
3.464
2.702
2.026
0.652
0.526
0.932
2.658
0.075
-0.088
0.690
-0.615
-1.914
-6.638
-4.545
-6.622
-8.278
-5.819
-7.586
-4.321
-5.224
-7.967
-7.407
-8.210
-7.189
-7.571
-7.728
-7.653
-6.547
-5.186
-4.209
-8.629
-7.500
-6.480
-6.106
-6.458
-9.578
-6.496
-9.531
-6.806
-9.144
-8.738
-8.584
-5.560
-4.085
-5.813
-6.053
-4.177
-5.359
-2.784
-3.611
-5.435
-4.707
-5.689
-3.488
-6.080
-9.675
-5.236
-6.026
-4.035
-5.353
-6.899
-7.242
-8.040
-6.563
-7.756
-6.230
-8.689
-10.219
-6.609
-7.843
-5.347
-8.594
-8.180
-4.861
-5.515
-3.958
-6.797
-8.952
-5.697
-5.974
-4.768
-7.200
-9.160
-6.279
-7.801
-6.922
-8.939
-10.193
-6.735
-7.131
-6.040
-8.223
-7.363
-7.891
-7.182
-6.740
-6.849
-5.999
-5.408
-6.415
-4.661
-7.108
-5.928
-5.544
-4.328
-4.750
-4.670
-8.720
-5.294
-7.196
-5.483
-8.839
-5.261
-1.165
-2.828
-7.048
-2.989
-6.239
-3.440
-3.068
-7.770
-2.206
-6.078
-4.404
-3.610
-8.809
-1.590
-4.928
-0.896
-3.395
-8.631
-1.494
-2.719
-5.689
-1.603
-8.525
-2.635
-5.966
-2.630
-2.491
-7.129
-2.934
-4.326
-3.729
-3.051
-8.160
-1.767
-5.241
-2.951
-4.863
-6.994
-2.703
-4.017
-2.454
-2.390
-7.252
-1.095
-8.109
-4.881
-3.565
-11.971
-6.061
-8.662
-5.484
-8.164
-4.569
-3.896
-5.021
-4.427
-5.645
-4.886
-3.243
-4.329
-3.956
-5.388
-3.186
-4.400
-6.783
-3.945
-4.710
-5.491
-4.163
-4.387
-4.567
-4.924
-4.651
-3.757
-3.413
-3.316
-3.668
-1.449
-2.378
-5.493
-8.005
-6.221
-9.607
-7.023
-5.147
-3.920
-5.474
-3.481
-2.523
-6.031
-3.715
-4.771
-6.932
-3.249
-6.801
-3.452
-6.251
-5.310
-2.501
-3.112
-6.599
-6.122
-4.233
-6.505
-2.617
-4.025
-3.826
-2.019
-5.391
-4.273
-5.471
-2.844
-3.166
-6.757
-4.463
-4.486
-3.741
-5.161
-7.443
-3.830
-5.093
-1.343
-2.139
-4.296
-3.485
-6.601
-3.492
-1.944
-5.453
-4.085
-2.072
-2.237
-4.309
-5.444
-5.834
-6.267
-6.007
-3.001
-6.373
-4.323
-4.358
-3.907
-3.884
-5.623
-4.592
-5.367
-3.041
-7.334
-8.009
0.763
1.098
-6.642
-0.264
-2.316
1.438
0.914
-5.961
-1.594
-6.326
0.570
3.137
-7.160
-0.079
-4.343
-0.916
-0.681
-9.693
-0.127
-5.142
-1.940
-0.079
-8.859
1.123
-2.358
0.231
0.048
-6.611
-0.028
-4.196
0.601
-0.173
-8.251
0.697
-5.057
0.510
1.137
-6.360
-0.160
-2.813
1.883
0.976
-6.834
-0.607
-4.367
0.625
-2.147
-7.203
-0.690
-4.115
-7.622
-5.726
-10.003
-4.336
-4.960
-4.876
-4.104
-10.290
-1.927
-2.834
-6.085
-6.293
-9.292
-5.814
-5.483
-5.002
-6.389
-10.032
-3.994
-5.605
-5.205
-3.095
-8.476
-1.822
-1.672
-3.761
-5.233
-9.225
-3.656
-5.078
-6.453
-5.690
-9.828
-3.558
-3.688
-4.225
-5.715
-9.838
-3.396
-6.216
-6.221
-3.989
-10.138
-3.646
-2.925
-6.108
-4.215
-11.721
-4.715
-6.522
-0.475
-2.013
-0.858
-7.005
-6.473
-0.417
-2.063
-3.111
-6.556
-9.764
-0.853
-5.159
-1.314
-7.248
-8.550
0.672
-2.574
-4.391
-3.422
-6.047
0.856
-2.352
-4.087
-3.051
-6.255
-2.045
-5.939
-2.744
-4.945
-8.037
-1.749
-3.642
-1.534
-6.778
-6.558
-1.755
-1.258
-1.229
-4.071
-6.404
1.941
-0.623
-3.081
-3.433
-5.644
-0.586
-3.294
-3.837
-2.422
-5.477
-3.184
-1.457
-9.475
-4.301
-2.056
0.407
-0.242
-7.136
-4.410
-4.171
-2.498
-0.607
-9.700
-4.559
-2.662
-1.183
-2.559
-8.104
-3.705
-4.280
-5.978
-1.458
-12.362
-2.757
-3.374
-0.465
-0.314
-6.789
-4.184
-1.898
-2.823
-2.184
-8.039
-3.392
-2.369
-0.054
-0.387
-6.849
-4.010
-4.051
-2.793
-0.687
-5.563
-5.184
-2.679
-2.934
-2.762
-7.813
-3.342
-2.872
-0.161
0.442
-0.866
-4.096
-4.435
-0.616
-0.519
-1.854
-2.616
-3.589
0.874
0.257
-2.244
-3.801
-4.071
0.444
-1.294
0.703
-4.796
-4.710
0.749
-0.446
0.247
-4.031
-4.047
0.483
-2.151
-5.694
-3.674
-2.729
-0.389
-1.420
-5.446
-2.157
-4.076
0.347
0.523
-1.730
-2.975
-1.904
-0.866
0.565
-4.642
-3.023
-4.856
-1.233
-0.795
-3.852
-4.327
-4.881
-3.101
-4.939
-4.004
-5.281
-6.915
-6.240
-3.424
-9.047
-5.466
-3.841
-7.692
-4.669
-5.046
-5.502
-5.398
-3.524
-7.571
-6.243
-6.176
-5.630
-2.954
-3.825
-4.578
-5.406
-3.427
-5.011
-6.013
-2.628
-5.519
-6.147
-12.739
-6.993
-6.424
-8.869
-4.174
-2.977
-10.049
-4.787
-2.905
-12.236
-5.748
-5.020
-10.328
-3.636
-1.516
-12.213
-5.180
-5.177
-11.483
-4.809
-2.117
-9.212
-5.656
-2.709
-10.996
-5.887
-5.308
-12.411
-5.213
-2.247
-4.794
-6.819
-4.200
-7.519
-5.429
-3.828
-5.157
-4.910
-2.659
-5.223
-4.383
-1.918
-4.796
-5.448
-3.586
-5.529
-6.623
-3.988
-3.719
-5.413
-1.834
-5.556
-6.086
-3.296
-4.231
-4.196
-3.779
-4.096
-4.724
-1.878
-1.853
-1.892
-3.698
-1.799
-2.581
-3.351
-2.831
-2.573
-4.313
-0.921
-2.841
-5.191
-1.424
-3.365
-4.806
-0.104
-1.911
-3.765
-1.732
-3.545
-5.849
-1.787
-1.744
-3.720
-1.621
-0.194
-2.297
-1.702
-3.280
-3.627
-3.301
-6.644
-6.212
-2.787
-4.779
-5.203
-3.285
-4.728
-5.548
-3.489
-3.639
-5.468
-4.227
-2.152
-3.519
-1.688
-4.826
-5.713
-3.366
-4.161
-4.524
-4.363
-4.356
-6.092
-3.596
-5.170
-5.508
-5.312
-4.066
-4.054
-5.539
-3.739
-7.270
-3.051
-1.218
-6.017
-6.682
-1.704
-4.470
-4.492
-2.475
-5.945
-4.220
-1.199
-7.257
-5.847
-2.512
-6.981
-6.554
-0.720
-5.167
-8.123
-1.896
-6.567
-7.905
-3.066
-6.573
-4.379
-2.314
-6.434
