2.659
6.484
4.172
3.446
4.279
3.351
1.371
5.185
6.619
6.925
3.862
5.736
4.222
-0.529
1.448
2.959
5.112
1.573
-0.405
1.840
6.391
3.256
6.663
5.150
5.724
6.892
5.719
6.518
6.661
4.959
1.198
1.875
3.193
2.509
1.131
1.246
0.855
2.691
1.654
1.359
6.910
5.968
7.811
7.584
6.906
8.910
8.000
6.713
7.568
6.974
5.528
5.782
3.936
4.201
3.567
4.286
1.228
7.257
4.624
6.412
1.829
2.518
2.325
4.142
2.470
1.780
2.627
1.848
1.320
3.308
2.186
1.868
1.043
0.659
-1.462
0.605
1.397
0.643
1.893
3.928
3.616
3.958
4.354
2.924
4.125
2.530
4.093
3.333
3.338
4.016
5.078
5.471
4.698
2.786
4.202
3.356
4.169
4.526
3.920
2.554
3.963
3.034
4.315
3.520
4.036
4.531
5.023
5.354
3.737
4.219
4.427
4.732
4.283
2.337
4.790
5.493
3.317
2.351
2.618
5.003
5.280
5.106
3.669
4.439
4.253
0.043
5.847
1.628
5.408
3.971
2.511
1.761
2.685
1.147
1.984
1.667
2.550
0.578
1.122
1.169
3.081
4.298
2.970
1.911
2.298
3.276
2.339
2.676
3.878
2.556
6.183
6.191
6.430
5.458
4.877
6.305
4.773
5.896
4.808
6.389
6.722
5.403
4.595
4.264
4.399
6.820
5.854
6.155
4.528
4.360
3.569
3.609
1.267
4.229
3.041
2.574
4.680
3.408
2.296
2.200
0.435
7.196
6.048
6.200
5.913
5.755
3.965
4.762
4.305
0.964
-2.022
2.022
4.288
4.471
3.673
6.461
3.279
5.765
1.077
2.618
3.679
7.582
2.687
1.198
4.820
2.515
7.131
8.404
6.345
7.856
3.120
5.260
4.307
5.800
5.213
5.283
4.379
6.809
5.058
6.232
4.820
4.874
5.600
2.632
5.861
4.496
3.432
3.986
3.967
4.432
-0.317
2.883
2.889
3.734
5.940
5.707
4.650
5.597
5.184
6.931
7.347
5.339
5.733
5.580
6.251
8.432
4.773
6.919
6.049
4.714
7.156
6.063
7.746
5.527
7.684
8.738
3.976
4.307
5.070
2.352
5.709
4.636
5.603
7.130
6.594
8.217
5.677
6.217
6.255
3.297
4.276
6.793
5.676
5.690
4.497
4.252
6.072
4.039
5.740
5.719
6.285
3.805
5.140
6.218
4.812
6.764
5.746
5.161
3.295
3.906
4.847
5.294
4.524
3.738
5.147
6.443
3.340
3.209
5.872
4.211
3.509
6.514
5.479
-1.599
4.175
2.242
4.376
2.177
0.978
2.425
5.424
3.962
2.581
1.791
2.360
4.282
3.520
4.001
2.499
4.983
5.282
4.603
4.973
3.566
4.239
1.878
4.564
3.956
3.637
2.572
2.572
5.476
2.326
2.026
4.355
6.960
1.986
3.878
1.580
4.875
