-7.177
-3.570
-4.966
-7.648
-3.413
-4.887
-6.072
-4.023
-4.302
-3.504
-2.316
-1.999
-4.055
-2.282
-2.945
-3.370
-4.317
-4.481
-3.009
-4.632
-1.746
-1.827
-2.614
-3.160
-3.729
0.137
-3.309
-3.203
-3.837
-2.723
0.516
0.712
-0.104
-1.287
-0.332
-1.319
-0.634
0.214
1.208
-0.310
-1.379
0.277
-1.050
-0.029
2.259
-0.425
0.094
1.661
0.256
0.422
2.814
1.354
-0.062
1.905
-1.958
0.118
1.665
0.177
-0.499
1.899
1.094
0.678
2.585
0.269
0.626
2.122
1.796
0.428
1.176
1.053
0.292
0.115
-2.350
3.591
1.696
2.255
2.610
-0.956
0.916
3.096
0.306
0.785
1.918
1.979
2.251
1.690
1.439
1.365
0.395
-0.780
0.368
3.649
2.280
1.290
2.412
0.296
-0.118
1.198
1.979
1.032
-2.789
-1.202
-2.936
-0.419
1.926
-1.665
-0.779
0.709
-2.454
-0.745
0.847
-1.277
-0.783
1.629
-2.432
-1.222
0.851
-2.680
-0.370
1.332
-1.945
0.643
2.131
0.109
-2.370
0.239
-3.132
0.693
1.446
-0.756
2.207
-1.318
-0.051
0.903
-0.315
0.931
2.404
-1.900
-0.029
1.164
0.066
1.821
0.417
-1.176
0.447
1.896
-0.700
1.223
1.665
-1.469
0.186
1.053
-1.521
0.212
1.765
-0.875
1.159
3.219
0.158
1.739
3.318
3.197
4.278
2.351
1.055
3.676
3.272
1.975
3.272
2.219
0.585
2.192
2.550
3.198
1.302
2.768
0.263
3.824
3.513
2.382
5.447
2.865
1.724
3.410
2.823
1.002
2.487
3.879
1.816
3.443
2.422
0.974
2.762
0.838
-0.378
0.546
0.161
0.284
2.080
2.421
1.494
2.328
-0.630
-1.385
0.154
1.328
0.291
1.907
-3.408
-3.044
-1.499
1.858
1.005
0.859
0.671
0.927
1.410
0.054
0.431
1.907
2.078
-0.330
3.607
1.899
0.250
3.281
3.343
-0.051
3.670
2.637
-0.068
3.096
2.945
0.360
3.381
1.665
0.059
3.737
3.826
1.453
4.197
4.312
2.438
4.344
1.248
0.223
3.752
2.545
0.013
2.806
0.842
0.419
4.475
2.240
1.004
3.250
3.781
-0.026
3.094
-0.543
0.418
1.289
1.826
2.005
2.701
2.169
2.701
5.646
2.899
0.526
3.937
-0.122
2.029
1.990
-0.036
-0.409
3.141
1.533
0.406
3.886
0.827
-1.511
2.186
-0.802
1.099
-0.880
2.167
-0.400
-0.352
-1.043
-1.428
-3.997
2.588
-1.180
-0.522
-4.845
0.572
-1.270
-0.359
-2.490
2.038
-1.303
3.282
-0.817
2.418
-2.033
3.979
-1.487
3.761
-4.054
2.523
-2.894
4.440
-1.207
1.150
-5.186
1.453
-3.077
1.573
-5.193
-1.679
-2.591
-2.469
-3.540
-2.903
-2.416
-0.454
-1.304
-1.291
-1.181
-2.363
-2.551
-3.485
-5.202
-2.016
-2.127
-2.625
-2.920
-2.901
-2.669
1.783
0.296
0.626
0.902
0.133
0.646
-1.064
-0.489
0.090
-2.542
1.680
1.638
-0.119
0.204
1.482
0.420
1.219
-0.610
0.126
-1.885
0.790
-0.075
0.324
-0.285
-0.897
0.509
1.040
2.048
1.482
1.063
-0.033
0.729
-0.276
0.446
-3.106
-0.461
-1.569
-0.046
-2.346
-1.849
-0.390
0.191
-0.322
-1.014
-2.366
-0.629
0.420
-0.882
0.274
-1.447
-2.124
-0.113
1.228
1.610
-0.770
-0.955
0.199
0.457
0.880
-0.491
-4.468
-4.620
-5.873
-3.685
-5.504
-5.087
-8.004
-4.615
-5.949
-3.932
-7.627
-5.436
-6.352
-4.909
-7.640
-6.055
-6.966
-5.791
-9.681
-5.444
-5.561
-4.563
-7.857
-5.007
-6.310
-5.483
-8.395
-7.142
-6.358
-4.463
-7.561
-5.979
-5.485
-5.556
-7.807
-5.508
-3.065
-3.880
-4.963
-3.589
-3.575
-6.513
-7.529
-6.582
-0.774
-4.345
-5.082
-6.588
-2.780
-3.859
-1.507
-4.492
0.105
-5.493
-3.708
-5.559
-4.057
-2.938
-5.829
-6.182
-1.597
-4.607
-4.430
-5.895
-2.998
-2.158
-6.637
-5.109
-2.360
-4.539
-4.028
-5.630
-0.827
-5.789
-4.548
-6.577
-3.136
-2.923
-6.828
-5.237
-1.623
-6.141
-2.792
-3.389
-2.959
-4.366
-4.090
-3.895
-3.134
-6.549
-4.559
-5.688
-5.116
-5.363
-3.980
-5.339
-5.370
-5.459
-5.540
-4.550
-4.234
-5.324
-5.990
-6.090
-4.204
-3.327
-4.452
-4.171
-4.584
-4.651
-4.719
-3.974
-6.558
-6.080
-5.225
-4.441
-4.570
-6.154
-6.420
-4.504
-6.291
-2.418
-2.138
-6.217
-7.776
-3.655
-2.062
-3.901
-8.770
-4.122
-0.003
-5.948
-9.562
-3.276
-3.867
-6.705
-8.172
-2.047
-3.045
-5.199
-7.750
-3.499
-3.063
-6.591
-7.828
-2.205
-2.969
-5.532
-7.248
-3.138
-0.965
-5.053
-7.352
-2.617
-0.749
-7.190
-4.786
-2.048
-4.080
-4.892
-1.830
-5.637
-1.343
-3.639
-3.903
-4.608
-2.752
-1.761
-4.401
-6.136
-4.404
-4.493
-3.595
-4.871
-2.707
-2.463
-1.329
-5.865
-2.192
-3.672
-3.366
-3.218
-2.922
-4.381
-3.319
-4.254
-1.579
-5.976
-2.525
-8.009
-5.044
-5.439
-4.983
-7.857
-3.211
-10.016
-1.181
-3.495
-1.624
-4.125
-1.294
-1.724
-3.824
-5.340
-4.029
-5.864
-7.451
-8.043
-4.640
-4.365
-7.670
-6.442
-1.884
-4.032
-6.470
-8.195
-3.788
-4.644
-8.364
-7.672
-4.490
-3.576
-7.439
-6.907
-5.122
-3.934
-8.976
-8.563
-1.537
-4.467
-8.162
-6.945
-2.666
-3.329
-6.292
-6.059
-4.306
-3.301
-7.300
-7.321
-1.423
-7.269
-1.828
-3.515
-1.722
-8.117
-1.092
-1.031
-4.948
-8.316
-1.626
-1.656
-2.568
-7.300
-2.191
-4.649
-2.354
-8.212
-1.604
-1.896
-1.487
-6.548
-1.618
-1.935
-3.220
-6.724
-4.359
-2.718
-1.053
-6.443
-1.136
-1.539
-1.009
-5.413
-1.611
-2.161
-2.974
-8.642
-1.142
-2.445
-5.505
-4.798
-10.717
-2.234
-6.051
-2.184
-9.296
-4.016
-6.599
-2.431
-10.612
-1.913
-6.143
-1.819
-10.840
-4.401
-7.680
-4.705
-9.181
-1.394
-5.018
-4.016
-10.455
-2.337
-5.407
-3.370
-9.442
-2.936
-2.877
-1.690
-9.504
-2.090
-5.293
-0.997
-10.364
-2.228
-7.378
-3.739
-12.157
-3.423
-2.120
-7.094
-2.159
-5.590
-1.003
-2.423
-4.818
-6.556
-0.823
-4.126
-3.092
-5.454
-3.522
-6.522
-4.645
-7.469
-3.036
-5.116
-2.905
-4.620
-3.101
-3.848
-3.304
-6.333
-2.949
-2.830
-4.210
-5.568
-0.916
-2.976
-2.713
-5.884
-4.933
-2.753
-3.192
-8.103
-3.032
-6.487
-1.760
-4.309
-2.803
-4.433
-12.321
-6.871
-2.854
-2.058
-12.301
-5.296
-1.762
-0.813
-9.480
-2.896
-3.497
-1.599
-10.773
-3.855
-5.265
-2.521
-11.971
-3.924
-4.516
-2.788
-11.717
-4.460
-5.085
-2.829
-12.265
-3.779
-4.425
-4.009
-11.623
-3.561
-1.294
-3.512
-11.181
-3.815
-3.690
-2.343
-10.618
-3.999
-5.579
-2.162
-3.230
-0.888
-3.102
0.139
-6.309
-3.291
-7.153
-3.383
-6.089
-2.467
-6.216
-1.278
-4.559
-1.027
-7.557
-0.869
-5.080
-1.596
-5.355
-1.486
-5.516
-4.594
-4.890
-0.980
-6.142
-0.685
-2.301
-3.745
-5.274
-1.175
-4.821
-3.935
-8.100
-1.725
-5.595
-1.554
-4.882
-0.706
-8.130
-5.384
-5.954
-3.853
-6.089
-3.811
-5.524
-3.143
-3.059
-2.814
-4.934
-2.288
-4.851
-3.880
-6.278
-3.860
-3.179
-4.412
-7.198
-3.679
-4.185
-3.482
-4.336
-4.007
-2.835
-2.215
-4.386
-4.929
-2.724
-2.806
-4.580
-4.901
-3.212
-3.157
-3.356
-3.418
-2.247
-0.512
-5.125
-3.867
-4.071
-5.047
-3.318
-1.468
-3.790
-1.840
-4.137
-3.199
-5.323
-4.303
-2.301
-3.034
-3.515
-1.145
-4.766
-2.170
-1.035
-0.809
-6.318
-3.749
-2.199
-3.056
-4.478
-2.364
-2.172
-2.521
0.080
-1.603
-4.022
-2.925
-2.925
-1.854
-3.066
-3.398
-3.506
-0.989
0.045
-1.938
-0.503
-3.101
