-6.034
0.840
-5.943
0.354
-3.188
0.959
-4.340
1.777
-6.561
-0.157
-6.318
1.693
-6.942
0.645
-5.780
0.643
-7.547
1.037
-4.696
0.169
-5.045
-2.272
-6.388
0.041
-6.912
0.052
-7.378
-1.092
-5.251
0.296
-5.924
-0.449
-2.666
0.983
-5.286
0.971
-5.582
-0.281
-2.962
0.088
-1.289
1.266
-1.967
0.697
-2.532
0.626
-1.543
-0.175
-3.563
-1.003
-4.104
-2.232
-2.402
0.368
-2.452
-0.166
-1.215
1.452
-3.632
-0.744
-1.883
0.814
-2.151
0.646
2.157
2.503
-0.979
1.600
-0.260
1.363
2.014
3.366
0.212
2.340
-0.303
0.996
0.758
1.652
-0.245
0.816
2.926
-2.109
1.804
4.392
1.833
-0.170
2.185
2.886
2.769
0.142
3.040
4.823
3.936
0.778
1.753
3.454
1.983
0.232
1.601
5.581
2.982
0.108
2.652
3.607
1.322
-0.813
1.853
3.357
1.920
-2.627
0.610
2.304
2.404
0.737
2.799
5.211
2.783
0.353
3.258
5.813
4.745
0.329
2.822
2.682
3.957
-0.086
1.503
1.374
4.404
-0.006
2.205
1.194
3.713
0.803
2.383
2.931
3.024
0.044
1.675
0.919
3.878
-0.615
2.148
1.620
3.233
-0.777
-0.154
0.056
4.290
0.320
2.305
2.346
2.643
0.011
1.256
0.952
3.038
0.187
2.572
1.998
4.491
-0.857
1.478
0.324
4.071
0.197
1.949
0.765
5.353
0.682
3.547
1.714
4.166
-0.640
1.448
0.839
6.315
-0.029
2.502
1.461
5.263
-0.007
2.228
0.871
4.562
0.388
2.568
1.090
4.588
-1.273
1.005
-0.160
4.655
-0.369
1.425
0.820
3.138
-0.566
0.969
-2.359
-0.264
1.947
2.050
3.456
0.338
0.402
1.591
5.310
0.490
0.377
1.938
4.859
-0.205
-0.289
0.390
4.985
0.348
-0.165
1.775
4.861
-0.088
0.220
0.147
3.398
-0.153
-3.137
-1.157
3.189
-0.106
-0.326
1.297
3.826
-0.519
-1.451
-1.311
3.521
0.272
-0.044
1.220
3.476
3.876
5.294
1.436
1.008
3.706
3.510
2.549
3.476
3.932
4.646
0.987
0.916
4.198
3.595
2.105
1.819
3.522
3.378
0.670
0.554
4.295
4.589
0.338
0.681
3.817
4.637
2.257
2.364
2.793
2.367
0.963
-0.143
3.017
4.796
1.747
2.032
3.566
4.396
1.922
1.951
0.205
-0.581
4.516
1.858
2.278
1.143
4.744
2.307
2.007
1.798
3.498
1.557
3.300
1.381
5.013
2.842
3.480
2.062
4.304
3.622
0.676
0.215
4.129
1.705
3.598
2.494
5.068
4.093
2.296
0.627
5.156
1.116
2.116
0.543
3.313
1.993
4.042
2.705
4.966
3.397
3.930
3.492
1.574
1.608
3.961
3.229
2.383
0.894
4.919
2.131
1.448
0.657
4.100
2.259
0.557
-0.318
1.369
0.629
-0.023
-0.701
3.969
3.012
1.395
0.821
4.871
3.761
2.493
2.002
2.729
1.879
1.271
1.610
3.878
2.133
0.162
-0.126
2.828
2.566
1.295
1.363
3.987
4.793
2.887
2.195
3.382
3.502
1.816
1.850
4.445
4.227
2.648
2.076
3.673
3.349
2.450
2.289
2.891
3.531
2.880
3.511
2.045
3.480
2.033
0.510
4.200
2.211
1.093
0.449
3.383
2.178
1.138
1.407
3.039
3.473
1.324
1.740
2.986
3.064
1.677
1.865
-0.691
6.385
-2.907
-0.543
5.293
-2.478
0.041
5.503
-3.295
-0.622
6.416
-2.165
-0.951
5.558
-2.397
-2.713
7.161
-5.719
-0.819
6.689
-1.052
0.417
6.603
-0.975
-0.569
6.803
-2.259
0.265
5.282
-3.701
2.940
-1.830
-1.303
3.911
-0.708
-2.505
3.303
0.382
-1.394
4.366
-1.035
0.050
2.582
-1.492
-2.714
3.412
-1.584
-1.866
2.131
-1.442
-2.019
0.293
-2.163
-4.410
4.404
-0.342
-1.844
2.572
-2.120
-4.486
3.137
-0.167
-0.101
2.805
0.459
1.451
3.179
-1.274
0.261
2.469
-1.640
-1.506
1.452
-0.616
-2.000
2.884
0.440
-1.211
1.085
0.725
-0.909
0.192
-2.155
-0.422
3.717
-0.521
0.197
1.732
0.136
-1.731
0.414
2.286
0.429
1.605
2.550
1.504
0.312
1.260
0.954
-1.967
1.016
-0.847
0.642
1.895
1.943
1.117
3.026
0.963
1.504
2.049
-0.415
2.554
3.837
2.688
1.144
2.255
0.850
2.497
3.380
2.263
-3.364
-2.398
1.848
-1.127
-1.087
2.971
-1.309
-1.100
3.063
-0.489
-2.863
1.652
-1.490
-0.936
2.539
0.113
-2.344
1.654
-0.738
-1.946
2.069
-0.909
-1.560
-0.082
2.323
0.419
3.443
0.614
1.410
4.279
2.409
1.821
1.492
4.083
3.286
4.179
2.266
1.298
1.182
1.710
1.290
1.596
3.112
2.265
1.455
1.111
1.136
0.897
4.126
3.090
3.981
1.464
1.674
3.221
2.936
1.275
1.986
1.186
0.376
0.927
-6.420
-4.491
1.364
-3.766
-2.066
-7.047
-4.542
-0.304
-3.873
-3.584
-7.914
-6.786
-0.555
-5.303
-4.228
-6.223
-5.015
0.612
-4.912
-4.315
-6.222
-6.017
0.235
-5.435
-1.829
-9.126
-6.960
0.337
-4.457
-4.587
-5.527
-4.335
1.204
-3.066
-1.122
-4.742
-2.501
1.249
-1.969
-1.076
-5.449
-3.405
1.775
-5.364
-1.198
-5.723
-3.766
1.150
-3.505
-3.356
-7.343
-6.501
-4.079
1.294
-5.464
-9.360
-5.962
-5.457
0.912
-6.614
-7.378
-4.749
-3.155
2.006
-4.764
-8.115
-5.432
-3.544
2.716
-5.692
-8.416
-6.087
-4.736
1.210
-6.730
-9.263
-6.396
-5.055
2.488
-6.225
-6.649
-7.269
-4.650
1.443
-5.613
-5.211
-5.159
-3.651
2.199
-5.641
-5.319
-4.779
-3.022
1.677
-2.996
-8.087
-5.510
-4.914
0.672
-6.258
-4.236
-1.010
0.806
-3.215
1.867
-5.281
-3.144
-0.062
-5.086
1.715
-5.418
-4.378
-2.025
-5.890
1.554
-4.036
-1.095
-1.500
-5.252
2.999
-2.311
-5.635
-1.326
-5.993
1.248
-5.218
-2.879
-1.499
-4.607
0.285
-3.605
-3.625
-1.222
-4.756
2.973
-4.479
-3.139
-1.230
-3.838
1.458
-3.263
-2.422
-0.264
-4.833
2.719
-7.311
-5.237
-2.243
-8.030
0.044
-8.132
-5.196
-2.743
1.620
-3.537
-4.333
-4.035
-2.164
1.714
-3.266
-4.004
-3.997
-1.539
1.122
-2.750
-6.101
-3.715
-2.456
-0.634
-2.842
-3.877
-4.301
-1.796
0.904
-2.691
-2.857
-3.184
-1.347
1.144
-2.036
-4.892
-7.867
-4.123
-4.021
-3.871
-4.744
-3.475
-1.764
2.568
-2.754
-5.110
-3.553
-2.571
0.814
-3.313
-6.278
-3.095
-1.756
1.534
-1.941
-3.083
-6.455
-1.133
-3.492
-4.195
-2.923
-3.792
0.976
-2.083
-3.494
-4.507
-5.400
2.007
-1.955
-4.567
-4.828
-4.442
0.601
-3.523
-4.776
-3.631
-4.777
0.830
-0.873
-2.622
-3.600
-6.481
1.075
-1.839
-4.416
-4.058
-2.027
2.225
-2.126
-2.422
-5.813
-6.132
0.791
-2.282
-4.753
-3.974
-3.643
0.248
-2.941
-3.764
-4.667
-5.010
0.059
-4.233
-4.352
2.393
1.363
-5.980
-0.177
-2.203
2.306
0.721
-5.474
-1.526
-6.356
3.065
3.046
-6.466
-0.151
-4.195
1.673
-0.818
-9.092
-0.066
-4.931
0.855
0.159
-8.083
1.081
-2.463
2.213
0.368
-5.774
-0.118
-4.337
1.709
-0.215
-7.683
0.627
-5.290
2.345
1.050
-5.527
-0.002
-2.923
2.381
0.630
-6.294
-0.532
-4.269
1.744
-2.063
-6.735
-0.712
-4.324
-3.682
-5.400
-9.627
-4.192
-5.193
-2.209
-3.920
-9.961
-1.853
-2.832
-2.914
-5.992
-8.688
-5.809
-5.298
-1.594
-6.311
-9.406
-4.087
-5.540
-1.027
-2.904
-8.078
-1.683
-1.871
-1.814
-5.056
-8.607
-3.520
-5.265
-2.558
-5.587
-9.323
-3.655
-3.668
-2.502
-5.806
-9.375
-3.537
-6.395
-2.564
-3.865
-9.669
-3.538
-2.916
-2.725
-4.369
-11.073
-4.537
-6.462
0.836
-1.838
-1.070
-7.023
-6.534
0.719
-2.433
-3.096
-6.498
-9.969
0.143
-4.845
-1.236
-7.435
-8.999
2.098
-2.564
-4.027
-3.668
-6.124
1.546
-2.405
-4.126
-3.292
-6.665
-0.023
-5.631
-2.685
-4.880
-8.102
0.051
-3.634
-1.882
-6.719
-6.612
0.920
-1.383
-1.383
-4.053
-6.523
1.713
-0.978
-2.864
-3.391
-5.996
1.147
-3.203
-3.412
-2.352
-6.028
-0.946
-1.302
-8.663
-4.173
-2.638
1.000
-0.502
-6.668
-4.340
-4.299
0.082
-0.514
-8.765
-4.669
-2.947
1.153
-2.237
-7.089
-3.657
-4.392
-1.765
-1.577
-11.334
-2.805
-3.371
1.029
-0.368
-6.245
-4.255
-1.993
0.210
-1.857
-7.072
-3.380
-2.502
1.708
-0.474
-6.211
-4.158
-3.858
0.862
-0.400
-4.873
-5.071
-2.639
0.557
-2.469
-7.091
-3.330
-2.916
1.720
0.881
-0.535
-4.128
-4.290
0.860
-0.103
-1.417
-2.506
-3.364
1.984
0.634
-1.811
-3.763
-4.077
0.958
-1.042
0.631
-4.705
-4.847
1.849
-0.054
0.550
-4.016
-4.234
1.045
-1.933
-4.776
-3.378
-2.675
1.438
-1.272
-4.681
-2.080
-4.207
2.442
0.800
-1.199
-2.977
-2.014
1.482
0.842
-4.074
-2.926
-4.667
0.903
-0.166
-3.505
-4.180
-4.688
-3.658
1.682
-3.305
-4.989
-0.393
-5.328
-2.972
-1.180
-4.837
-3.757
-0.185
-4.035
-5.391
1.086
-4.490
-3.356
-0.027
-5.607
-5.993
0.881
-2.430
-3.787
0.568
-4.369
-3.725
2.258
-4.839
-1.899
0.278
-4.973
-12.377
-4.762
-4.008
-8.435
-2.317
-1.341
-10.121
-4.118
-1.365
-12.277
-5.477
-3.256
-9.862
-3.096
-0.070
-11.822
-5.134
-3.015
-11.618
-3.463
-0.450
-9.116
-3.406
-1.132
-10.910
-4.827
-3.308
-12.052
-5.225
-0.641
-4.595
0.340
-4.206
-7.420
1.075
-3.196
-5.095
1.631
-2.449
-5.251
1.497
-1.700
-4.809
1.754
-2.865
-5.205
1.473
-3.593
-3.698
1.688
-1.212
-5.449
1.400
-3.480
-4.639
1.779
-3.380
-3.879
1.128
-1.790
1.944
-2.015
-3.830
2.175
-2.658
-3.583
1.054
-2.475
-4.436
1.364
-2.843
-5.319
1.925
-3.402
-5.035
3.654
-1.985
-3.917
0.860
-3.267
-5.649
1.498
-1.829
-3.950
1.968
-0.177
-2.408
1.254
-2.903
-3.626
-0.968
-6.428
-6.094
1.027
-4.856
-5.239
-0.863
-4.713
-5.537
-0.262
-3.713
-5.388
-0.023
-2.155
-3.369
-0.459
-4.663
-5.687
-0.410
-4.245
-4.536
-1.327
-4.562
-6.070
-0.223
-5.137
-5.523
-1.331
-4.085
-3.929
-0.284
-3.679
-7.214
1.237
-1.331
-6.133
-1.478
-1.487
-4.417
0.389
-2.490
-5.929
0.247
-1.230
-7.330
0.464
-2.692
-6.852
-0.069
-0.543
-4.940
-0.749
-2.329
-6.593
-1.206
-3.023
-6.587
0.903
-2.211
-6.469
