-6.778
-3.083
-4.517
-7.383
-2.941
-4.480
-5.676
-3.205
-3.787
-3.176
-2.798
-0.846
-1.959
-1.916
-1.553
-2.319
-1.955
-2.011
-2.160
-2.166
-0.789
-1.713
-1.257
-3.141
-3.167
0.770
-1.998
0.338
-2.098
-2.301
2.824
3.294
3.619
2.459
2.757
2.217
2.477
3.631
3.230
2.660
-0.829
0.591
-0.812
1.006
3.002
0.879
0.297
2.388
0.999
0.845
3.019
1.505
0.698
2.761
-0.231
0.176
2.238
0.292
-0.746
2.358
0.876
1.436
3.416
1.215
0.867
2.499
2.057
0.089
2.022
1.459
1.199
0.434
-0.245
2.911
2.137
3.499
2.305
-0.654
2.130
3.554
0.815
2.923
1.550
2.405
3.396
1.689
1.651
3.094
-0.361
0.013
1.904
3.902
3.007
3.418
2.053
0.647
1.853
1.811
2.904
2.349
-2.262
-0.516
0.160
-0.082
2.196
0.780
-0.112
1.393
0.528
-0.495
1.201
1.682
-0.020
2.137
0.478
-0.991
1.067
-0.251
0.253
1.890
0.986
0.838
2.410
1.839
-1.866
0.602
-0.768
1.162
2.050
1.740
1.064
-0.517
0.912
0.914
0.490
1.700
0.867
-1.252
0.243
1.165
0.789
2.425
0.397
-0.328
0.764
0.942
0.014
1.751
0.426
-0.545
0.808
0.699
-0.783
0.672
0.561
0.171
1.913
1.897
0.961
2.663
4.217
3.700
5.816
3.253
2.671
5.209
4.561
3.044
5.069
2.496
1.637
3.892
3.853
3.982
3.758
2.623
1.404
5.059
4.332
3.217
6.577
3.284
2.570
5.163
3.110
2.380
4.629
4.677
2.511
4.933
3.158
1.978
4.437
1.229
0.379
3.455
1.311
1.411
3.948
3.066
2.171
2.882
0.622
-0.371
0.145
1.876
1.342
4.255
-1.871
-1.777
1.713
1.829
1.272
3.661
1.499
1.494
4.546
1.198
1.809
4.813
3.234
1.076
0.599
2.812
0.929
0.275
3.763
1.013
2.239
3.382
1.073
0.322
3.670
1.641
1.248
2.655
0.688
0.298
4.157
2.515
2.470
4.478
3.399
3.078
2.451
1.826
0.879
2.770
1.201
-0.087
2.413
1.987
2.649
3.700
2.522
2.699
4.308
1.273
1.527
1.111
1.434
0.950
3.182
2.682
3.382
3.952
4.184
4.949
3.589
1.848
1.429
1.909
2.642
1.161
1.741
1.470
2.066
2.930
1.978
4.374
3.560
-1.312
4.577
-0.223
3.084
-0.547
4.587
0.033
2.454
-1.042
0.791
-3.602
4.534
-0.610
0.780
-4.594
3.624
-1.341
2.016
-2.389
-1.258
-1.163
-0.115
-0.800
0.178
-1.799
-0.887
-1.280
-0.820
-3.901
-0.810
-2.483
0.873
-1.266
-2.973
-4.685
-1.545
-2.387
-1.214
-4.889
-0.466
-1.201
-1.057
-2.745
-1.581
-5.575
0.835
-0.051
0.530
-1.310
-0.478
-1.775
-2.185
-2.496
-0.847
-3.488
-0.909
-3.237
-1.266
-3.155
2.431
2.180
1.845
2.439
1.127
1.603
0.212
0.775
0.828
-0.779
2.632
2.666
0.742
1.593
2.276
1.842
1.882
1.230
0.573
0.045
1.233
0.024
0.782
0.800
-0.375
0.547
1.462
2.001
1.739
1.474
0.357
0.885
0.233
-0.193
-2.508
-1.335
-0.867
-0.069
-1.964
-1.941
0.290
1.227
-0.281
-1.186
-2.204
-0.808
0.752
0.979
0.254
-0.648
-1.678
0.909
1.407
1.614
-0.589
-0.955
-0.056
0.355
1.188
0.647
-3.752
-1.532
-1.435
-1.511
-4.845
-3.125
-4.922
-2.431
-5.356
-1.682
-3.858
-2.099
-5.754
-2.439
-4.430
-3.996
-6.109
-3.569
-5.897
-3.514
-5.107
-2.045
-3.684
-1.922
-6.101
-2.485
-5.372
-3.598
-5.932
-1.774
-4.649
-2.836
-4.782
-3.181
-5.279
-2.412
-2.392
-0.843
-2.801
-0.396
-2.900
-5.716
-3.728
-4.503
-0.433
-4.111
-3.127
-3.903
-2.395
-3.689
-1.551
-2.625
0.580
-5.427
-2.610
-3.471
-3.320
-3.160
-3.321
-2.840
-1.574
-4.653
-3.957
-2.588
-2.650
-2.242
-3.206
-1.830
-2.010
-4.388
-3.123
-3.156
-0.467
-5.418
-3.395
-3.818
-3.128
-2.890
-3.776
-2.485
-1.267
-5.560
-1.373
-1.972
-2.633
-4.435
-2.877
-3.011
-2.565
-5.984
-3.325
-5.289
-4.828
-5.055
-3.665
-4.552
-4.629
-4.749
-2.352
-3.046
-3.906
-4.738
-2.303
-2.596
-3.930
-3.193
-2.143
-2.780
-4.261
-4.466
-2.794
-2.581
-5.775
-5.770
-3.107
-2.773
-4.054
-5.862
-3.461
-3.283
-6.233
-2.702
-3.205
-4.811
-7.852
-1.925
-2.922
-3.272
-8.356
-3.398
-2.479
-5.682
-9.396
-3.025
-4.037
-6.066
-8.128
-3.297
-3.083
-4.945
-7.489
-3.404
-3.235
-5.478
-7.914
-3.197
-4.663
-4.347
-7.273
-1.699
-2.907
-4.079
-7.069
-2.058
-2.073
-5.402
-4.788
-1.033
-3.720
-2.925
-1.452
-5.604
-1.531
-3.684
-2.984
-4.395
-2.242
-2.451
-3.681
-6.061
-2.426
-4.912
-2.784
-4.278
-1.709
-2.725
-0.609
-5.792
-2.205
-3.733
-2.941
-3.102
-1.882
-2.925
-3.018
-4.170
-2.036
-4.502
-1.985
-7.993
-3.245
-5.566
-4.573
-7.872
-2.216
-8.141
-0.694
-3.553
-2.315
-4.101
-0.536
-1.420
-3.544
-5.395
-1.900
-5.431
-7.127
-8.017
-2.326
-4.220
-7.492
-6.467
-0.780
-3.755
-6.299
-8.248
-1.879
-4.068
-8.231
-7.776
-1.908
-3.312
-7.425
-7.211
-2.367
-3.558
-8.841
-8.531
-0.295
-4.041
-7.967
-7.036
-0.930
-3.222
-6.153
-6.025
-1.844
-2.898
-7.168
-7.584
1.145
-6.529
-1.829
-3.491
1.100
-7.373
-1.109
-0.840
-0.638
-7.400
-1.696
-1.927
-0.479
-6.894
-2.373
-4.787
0.007
-7.476
-1.634
-1.643
1.461
-5.868
-1.559
-1.832
-0.444
-6.121
-4.192
-2.871
0.314
-5.874
-1.114
-1.610
1.754
-4.562
-1.772
-2.084
0.290
-7.674
-1.064
-2.735
-2.490
-4.551
-9.783
-1.829
-3.529
-1.805
-8.457
-3.656
-2.673
-2.440
-9.930
-1.668
-3.392
-1.740
-10.075
-3.985
-2.614
-4.304
-8.356
-1.133
-2.175
-3.707
-9.708
-2.056
-1.794
-3.076
-8.646
-2.705
-1.019
-1.871
-8.963
-1.862
-1.792
-0.892
-9.548
-1.836
-4.045
-3.444
-11.461
-3.131
-2.056
-6.671
-2.178
-5.563
-0.727
-2.077
-4.777
-6.239
-0.670
-3.514
-3.212
-5.868
-3.471
-6.174
-4.648
-7.399
-2.950
-4.575
-2.811
-4.335
-2.975
-3.594
-3.381
-6.308
-2.593
-2.230
-4.000
-5.867
-0.781
-2.552
-2.828
-5.594
-4.850
-2.575
-3.266
-7.966
-2.894
-5.708
-1.688
-4.471
-2.072
-4.357
-11.861
-6.953
-0.947
-1.968
-11.564
-5.331
0.104
-0.970
-8.817
-2.825
-1.734
-1.845
-10.109
-3.932
-2.499
-2.395
-11.580
-4.078
-2.052
-2.780
-11.233
-4.400
-2.493
-2.714
-11.738
-3.867
-1.979
-3.857
-11.189
-3.711
-0.792
-3.553
-10.627
-3.915
-1.285
-2.268
-10.295
-3.825
-6.256
-2.241
-3.538
-1.163
-3.378
0.152
-6.588
-2.670
-7.425
-3.202
-6.467
-2.159
-6.365
-1.411
-4.606
-0.763
-7.544
-1.213
-5.302
-1.275
-5.117
0.115
-5.297
-1.288
-4.771
-0.450
-6.078
-0.551
-2.418
-1.041
-5.290
-1.265
-4.415
-0.859
-7.880
-2.604
-5.499
-0.955
-4.619
0.130
-3.339
-4.089
-2.361
-2.911
-2.696
-3.064
-2.262
-2.410
-0.822
-2.201
-2.245
-1.889
-2.038
-3.033
-0.931
-3.273
-1.783
-3.057
-3.573
-2.825
-4.080
-3.639
-4.018
-4.136
-2.452
-2.231
-4.288
-5.086
-2.656
-2.841
-4.167
-5.178
-2.690
-3.368
-3.102
-3.431
-2.206
-0.482
-4.798
-3.980
-2.948
-5.044
-1.834
-1.522
-1.972
-1.724
-2.608
-3.142
-3.883
-4.429
-0.957
-3.189
-1.351
-1.030
-2.438
-2.138
-0.080
-0.945
-4.118
-3.627
-1.587
-2.959
-3.140
-2.282
-2.095
-2.438
-0.478
-1.328
-2.775
-2.877
-2.174
-1.652
-2.876
-3.399
-1.788
-0.838
-0.248
-2.095
-0.904
-3.030
