-6.034
-5.467
-5.943
-4.843
-3.188
-4.373
-4.340
-4.795
-6.561
-6.707
-6.318
-5.279
-6.942
-5.338
-5.780
-5.443
-7.547
-3.708
-4.696
-3.901
-5.045
-5.391
-6.388
-3.443
-6.912
-4.478
-7.378
-5.861
-5.251
-3.249
-5.924
-5.018
-2.666
-1.388
-5.286
-4.185
-5.582
-2.775
-2.962
-3.678
1.633
-2.743
1.645
-4.767
1.499
-4.787
0.906
-5.610
0.508
-7.822
-2.228
-5.165
0.604
-3.378
1.248
-6.669
1.925
-2.846
0.533
-7.076
1.276
-3.465
0.883
-3.106
3.620
-2.744
2.666
-4.131
2.622
-4.582
4.043
-1.075
3.517
-3.538
2.017
-4.275
2.696
-3.565
1.093
-2.562
4.162
-2.109
1.525
2.755
2.952
-0.170
1.918
1.416
4.342
0.142
2.577
2.983
4.638
0.778
1.310
1.979
3.690
0.232
1.045
4.167
4.140
0.108
2.039
1.963
2.891
-0.813
1.389
1.541
2.752
-2.627
0.273
0.990
4.024
0.737
2.484
3.565
4.700
0.353
2.784
3.754
4.746
0.329
2.496
1.854
4.026
-0.086
1.136
0.145
4.547
-0.006
1.964
-0.505
4.287
0.803
1.941
1.647
3.220
0.044
1.278
-0.237
4.179
-0.615
1.935
0.067
3.338
-0.777
-0.466
-1.620
4.366
0.320
1.873
1.466
2.934
0.011
0.942
-0.244
3.395
0.187
2.316
1.019
3.998
-0.857
1.119
-0.557
3.894
0.197
1.378
-0.180
4.931
0.682
3.203
1.030
3.846
-0.640
1.350
-0.098
5.679
-0.029
2.158
0.477
4.786
-0.007
1.941
-0.178
4.262
0.388
2.406
0.140
4.050
-1.273
0.695
-1.287
4.154
-0.369
1.116
0.068
2.587
-0.566
0.712
-3.704
0.744
1.947
1.697
3.633
1.693
0.402
1.257
5.266
1.754
0.377
1.596
4.741
1.121
-0.289
0.016
5.061
1.553
-0.165
1.488
4.899
1.011
0.220
-0.190
3.101
0.796
-3.137
-1.406
2.980
0.910
-0.326
1.014
3.973
0.603
-1.451
-1.639
3.337
1.540
-0.044
0.762
2.828
4.118
3.479
-0.450
1.008
3.824
2.883
0.134
3.476
3.781
2.812
-1.542
0.916
3.879
2.023
-0.215
1.819
3.103
1.209
-1.360
0.554
3.633
2.736
-2.067
0.681
4.149
3.092
0.547
2.364
2.654
0.494
-1.597
-0.143
3.781
3.082
0.232
2.032
3.910
2.865
-0.642
1.951
2.131
-2.006
1.755
1.858
3.423
-0.513
2.218
2.307
3.075
0.335
1.796
1.557
3.933
-0.744
2.347
2.842
3.971
0.414
1.065
3.622
2.365
-0.833
1.913
1.705
4.394
1.063
2.370
4.093
3.428
-1.602
2.542
1.116
2.647
-0.575
0.441
1.993
4.592
0.702
2.182
3.397
3.573
1.713
-0.519
1.608
3.684
3.081
0.850
0.894
3.377
-0.208
-0.554
0.657
2.926
-0.439
-2.626
-0.318
1.221
-1.268
-1.259
-0.701
3.322
1.085
0.202
0.821
4.288
1.816
0.271
2.002
2.493
0.778
-0.172
1.610
2.665
-0.584
-2.766
-0.126
2.749
1.986
-0.283
1.363
4.446
3.085
2.071
2.195
3.534
0.694
-0.031
1.850
4.407
2.159
-0.116
2.076
3.805
0.854
0.083
2.289
3.679
2.170
1.821
3.511
3.136
1.540
0.877
0.510
3.060
0.428
-1.409
0.449
2.798
0.279
-0.726
1.407
3.262
0.979
-1.204
1.740
3.222
0.555
-0.600
1.865
1.552
-2.871
-2.907
1.539
-4.512
-2.478
1.949
-2.778
-3.295
1.676
-3.666
-2.165
1.177
-3.393
-2.397
0.251
-5.646
-5.719
1.630
-4.381
-1.052
2.494
-2.372
-0.975
1.720
-2.425
-2.259
2.059
-2.456
-3.701
2.371
0.736
-1.303
3.530
-0.316
-2.505
3.285
-0.388
-1.394
3.735
0.996
0.050
2.307
-1.331
-2.714
2.805
1.008
-1.866
1.877
-0.481
-2.019
0.336
-2.746
-4.410
3.944
0.819
-1.844
1.998
0.687
-4.486
3.044
-0.775
-0.101
2.921
-0.848
1.451
2.763
-0.051
0.261
2.103
-0.339
-1.506
1.786
-4.239
-2.000
3.044
-1.677
-1.211
1.778
-3.975
-0.909
0.210
-2.153
-0.422
3.357
0.422
0.197
2.010
-1.712
-1.731
2.357
-1.293
-1.233
2.996
0.112
-0.376
2.022
-1.674
-0.430
0.312
-1.109
-2.721
2.493
-0.470
0.661
2.932
0.082
-1.131
1.816
-0.223
-1.796
4.353
1.501
-0.027
2.211
0.569
-0.895
3.761
1.166
0.336
-0.564
-2.061
-0.031
1.432
-1.294
0.211
1.233
-0.779
0.327
0.867
-3.738
-1.038
0.883
-0.312
-0.179
1.267
-3.391
-1.098
0.763
-1.731
-0.416
0.011
-1.010
-3.346
2.979
0.403
1.074
3.066
1.496
1.527
2.783
0.870
-0.868
4.967
2.595
1.168
2.395
-0.082
-0.473
2.946
-0.447
-1.502
2.885
1.566
-0.440
1.513
-0.031
0.070
4.279
2.930
2.261
3.076
0.769
1.104
2.862
0.390
0.161
1.745
-0.258
-1.602
-6.420
-4.491
1.500
-8.235
-2.689
-7.047
-4.542
-0.167
-7.700
-3.515
-7.914
-6.786
-0.666
-7.524
-5.047
-6.223
-5.015
0.219
-8.181
-4.468
-6.222
-6.017
0.854
-9.250
-4.097
-9.126
-6.960
0.044
-8.834
-4.001
-5.527
-4.335
1.332
-6.089
-2.080
-4.742
-2.501
1.502
-5.225
-1.451
-5.449
-3.405
2.032
-9.670
-3.444
-5.723
-3.766
0.834
-6.825
-3.179
-7.343
-6.501
-3.791
-6.172
0.779
-9.360
-5.962
-5.423
-5.197
0.011
-7.378
-4.749
-3.202
-3.577
1.156
-8.115
-5.432
-3.827
-4.699
2.079
-8.416
-6.087
-4.803
-6.741
0.710
-9.263
-6.396
-4.990
-5.981
1.979
-6.649
-7.269
-4.622
-6.461
1.453
-5.211
-5.159
-3.882
-4.278
1.405
-5.319
-4.779
-2.577
-4.402
1.659
-8.087
-5.510
-4.718
-5.340
-0.314
-4.236
-1.010
2.291
-6.607
-1.642
-5.281
-3.144
1.464
-7.523
-3.058
-5.418
-4.378
-0.356
-8.953
-3.012
-4.036
-1.095
0.795
-8.414
-2.569
-2.311
-5.635
0.370
-8.178
-3.867
-5.218
-2.879
-0.174
-7.001
-3.040
-3.605
-3.625
1.133
-8.169
-2.348
-4.479
-3.139
0.455
-6.926
-2.051
-3.263
-2.422
1.528
-6.904
-2.631
-7.311
-5.237
-0.189
-11.855
-5.543
-8.132
-5.196
-3.058
-4.529
2.188
-4.333
-4.035
-2.553
-4.368
2.324
-4.004
-3.997
-1.475
-2.738
0.687
-6.101
-3.715
-2.130
-5.282
-0.240
-3.877
-4.301
-1.722
-4.427
1.206
-2.857
-3.184
-1.428
-1.492
0.864
-4.892
-7.867
-3.285
-9.333
-2.973
-4.744
-3.475
-2.202
-3.159
3.019
-5.110
-3.553
-2.856
-6.388
2.137
-6.278
-3.095
-1.815
-5.233
2.815
-3.083
-6.455
-1.467
-4.392
-3.908
-2.923
-3.792
0.327
-2.097
-3.119
-4.507
-5.400
0.876
-3.041
-3.066
-4.828
-4.442
-0.137
-5.130
-4.074
-3.631
-4.777
0.379
-2.007
-1.558
-3.600
-6.481
0.063
-2.084
-3.067
-4.058
-2.027
1.788
-4.309
-2.274
-5.813
-6.132
-0.233
-3.191
-3.223
-3.974
-3.643
-0.362
-3.773
-3.361
-4.667
-5.010
-0.183
-7.344
-4.150
0.744
2.428
-5.980
-0.177
-2.203
1.383
2.125
-5.474
-1.526
-6.356
0.711
3.498
-6.466
-0.151
-4.195
-0.867
1.671
-9.092
-0.066
-4.931
-1.770
1.264
-8.083
1.081
-2.463
0.171
2.207
-5.774
-0.118
-4.337
0.659
1.498
-7.683
0.627
-5.290
0.661
2.358
-5.527
-0.002
-2.923
1.872
2.071
-6.294
-0.532
-4.269
0.536
1.096
-6.735
-0.712
-4.324
-7.340
-3.066
-9.627
-4.192
-5.193
-4.593
-1.839
-9.961
-1.853
-2.832
-5.829
-2.731
-8.688
-5.809
-5.298
-4.758
-1.685
-9.406
-4.087
-5.540
-4.993
-0.458
-8.078
-1.683
-1.871
-3.449
-1.979
-8.607
-3.520
-5.265
-6.111
-2.226
-9.323
-3.655
-3.668
-4.029
-2.721
-9.375
-3.537
-6.395
-6.091
-1.870
-9.669
-3.538
-2.916
-5.651
-2.227
-11.073
-4.537
-6.462
-0.357
0.511
-1.070
-7.023
-6.534
-0.289
0.246
-3.096
-6.498
-9.969
-0.840
-0.753
-1.236
-7.435
-8.999
0.680
1.346
-4.027
-3.668
-6.124
0.718
0.842
-4.126
-3.292
-6.665
-2.017
-0.849
-2.685
-4.880
-8.102
-1.892
-0.353
-1.882
-6.719
-6.612
-1.827
1.035
-1.383
-4.053
-6.523
1.648
1.133
-2.864
-3.391
-5.996
-0.461
0.557
-3.412
-2.352
-6.028
-3.223
-0.518
-8.663
-4.173
-2.638
0.266
0.824
-6.668
-4.340
-4.299
-2.433
0.490
-8.765
-4.669
-2.947
-0.886
0.838
-7.089
-3.657
-4.392
-5.681
-0.846
-11.334
-2.805
-3.371
-0.418
1.046
-6.245
-4.255
-1.993
-2.758
0.395
-7.072
-3.380
-2.502
0.049
1.576
-6.211
-4.158
-3.858
-2.670
1.282
-4.873
-5.071
-2.639
-2.855
0.652
-7.091
-3.330
-2.916
-0.106
1.849
-0.535
-4.128
-4.290
-0.700
0.893
-1.417
-2.506
-3.364
0.791
1.858
-1.811
-3.763
-4.077
0.398
0.583
0.631
-4.705
-4.847
0.896
1.589
0.550
-4.016
-4.234
0.431
0.527
-4.776
-3.378
-2.675
-0.523
1.223
-4.681
-2.080
-4.207
0.280
2.475
-1.199
-2.977
-2.014
-0.737
1.740
-4.074
-2.926
-4.667
-1.115
1.033
-3.505
-4.180
-4.688
-3.658
-4.931
-3.612
-4.989
-6.568
-5.694
-2.972
-8.583
-4.964
-3.757
-7.435
-4.278
-5.391
-5.246
-4.868
-3.356
-7.524
-5.810
-5.993
-5.591
-2.576
-3.787
-4.283
-4.940
-3.725
-4.880
-5.242
-1.899
-5.283
-5.185
-12.377
-6.919
-5.510
-8.435
-3.764
-2.204
-10.121
-4.066
-2.603
-12.277
-5.677
-4.838
-9.862
-3.588
-1.175
-11.822
-4.751
-4.422
-11.618
-4.018
-1.729
-9.116
-5.132
-2.132
-10.910
-5.085
-4.630
-12.052
-4.755
-1.921
-4.595
-6.720
-4.152
-7.420
-4.890
-3.396
-5.095
-4.940
-2.405
-5.251
-4.195
-1.752
-4.809
-4.817
-3.017
-5.205
-5.973
-3.654
-3.698
-5.906
-1.231
-5.449
-5.543
-3.240
-4.639
-3.688
-3.571
-3.879
-5.243
-1.731
-2.135
-2.015
-3.830
-1.842
-2.658
-3.583
-2.982
-2.475
-4.436
-1.216
-2.843
-5.319
-1.433
-3.402
-5.035
-0.101
-1.985
-3.917
-1.787
-3.267
-5.649
-1.855
-1.829
-3.950
-1.782
-0.177
-2.408
-1.685
-2.903
-3.626
-3.324
-6.428
-6.094
-2.711
-4.856
-5.239
-3.491
-4.713
-5.537
-3.307
-3.713
-5.388
-4.198
-2.155
-3.369
-1.716
-4.663
-5.687
-3.194
-4.245
-4.536
-4.464
-4.562
-6.070
-3.419
-5.137
-5.523
-5.383
-4.085
-3.929
-5.439
-3.679
-7.214
-3.005
-1.331
-6.133
-6.581
-1.487
-4.417
-4.360
-2.490
-5.929
-4.104
-1.230
-7.330
-5.837
-2.692
-6.852
-6.348
-0.543
-4.940
-8.076
-2.329
-6.593
-7.837
-3.023
-6.587
-4.385
-2.211
-6.469
