-16.038
-12.423
-7.039
-17.748
-6.790
-12.971
-14.480
-10.230
-11.022
-6.953
-15.379
-11.690
-10.419
-11.052
-8.018
-10.465
-12.260
-12.653
-12.608
-9.953
-8.295
-9.378
-12.886
-7.144
-10.337
-6.028
-5.972
-7.790
-8.498
-8.644
-0.280
3.643
0.544
4.105
-0.052
-1.269
-5.158
2.963
-1.833
1.342
-11.094
-4.454
-18.758
-11.448
-0.850
-16.304
-12.642
-2.263
-18.222
-15.467
-1.576
-18.372
-15.137
-1.921
-16.869
-14.172
-3.170
-16.702
-11.837
-4.967
-14.659
-9.161
-3.409
-14.006
-9.655
-7.724
-15.082
-11.758
-8.751
-19.346
-9.734
-7.855
-17.340
-6.492
-3.874
-14.755
-12.629
-8.834
-14.918
-5.200
-12.190
-9.986
-12.545
-8.574
-9.264
-12.493
-5.075
-13.987
-15.569
-9.476
-13.664
-5.025
-7.606
-15.810
-10.870
-3.441
-14.641
-9.947
-2.966
-16.450
-14.562
-13.977
-11.691
-18.639
-11.562
-18.368
-15.514
-18.657
-14.567
-17.287
-9.588
-21.060
-16.265
-10.524
-17.345
-13.787
-10.874
-14.213
-20.415
-16.593
-14.031
-15.758
-14.669
-16.935
-20.790
-11.454
-22.513
-13.088
-11.435
-17.776
-21.446
-21.947
-20.069
-13.985
-13.038
-11.623
-19.644
-18.984
-17.569
-15.191
-18.903
-16.112
-14.778
-16.441
-13.306
-16.887
-20.062
-18.191
-14.329
-13.227
-9.217
-15.588
-20.113
-20.670
-15.076
-17.552
-16.367
-14.951
-19.569
-15.927
-1.807
-8.758
1.668
0.735
-9.565
2.223
2.145
-8.973
-5.741
-1.771
-11.579
-7.628
-0.835
-5.198
0.238
-1.540
-9.027
-2.182
2.327
-6.505
2.028
-4.011
-10.856
-1.012
-3.078
-13.458
-0.453
0.443
-12.379
-3.089
-7.002
-7.902
0.455
-5.868
-11.550
-0.554
-7.566
-13.342
2.194
-6.081
-9.347
2.217
-5.684
-12.560
4.229
-4.180
-7.134
3.003
-8.183
-10.007
5.344
-4.629
-5.961
-0.354
-4.969
-3.061
2.620
-7.947
-9.299
5.770
-6.771
-11.489
-8.124
-1.295
-8.816
-5.410
-2.172
-8.887
-4.109
-6.868
-7.931
-3.304
-1.815
-9.714
-5.607
-4.383
-13.950
-9.954
-0.789
-15.570
-8.405
-1.920
-7.059
-3.111
-5.856
-16.403
-10.143
-5.837
-17.503
-11.999
1.567
-11.073
-0.769
0.373
-6.672
1.151
1.231
-8.959
-6.630
-7.019
-8.704
-4.342
-1.479
-7.557
-2.316
0.292
-7.086
-4.018
3.787
-5.085
-2.787
0.154
-5.066
-0.368
-1.129
-12.565
-3.758
0.609
-1.975
4.647
-2.674
-20.160
-7.727
-20.249
-11.418
-11.789
-1.645
-12.925
-4.548
-7.786
-4.723
-14.105
-4.671
-15.084
-2.082
-15.952
-1.111
-18.208
-5.295
-19.081
-4.742
-14.331
2.656
-19.521
-4.537
-21.279
-1.863
-18.970
-5.352
-17.556
-4.482
-20.131
-2.578
-17.659
-4.145
-16.893
-6.869
-19.131
-5.514
-21.745
-22.812
-17.140
-16.396
-15.483
-20.993
-14.689
-17.034
-13.119
-15.513
-13.078
-16.838
-11.668
-17.163
-16.001
-18.114
-14.738
-20.775
-13.750
-15.458
-19.317
-11.276
-7.148
-13.154
-6.296
-14.669
-9.676
-9.785
-10.002
-12.836
-12.210
-7.911
-6.462
-15.464
-9.361
-13.674
-3.808
-8.516
-8.157
-16.636
-14.418
-5.178
-9.135
-6.821
-5.278
-6.509
-8.616
-2.722
-5.609
-0.424
-13.758
-1.849
-5.865
-1.415
-6.063
-3.914
-10.559
-7.901
-9.492
-6.672
-7.540
-7.431
-11.832
-4.062
-6.430
-11.730
-2.904
-8.875
-9.853
-5.714
-10.213
-11.137
-8.021
-4.370
-5.222
-6.420
-9.702
-10.036
-4.682
-3.274
-10.066
-20.688
-4.999
-21.140
-21.799
-17.947
-14.814
-28.534
-25.329
-17.996
-10.624
-22.148
-17.779
-21.436
-15.589
-27.225
-25.965
-18.520
-14.395
-30.063
-21.082
-19.609
-11.687
-22.914
-24.865
-18.392
-18.358
-30.140
-25.505
-15.838
-9.259
-20.880
-20.116
-15.830
-10.940
-23.337
-19.712
-16.028
-7.426
-24.702
-20.350
-24.276
-20.512
-26.418
-30.668
-21.275
-19.040
-25.458
-31.775
-21.070
-19.129
-13.729
-25.748
-21.384
-14.180
-20.150
-29.709
-14.869
-18.637
-10.514
-23.348
-17.230
-22.149
-21.319
-30.540
-15.675
-13.327
-20.296
-25.051
-17.539
-19.317
-10.205
-29.187
-18.071
-23.684
-24.309
-33.782
-18.687
-12.483
-21.858
-23.419
-9.997
-16.251
-2.688
-18.926
-13.187
-20.566
-8.683
-11.764
-16.294
-20.802
-8.779
-23.710
-13.595
-17.160
-6.889
-19.194
-16.690
-13.274
-9.599
-18.630
-8.195
-15.067
-7.513
-22.078
-15.791
-14.179
-7.946
-16.623
-13.859
-18.234
-12.341
-19.093
-9.793
-16.144
-8.847
-12.233
-18.655
-12.949
-9.469
-21.026
-12.158
-4.958
-11.013
-17.305
-19.126
-4.999
-9.792
-10.091
-23.936
-10.598
-10.429
-18.061
-23.559
-10.123
-9.518
-20.722
-17.714
-6.793
-3.048
-11.796
-23.701
-9.277
-13.913
-18.648
-28.078
-7.422
-9.791
-18.817
-20.424
-7.477
-5.330
-15.402
-17.530
-6.691
-8.094
-16.981
-21.236
-10.896
-15.976
-18.987
-13.381
-13.263
-13.524
-12.797
-12.285
-10.623
-6.898
-10.913
-11.055
-17.475
-10.664
-12.364
-10.398
-13.944
-10.179
-13.024
-9.304
-16.578
-6.273
-14.228
-15.298
-14.514
-11.258
-15.206
-11.659
-13.835
-6.853
-17.466
-16.856
-21.254
-6.027
-16.095
-16.920
-18.059
-5.482
-25.685
-8.389
-18.027
-9.139
-15.771
-16.001
-9.532
-24.349
-21.527
-22.851
-23.090
-24.227
-28.105
-26.100
-15.487
-24.979
-23.765
-11.241
-14.857
-21.811
-27.552
-22.650
-9.628
-22.316
-17.401
-21.677
-9.260
-19.196
-18.522
-24.228
-17.726
-25.337
-27.859
-19.396
-18.165
-23.341
-22.996
-25.148
-10.487
-24.410
-21.972
-25.094
-13.234
-20.465
-15.368
-17.901
-23.066
-13.730
-17.163
-16.769
-21.358
-9.823
-10.822
-19.968
-28.797
-10.636
-21.720
-13.767
-23.366
-14.464
-16.657
-21.592
-19.575
-9.058
-15.225
-11.617
-22.762
-13.778
-20.415
-13.074
-17.468
-14.494
-20.159
-20.043
-20.996
-13.437
-19.707
-12.669
-23.002
-14.046
-21.627
-20.222
-23.918
-14.595
-15.871
-20.263
-12.459
-18.701
-16.100
-19.370
-11.409
-21.266
-16.368
-26.962
-11.213
-16.469
-10.702
-19.790
-11.093
-21.494
-11.517
-23.442
-13.958
-21.222
-11.016
-20.875
-12.283
-19.342
-11.704
-13.447
-7.517
-20.706
-12.236
-21.820
-6.806
-18.318
-16.265
-24.526
-8.281
-15.242
-13.583
-23.572
-13.163
-20.247
-17.862
-12.857
-25.643
-11.096
-30.225
-8.606
-14.978
-17.485
-25.606
-9.798
-25.853
-15.504
-32.028
-16.325
-20.590
-11.907
-31.369
-10.157
-20.112
-17.466
-24.386
-15.105
-17.628
-10.541
-27.852
-11.757
-21.360
-13.889
-28.359
-9.325
-16.705
-9.942
-33.136
-19.677
-23.749
-13.181
-29.313
-16.089
-18.983
-15.747
-21.545
-7.980
-16.320
-24.373
-24.903
-7.077
-13.804
-24.815
-23.616
-9.783
-14.078
-21.199
-24.970
-17.628
-18.740
-24.501
-25.573
-8.812
-15.446
-27.082
-23.608
-9.578
-14.138
-28.293
-14.472
-10.413
-8.958
-20.634
-17.189
-13.942
-13.795
-22.869
-25.003
-7.332
-17.510
-24.565
-23.069
-13.377
-19.136
-24.843
-25.677
-19.537
-9.997
-14.679
-8.542
-14.151
-2.376
-17.864
-8.025
-17.947
-6.611
-17.435
-10.475
-22.205
-7.486
-20.593
-7.074
-19.055
-11.117
-22.280
-8.407
-10.387
-4.060
-11.835
-9.936
-12.684
-13.861
-14.434
-2.475
-6.654
-7.626
-13.525
-10.361
-11.195
-12.410
-19.542
-9.669
-17.790
-6.258
-13.325
-10.239
-22.027
-6.565
-20.503
-4.241
-22.296
-6.990
-21.350
-8.981
-14.915
-7.546
-18.979
-6.163
-20.109
-9.144
-23.445
-4.325
-26.135
-7.332
-18.478
-9.065
-14.632
-17.101
-15.610
-18.850
-10.832
-9.362
-11.261
-17.149
-16.262
-13.193
-10.794
-14.861
-7.986
-12.341
-13.847
-11.226
-11.886
-13.178
-16.663
-12.637
-10.514
-15.764
-16.050
-16.376
-16.590
-13.496
-17.661
-19.456
-13.203
-16.114
-12.803
-16.587
-14.623
-9.948
-14.054
-17.598
-12.831
-12.368
-19.962
-20.524
-12.312
-14.158
-16.775
-16.190
-15.922
-11.604
-5.107
-15.958
-11.390
-16.830
-15.571
-13.878
-13.155
-16.864
-13.136
-13.699
-12.674
-16.799
-6.115
-8.156
