0.547
8.534
2.341
5.800
5.699
6.798
2.314
8.583
4.533
6.383
12.900
9.764
11.216
2.918
10.727
13.141
5.736
8.854
9.243
10.600
8.524
7.288
3.254
6.030
11.128
11.365
8.085
8.536
9.131
8.008
8.719
12.841
8.128
8.270
11.710
3.585
2.707
15.838
11.102
8.698
10.890
9.380
5.771
8.354
9.741
7.264
8.307
8.323
7.494
2.550
10.547
9.473
5.472
7.651
1.475
3.394
-7.220
10.389
8.926
6.065
-0.542
-2.796
-5.609
1.231
3.511
3.866
1.489
-1.906
2.305
-0.871
6.735
0.283
7.052
4.326
-5.300
6.198
-4.683
2.657
-10.501
5.799
8.112
8.161
0.046
-2.192
6.533
3.527
4.907
1.623
7.026
6.263
5.025
10.538
7.279
3.790
12.148
9.519
4.389
3.076
8.404
8.974
4.979
3.515
5.069
6.188
3.038
1.860
0.672
5.174
1.798
0.713
7.323
9.135
6.804
6.388
7.440
5.242
9.178
4.293
8.753
8.612
4.341
-0.799
1.434
5.689
3.941
0.654
4.596
0.624
6.060
5.042
1.136
6.071
7.564
4.615
8.499
1.148
7.181
10.322
5.290
2.599
6.714
1.022
7.357
1.695
-7.229
5.648
-13.671
4.981
-16.796
5.320
10.146
7.372
3.366
1.285
9.598
7.956
6.498
5.287
5.271
7.759
6.699
6.362
6.123
0.971
5.095
10.487
2.698
7.859
7.102
4.978
8.156
4.301
1.533
0.577
1.705
5.521
4.243
5.209
-0.059
8.477
2.200
10.097
9.755
8.047
10.422
9.128
4.240
8.261
6.420
-0.378
-9.034
1.485
5.734
5.663
7.260
5.398
6.418
6.171
-0.437
0.619
10.120
17.885
8.735
7.695
9.374
10.610
15.000
14.583
16.892
11.924
6.543
10.138
8.450
11.813
9.958
9.754
8.927
9.110
11.251
9.511
11.909
16.763
10.175
10.701
10.609
7.007
13.117
3.350
2.726
16.033
12.638
13.488
12.426
9.410
14.612
12.183
12.018
13.679
17.750
18.270
7.195
6.998
2.535
5.451
8.470
9.155
10.390
9.517
7.471
11.048
16.435
12.884
18.240
8.309
16.740
19.861
11.337
12.452
12.334
2.300
10.433
4.275
11.148
6.361
12.910
11.724
12.802
9.979
6.196
3.680
9.965
14.159
11.814
7.713
11.317
10.493
11.303
8.633
8.918
11.195
7.474
4.367
11.139
6.850
13.806
11.622
9.582
12.341
8.410
8.378
10.404
8.819
8.338
7.271
10.690
10.719
10.507
3.949
10.944
10.212
12.703
11.419
14.292
5.675
9.458
12.728
6.135
9.519
11.105
7.249
6.825
6.112
9.934
9.791
6.254
8.205
10.345
12.302
7.494
11.576
11.496
10.879
9.380
8.500
10.122
8.419
6.082
5.075
9.762
7.971
7.579
14.523
6.745
6.087
7.370
10.398
11.698
9.203
7.138
13.474
