-16.058
-9.379
-12.299
-10.634
-14.175
-11.918
-15.606
-13.328
-13.383
-12.334
-17.807
-14.625
-17.228
-13.629
-15.992
-13.149
-15.294
-10.294
-11.274
-9.943
-12.682
-17.064
-18.847
-12.416
-19.135
-11.023
-16.591
-13.714
-6.037
-11.446
-23.972
-12.894
-9.716
-5.114
-18.952
-14.344
-11.031
-12.390
-15.564
-12.503
-12.602
-4.160
-9.568
-14.101
-14.413
-10.450
-11.177
-11.699
-14.586
-12.149
-16.595
-8.567
-22.474
-8.706
-21.709
-14.924
-16.059
-11.415
-17.731
-15.858
-12.635
-11.359
-12.948
-11.371
-13.540
-10.791
-16.485
-12.447
-11.547
-10.509
-7.708
-7.738
-9.706
-7.006
-12.184
-11.884
-12.881
-13.113
-5.496
-1.383
-18.694
-17.875
-15.139
-10.432
-9.065
-15.807
-7.005
-10.894
-10.981
-17.564
-16.383
-15.644
-11.654
-15.435
-15.013
-20.247
-17.926
-16.313
-12.922
-16.216
-11.717
-16.010
-4.526
-14.080
-10.033
-18.499
-11.033
-14.118
-17.283
-24.636
-21.549
-8.891
-11.684
-20.426
-15.099
-16.496
-11.645
-20.978
-9.387
-14.120
-9.901
-12.457
-14.258
-14.520
-7.943
-15.674
-12.047
-23.435
-6.953
-15.174
-11.867
-23.501
-8.063
-14.045
-12.481
-18.586
-5.945
-9.959
-9.152
-17.483
-5.302
-8.452
-4.520
-15.930
-6.960
-15.343
-15.180
-21.846
-8.113
-19.151
-20.920
-20.707
-10.984
-10.680
-16.258
-14.281
-6.878
-10.885
-4.111
-15.879
-2.586
-17.157
-11.703
-19.929
-6.416
-13.933
-6.389
-15.008
-0.128
-14.869
-7.456
-19.215
-5.647
-17.178
-12.805
-18.887
-4.598
-16.726
-15.036
-14.658
-6.670
-10.383
-8.107
-15.679
-5.842
-12.763
-7.067
-15.442
-12.246
-13.960
-18.247
-13.701
-3.384
-14.476
-13.496
-14.080
-3.897
-12.584
-10.084
-22.624
-9.459
-4.353
-8.230
-8.724
-18.377
-13.329
-16.271
-12.180
-13.473
-6.698
-10.824
-14.479
-11.813
-10.188
-20.784
-9.592
-11.328
-10.217
-10.960
-3.357
-14.271
-9.180
-12.764
-8.994
-9.786
-12.771
-16.399
-4.985
-13.125
-10.594
-16.194
-8.193
-9.410
-8.730
-12.309
-10.196
-15.552
-9.516
-12.949
-10.677
-10.927
-10.893
-15.810
-16.958
-7.375
-8.369
-13.338
-8.322
-3.299
-6.653
-14.261
-8.943
-1.211
1.031
-6.071
-4.813
-8.595
-13.329
-12.150
-11.513
-6.065
-5.331
-15.874
-9.741
-6.329
-3.365
-12.657
-9.416
-6.025
-8.454
-15.455
-12.756
-10.201
-11.131
-14.577
-17.942
-5.415
-5.309
-10.471
-7.050
-12.735
-12.803
-4.493
-2.782
-2.522
-4.141
-0.517
-3.139
-8.394
-6.710
-3.677
-6.757
-6.867
-12.262
-2.372
-0.930
-8.275
-8.316
-4.208
-0.662
-9.634
-9.370
-3.780
-1.540
-7.359
-9.139
-10.359
-4.063
-15.981
-12.145
-6.525
-4.525
-15.698
-14.912
-9.039
-5.840
-7.296
-7.103
-8.583
-2.859
-7.563
-11.677
-10.883
-6.348
-7.494
-7.769
-8.778
-1.464
-5.807
-7.425
-9.856
-6.972
-6.352
-11.743
-11.124
-5.979
-9.459
-13.011
-12.859
-7.754
-10.161
-13.406
-10.589
-7.578
-7.993
-7.119
-4.724
-2.170
-7.649
-14.559
-11.084
-6.672
-8.576
-11.912
-8.444
-6.777
-16.571
-14.326
-12.048
-7.164
2.439
-3.018
-5.830
-3.002
1.994
1.004
-9.988
-2.944
-0.227
-6.888
-13.152
-11.987
-1.497
-10.340
-11.958
-10.265
0.609
2.102
-4.825
0.740
0.010
-1.971
-7.222
-6.125
-1.493
-7.951
-9.881
-6.971
-5.045
-5.288
-11.592
-8.326
1.536
-0.318
-8.534
-5.909
-8.645
-8.851
-18.653
-15.620
-13.991
-13.726
-17.341
-12.514
-15.100
-17.497
-14.180
-13.951
-19.599
-12.879
-12.132
-20.617
-12.816
-15.904
-17.414
-17.194
-17.675
-19.731
-11.101
-12.162
-15.654
-15.110
-12.163
-12.567
-13.412
-16.318
-15.343
-9.889
-16.746
-23.046
-6.886
-5.581
-14.935
0.332
-3.611
-19.955
-6.255
-6.261
-16.242
-0.288
-3.835
-17.263
-10.478
-9.542
-16.919
-2.866
-3.977
-13.757
-7.880
-5.595
-13.173
-3.468
-5.823
-16.760
-6.269
-2.876
-21.323
-0.336
-2.365
-17.798
1.528
-5.660
-16.722
-7.156
-11.797
-14.501
-6.158
-9.878
-17.586
-1.078
-5.668
-14.542
-4.867
-11.219
-15.755
-1.713
-4.339
-12.509
-9.404
-11.491
-17.557
-13.661
-13.597
-4.120
-1.178
-4.055
-16.900
3.269
-3.681
-12.171
-3.053
-7.806
-7.931
0.594
-2.741
-6.357
1.963
-9.975
-2.083
-1.122
-6.414
-8.367
-0.543
-5.572
-2.072
-7.307
-7.732
-12.627
-0.445
-8.243
-11.684
-2.319
-9.567
-8.295
2.772
-2.329
-6.459
4.268
-7.271
-5.667
-8.433
-12.827
-2.418
-11.952
-13.156
-4.025
-11.858
-13.096
-2.949
-5.357
-10.094
-3.356
-11.920
-12.111
-2.711
-7.593
-16.804
-5.546
-8.383
-14.179
-6.247
-6.850
-14.678
-1.210
-8.303
-8.514
-0.954
-11.256
-11.272
-4.013
0.166
-4.314
-4.231
4.213
-7.181
-7.237
3.789
-9.638
-3.063
-1.880
-9.854
-7.470
0.863
-2.895
-5.973
-1.364
-5.826
-10.050
1.752
-1.792
-4.215
-3.895
-2.859
1.412
1.452
-6.233
-2.879
-8.432
-3.106
-2.205
-16.894
-16.188
-12.431
-24.468
-21.839
-20.219
-17.313
-9.126
-28.281
-28.414
-23.814
-20.609
-7.755
-22.462
-25.507
-19.726
-15.803
-10.082
-21.325
-19.544
-16.807
-17.398
-13.646
-25.126
-21.621
-24.503
-19.312
-10.346
-23.662
-26.874
-13.145
-12.167
-9.548
-25.835
-18.635
-13.105
-11.586
-5.054
-20.148
-16.957
-15.544
-17.326
-10.728
-28.588
-21.610
-22.494
-17.307
-9.287
-19.415
-23.260
-17.149
-15.003
-8.273
-12.625
-24.876
-21.549
-12.999
-13.608
-17.241
-27.578
-18.977
-12.518
-15.558
-15.222
-20.344
-20.242
-15.198
-9.987
-16.142
-21.032
-17.081
-16.522
-12.105
-17.486
-26.960
-20.190
-16.599
-14.329
-19.049
-32.052
-20.476
-13.699
-11.598
-16.452
-21.151
-18.089
-13.651
-13.175
-12.917
-26.350
-18.771
-16.488
-12.439
-14.813
-28.870
-26.805
-17.799
-11.108
-20.937
-33.237
-18.221
-13.816
-5.905
-22.034
-19.366
-19.021
-15.788
-9.238
-29.388
-8.327
-20.593
-25.172
-13.058
-27.370
-12.323
-22.907
-19.387
-13.711
-34.645
-15.951
-14.318
-18.336
-9.554
-26.874
-9.481
-19.624
-18.703
-6.217
-28.662
-7.114
-18.812
-15.244
-8.596
-19.763
-10.600
-22.494
-18.541
-9.373
-28.179
-13.865
-17.344
-18.146
-7.723
-22.974
-11.359
-23.619
-26.141
-5.787
-28.123
-20.403
-20.646
-10.774
-9.227
-15.097
-15.836
-19.715
-7.888
-5.955
-14.719
-17.930
-17.731
-7.555
-7.037
-11.581
-18.220
-22.005
-12.243
-5.341
-18.567
-11.101
-13.509
-14.174
-7.359
-19.921
-14.798
-13.474
-9.777
-7.943
-12.895
-14.576
-16.574
-15.065
-10.818
-29.143
-26.149
-19.338
-6.085
-8.476
-16.899
-10.538
-17.615
-11.530
-4.256
-21.717
-16.984
-13.437
-8.083
-5.023
-13.688
-10.360
-19.147
-22.954
-14.000
-21.753
-30.103
-19.607
-22.521
-14.924
-21.631
-36.939
-16.196
-13.838
-10.095
-12.873
-23.674
-18.130
-20.083
-15.626
-27.478
-32.561
-12.916
-13.828
-5.206
-14.956
-23.622
-18.061
-13.979
-11.618
-19.550
-24.469
-17.180
-11.663
-5.099
-19.550
-25.008
-17.369
-16.191
-15.092
-20.208
-26.859
-23.612
-18.300
-15.497
-23.996
-32.460
-17.557
-17.935
-14.375
-20.264
-33.143
-4.364
-2.057
-19.735
-2.728
-21.791
-0.846
-2.814
-24.683
-13.081
-24.533
-2.285
-1.164
-18.309
-9.037
-21.242
-9.026
-3.539
-24.440
-8.433
-24.570
-10.605
-4.849
-25.759
-3.285
-16.826
-2.262
-3.544
-22.667
-5.355
-25.304
-1.192
-2.127
-22.661
-6.952
-22.735
-12.283
-2.078
-13.309
-8.638
-17.095
-0.801
-4.512
-23.029
-9.948
-21.230
-5.500
-1.245
-20.605
-5.257
-10.183
-22.315
-17.974
-32.445
-8.586
-15.784
-20.210
-15.764
-27.131
-11.224
-17.563
-22.969
-14.703
-30.314
-15.542
-13.284
-24.313
-22.551
-34.140
-15.139
-16.637
-24.588
-10.619
-30.755
-8.953
-18.408
-19.880
-19.588
-29.758
-14.695
-17.166
-21.779
-12.025
-27.513
-15.284
-13.776
-17.246
-14.559
-24.278
-2.827
-20.246
-20.920
-19.497
-28.964
-13.210
-15.989
-22.715
-22.722
-35.284
-17.795
-32.533
-6.327
-15.107
-21.831
-21.397
-30.434
-3.011
-14.149
-23.533
-17.587
-31.326
-7.211
-16.731
-26.113
-20.208
-29.521
-8.964
-15.082
-28.215
-22.535
-28.654
-2.918
-10.134
-32.418
-18.011
-31.129
-5.618
-18.573
-24.495
-18.172
-34.290
-7.319
-8.072
-14.967
-17.122
-20.880
-8.877
-10.026
-24.558
-17.717
-28.774
-12.734
-12.379
-27.867
-22.126
-31.135
-9.220
-7.087
-21.694
-17.823
-25.955
-15.453
-5.841
-19.162
-17.903
-12.409
-8.246
-2.648
-25.215
-20.420
-24.640
-15.065
-1.868
-24.702
-19.392
-16.059
-11.054
-5.433
-22.005
-19.335
-24.059
-8.568
-7.612
-19.505
-13.744
-14.122
-7.238
3.720
-23.406
-16.065
-18.001
-11.656
-2.215
-21.621
-16.201
-18.036
-7.411
-6.165
-27.834
-19.366
-24.506
-12.918
-9.253
-31.287
-21.019
-22.198
-13.254
-10.218
-29.140
-18.507
-25.469
-13.797
-0.055
-6.873
-19.117
-26.292
-10.871
-0.420
-5.768
-19.559
-20.032
-10.624
0.137
-6.739
-21.292
-24.116
-9.712
3.176
-2.280
-18.122
-20.105
-10.176
-2.790
-10.631
-18.386
-28.443
-6.762
-3.045
-13.037
-22.141
-27.271
-7.178
-7.593
-15.933
-16.646
-22.646
-10.014
-1.028
-14.034
-17.442
-27.154
-13.523
-4.691
-12.878
-18.564
-27.916
-18.026
-2.097
-10.604
-22.087
-27.428
-12.769
-21.162
-10.298
-9.839
-24.185
-14.926
-7.135
-23.319
-11.789
-9.464
-24.811
-9.517
-20.506
-20.061
-14.465
-15.297
-20.235
-12.007
-17.027
-18.008
-11.785
-15.820
-18.720
-12.321
-16.026
-19.315
-12.410
-14.101
-17.255
-12.213
-25.696
-14.689
-12.387
-29.796
-15.858
-18.541
-25.590
-13.413
-10.105
-25.645
-14.075
-10.159
-26.907
-16.890
-13.715
-24.563
-12.983
-11.607
-25.808
-18.172
-9.453
-28.722
-18.406
-16.502
-29.172
-11.082
-14.163
-23.974
-10.438
-7.953
-19.383
-24.308
-8.096
-17.267
-24.736
-12.584
-18.760
-22.850
-7.953
-12.792
-20.356
-5.949
-18.770
-14.905
-10.391
-12.167
-23.997
-8.832
-12.866
-24.385
-10.045
-17.118
-20.532
-9.331
-15.500
-22.532
-15.619
-17.602
-23.564
-12.141
-9.381
-16.079
-28.010
-9.805
-13.434
-25.872
-14.189
-15.061
-26.365
-6.932
-14.096
-24.441
-9.923
-14.562
-28.267
-8.983
-10.099
-20.365
-8.115
-11.117
-24.011
-7.428
-12.868
-27.165
-9.808
-6.988
-24.183
-4.534
-11.593
-23.236
-17.357
-16.940
-20.419
-12.634
-13.172
-20.143
-7.809
-14.585
-21.176
-12.130
-22.566
-24.186
-15.036
-16.654
-17.867
-6.142
-20.386
-21.752
-13.384
-13.752
-12.362
-12.847
-15.711
-14.291
-12.830
-16.720
-18.043
-19.093
-12.408
-20.899
-12.833
-14.593
-20.156
-9.120
-14.759
-18.439
-13.527
-9.760
-22.016
-14.413
-11.649
-24.572
-10.026
-13.381
-24.182
-10.740
-13.283
-24.193
-14.043
-4.216
-23.649
-14.796
-4.554
-26.522
-14.642
-12.975
-23.408
-6.367
-9.157
-23.072
