-4.594
-5.251
-1.957
-4.695
-3.289
-3.800
-2.868
-4.949
-3.029
-5.522
-3.036
-3.710
-4.700
-4.761
-3.205
-6.303
-2.911
-3.037
-1.932
-3.721
-4.995
-2.763
-2.043
-2.171
-5.209
-3.449
-3.174
-3.330
-1.294
-2.864
-3.779
-3.648
-3.891
-2.232
-4.524
-3.346
-2.993
-3.127
-2.770
-4.575
-2.522
-0.625
-1.163
-4.314
-2.887
-2.552
-1.320
-2.086
-1.559
-3.624
-3.281
-1.711
-4.537
-3.265
-3.335
-4.393
-2.751
-3.965
-1.793
-3.085
-0.010
-3.051
-2.356
-2.381
-0.935
-3.039
-1.919
-3.521
-0.793
-3.154
1.252
-1.503
0.254
-1.644
0.338
-2.108
-1.399
-2.375
-0.832
-1.161
-2.453
-4.534
-3.755
-3.225
-1.230
-4.998
-2.663
-1.717
-2.558
-4.961
-6.004
-2.690
-2.943
-3.471
-3.307
-4.354
-4.366
-4.734
-4.422
-1.828
-3.712
-3.681
-1.877
-1.187
-3.574
-1.787
-2.833
-3.364
-2.281
-3.576
-3.479
-0.402
-3.517
-4.381
-4.226
-1.430
-2.633
-4.366
-4.776
-1.564
-2.433
-3.922
-2.226
-4.243
-1.427
-3.604
-3.590
-4.866
-2.078
-3.968
-3.444
-5.251
-1.277
-2.054
-3.207
-5.212
-1.805
-3.025
-3.495
-6.248
-1.095
-3.711
-3.440
-4.951
-1.858
-2.525
-4.822
-5.439
-1.226
-3.992
-5.837
-5.000
-3.318
-2.642
-4.436
-3.456
-2.954
-2.250
-2.089
-3.693
-1.009
-2.035
-1.597
-2.692
-0.679
-2.999
-1.321
-2.872
0.683
-3.313
-2.700
-3.235
0.281
-3.168
-2.630
-2.745
1.015
-4.011
-2.808
-2.661
-0.799
-2.619
-2.953
-2.505
0.008
-1.622
-2.434
-2.252
-1.559
-3.018
-1.158
-1.653
-0.773
-1.669
-3.150
-3.332
-0.527
-2.545
-1.711
-2.830
-2.311
-0.338
-0.704
-2.754
-3.453
-2.507
-1.911
-0.903
-3.361
-3.076
-1.971
-0.934
-3.323
-2.417
-2.797
-1.496
-4.372
-3.333
-2.205
1.430
-3.277
-1.175
-2.894
-0.655
-3.911
-3.780
-2.176
0.107
-2.636
-3.108
-2.507
1.245
-2.264
-2.497
-4.123
-1.853
-4.766
-2.600
-2.585
-1.771
-3.723
-0.642
-2.411
-5.034
-2.755
-2.472
-3.015
-3.120
-2.080
0.463
-1.926
-1.956
-3.104
-1.802
-2.256
-2.542
-2.560
-3.316
-3.015
-2.572
-1.521
-0.443
-3.751
-3.616
-1.988
-3.271
-4.854
-1.595
-1.713
-1.721
-2.571
-1.900
-1.567
-0.323
-2.771
-3.441
-3.979
-2.276
-4.070
-4.228
-4.811
-3.018
-1.229
-1.883
-1.684
-1.987
-2.031
-3.200
-3.969
-2.155
-2.754
-2.710
-3.753
-2.770
-0.323
-1.009
-1.196
-3.676
-1.727
0.515
-3.615
-3.374
-1.948
-1.700
-3.245
-1.912
-2.634
-2.971
-2.212
-1.785
-0.260
-2.257
-1.388
-2.624
-2.739
-1.817
-0.849
-1.791
-1.839
0.067
-3.201
-3.309
-1.756
-2.112
-3.392
-2.111
-1.842
-1.758
-2.286
-2.568
-4.441
-2.123
-2.848
-5.504
-2.921
-1.839
-1.962
-5.650
-3.757
-2.030
-2.658
-5.183
-3.618
-2.454
-4.574
-5.453
-1.226
-1.862
-2.260
-3.386
-3.143
-1.065
-2.866
-3.922
-1.734
-1.555
-3.988
-3.490
-2.448
-0.973
-0.399
0.744
-3.036
-3.592
-0.935
0.707
-3.678
-1.887
-0.236
1.083
-4.918
-4.550
1.477
0.255
-4.214
-4.066
-0.084
1.088
-3.617
-0.876
-2.018
1.362
-3.408
-3.106
-2.781
-2.480
-3.041
-3.628
-0.587
0.585
-3.920
-2.815
1.126
0.271
-3.455
-2.330
-1.712
-0.428
-4.705
-3.561
-3.925
-2.869
-3.670
-3.161
-3.580
-4.406
-2.567
-3.534
-3.047
-1.231
-3.175
-5.118
-2.389
-3.948
-4.737
-3.276
-3.904
-4.749
-2.529
-2.682
-3.400
-4.751
-3.553
-4.688
-3.509
-1.828
-4.739
-1.711
-2.598
-5.800
-2.209
-1.652
-2.290
1.582
-2.686
-4.649
-0.989
-1.648
-3.257
-0.054
-1.508
-3.503
-2.565
-5.240
-3.834
-0.815
-3.395
-4.621
-1.697
-2.386
-3.674
-2.916
-4.352
-3.588
-2.211
-2.721
-3.188
-1.284
-1.357
-4.086
0.473
-4.697
-5.897
-0.048
-1.780
-3.452
0.422
-0.990
-2.488
0.293
0.127
-3.044
-2.407
-3.083
-2.878
-1.353
-0.929
-1.621
-1.686
-2.553
-2.026
-2.333
-3.069
-2.131
-0.297
-0.389
-3.313
-1.488
-3.050
-3.526
-1.437
-1.687
-1.955
-1.421
-2.348
-2.579
-0.813
-2.631
-2.834
0.403
-0.420
-2.762
-0.368
-2.572
-0.116
-3.085
-1.070
-3.517
-1.409
-1.598
-3.077
-0.426
-2.427
-1.577
0.069
-0.760
-1.532
0.325
-3.011
-3.211
-2.455
-4.423
-0.496
-4.247
-5.007
-2.916
-3.342
-6.502
-1.906
-0.964
-5.282
-1.603
-2.804
-6.083
-2.520
0.128
-3.987
-2.737
-0.999
-5.834
-1.319
-1.658
-4.522
-2.003
-1.548
-5.660
-2.595
-2.937
-6.061
-1.758
-0.509
-3.498
-2.726
0.219
-2.816
-1.839
-0.053
-1.630
-0.730
-2.172
-3.015
-2.369
-0.306
-1.985
1.440
-0.966
-1.478
-2.308
-0.443
-0.840
-1.261
-1.680
-0.975
0.503
0.261
-2.463
-1.572
-0.812
-1.201
-1.866
-3.071
-3.401
-5.115
-2.674
-1.455
-2.209
-1.686
-2.331
-2.638
-5.210
-3.415
-3.566
-3.244
-1.420
-2.286
-2.899
-2.126
-3.062
-1.833
-2.997
-1.892
-4.371
-4.197
-3.995
-2.331
-3.730
-3.397
-4.791
-3.107
-3.239
-1.404
-3.773
-4.355
-3.656
-1.893
-2.840
0.248
-2.099
-0.824
-3.777
-1.337
-1.523
-3.460
-3.609
-3.485
-2.593
-2.482
-4.807
-0.985
-3.783
-3.924
-3.331
-3.003
-0.353
-1.680
-3.772
-3.698
-3.476
-1.744
-2.237
-2.912
-2.768
-4.780
-0.608
-0.138
-4.761
-3.930
-3.686
-1.890
-2.298
-4.274
-3.429
-4.439
-1.837
-1.157
-2.478
-1.876
-2.558
-1.303
-1.764
-3.262
-3.392
-3.862
-0.936
-0.694
-1.308
-1.821
-3.549
0.670
-1.994
-2.507
-3.229
-2.240
-1.826
-1.918
-4.122
-3.351
-3.004
-1.542
-2.731
-3.420
-2.635
-4.983
-3.799
-2.682
-4.172
-2.910
-3.829
-3.174
-1.294
-4.251
-4.470
-4.757
-3.606
-0.184
-2.996
-2.127
-4.249
-4.721
-2.863
-0.536
-4.706
-2.217
-4.946
-0.468
-3.537
-3.556
-3.438
-4.151
-0.665
-2.381
-4.277
-4.126
-4.938
-3.011
-2.717
-3.414
-3.032
-3.682
-2.396
-3.180
-2.930
-2.540
-3.297
-2.671
-3.740
-3.146
-3.172
-5.335
-2.650
-3.962
-2.305
-6.210
-1.146
-1.809
-3.402
-1.643
-3.746
-1.743
0.097
-3.339
-0.270
-3.302
-1.124
-2.001
-4.644
-4.627
-3.206
-2.051
-1.206
-2.661
-2.599
-3.159
-2.334
-2.093
-1.232
-2.181
-3.568
-0.969
-2.140
-3.077
-3.314
-2.343
-2.566
-2.730
-3.361
-1.889
-3.629
-2.382
-0.467
-3.890
-2.263
-2.778
-3.571
-1.268
-3.882
-2.563
-4.288
-3.253
-0.168
-1.503
-4.133
-5.415
-1.405
-4.301
0.293
-3.447
-3.205
-0.319
-3.527
-0.599
-2.061
-2.149
-0.242
-3.041
-0.588
-2.286
-4.518
-2.889
-2.380
-1.221
-2.192
-0.230
-0.393
-4.240
-0.992
-2.888
-3.870
-1.465
-2.674
-1.398
0.284
-1.385
-3.509
-5.022
-1.794
-3.572
-5.135
0.120
-2.791
-2.186
-3.139
-4.909
-2.444
-4.255
-1.677
-3.878
-4.296
-1.544
-4.451
-0.247
3.018
-2.541
2.024
-1.394
-0.685
1.583
-2.713
-0.476
-2.412
-0.491
1.803
-2.599
0.348
-0.206
-0.581
1.090
-3.919
1.248
-1.806
-3.176
0.482
-3.414
0.109
-2.322
0.143
0.798
-1.814
-0.181
-1.518
0.137
0.874
-1.283
1.307
-2.853
-2.148
-0.785
-0.610
-1.095
-1.393
0.790
0.454
-2.098
-0.135
-1.988
-2.125
-0.821
-2.652
0.433
-2.334
-2.613
-4.459
-2.519
0.576
-2.063
-3.420
-3.855
-3.015
-0.075
-0.944
-1.946
-3.543
-2.185
-2.819
-3.482
-2.106
-3.937
-1.879
-1.101
-1.646
-3.639
-4.784
-2.880
-0.651
-2.328
-0.931
-5.376
-2.012
-1.575
-2.890
-2.447
-4.390
-3.359
-1.350
-1.648
-0.925
-3.765
-2.359
-0.717
-2.323
-0.730
-5.273
-2.285
-0.112
-1.213
-2.035
-4.647
-2.511
-0.868
-3.985
-2.204
-1.292
-1.986
-3.652
-4.463
-0.173
-0.911
-3.591
-3.142
-4.262
0.752
-1.226
-3.526
-2.352
-3.098
-0.775
-1.667
-3.963
-2.508
-3.492
-0.086
-0.476
-3.377
-1.904
-4.644
1.156
-1.910
-2.141
-1.345
-3.653
0.095
-1.649
-2.497
-1.909
-3.112
-1.474
-0.743
-3.058
-1.264
-4.152
0.371
-2.724
-2.768
-4.233
-3.187
0.447
-1.201
-2.476
-0.663
-4.050
-2.680
-0.016
-0.957
-2.217
1.755
-3.216
-1.455
-2.054
-3.884
-1.354
-1.867
-0.433
-1.685
-3.788
-1.709
-1.739
-1.603
-2.979
-3.797
-2.486
-1.318
-0.577
-1.668
-1.144
-0.742
-0.035
0.344
-3.420
-1.180
-1.428
-0.733
-0.537
-1.482
-0.416
-0.642
-1.058
0.688
-4.116
-2.700
-1.405
-2.119
-1.413
-3.825
-2.994
-2.667
-1.880
-2.630
-2.643
-2.893
-1.298
-2.359
1.592
-1.349
-3.108
-2.993
-0.334
-1.369
-0.575
-2.036
-3.340
-0.179
0.439
1.003
-2.178
-0.626
0.212
0.272
0.155
-2.772
-2.536
-1.138
0.236
-0.703
-2.868
-3.850
-1.541
0.893
-0.373
-4.055
-2.384
-0.978
-0.965
-0.328
-2.018
-2.271
-0.595
1.984
-0.696
-1.532
-2.908
-1.199
2.198
-0.304
-1.198
-3.413
-2.526
-0.037
0.206
-2.891
-3.150
-4.393
-3.061
-2.528
-2.003
-4.970
-4.239
-1.915
-4.946
-2.298
-2.440
-5.182
-2.569
-5.758
-3.768
-2.349
-2.016
-3.969
-2.868
-5.909
-2.193
-2.940
-4.324
-2.580
-6.703
-5.295
-3.321
-4.406
-1.323
-3.990
-4.277
-4.040
-2.556
-3.176
-4.127
-3.238
-2.891
-4.541
-3.470
-1.701
-3.842
-0.850
-0.709
-4.526
-1.470
-0.469
-3.822
-1.910
-0.959
-4.695
-2.108
-2.421
-4.395
-3.735
-2.828
-4.574
-2.114
-2.889
-4.154
-2.312
-0.813
-1.220
-4.539
-2.489
-3.349
-4.542
-2.393
-2.192
-5.029
-1.779
-1.536
-3.840
-0.882
-3.814
-4.103
-3.524
-2.315
-5.415
-2.286
-2.940
-3.892
-1.675
-2.703
-3.609
-3.155
-3.156
-2.893
-3.277
-2.338
-4.075
-1.081
-1.713
0.472
-3.868
-2.119
-2.237
-5.975
-1.638
-0.221
-2.895
0.230
-2.676
-3.780
-0.132
-0.882
-6.360
0.723
-1.850
-4.299
-0.774
0.146
-3.525
-1.398
-0.202
-3.973
-0.585
-1.002
-5.469
-0.430
-1.477
-2.419
-3.695
-3.363
-1.944
-2.451
-1.929
-2.301
-1.224
-3.110
-4.008
-1.782
-2.776
-3.216
-3.933
-1.984
-1.348
-0.895
-4.259
-2.862
-2.906
-2.610
-1.477
-1.882
-1.010
-1.164
-2.626
-3.404
-2.605
-3.584
-1.381
-1.046
-2.009
-0.825
-1.957
-1.184
-1.817
-3.154
-0.294
-0.256
-2.401
-0.445
-0.857
-0.351
-1.115
-0.664
-4.508
-1.819
-0.660
-3.960
-1.479
-0.481
-1.946
-0.607
-0.839
-1.724
-2.590
-1.215
-2.122
-0.538
0.428
-2.901
