-3.364
-1.468
-2.176
-2.705
-1.676
-1.752
-4.578
-1.267
-1.060
-0.665
-0.132
-2.315
-2.060
-3.453
0.143
-1.368
-2.595
-3.660
-0.877
-0.315
1.380
0.781
-0.414
-1.139
0.429
-0.769
-0.618
1.592
-0.401
-1.106
1.264
-1.116
-1.034
-0.494
2.311
-1.465
-0.755
1.865
1.013
0.684
-4.093
1.170
-3.913
-4.760
0.279
-3.079
-3.254
0.793
-2.592
-3.975
1.437
-5.037
-5.853
1.143
-3.402
-3.544
1.245
-4.638
-3.035
0.670
-2.351
-3.391
0.611
-3.984
-2.445
-1.209
-4.355
-3.467
-0.895
-4.995
-1.973
-1.365
-5.684
-1.590
-1.125
-4.582
-3.365
-2.100
-3.889
0.016
-2.774
-2.117
-4.366
-2.321
-1.370
-5.033
0.071
-2.581
-4.453
-3.928
-1.458
-2.284
-1.462
-3.423
-1.972
-0.441
-2.863
-2.937
-0.743
-2.383
-3.134
-3.364
-3.191
-3.248
-2.845
-3.923
-3.465
-3.517
-3.121
-4.369
-2.965
-3.853
-2.944
-2.006
-4.745
-3.727
-4.004
-4.612
-3.339
-2.166
-3.078
-3.362
-1.179
-3.316
-4.551
-1.441
-3.496
-3.759
-1.775
-5.319
-3.770
-6.013
-3.831
-1.346
-2.994
-0.992
-4.303
-5.208
-3.500
-4.346
-3.416
-0.940
-4.496
-3.580
-2.582
-5.088
-5.399
-4.568
-3.797
-4.886
-2.556
-3.205
-3.581
-3.754
-4.652
-4.610
-2.776
-3.385
-4.041
-4.099
-0.830
-3.969
-0.344
-0.840
-4.542
1.153
0.994
-1.984
-1.418
0.098
-4.981
-1.582
-1.301
-3.290
-0.780
-2.154
-2.411
-1.387
-0.796
-3.217
1.005
-2.677
-4.097
-0.889
-2.585
-4.802
-1.452
-1.508
-3.953
-1.712
-4.183
-4.424
-0.153
-3.585
-3.847
1.586
-3.882
-4.636
0.920
-1.940
-2.188
1.423
-5.592
-4.182
0.107
-4.237
-4.259
0.446
-5.360
-4.452
0.974
-4.323
-4.504
0.008
-5.139
-4.429
-0.202
-5.071
-2.764
1.436
-2.032
-5.626
-3.272
-0.664
-3.133
-2.130
-0.941
-5.327
-1.276
-1.025
-3.608
-2.567
0.465
-3.310
-2.709
-0.186
-3.729
-2.514
-0.438
-4.139
-2.495
-0.415
-3.826
-1.599
-0.236
-3.477
-1.713
-2.858
-3.185
-2.620
-1.246
-3.694
-4.020
-0.126
-2.130
-0.614
-1.286
-3.935
-2.930
-0.171
-4.842
-3.963
-0.342
-2.693
-3.620
0.459
-4.469
-2.648
-0.893
-2.451
-3.395
0.654
-3.203
-3.742
-0.510
-4.153
-4.043
-1.010
-2.810
-2.152
-0.832
-2.666
-1.634
-2.433
-1.513
-3.152
-2.935
-2.314
-2.651
-0.746
-0.872
-3.148
-2.517
-1.815
-2.053
-2.418
0.912
-3.870
-0.713
-2.652
-0.834
-2.691
0.023
-2.373
-0.117
-3.727
0.471
-2.308
0.975
-2.682
0.418
-2.374
-0.777
-2.954
-0.250
-2.932
-3.609
-2.915
-3.019
-3.797
-4.975
-2.671
-3.506
-4.379
-4.764
-1.572
-3.147
-2.259
-4.554
-3.092
-4.887
-1.940
-4.161
-4.840
-3.988
-2.172
-2.995
-3.897
-5.266
-2.945
-1.912
-2.085
-0.682
0.019
-1.738
-0.677
-1.799
-1.304
-0.360
-2.269
-0.258
-1.476
-2.618
-1.707
-1.069
-1.680
-0.706
-2.511
-2.226
-2.711
-2.428
-3.706
-1.530
-1.724
-2.712
-3.168
-2.225
0.422
0.094
-2.054
-2.743
-4.143
-3.481
-1.539
-2.003
-2.617
-2.348
-2.411
-1.866
-1.512
-1.029
-3.800
-1.177
-2.034
-4.637
-0.786
-1.286
-2.353
-0.263
-2.224
-2.795
-3.237
-2.902
-2.783
-1.358
-1.933
-2.991
-1.601
-1.019
-4.000
-2.126
-1.913
-2.215
-3.820
-1.565
-3.404
-2.625
-2.825
-3.138
-1.843
-2.465
-2.705
-2.168
-2.945
-1.536
-4.601
-3.089
-2.270
-2.986
-3.783
-1.833
-2.567
-2.762
-4.037
-3.198
-4.466
-4.509
-3.457
-2.143
-2.195
-1.899
-4.984
-3.944
-3.620
-2.891
-5.834
-2.972
-3.485
-3.159
-2.717
-4.000
-4.977
-3.209
-1.985
0.008
-1.989
-2.196
-3.857
-2.595
-2.602
-1.826
-5.070
0.161
-3.167
-2.699
-5.374
-0.810
-3.302
-2.449
-4.160
-0.706
-2.645
-0.580
-4.526
-1.536
-2.548
-2.902
-5.046
-2.129
-2.947
0.395
-5.489
0.189
-3.625
-2.435
-5.048
-2.695
-1.280
-2.974
-4.559
-2.102
-1.271
-3.150
-1.427
-1.170
-4.588
-2.352
1.833
-1.985
-5.271
-3.174
-1.493
-2.806
-2.911
-2.452
-0.746
-2.575
-3.650
-3.602
-1.067
-0.445
-4.218
-4.974
-1.889
-2.440
-3.269
-4.050
0.357
-0.907
-2.787
-4.529
-0.362
-2.622
-5.137
-4.331
0.127
-3.757
-3.070
-3.847
-1.867
-2.689
1.242
-2.003
-3.295
-3.195
-0.347
0.460
-1.626
-3.986
-1.526
0.146
-2.252
-2.630
-0.593
-0.399
-3.062
-2.949
-0.048
0.555
-1.884
-3.383
-0.240
-1.046
-1.668
-4.211
-0.372
-0.413
-1.057
-3.387
-0.815
-0.985
-2.938
-2.990
0.410
0.093
-1.311
-2.488
-1.140
-1.369
-2.553
-1.188
-1.576
-2.852
-0.261
-2.033
-1.199
-1.594
0.186
-0.279
-2.218
-2.633
0.556
-0.037
-2.392
-0.696
0.068
0.294
-2.244
-0.716
-0.683
-0.505
-1.591
-1.060
-0.475
-0.746
-1.600
-0.852
-0.276
-1.037
-6.141
-1.109
-0.319
-0.049
-2.780
-1.789
-2.920
-0.676
-2.765
-1.896
-1.098
-0.918
-2.913
-2.629
-2.373
-1.880
-4.022
-3.774
-4.319
-2.680
-2.943
-3.114
-2.651
0.858
-3.902
-2.819
-2.757
-1.259
-1.992
-2.539
-2.844
-2.100
-2.660
-2.792
-2.842
-2.874
-3.235
-4.451
-2.294
-1.540
-3.737
-2.598
-3.657
-1.020
-3.198
-2.710
-3.490
-2.488
-2.893
-1.535
-4.186
-2.047
-3.776
-1.319
-3.429
-1.702
-2.849
-1.208
-1.551
-3.079
-3.672
-0.842
-3.046
-1.654
-3.598
-0.905
-4.257
-2.915
-4.504
-2.090
-1.960
-1.723
-3.300
0.136
-1.772
-2.170
-1.686
-1.084
-1.658
-2.342
-2.515
-1.620
-3.632
-4.442
-3.279
-3.101
-1.827
-2.800
-4.130
0.592
-1.188
-2.891
-3.905
-2.574
-1.176
-3.131
-2.384
-2.154
-2.477
-2.861
-3.132
-2.056
-0.883
-3.176
-1.594
-3.976
-1.319
-2.376
-3.228
-2.096
-0.367
-2.856
-3.731
-1.940
-1.867
-2.692
-3.108
-2.543
-1.116
-3.677
-2.636
-3.511
-1.831
-3.340
-2.041
-2.192
-1.455
-2.455
-4.394
-2.492
-1.839
-1.046
-1.852
0.636
-4.794
-1.805
-0.002
-2.384
-4.502
-2.210
-1.893
0.136
-4.451
-3.858
-2.023
-1.612
-4.275
-2.976
-1.006
-1.521
-4.153
-2.662
0.543
-0.317
-2.598
-3.574
-2.800
-0.954
-5.195
-3.271
-1.987
0.364
-4.066
-3.155
-1.052
-0.352
-4.748
-3.230
-0.777
-1.638
-1.727
0.013
-2.991
-1.765
-2.718
0.048
-1.947
-3.771
-3.754
-0.729
-2.654
-2.817
-1.776
-2.124
-1.540
-4.140
-3.793
-0.393
-1.951
-3.564
-2.403
-0.863
-2.390
-3.704
-0.683
-0.090
-0.137
-3.462
-1.298
-2.497
-2.513
-3.765
-2.890
-0.391
-3.971
-2.757
-3.609
-0.480
-2.931
-2.679
-3.327
-2.384
-2.315
-2.620
-2.957
-1.802
-1.134
-3.181
-2.103
-2.156
-2.395
-2.796
-2.774
-2.055
-2.324
-3.198
-1.854
-3.368
-2.248
-4.351
-2.358
-3.071
-1.261
-2.267
-1.270
-2.436
-0.359
-3.903
0.878
-1.324
-1.797
-3.422
-0.580
-3.625
-0.584
-1.923
-0.382
-3.565
-0.641
-3.113
-0.076
-1.681
-0.228
-1.444
0.016
-1.825
-2.510
-1.451
-1.454
-0.403
-0.637
-0.802
-0.347
-1.933
-1.201
-3.517
-0.304
-1.968
-1.260
-1.951
-2.656
-2.784
-2.882
-3.945
-2.311
-4.089
-0.987
-2.496
-2.084
-3.501
-1.567
-3.511
-0.903
-1.722
-2.329
-2.351
-1.540
-2.554
-3.113
-2.103
-1.090
-3.202
-2.810
-4.619
-2.471
-3.019
-1.392
-2.648
-1.883
-1.508
-1.544
-2.447
-2.362
-2.687
-0.084
-2.690
-0.556
-4.416
-1.203
-2.655
-2.845
-3.640
-2.262
-3.270
-1.407
-1.375
-1.827
-1.254
-2.360
-3.423
-3.395
-3.129
-2.848
-0.372
-3.919
-3.775
-2.255
-0.359
-3.079
-1.883
-2.205
