4.891
5.943
4.753
6.125
3.981
4.796
2.280
7.047
5.368
5.077
6.233
6.105
7.139
1.381
6.240
5.568
6.856
4.271
5.402
4.310
6.166
5.791
6.589
6.023
6.695
4.260
5.865
6.871
6.458
5.023
5.419
3.327
3.463
4.685
4.937
3.794
1.951
6.327
5.978
4.952
5.464
6.304
5.609
7.091
6.504
7.279
5.964
7.491
6.854
5.162
6.207
6.909
3.257
2.398
2.234
4.011
-1.189
4.353
5.495
3.177
3.805
4.087
2.768
4.141
4.927
4.132
2.000
3.828
3.446
2.900
5.183
4.128
4.904
0.809
4.076
5.390
3.290
3.077
5.159
3.404
2.917
4.373
3.929
2.169
3.186
4.412
3.027
4.577
3.824
4.118
1.593
4.932
3.954
1.969
2.763
4.111
3.640
4.055
4.411
2.657
4.008
3.101
6.121
4.100
3.283
3.197
3.866
2.986
4.644
3.277
4.206
3.858
3.493
2.913
4.138
2.990
3.767
4.929
2.484
3.360
4.240
3.296
2.976
4.494
3.742
2.540
3.735
2.610
3.532
3.408
4.924
4.114
7.678
4.467
6.357
5.418
4.889
7.254
4.878
4.480
4.027
4.981
5.769
0.673
4.032
3.417
3.243
5.193
4.563
4.103
5.134
6.090
4.230
5.065
5.082
2.945
5.150
5.531
4.072
5.860
5.402
4.389
4.891
3.172
4.697
7.021
4.887
3.744
4.492
5.201
6.588
5.035
1.382
4.300
4.505
4.810
4.521
5.451
1.398
3.628
3.253
5.924
6.592
5.982
6.797
7.205
6.214
6.602
4.955
0.719
-0.404
4.887
7.019
6.658
5.535
5.884
5.092
6.554
4.193
3.844
4.060
6.536
5.428
3.407
6.128
4.797
6.855
6.043
7.363
6.118
5.126
5.916
4.145
6.558
6.477
6.102
4.983
5.931
5.673
5.411
6.160
7.165
7.416
5.498
7.963
6.160
7.827
5.039
6.382
6.963
6.218
6.159
6.367
4.712
8.077
6.672
5.269
7.156
7.471
8.446
5.765
6.302
3.652
4.533
5.494
5.710
5.377
6.209
5.434
5.567
8.178
6.713
7.352
7.007
7.241
8.287
5.964
6.682
6.677
3.498
5.020
3.930
6.800
5.700
7.743
5.388
6.436
6.817
4.867
5.325
6.461
6.969
7.170
6.160
5.736
6.377
6.014
3.341
5.296
6.013
5.166
4.299
6.771
6.875
6.907
7.434
6.617
5.389
4.627
5.313
4.643
4.461
5.789
4.310
4.185
6.094
5.329
2.074
5.682
5.868
5.697
6.273
7.463
2.226
6.807
6.772
7.723
5.660
5.593
2.345
5.330
5.857
5.252
5.816
3.860
4.599
5.305
5.041
4.865
6.757
5.728
5.402
4.815
6.825
6.143
3.799
5.432
3.342
5.223
5.604
3.647
6.381
4.599
2.132
4.587
6.358
6.036
6.230
3.897
6.983
