-6.778
-3.083
-4.517
-7.383
-2.941
-4.480
-5.676
-3.205
-3.787
-3.176
-2.657
-2.143
-3.922
-2.421
-2.546
-3.292
-4.416
-3.958
-2.625
-3.887
-0.648
-1.394
-1.566
-2.245
-2.178
1.405
-1.348
-0.520
-1.751
-1.258
0.709
0.929
0.009
-1.176
0.028
-1.332
-0.788
0.174
1.237
0.069
-0.527
0.511
-1.116
1.281
2.732
0.698
0.781
2.148
0.774
1.256
2.962
1.330
0.998
2.516
-0.833
0.631
2.116
-0.200
-0.169
2.431
0.828
1.785
3.055
0.883
1.353
2.359
1.966
0.753
1.735
1.188
1.441
0.434
-0.933
3.755
2.137
2.672
2.825
-0.654
1.370
3.829
0.815
2.406
2.210
2.405
3.415
2.295
1.651
3.003
0.440
0.013
1.864
4.474
3.007
2.549
2.494
0.647
1.231
2.344
2.904
2.124
-2.262
-0.891
-0.907
-0.082
2.010
-0.240
-0.112
0.976
-0.553
-0.495
0.994
0.309
-0.020
1.856
-0.826
-0.991
0.919
-1.329
0.253
1.454
-0.120
0.838
2.214
1.133
-1.866
0.436
-1.760
1.162
1.658
0.695
1.859
-0.517
0.620
1.422
0.490
1.549
1.684
-1.252
0.063
1.607
0.789
2.273
0.753
-0.328
0.621
1.582
0.014
1.634
1.201
-0.545
0.648
1.245
-0.783
0.383
1.522
0.171
1.568
2.792
0.961
2.225
5.278
2.105
2.892
4.440
0.533
2.366
4.921
1.364
1.502
3.377
-0.082
0.871
4.499
2.263
1.643
3.772
-0.890
2.205
5.439
1.190
3.642
4.378
0.794
2.422
4.041
0.728
2.397
4.820
-0.853
0.900
4.323
0.092
4.437
3.137
-1.597
3.455
3.373
-0.185
3.948
3.667
0.026
2.882
2.215
-2.276
0.145
3.373
-0.901
4.255
0.831
-3.277
1.713
3.417
-0.657
3.661
3.289
-0.215
4.546
3.073
1.550
4.813
1.697
-1.790
0.599
0.939
-1.896
0.275
2.118
-1.742
2.239
1.902
-1.885
0.322
2.769
-0.927
1.248
-0.033
-3.092
0.298
1.852
-0.991
2.470
2.806
1.047
3.078
0.361
-1.738
0.879
0.985
-1.843
-0.087
3.927
0.228
2.649
4.398
1.146
2.699
3.924
-1.610
1.527
2.395
0.406
0.950
4.198
1.183
3.382
5.630
2.070
4.949
3.766
0.086
1.429
3.203
1.597
1.161
2.989
-0.432
2.066
4.109
-0.548
4.374
2.724
-1.312
3.850
-0.223
2.392
-0.547
3.863
0.033
1.382
-1.042
0.238
-3.602
3.887
-0.610
0.039
-4.594
2.476
-1.341
1.358
-2.389
1.677
-1.163
2.038
-0.800
1.501
-1.799
2.921
-1.280
3.597
-3.901
1.670
-2.483
3.684
-1.266
0.753
-4.685
1.167
-2.387
0.957
-4.889
-0.034
-3.229
-0.781
-4.769
-2.043
-2.749
1.186
-1.329
0.695
-2.178
-0.141
-3.764
-1.579
-5.937
-0.891
-3.295
-0.822
-4.125
-1.221
-2.537
1.785
0.528
0.748
0.925
0.314
0.702
-1.118
-0.325
0.008
-2.414
1.855
1.752
0.029
0.040
1.462
0.470
1.466
-0.551
-0.077
-1.817
1.687
0.353
1.404
0.240
0.712
0.927
1.681
2.397
1.946
1.135
1.057
1.106
0.711
0.885
-1.559
-0.054
0.338
0.335
-1.325
-1.485
1.084
0.281
-0.475
-1.154
-1.248
-0.831
1.960
-0.818
0.200
-1.722
-0.351
-0.099
1.885
1.308
-0.572
-1.197
0.362
0.189
1.628
-0.445
-3.752
-1.139
-5.585
-0.392
-4.845
-2.429
-7.865
-3.560
-5.356
-1.041
-7.377
-2.831
-5.754
-2.316
-7.312
-3.811
-6.109
-3.103
-9.315
-4.297
-5.107
-1.267
-7.937
-2.393
-6.101
-1.923
-8.469
-4.611
-5.932
-1.268
-7.379
-3.920
-4.782
-2.271
-7.697
-4.230
-2.392
0.025
-4.857
-2.105
-2.900
-5.716
-7.148
-3.228
-0.433
-4.111
-4.562
-3.744
-2.395
-3.689
-1.391
-2.583
0.580
-5.427
-3.247
-3.440
-3.320
-3.160
-5.301
-3.436
-1.574
-4.653
-4.161
-4.522
-2.650
-2.242
-6.080
-2.646
-2.010
-4.388
-3.766
-3.754
-0.467
-5.418
-4.007
-3.961
-3.128
-2.890
-6.516
-3.125
-1.267
-5.560
-1.119
-3.307
-2.633
-4.435
-2.329
-3.535
-2.565
-5.984
-2.718
-5.401
-4.828
-5.055
-3.274
-5.154
-4.629
-4.749
-2.133
-4.315
-3.906
-4.738
-2.013
-5.804
-3.930
-3.193
-1.425
-4.328
-4.261
-4.466
-1.974
-4.213
-5.775
-5.770
-2.480
-4.316
-4.054
-5.862
-2.368
-4.657
-6.233
-2.844
-1.659
-4.820
-7.852
-2.069
-1.992
-3.598
-8.356
-3.704
0.183
-4.946
-9.396
-3.442
-3.337
-5.426
-8.128
-3.537
-2.545
-4.144
-7.489
-3.506
-2.740
-4.738
-7.914
-3.113
-2.679
-5.721
-7.273
-1.998
-0.916
-4.405
-7.069
-2.454
-0.574
-4.366
-4.788
-0.974
-3.415
-4.173
-1.452
-5.604
-1.993
-0.328
-2.984
-4.395
-2.474
0.389
-3.681
-6.061
-3.310
-1.732
-2.784
-4.278
-2.124
-0.867
-0.609
-5.792
-2.602
-1.381
-2.941
-3.102
-1.862
-1.195
-3.018
-4.170
-2.367
-1.516
-1.985
-7.993
-3.870
-1.582
-4.573
-7.872
-3.178
-4.702
-0.694
-3.553
-2.703
-0.852
-1.184
-0.615
-3.544
-5.395
-3.990
-2.270
-7.127
-8.017
-4.636
-2.243
-7.492
-6.467
-1.820
-1.230
-6.299
-8.248
-3.745
-1.963
-8.231
-7.776
-4.322
-1.678
-7.425
-7.211
-5.101
-2.019
-8.841
-8.531
-1.422
-0.897
-7.967
-7.036
-2.647
-1.092
-6.153
-6.025
-4.161
-1.628
-7.168
-7.584
-1.165
-6.529
-1.829
-3.491
-1.508
-7.373
-1.109
-0.840
-4.520
-7.400
-1.696
-1.927
-2.836
-6.894
-2.373
-4.787
-2.361
-7.476
-1.634
-1.643
-1.422
-5.868
-1.559
-1.832
-3.067
-6.121
-4.192
-2.871
-1.189
-5.874
-1.114
-1.610
-0.910
-4.562
-1.772
-2.084
-2.811
-7.674
-1.064
-2.735
-5.491
-2.227
-9.783
-1.829
-6.132
-2.592
-8.457
-3.656
-6.667
-1.719
-9.930
-1.668
-6.113
-2.424
-10.075
-3.985
-7.576
-1.851
-8.356
-1.133
-5.044
-1.806
-9.708
-2.056
-5.469
-1.273
-8.646
-2.705
-2.899
-0.741
-8.963
-1.862
-5.302
-0.832
-9.548
-1.836
-7.180
-3.182
-11.461
-3.131
-0.621
-6.671
-2.178
-5.563
0.244
-2.077
-4.777
-6.239
1.347
-3.514
-3.212
-5.868
-0.090
-6.174
-4.648
-7.399
0.157
-4.575
-2.811
-4.335
0.830
-3.594
-3.381
-6.308
0.593
-2.230
-4.000
-5.867
1.258
-2.552
-2.828
-5.594
-0.157
-2.575
-3.266
-7.966
0.241
-5.708
-1.688
-4.471
-2.588
-2.372
-11.861
-6.953
-2.694
-0.731
-11.564
-5.331
-1.614
0.334
-8.817
-2.825
-3.341
-1.307
-10.109
-3.932
-5.216
-1.898
-11.580
-4.078
-4.501
-1.679
-11.233
-4.400
-5.032
-1.930
-11.738
-3.867
-4.236
-1.834
-11.189
-3.711
-1.133
-1.264
-10.627
-3.915
-3.552
-0.961
-10.295
-3.825
-6.256
-2.412
-3.538
-1.178
-3.378
0.088
-6.588
-3.039
-7.425
-3.342
-6.467
-2.362
-6.365
-1.500
-4.606
-0.938
-7.544
-1.244
-5.302
-1.485
-5.117
-1.193
-5.297
-4.255
-4.771
-0.712
-6.078
-0.336
-2.418
-3.230
-5.290
-1.085
-4.415
-3.353
-7.880
-1.643
-5.499
-1.243
-4.619
-0.968
-7.722
-4.218
-5.888
-2.901
-6.027
-3.136
-5.018
-2.640
-2.874
-2.251
-5.298
-1.660
-5.635
-3.056
-6.347
-3.268
-3.654
-3.360
-6.861
-2.769
-4.080
-3.639
-4.018
-4.136
-2.452
-2.231
-4.288
-5.086
-2.656
-2.841
-4.167
-5.178
-2.690
-3.368
-3.102
-3.431
-2.206
-0.482
-4.798
-3.980
-4.297
-5.044
-3.293
-1.522
-3.829
-1.724
-4.268
-3.142
-5.343
-4.429
-2.386
-3.189
-3.598
-1.030
-4.684
-2.138
-1.175
-0.945
-6.345
-3.627
-1.993
-2.959
-4.259
-2.282
-2.108
-2.438
0.303
-1.328
-3.701
-2.877
-2.696
-1.652
-2.946
-3.399
-3.210
-0.838
0.104
-2.095
-0.263
-3.030
