2.714
6.164
4.293
3.603
4.295
3.663
1.392
5.388
6.869
6.642
4.288
6.075
4.587
0.014
1.735
3.234
4.960
2.111
0.332
2.492
6.589
3.064
6.624
5.204
5.703
6.522
5.624
6.324
6.738
4.545
2.888
3.496
4.070
3.075
2.857
2.715
2.744
4.408
3.260
3.000
6.775
6.591
8.126
7.435
7.457
8.733
8.017
7.398
7.822
7.441
5.699
5.799
4.165
4.521
3.792
4.507
1.720
7.372
4.824
6.665
3.582
4.486
4.158
4.801
3.863
3.707
4.587
3.522
3.895
5.059
3.414
3.877
2.463
2.412
0.670
2.715
3.012
2.572
3.363
5.235
6.300
5.664
5.733
3.904
4.480
5.257
5.939
5.338
5.930
4.859
4.288
4.524
3.730
2.314
4.253
3.065
3.322
3.557
3.993
3.096
4.012
3.511
4.315
3.827
4.300
3.815
5.085
5.383
3.893
3.774
5.495
5.722
2.939
4.021
5.529
7.464
2.726
3.436
5.069
5.995
4.971
4.240
2.705
2.821
4.604
-1.790
5.673
1.161
4.519
3.138
3.194
3.768
4.211
3.472
3.549
3.306
4.554
1.748
2.349
2.377
3.605
4.282
3.011
2.244
2.650
3.900
2.682
2.658
4.193
2.820
4.230
4.301
3.502
2.738
2.065
4.218
3.140
3.842
3.176
2.868
6.619
5.133
4.668
4.135
4.227
6.613
5.704
6.061
4.552
4.492
3.833
3.449
1.479
4.406
2.862
2.888
4.829
3.322
2.099
2.470
1.023
6.602
5.898
5.995
5.467
5.130
3.478
4.693
3.956
1.018
-2.135
-0.458
1.210
0.074
-0.377
1.404
1.615
0.414
-0.424
0.338
0.611
1.025
-1.981
-2.087
0.466
0.715
1.560
2.233
1.268
1.449
3.468
5.355
4.442
5.454
5.221
5.126
4.307
6.739
5.368
6.307
4.575
5.066
5.569
2.947
5.622
4.300
3.733
3.979
3.960
4.568
0.168
2.884
3.058
3.656
5.762
5.526
4.356
5.655
5.233
7.172
3.023
2.574
1.623
1.340
1.883
3.599
1.256
2.053
3.262
1.934
7.000
6.173
7.852
5.726
7.502
8.755
4.047
4.376
5.333
2.003
5.698
4.653
5.483
7.093
6.565
8.089
5.850
6.209
6.001
3.382
4.325
6.662
5.830
5.622
4.480
4.270
5.967
3.979
5.828
5.649
6.640
3.968
5.396
6.648
5.247
6.756
5.648
5.459
3.699
4.067
4.928
5.697
4.745
3.514
5.063
6.314
3.408
3.417
5.884
4.284
3.722
6.554
5.873
-1.192
3.955
2.841
4.616
2.594
1.440
2.782
5.396
4.053
2.783
1.700
2.486
4.168
3.558
3.824
2.396
5.151
5.394
4.526
4.972
3.204
4.321
2.053
4.742
4.204
3.452
2.985
2.549
5.439
2.355
2.126
4.379
6.783
1.754
4.115
1.756
4.924
