-4.594
-5.251
-1.957
-4.695
-3.289
-3.800
-2.868
-4.949
-3.029
-5.522
-3.036
-3.710
-4.700
-4.761
-3.205
-6.303
-2.911
-3.037
-1.932
-3.721
-4.995
-2.763
-2.043
-2.171
-5.209
-3.449
-3.174
-3.330
-1.294
-2.864
-3.779
-3.648
-3.891
-2.232
-4.524
-3.346
-2.993
-3.127
-2.770
-4.575
-3.582
-0.625
-0.253
-4.314
-1.944
-2.552
-1.177
-2.086
-1.308
-3.624
-3.470
-1.711
-2.829
-3.265
-2.870
-4.393
-1.188
-3.965
-0.698
-3.085
-0.910
-3.051
-1.170
-2.381
-1.205
-3.039
-1.861
-3.521
-0.303
-3.154
-0.426
-1.503
-1.077
-1.644
-1.524
-2.108
-1.368
-2.375
-1.752
-1.161
-2.789
-4.590
-3.777
-3.191
-1.577
-4.999
-2.788
-1.715
-3.059
-4.919
-5.989
-2.712
-2.297
-3.536
-3.385
-4.396
-4.658
-4.837
-4.428
-1.946
-3.300
-3.783
-1.919
-1.302
-3.824
-1.714
-2.742
-3.589
-2.149
-3.633
-3.611
-0.406
-3.748
-4.447
-4.224
-1.254
-2.458
-4.475
-4.803
-1.653
-2.714
-3.977
-2.212
-4.235
-1.876
-3.638
-3.591
-4.955
-2.333
-4.024
-3.470
-5.351
-1.709
-2.178
-3.250
-5.439
-2.329
-3.176
-3.503
-6.267
-1.557
-3.841
-3.565
-5.063
-2.278
-2.561
-4.818
-5.463
-1.514
-4.127
-5.964
-4.959
-3.827
-2.605
-4.526
-3.540
-3.063
-2.298
-2.220
-3.664
-1.266
-2.114
-1.520
-2.718
-0.396
-3.018
-1.404
-2.741
0.864
-3.389
-2.730
-3.222
0.168
-3.275
-2.783
-2.897
1.158
-4.103
-2.894
-2.708
-0.847
-2.694
-2.920
-2.579
-0.675
-1.695
-2.493
-2.452
-1.266
-3.175
-1.184
-1.654
-1.211
-1.699
-3.118
-3.351
-0.530
-2.614
-1.716
-2.802
-2.530
-0.297
-0.765
-2.742
-3.211
-2.448
-1.899
-0.696
-2.777
-3.064
-1.869
-0.892
-3.642
-2.356
-2.577
-1.515
-4.408
-3.303
-2.055
1.287
-2.821
-1.207
-2.815
-0.688
-3.738
-3.706
-1.968
-0.153
-2.699
-3.035
-2.363
1.151
-2.376
-2.462
-4.077
-1.943
-4.688
-2.636
-2.324
-1.787
-3.643
-0.642
-2.664
-5.034
-3.016
-2.472
-3.178
-3.120
-2.200
0.463
-1.992
-1.956
-3.023
-1.802
-2.170
-2.542
-2.398
-3.316
-2.699
-2.572
-1.667
-0.443
-3.734
-3.616
-2.096
-3.271
-4.880
-1.595
-1.781
-1.721
-2.766
-1.900
-1.655
-0.323
-2.074
-3.441
-3.986
-2.276
-3.630
-4.228
-5.020
-3.018
-0.908
-1.883
-1.871
-1.987
-2.448
-3.200
-4.069
-2.155
-3.331
-2.710
-3.793
-2.770
-0.883
-1.009
-1.278
-3.676
-1.600
0.515
-3.771
-3.374
-1.893
-1.700
-3.152
-1.912
-3.042
-2.971
-2.291
-1.785
-0.564
-2.257
-1.441
-2.624
-2.995
-1.817
-0.962
-1.791
-2.614
0.067
-3.041
-3.309
-2.117
-2.112
-3.225
-2.111
-2.462
-1.758
-2.061
-2.568
-4.985
-2.123
-2.769
-5.504
-3.253
-1.839
-2.162
-5.650
-3.871
-2.030
-2.503
-5.183
-3.898
-2.454
-4.616
-5.453
-1.800
-1.862
-2.303
-3.386
-3.236
-1.065
-2.857
-3.922
-2.657
-1.555
-3.955
-3.490
-3.070
-0.973
-0.181
0.744
-2.701
-3.592
-0.933
0.707
-2.763
-1.887
-0.139
1.083
-3.894
-4.550
1.421
0.255
-3.875
-4.066
-0.078
1.088
-3.096
-0.876
-1.976
1.362
-2.794
-3.106
-2.846
-2.480
-2.350
-3.628
-0.343
0.585
-3.568
-2.815
1.150
0.271
-3.646
-2.330
-1.562
-0.428
-4.626
-3.561
-3.925
-2.869
-3.670
-3.161
-3.580
-4.406
-2.567
-3.534
-3.047
-1.231
-3.175
-5.118
-2.389
-3.948
-4.737
-3.276
-3.904
-4.749
-2.529
-2.682
-3.400
-4.751
-3.553
-4.688
-3.509
-1.828
-4.739
-1.711
-2.598
-5.800
-2.209
-1.652
-2.290
1.582
-2.686
-4.649
-0.989
-1.648
-3.257
-0.054
-1.508
-3.503
-2.565
-5.240
-3.834
-0.815
-3.395
-4.621
-1.697
-2.386
-3.674
-2.916
-4.352
-3.588
-2.211
-2.721
-3.188
-1.284
-1.357
-4.086
0.473
-4.697
-5.897
-0.048
-1.780
-3.452
0.422
-0.990
-2.488
0.293
0.127
-3.044
-2.407
-3.083
-2.878
-1.353
-0.929
-1.621
-1.686
-2.553
-2.026
-2.333
-3.069
-2.131
-0.297
-0.389
-3.313
-1.488
-3.050
-3.526
-1.437
-4.291
-1.955
-1.421
-3.574
-2.579
-0.813
-4.949
-2.834
0.403
-4.387
-2.762
-0.368
-2.860
-0.116
-3.085
-4.099
-3.517
-1.409
-2.984
-3.077
-0.426
-4.898
-1.577
0.069
-2.106
-1.532
0.325
-4.190
-3.211
-2.455
-3.096
-0.496
-4.247
-3.358
-2.916
-3.342
-4.959
-1.906
-0.964
-4.365
-1.603
-2.804
-4.166
-2.520
0.128
-4.594
-2.737
-0.999
-4.290
-1.319
-1.658
-2.356
-2.003
-1.548
-3.966
-2.595
-2.937
-4.891
-1.758
-0.509
-4.442
-2.726
0.219
-4.647
-1.839
-0.053
-3.955
-0.730
-2.172
-4.427
-2.369
-0.306
-2.425
1.440
-0.966
-2.829
-2.308
-0.443
-2.513
-1.261
-1.680
-2.883
0.503
0.261
-3.849
-1.572
-0.812
-2.411
-1.866
-3.071
-3.401
-5.115
-2.674
-1.478
-2.209
-1.686
-2.331
-2.638
-5.248
-3.415
-3.566
-3.244
-1.420
-2.293
-2.899
-2.126
-3.062
-1.833
-3.032
-1.892
-4.371
-4.197
-3.995
-2.338
-3.730
-3.397
-4.791
-3.107
-3.189
-1.404
-3.773
-4.355
-3.656
-1.935
-2.840
0.248
-2.099
-0.824
-3.760
-1.337
-1.523
-3.460
-3.609
-3.579
-2.593
-2.482
-4.807
-0.985
-3.722
-3.924
-3.331
-3.003
-0.353
-1.633
-3.772
-3.698
-3.476
-1.744
-2.232
-2.912
-2.768
-4.780
-0.608
-0.147
-4.761
-3.930
-3.686
-1.890
-2.257
-4.274
-3.429
-4.439
-1.837
-1.192
-2.478
-1.876
-2.558
-1.303
-1.862
-3.262
-3.392
-3.862
-0.936
-0.693
-1.308
-1.821
-3.549
0.670
-2.049
-2.507
-3.229
-2.240
-1.826
-1.948
-4.122
-3.351
-3.004
-1.542
-2.828
-3.420
-2.635
-4.983
-3.799
-2.722
-4.172
-2.910
-3.829
-3.174
-1.354
-4.251
-4.470
-4.757
-3.606
-0.251
-2.996
-2.127
-4.249
-4.721
-2.826
-0.536
-4.706
-2.217
-4.946
-0.575
-3.537
-3.556
-3.438
-4.151
-0.566
-2.381
-4.277
-4.126
-4.938
-2.972
-2.717
-3.414
-3.032
-3.682
-2.453
-3.180
-2.930
-2.540
-3.297
-2.617
-3.740
-3.146
-3.172
-5.335
-2.666
-3.962
-2.305
-6.210
-1.146
-1.672
-3.402
-1.643
-3.746
-1.743
0.192
-3.339
-0.270
-3.302
-1.124
-1.996
-4.644
-4.627
-3.206
-2.051
-1.086
-2.661
-2.599
-3.159
-2.334
-1.927
-1.232
-2.181
-3.568
-0.969
-2.024
-3.077
-3.314
-2.343
-2.566
-2.702
-3.361
-1.889
-3.629
-2.382
-0.292
-3.890
-2.263
-2.778
-3.571
-1.202
-3.882
-2.563
-4.288
-3.253
-0.070
-1.503
-4.133
-5.415
-1.405
-4.353
0.293
-3.447
-3.205
-0.319
-3.585
-0.599
-2.061
-2.149
-0.242
-3.083
-0.588
-2.286
-4.518
-2.889
-2.334
-1.221
-2.192
-0.230
-0.393
-4.326
-0.992
-2.888
-3.870
-1.465
-2.658
-1.398
0.284
-1.385
-3.509
-5.060
-1.794
-3.572
-5.135
0.120
-2.921
-2.186
-3.139
-4.909
-2.444
-4.318
-1.677
-3.878
-4.296
-1.544
-4.478
-0.247
3.018
-2.541
2.024
-1.394
-0.685
1.583
-2.713
-0.476
-2.412
-0.491
1.803
-2.599
0.348
-0.206
-0.581
1.090
-3.919
1.248
-1.806
-3.176
0.482
-3.414
0.109
-2.322
0.143
0.798
-1.814
-0.181
-1.518
0.137
0.874
-1.283
1.307
-2.853
-2.148
-0.785
-0.610
-1.095
-1.393
0.790
0.454
-2.098
-0.135
-1.988
-2.125
-0.821
-2.652
0.433
-2.334
-2.613
-4.459
-2.519
0.576
-2.063
-3.420
-3.855
-3.015
-0.075
-0.944
-1.946
-3.543
-2.185
-2.819
-3.482
-2.106
-3.937
-1.879
-1.101
-1.646
-3.639
-4.784
-2.880
-0.651
-2.328
-0.931
-5.376
-2.012
-1.575
-2.890
-2.447
-4.390
-3.359
-1.350
-1.648
-0.925
-3.765
-2.359
-0.717
-2.323
-0.730
-5.273
-2.285
-0.112
-1.213
-2.035
-4.647
-2.511
-0.868
-3.985
-2.204
-1.292
-1.986
-3.652
-4.463
-0.173
-0.911
-3.591
-3.142
-4.262
0.752
-1.226
-3.526
-2.352
-3.098
-0.775
-1.667
-3.963
-2.508
-3.492
-0.086
-0.476
-3.377
-1.904
-4.644
1.156
-1.910
-2.141
-1.345
-3.653
0.095
-1.649
-2.497
-1.909
-3.112
-1.474
-0.743
-3.058
-1.264
-4.152
0.371
-2.724
-2.768
-4.233
-3.187
0.447
-1.201
-2.476
-0.663
-4.050
-2.680
-0.016
-0.957
-2.217
1.755
-3.216
-1.455
-2.054
-3.884
-1.354
-1.867
-0.433
-1.685
-3.788
-1.709
-1.739
-1.603
-2.979
-3.797
-2.486
-1.318
-0.577
-1.668
-1.144
-0.742
-0.035
0.344
-3.420
-1.180
-1.428
-0.733
-0.537
-1.482
-0.416
-0.642
-1.058
0.688
-4.116
-2.700
-1.405
-2.119
-1.413
-3.825
-2.994
-2.667
-1.880
-2.630
-2.643
-2.893
-1.298
-2.359
1.592
-1.349
-3.108
-2.993
-0.334
-1.369
-0.575
-2.036
-3.340
-0.179
0.439
1.003
-2.178
-0.626
0.212
0.272
0.155
-2.772
-2.536
-1.138
0.236
-0.703
-2.868
-3.850
-1.541
0.893
-0.373
-4.055
-2.384
-0.978
-0.965
-0.328
-2.018
-2.271
-0.595
1.984
-0.696
-1.532
-2.908
-1.199
2.198
-0.304
-1.198
-3.413
-2.526
-0.037
0.206
-2.891
-3.150
-4.393
-3.095
-2.528
-2.003
-5.059
-4.239
-1.915
-4.988
-2.298
-2.440
-5.257
-2.569
-5.758
-3.787
-2.349
-2.016
-4.072
-2.868
-5.909
-2.258
-2.940
-4.324
-2.561
-6.703
-5.295
-3.288
-4.406
-1.323
-4.017
-4.277
-4.040
-2.595
-3.176
-4.127
-3.191
-2.891
-4.541
-3.441
-1.701
-3.842
-0.835
-0.709
-4.526
-1.456
-0.469
-3.822
-1.855
-0.959
-4.695
-2.137
-2.421
-4.395
-3.674
-2.828
-4.574
-2.137
-2.889
-4.154
-2.245
-0.813
-1.220
-4.566
-2.489
-3.349
-4.539
-2.393
-2.192
-4.954
-1.779
-1.536
-3.800
-0.882
-3.814
-4.022
-3.524
-2.315
-5.421
-2.286
-2.940
-3.835
-1.675
-2.703
-3.625
-3.155
-3.156
-2.885
-3.277
-2.338
-4.108
-1.081
-3.166
0.472
-3.868
-4.195
-2.237
-5.975
-3.993
-0.221
-2.895
-4.107
-2.676
-3.780
-4.038
-0.882
-6.360
-3.963
-1.850
-4.299
-3.017
0.146
-3.525
-4.014
-0.202
-3.973
-3.076
-1.002
-5.469
-2.031
-1.477
-2.419
-1.199
-3.363
-1.944
0.001
-1.929
-2.301
-0.159
-3.110
-4.008
-0.764
-2.776
-3.216
-1.159
-1.984
-1.348
-0.322
-4.259
-2.862
-2.322
-2.610
-1.477
-0.149
-1.010
-1.164
-1.980
-3.404
-2.605
-0.330
-1.381
-1.046
-2.016
-0.825
-1.957
-2.948
-1.817
-3.154
-2.911
-0.256
-2.401
-0.764
-0.857
-0.351
-2.331
-0.664
-4.508
-2.700
-0.660
-3.960
-1.797
-0.481
-1.946
-2.566
-0.839
-1.724
-2.922
-1.215
-2.122
-3.049
0.428
-2.901
