-8.270
-6.525
-1.309
-8.602
-2.530
-6.325
-6.569
-5.248
-4.524
-1.751
-4.261
-5.337
-4.147
-2.078
-1.988
-4.330
-4.955
-4.151
-5.128
-3.298
-1.058
-2.354
-3.052
-1.135
-2.579
-0.327
0.054
-0.995
-1.249
-1.548
0.998
2.820
1.376
3.979
2.164
-0.381
-2.338
3.054
1.565
0.954
-6.062
0.220
-8.872
-4.391
1.731
-6.582
-4.879
0.996
-7.717
-4.422
1.502
-8.538
-5.454
0.880
-7.529
-5.132
1.109
-7.395
-5.695
-0.413
-6.595
-2.719
0.130
-6.550
-2.332
-2.151
-6.427
-2.677
-2.504
-9.393
0.128
-2.466
-7.371
1.200
-0.654
-6.645
-0.863
-3.775
-5.930
2.718
-4.389
-3.416
-1.778
-3.867
-1.741
-2.983
-0.366
-3.451
-4.463
-4.334
-3.347
3.713
-1.699
-5.548
0.547
-0.393
-5.378
0.234
-1.820
-6.272
-6.393
-5.062
-5.098
-9.003
-4.404
-9.816
-8.026
-7.762
-7.513
-7.775
-3.233
-10.528
-6.807
-3.833
-8.619
-6.162
-4.297
-7.744
-9.921
-7.098
-7.016
-7.084
-5.135
-9.773
-9.523
-4.311
-11.459
-5.444
-3.628
-8.889
-9.996
-12.075
-8.074
-6.406
-5.864
-4.502
-8.774
-9.545
-6.862
-5.791
-9.489
-6.182
-3.778
-8.151
-5.443
-6.523
-11.038
-6.360
-3.863
-7.548
-3.574
-7.061
-8.420
-6.664
-6.649
-8.887
-6.207
-4.793
-10.174
-7.359
0.197
-3.199
1.570
1.742
-4.339
3.233
2.513
-3.335
-2.330
-0.331
-5.666
-1.413
2.645
-1.186
1.939
0.460
-3.594
0.333
3.378
-1.712
2.539
-1.959
-5.827
0.764
0.038
-6.840
1.542
0.810
-5.828
-0.100
-1.965
-2.899
2.268
-3.109
-4.453
1.740
-3.996
-6.293
3.382
-2.294
-3.700
2.686
-3.089
-5.255
4.824
-1.699
-1.955
2.770
-1.656
-3.681
5.183
-0.806
-2.863
2.422
-1.950
-0.551
1.564
-4.316
-4.091
3.830
-1.339
-4.969
-3.143
0.836
-3.152
-3.425
0.726
-3.748
-1.023
-0.955
-1.685
-1.122
-0.465
-4.295
-2.930
0.180
-4.871
-5.081
0.311
-5.877
-5.839
0.563
-0.969
0.947
-1.445
-6.270
-4.408
-0.866
-6.450
-4.722
4.715
-3.446
-0.998
4.405
-1.092
0.136
2.684
-3.112
-2.722
-0.647
-1.883
-3.520
2.561
-0.766
-2.177
2.419
-0.999
-3.403
4.948
-0.211
-1.925
1.730
0.345
-1.245
1.341
-4.821
-2.515
2.685
1.186
2.204
2.097
-9.170
-0.721
-10.741
-2.196
-6.236
0.713
-6.104
-0.830
-3.471
0.514
-6.785
0.810
-6.844
0.953
-7.364
0.612
-8.856
0.714
-9.319
-0.790
-6.508
4.151
-9.528
0.693
-11.828
1.976
-8.898
-0.629
-8.592
-0.621
-9.517
1.316
-9.148
0.891
-8.092
-2.760
-9.654
-3.216
-10.541
-9.795
-7.316
-7.603
-7.251
-9.143
-6.188
-6.842
-5.304
-6.162
-7.342
-7.180
-4.035
-7.282
-7.970
-8.039
-5.288
-8.835
-7.678
-6.262
-9.294
-2.533
-1.761
-6.777
-2.730
-6.113
-4.201
-4.480
-6.035
-5.768
-5.795
-2.829
-2.659
-7.087
-4.541
-4.965
-1.167
-3.776
-3.630
-8.469
-5.987
-3.440
-4.496
-5.081
-1.031
-5.162
-2.227
-1.016
-0.203
-0.245
-5.362
-1.217
-0.436
-1.759
-0.330
-3.316
-4.050
-5.312
-4.415
-5.759
-2.548
-4.999
-5.038
-1.873
-1.266
-7.488
0.773
-4.989
-5.148
-1.985
-3.141
-7.766
-4.612
-3.256
-1.167
-4.595
-2.878
-4.782
0.069
-2.991
-3.252
-7.027
-2.228
-5.886
-4.725
-6.436
-8.137
-9.233
-5.105
-6.316
-4.966
-6.507
-2.725
-7.695
-6.916
-8.489
-6.841
-6.145
-6.579
-9.658
-4.031
-7.308
-5.654
-6.793
-4.626
-6.880
-9.073
-10.549
-6.361
-4.487
-3.521
-5.800
-3.547
-4.883
-5.491
-6.390
-4.111
-4.494
-3.841
-7.218
-5.104
-8.718
-8.047
-8.318
-9.832
-6.887
-5.515
-7.320
-10.527
-7.318
-5.356
-2.471
-7.192
-7.201
-4.638
-5.409
-7.200
-4.133
-3.748
-1.018
-6.364
-5.296
-6.681
-5.937
-9.744
-4.593
-1.981
-5.150
-6.596
-5.338
-5.608
-0.701
-9.530
-5.681
-7.939
-7.124
-10.590
-6.211
-2.435
-6.325
-6.363
-1.634
-5.903
-3.025
-4.846
-2.863
-8.883
-5.345
-1.665
-4.700
-9.611
-6.131
-7.040
-3.615
-5.608
-4.038
-5.148
-4.892
-6.035
-6.859
-4.864
-0.826
-6.082
-5.577
-6.511
-3.917
-5.029
-5.303
-3.642
-3.317
-7.380
-7.954
-5.086
-1.359
-6.655
-6.228
-1.860
-5.238
-5.873
-5.696
-5.720
-5.282
-1.274
-2.041
-4.034
-6.631
-0.825
-0.565
-1.374
-10.520
-3.609
-1.572
-5.833
-9.796
-4.218
-0.783
-5.657
-6.799
-1.608
2.160
-2.392
-9.630
-4.637
-2.638
-5.162
-10.610
-2.464
-1.463
-6.463
-8.595
-2.700
0.761
-3.796
-6.798
-1.769
-0.561
-3.361
-7.728
-4.502
-3.472
-5.685
-2.615
-4.232
-4.181
-0.631
-2.569
-2.799
-1.161
1.018
-2.105
-6.824
-5.037
-1.569
-1.836
-5.065
-3.839
-1.554
-0.817
-5.184
-1.048
-1.563
-4.087
-4.317
-3.861
-2.085
-1.773
-4.290
-1.725
-2.668
-5.240
-8.998
-3.786
-2.777
-5.397
-5.590
-1.174
-7.098
-0.680
-7.112
-2.502
-1.434
-5.037
-1.915
-8.361
-6.325
-7.751
-7.276
-8.592
-9.434
-9.489
-4.358
-8.723
-7.410
-2.626
-2.383
-7.077
-9.051
-8.330
-0.874
-7.433
-4.950
-7.519
-0.219
-6.336
-4.927
-8.415
-4.571
-8.982
-9.298
-5.837
-4.794
-7.660
-7.448
-8.756
-1.619
-8.285
-6.605
-8.891
-3.326
-6.637
-3.542
-5.666
-7.559
-3.117
-5.022
-6.307
-6.663
-1.187
-1.418
-8.377
-10.107
-1.773
-6.683
-4.221
-7.715
-3.347
-4.300
-8.010
-5.833
-1.043
-3.563
-3.538
-7.445
-2.777
-6.424
-4.219
-5.104
-3.216
-5.785
-7.237
-6.552
-3.088
-5.923
-3.870
-7.518
-3.258
-6.930
-7.010
-7.831
-3.689
-4.305
-6.250
-3.378
-5.098
-3.664
-6.340
-4.021
-6.087
-4.244
-9.352
-1.731
-4.242
-1.539
-6.179
-1.660
-6.628
-1.923
-7.748
-4.127
-6.374
-1.537
-6.928
-3.368
-5.422
-2.009
-3.744
-0.385
-6.256
-2.120
-7.422
-1.937
-5.038
-4.230
-8.672
-1.706
-3.825
-3.105
-9.117
-5.631
-6.039
-4.889
-0.009
-9.125
-1.462
-10.535
0.475
-3.801
-4.512
-8.427
2.496
-9.357
-3.602
-11.091
-0.383
-6.704
-2.064
-10.522
1.042
-6.297
-4.346
-7.932
0.433
-5.248
-1.623
-9.773
0.920
-6.876
-3.330
-9.517
3.511
-4.973
-1.461
-11.501
-1.374
-7.780
-2.520
-10.202
-0.896
-5.698
-3.808
-6.491
-2.062
-2.022
-8.240
-7.568
-1.466
-0.216
-8.283
-6.940
-2.778
-2.122
-6.607
-7.373
-7.717
-5.371
-8.154
-7.860
-2.501
-0.770
-9.583
-6.960
-2.068
-1.654
-9.999
-2.804
-2.959
1.679
-6.555
-3.990
-5.033
-1.479
-7.790
-7.459
-1.372
-2.647
-8.179
-6.756
-4.603
-2.717
-8.545
-8.245
-8.157
-3.508
-5.077
-1.857
-3.839
1.059
-6.762
-2.653
-6.887
-1.993
-7.458
-3.677
-9.548
-1.941
-9.282
-2.341
-9.156
-4.568
-9.747
-2.655
-3.607
0.171
-5.280
-2.599
-3.869
-4.354
-5.385
0.778
-1.122
-2.308
-5.651
-3.140
-3.442
-4.713
-8.147
-4.046
-7.079
-1.139
-4.828
-3.467
-8.540
-3.437
-7.524
-2.343
-8.354
-4.130
-9.192
-5.532
-4.593
-2.626
-7.870
-3.599
-7.802
-4.348
-9.491
-2.463
-9.957
-3.826
-6.400
-5.108
-3.831
-4.867
-3.758
-5.880
-2.084
-1.131
-2.643
-4.572
-4.919
-3.180
-2.755
-4.204
-1.326
-2.795
-3.753
-1.957
-2.389
-2.956
-4.889
-2.793
-1.840
-3.774
-5.183
-3.972
-6.252
-2.762
-6.841
-5.725
-4.708
-3.924
-3.945
-4.433
-4.807
-1.668
-5.045
-4.806
-4.062
-2.148
-7.452
-7.150
-4.465
-4.474
-6.640
-5.482
-6.085
-1.778
-1.335
-4.493
-3.931
-5.263
-5.992
-5.000
-3.671
-5.612
-5.285
-3.057
-3.928
-5.373
-1.138
-0.966
