-7.899
-4.922
-5.074
-6.249
-6.358
-6.579
-7.063
-7.192
-7.142
-7.223
-9.783
-7.752
-7.981
-8.285
-8.381
-7.195
-8.141
-4.839
-4.493
-4.400
-6.170
-7.304
-9.333
-4.961
-10.259
-6.390
-8.563
-6.592
-4.464
-5.703
-13.001
-6.807
-5.505
-2.022
-11.577
-7.573
-5.613
-5.265
-7.033
-6.115
-3.151
-1.455
-0.572
-7.232
-3.942
-6.262
-2.353
-6.097
-4.145
-5.816
-4.791
-4.920
-7.500
-5.262
-6.884
-8.732
-4.213
-6.134
-5.287
-9.469
-2.902
-6.594
-2.509
-6.208
-2.546
-6.029
-4.537
-6.309
-2.063
-4.988
-0.526
-3.360
-1.454
-3.284
-2.200
-5.637
-3.085
-7.088
0.395
0.108
0.561
-9.391
-6.834
-4.627
3.657
-7.205
-1.954
-4.173
2.740
-8.159
-7.066
-7.702
1.561
-8.214
-6.510
-9.975
0.923
-7.624
-4.812
-8.235
3.424
-9.136
-1.437
-6.609
3.746
-8.792
-3.855
-6.575
-1.404
-12.624
-10.440
-4.114
1.851
-9.983
-6.116
-7.822
1.556
-8.579
-2.489
-4.985
1.716
-7.511
-4.936
-6.248
3.978
-8.600
-4.131
-12.086
3.790
-8.860
-3.991
-11.520
2.991
-8.645
-5.054
-8.625
4.115
-6.205
-2.458
-8.290
5.000
-6.160
-0.736
-7.632
5.068
-10.093
-6.640
-11.237
2.145
-11.776
-9.486
-8.880
-0.650
-7.983
-7.156
-7.926
3.695
-7.749
0.149
-7.008
3.258
-6.804
-4.271
-7.826
5.433
-4.825
-0.451
-4.938
4.830
-7.770
-1.768
-9.045
6.043
-7.099
-4.512
-8.487
2.768
-7.316
-6.462
-5.933
4.421
-4.668
-2.604
-7.059
5.027
-3.631
-1.675
-6.499
-0.205
-6.389
-7.064
-4.920
3.905
-5.871
-5.463
-6.055
3.072
-4.922
-2.511
-10.958
-2.472
-0.154
-2.104
-2.566
-5.997
-5.318
-6.181
-3.615
-5.221
-1.900
-3.600
-5.402
-5.484
-3.892
-8.504
-2.953
-1.986
-4.097
-3.450
1.290
-3.522
-1.480
-3.673
-1.623
-3.992
-6.057
-6.301
-0.510
-5.843
-5.265
-5.629
-1.636
-0.651
-3.335
-4.273
-2.901
-5.043
-4.476
-4.981
-3.388
-5.756
-5.321
-7.795
-9.008
-2.395
-3.056
-4.870
-3.896
-0.700
-2.008
-7.811
-4.426
0.825
2.313
-1.856
-0.885
-4.372
-6.497
-5.781
-4.142
-1.237
-1.864
-6.859
-4.224
-2.335
-1.872
-5.412
-4.240
-2.254
-3.211
-6.279
-5.172
-6.308
-5.529
-8.065
-8.751
-1.918
-2.549
-3.668
-3.866
-6.104
-6.850
5.269
-0.730
-0.021
-2.165
5.373
-0.739
-3.248
-1.962
4.009
-4.074
-1.858
-5.278
4.249
1.099
-1.982
-3.700
4.719
-0.081
-3.812
-5.758
6.029
-0.679
-2.521
-4.070
-1.226
-1.886
-5.766
-5.797
5.022
-2.415
-6.528
-7.722
3.151
-4.766
-2.792
-2.730
2.130
-0.606
-3.596
-6.840
-2.417
-1.137
-1.921
-3.932
-0.502
0.784
-1.739
-3.221
-2.206
-1.487
-3.069
-6.558
-3.782
-2.399
-4.688
-6.973
-3.679
-1.498
-4.280
-7.428
-2.685
-2.548
-4.149
-3.747
0.818
0.865
-2.921
-7.418
-2.001
-1.401
-4.475
-5.768
-3.138
-2.035
-8.460
-8.323
-3.291
-2.888
5.240
0.450
0.743
0.288
6.426
3.148
-1.663
-0.985
5.308
-0.188
-4.391
-2.146
2.577
-4.210
-5.357
-2.256
5.023
2.913
-0.539
3.276
4.262
1.502
-1.422
-1.238
2.179
-1.332
-3.637
-0.359
2.364
0.486
-2.879
-4.583
4.156
1.803
-3.502
-0.438
-1.505
-2.649
-8.284
-7.316
-6.329
-6.327
-9.362
-5.033
-7.194
-8.834
-6.290
-7.725
-9.840
-4.899
-5.753
-10.802
-5.793
-9.151
-9.087
-7.244
-9.553
-10.440
-3.416
-5.161
-7.966
-5.682
-7.006
-7.387
-5.957
-8.086
-8.244
-3.631
-9.147
-11.978
3.020
-2.552
-7.756
6.440
0.132
-10.600
2.962
-2.018
-7.808
5.618
-0.851
-9.664
0.538
-5.949
-9.323
3.236
-1.165
-7.089
3.477
-3.334
-7.020
3.887
-3.455
-8.884
3.414
-0.464
-12.133
6.017
1.297
-10.274
4.557
0.295
-9.295
-1.102
-2.498
-8.295
-0.187
-1.313
-9.490
2.032
1.056
-7.655
-0.986
-2.210
-9.631
2.549
3.359
-6.603
-1.964
-3.962
-10.529
-6.879
-4.012
-2.537
2.012
1.231
-9.497
3.389
1.268
-6.698
-0.695
-2.881
-4.976
0.574
0.395
-2.813
-0.197
-3.118
0.127
0.821
-0.818
-3.530
-0.097
-1.076
0.657
-3.672
-3.226
-6.941
-0.162
-2.211
-5.843
0.508
-4.829
-4.929
2.489
0.416
-1.517
2.491
-2.020
-1.851
-5.354
-7.185
-0.389
-4.724
-8.127
-1.946
-7.599
-7.388
-1.266
-1.521
-6.019
-1.189
-4.390
-7.708
-1.483
-2.537
-9.663
-2.584
-1.188
-9.599
-2.934
-0.705
-8.432
-0.800
-4.157
-5.320
-0.501
-7.019
-4.773
-2.398
-0.460
-1.033
-1.315
3.165
-2.030
-3.227
2.211
-2.640
-0.366
0.334
-2.803
-3.128
3.005
0.012
-0.842
-0.958
-2.985
-4.580
1.620
0.984
-0.290
-2.604
1.091
2.530
1.347
-1.887
-0.069
-3.204
-0.011
-0.867
-5.360
-6.007
-7.164
-6.935
-3.041
-6.812
-4.578
-5.691
-8.643
-5.834
-8.352
-7.171
-5.576
-6.449
-5.288
-6.515
-5.149
-6.322
-5.775
-3.689
-5.485
-4.049
-7.157
-7.492
-5.384
-9.220
-6.623
-6.969
-6.940
-5.290
-4.166
-3.301
-5.946
-7.805
-2.218
-3.118
-0.713
-2.902
-5.154
-1.571
-4.402
-5.241
-7.012
-9.106
-4.141
-6.883
-4.384
-6.135
-4.964
-4.287
-5.523
-5.118
-4.812
-2.534
-3.080
-8.207
-5.247
-7.394
-4.299
-4.039
-6.824
-4.801
-8.418
-3.190
-1.611
-7.447
-4.658
-5.821
-3.791
-1.403
-6.163
-6.693
-7.357
-4.217
-3.220
-7.980
-6.552
-7.375
-4.915
-5.352
-7.399
-4.656
-6.338
-3.777
-0.731
-6.156
-5.309
-7.051
-2.036
-2.542
-6.838
-7.265
-5.769
-3.267
-4.829
-10.899
-6.521
-6.246
-5.848
-7.168
-6.377
-2.604
-2.824
-6.211
-3.444
-5.526
-4.646
-7.172
-9.725
-1.146
-6.748
-9.221
-8.272
-8.810
-4.124
-8.258
-6.271
-7.261
-11.440
-5.030
-3.283
-6.313
-5.375
-8.547
-2.454
-6.603
-6.185
-5.926
-9.165
-1.352
-6.123
-3.855
-5.071
-5.726
-0.915
-8.121
-5.325
-6.063
-9.574
-3.072
-5.755
-4.332
-4.621
-6.809
-3.118
-9.365
-8.310
-4.928
-9.367
-6.002
-6.535
-3.846
-6.322
-2.980
5.324
-6.599
-2.715
-3.268
-2.735
5.047
-5.387
-1.735
-4.848
-1.332
3.705
-7.880
-3.988
-4.584
-4.703
5.053
-3.423
-4.766
-4.264
-4.833
4.016
-3.632
-1.883
-4.323
-2.412
4.304
-5.481
-4.521
-5.494
-9.174
-1.943
-6.221
-2.846
-5.226
-3.648
7.079
-5.679
-4.426
-4.139
-6.222
4.179
-3.204
-2.951
-3.389
-2.148
7.329
-5.846
-10.162
-6.753
-6.209
-7.883
-6.140
-8.646
-6.421
-6.488
-10.212
-4.021
-5.896
-4.780
-1.835
-2.004
-5.952
-8.684
-8.413
-8.786
-7.048
-2.836
-4.218
-1.242
-2.789
-4.054
-5.879
-5.041
-5.844
-5.092
-3.504
-5.232
-2.581
-2.787
-4.983
-3.192
-5.039
-6.593
-7.263
-5.213
-5.211
-7.819
-8.013
-6.708
-7.142
-8.511
-5.554
-7.486
-6.730
-5.717
-7.130
0.243
6.361
-5.911
1.910
-6.174
2.010
4.424
-8.295
-2.582
-7.704
1.047
6.029
-4.997
-1.022
-6.080
-2.132
2.346
-8.218
-0.517
-7.626
-2.763
3.638
-8.448
1.738
-4.049
1.562
5.738
-7.175
0.108
-7.833
2.723
5.484
-7.415
-0.227
-6.697
-3.432
4.909
-2.911
-1.137
-4.502
2.610
4.124
-7.360
-1.502
-6.237
0.353
5.806
-6.126
0.733
-1.254
-8.705
-6.325
-12.101
-0.297
-3.671
-7.642
-6.490
-9.342
-1.875
-3.939
-8.881
-5.198
-10.701
-3.843
-2.186
-8.962
-9.267
-12.294
-3.835
-3.766
-8.678
-4.068
-11.238
-0.409
-4.789
-6.700
-7.593
-10.516
-3.550
-4.137
-7.713
-4.960
-9.340
-4.060
-2.575
-5.538
-4.227
-8.491
2.005
-5.655
-7.245
-6.733
-10.035
-3.176
-3.767
-8.893
-9.434
-13.145
-5.173
-10.868
-1.019
-0.927
-6.819
-7.045
-10.682
1.335
-0.055
-7.998
-5.112
-10.954
-0.171
-2.048
-9.085
-6.175
-9.845
-0.837
-0.401
-9.698
-7.262
-9.653
1.389
0.527
-12.019
-5.360
-10.813
-0.248
-3.585
-8.207
-5.413
-11.901
0.053
2.422
-4.053
-4.892
-5.949
-1.732
0.879
-8.056
-5.396
-9.790
-2.636
-2.102
-9.829
-6.964
-10.698
-1.355
1.617
-6.827
-5.624
-8.392
-6.074
1.363
-5.727
-5.517
-2.377
-1.246
4.172
-8.595
-5.926
-7.782
-4.303
3.596
-8.398
-5.924
-3.989
-2.427
3.872
-6.963
-5.488
-7.783
-1.005
2.477
-5.741
-2.817
-2.823
-0.764
4.781
-7.640
-4.331
-4.698
-3.085
4.253
-6.620
-4.710
-4.681
0.120
2.131
-10.009
-5.181
-7.503
-3.726
-0.113
-11.126
-6.366
-6.720
-3.601
1.897
-10.631
-5.165
-7.925
-3.133
5.882
-0.034
-5.982
-8.846
-1.628
5.329
0.199
-5.869
-5.936
-1.628
5.837
-0.027
-6.773
-7.568
-2.065
5.114
2.214
-5.459
-5.736
-1.551
4.235
-2.030
-5.364
-9.516
0.547
3.482
-2.855
-6.869
-8.843
-0.089
2.740
-4.044
-4.708
-6.718
-1.212
6.614
-3.588
-5.207
-9.209
-3.628
4.345
-3.290
-5.626
-9.082
-6.147
3.362
-1.869
-7.439
-8.970
-5.212
-7.287
-5.077
-4.886
-9.659
-8.811
-2.214
-9.533
-6.818
-3.378
-10.132
-5.515
-9.425
-8.719
-6.492
-6.562
-7.676
-6.552
-8.290
-5.674
-4.860
-6.308
-5.263
-6.316
-8.052
-7.095
-5.944
-5.027
-6.652
-6.548
-12.949
-6.926
-4.849
-14.946
-7.926
-8.579
-12.813
-7.042
-4.726
-12.553
-6.264
-4.761
-13.176
-8.198
-5.374
-12.045
-7.061
-5.357
-13.531
-8.969
-3.753
-14.610
-9.658
-6.992
-14.780
-5.962
-6.575
-11.880
-4.562
-2.349
-7.720
-11.454
-3.762
-6.991
-12.647
-6.584
-6.763
-9.550
-4.169
-4.526
-8.606
-3.430
-7.561
-6.126
-4.874
-3.592
-10.254
-4.949
-5.684
-11.182
-5.275
-6.780
-8.954
-5.087
-6.703
-11.292
-7.729
-7.028
-10.791
-6.432
-1.652
-3.561
-9.832
-2.158
-3.452
-8.826
-4.297
-3.601
-9.194
0.575
-4.605
-8.503
-1.916
-3.228
-10.045
-1.165
-1.374
-6.620
-1.955
-1.754
-8.287
-0.538
-2.704
-9.673
-1.849
0.471
-8.006
0.467
-1.890
-7.682
-6.522
-4.782
-6.435
-4.071
-2.798
-6.942
-1.345
-3.655
-7.384
-3.702
-7.167
-8.707
-5.449
-4.209
-5.009
-0.862
-6.135
-7.567
-4.716
-3.934
-3.142
-4.142
-3.765
-3.233
-4.179
-5.124
-6.098
-7.511
-2.242
-6.649
-5.777
-4.071
-6.198
-3.368
-4.080
-5.821
-5.329
-1.766
-6.737
-5.903
-2.361
-7.869
-3.156
-3.574
-8.556
-3.948
-3.473
-8.654
-5.504
1.192
-7.894
-6.032
1.018
-9.015
-6.192
-3.202
-8.096
-1.566
-1.209
-7.712
