-6.778
-3.083
-4.517
-7.383
-2.941
-4.480
-5.676
-3.205
-3.787
-3.176
-2.798
-0.846
-1.959
-1.916
-1.553
-2.319
-1.955
-2.011
-2.160
-2.166
-0.648
-1.394
-1.566
-2.245
-2.178
1.405
-1.348
-0.520
-1.751
-1.258
0.709
0.929
0.009
-1.176
0.028
-1.332
-0.788
0.174
1.237
0.069
-0.829
0.591
-0.812
1.006
3.002
0.879
0.297
2.388
0.999
0.845
3.019
1.505
0.698
2.761
-0.231
0.176
2.238
0.292
-0.746
2.358
0.876
1.436
3.416
1.215
0.867
2.499
2.057
0.089
2.022
1.459
1.199
0.434
-0.245
2.911
2.137
3.499
2.305
-0.654
2.130
3.554
0.815
2.923
1.550
2.405
3.396
1.689
1.651
3.094
-0.361
0.013
1.904
3.902
3.007
3.418
2.053
0.647
1.853
1.811
2.904
2.349
-2.262
-0.516
0.160
-0.082
2.196
0.780
-0.112
1.393
0.528
-0.495
1.201
1.682
-0.020
2.137
0.478
-0.991
1.067
-0.251
0.253
1.890
0.986
0.838
2.410
1.839
-1.866
0.602
-0.768
1.162
2.050
1.740
1.064
-0.517
0.912
0.914
0.490
1.700
0.867
-1.252
0.243
1.165
0.789
2.425
0.397
-0.328
0.764
0.942
0.014
1.751
0.426
-0.545
0.808
0.699
-0.783
0.672
0.561
0.171
1.913
1.897
0.961
2.663
4.212
3.682
5.816
3.373
2.533
5.209
4.635
2.871
5.069
2.616
1.477
3.892
4.015
3.865
3.758
2.705
1.249
5.059
4.373
3.108
6.577
3.397
2.428
5.163
3.279
2.186
4.629
4.763
2.273
4.933
3.168
1.891
4.437
1.235
0.323
3.455
1.490
1.277
3.948
3.160
2.031
2.882
0.643
-0.452
0.145
2.000
1.205
4.255
-1.815
-1.799
1.713
1.840
1.236
3.661
1.527
1.489
4.546
1.401
1.694
4.813
3.066
1.076
0.599
2.695
0.929
0.275
3.670
1.013
2.239
3.330
1.073
0.322
3.585
1.641
1.248
2.398
0.688
0.298
4.065
2.515
2.470
4.382
3.399
3.078
2.333
1.826
0.879
2.739
1.201
-0.087
2.870
1.987
2.649
3.816
2.522
2.699
4.355
1.273
1.527
1.087
1.434
0.950
3.192
2.682
3.382
4.238
4.184
4.949
3.817
1.848
1.429
1.982
2.642
1.161
1.982
1.470
2.066
3.204
1.978
4.374
3.560
-1.312
4.577
-0.223
3.084
-0.547
4.587
0.033
2.454
-1.042
0.791
-3.602
4.534
-0.610
0.780
-4.594
3.624
-1.341
2.016
-2.389
-1.258
-1.163
-0.115
-0.800
0.178
-1.799
-0.887
-1.280
-0.820
-3.901
-0.810
-2.483
0.873
-1.266
-2.973
-4.685
-1.545
-2.387
-1.214
-4.889
-0.466
-1.201
-1.057
-2.745
-1.581
-5.575
0.835
-0.051
0.530
-1.310
-0.478
-1.775
-2.185
-2.496
-0.847
-3.488
-0.909
-3.237
-1.266
-3.155
2.431
2.268
1.845
2.545
1.127
1.699
0.212
0.871
0.828
-0.637
2.632
2.662
0.742
1.696
2.276
1.923
1.882
1.298
0.573
0.215
1.272
0.024
0.620
0.800
-0.379
0.547
1.238
2.001
1.720
1.474
0.339
0.885
0.184
-0.193
-2.603
-1.335
-0.948
-0.069
-2.009
-1.941
0.094
1.279
-0.256
-1.157
-2.237
-0.840
0.637
1.024
0.207
-0.589
-1.767
0.855
1.415
1.610
-0.663
-0.905
-0.136
0.379
1.114
0.703
-3.752
-1.139
-1.435
-3.109
-4.845
-2.429
-4.922
-4.532
-5.356
-1.041
-3.858
-4.942
-5.754
-2.316
-4.430
-5.972
-6.109
-3.103
-5.897
-5.341
-5.107
-1.267
-3.684
-4.793
-6.101
-1.923
-5.372
-6.746
-5.932
-1.268
-4.649
-5.744
-4.782
-2.271
-5.279
-5.202
-2.392
0.025
-2.801
-3.311
-2.900
-5.716
-3.728
-6.129
-0.433
-4.111
-3.127
-6.538
-2.395
-3.689
-1.551
-4.484
0.580
-5.427
-2.610
-5.798
-3.320
-3.160
-3.321
-5.932
-1.574
-4.653
-3.957
-6.000
-2.650
-2.242
-3.206
-4.898
-2.010
-4.388
-3.123
-5.782
-0.467
-5.418
-3.395
-5.848
-3.128
-2.890
-3.776
-5.092
-1.267
-5.560
-1.119
-1.972
-2.633
-4.435
-2.329
-3.011
-2.565
-5.984
-2.718
-5.289
-4.828
-5.055
-3.274
-4.552
-4.629
-4.749
-2.133
-3.046
-3.906
-4.738
-2.013
-2.596
-3.930
-3.193
-1.425
-2.780
-4.261
-4.466
-1.974
-2.581
-5.775
-5.770
-2.480
-2.773
-4.054
-5.862
-2.368
-3.283
-6.233
-2.844
-3.205
-6.318
-7.852
-2.069
-2.922
-4.128
-8.356
-3.704
-2.479
-6.758
-9.396
-3.442
-4.037
-7.388
-8.128
-3.537
-3.083
-5.716
-7.489
-3.506
-3.235
-7.095
-7.914
-3.113
-4.663
-5.843
-7.273
-1.998
-2.907
-5.258
-7.069
-2.454
-2.073
-7.052
-4.788
-0.974
-3.720
-4.955
-1.452
-5.604
-1.993
-4.100
-2.984
-4.395
-2.474
-2.038
-3.681
-6.061
-3.310
-4.123
-2.784
-4.278
-2.124
-2.347
-0.609
-5.792
-2.602
-3.849
-2.941
-3.102
-1.862
-4.105
-3.018
-4.170
-2.367
-5.640
-1.985
-7.993
-3.870
-5.548
-4.573
-7.872
-3.178
-9.968
-0.694
-3.553
-2.703
-4.465
-0.792
-0.435
-3.349
-5.395
-2.567
-2.654
-5.814
-8.017
-3.575
-2.079
-5.709
-6.467
-1.074
-1.487
-5.066
-8.248
-2.554
-2.174
-6.188
-7.776
-2.745
-1.583
-5.857
-7.211
-3.719
-1.806
-6.344
-8.531
-1.158
-0.378
-6.366
-7.036
-1.945
-0.501
-5.254
-6.025
-2.751
-1.080
-6.187
-7.584
0.275
-6.529
-1.677
-3.491
0.073
-7.373
-0.343
-0.840
-1.481
-7.400
-1.280
-1.927
-0.761
-6.894
-2.271
-4.787
-0.537
-7.476
-1.153
-1.643
0.253
-5.868
-0.567
-1.832
-1.065
-6.121
-3.298
-2.871
-0.075
-5.874
-1.748
-1.610
0.779
-4.562
-0.895
-2.084
-0.472
-7.674
-0.595
-2.735
-4.316
-2.493
-9.783
-1.242
-5.216
-1.331
-8.457
-4.024
-4.635
-1.098
-9.930
-1.997
-5.185
-1.235
-10.075
-3.934
-4.823
-2.232
-8.356
-0.688
-3.834
-2.022
-9.708
-1.342
-3.209
-1.457
-8.646
-2.221
-2.216
-0.735
-8.963
-1.254
-3.329
-0.168
-9.548
-2.098
-5.415
-3.481
-11.461
-2.571
-0.757
-6.671
-2.741
-5.563
1.079
-2.077
-4.241
-6.239
1.270
-3.514
-2.431
-5.868
-0.258
-6.174
-3.412
-7.399
0.043
-4.575
-2.731
-4.335
0.442
-3.594
-2.899
-6.308
0.125
-2.230
-3.332
-5.867
1.582
-2.552
-2.618
-5.594
-0.669
-2.575
-2.918
-7.966
-0.186
-5.708
-1.361
-4.471
-2.435
-3.302
-11.861
-6.953
-1.083
-1.809
-11.564
-5.331
-0.660
-0.598
-8.817
-2.825
-2.179
-2.274
-10.109
-3.932
-3.056
-2.282
-11.580
-4.078
-2.515
-2.744
-11.233
-4.400
-3.176
-2.833
-11.738
-3.867
-2.306
-3.393
-11.189
-3.711
-0.667
-2.788
-10.627
-3.915
-1.651
-2.003
-10.295
-3.825
-4.116
-2.910
-2.393
-2.070
-1.883
-1.461
-4.801
-2.886
-5.693
-3.953
-4.961
-2.693
-4.324
-2.140
-3.065
-1.278
-5.024
-2.657
-3.119
-1.790
-2.586
-0.090
-2.967
-1.850
-2.842
-0.469
-4.054
-0.114
-0.706
-2.189
-4.110
-0.669
-2.515
-1.198
-6.418
-1.718
-3.680
-0.761
-2.590
0.206
-4.757
-4.560
-3.504
-3.695
-4.169
-4.073
-2.882
-3.121
-1.420
-3.155
-3.150
-4.019
-3.635
-4.168
-2.333
-4.521
-2.487
-3.404
-5.126
-4.833
-2.057
-3.639
-2.703
-4.136
-1.933
-2.231
-2.868
-5.086
-0.845
-2.841
-3.165
-5.178
-2.894
-3.368
-2.353
-3.431
-1.060
-0.482
-2.535
-3.980
-3.087
-5.044
-1.946
-1.522
-2.477
-1.724
-3.004
-3.142
-4.466
-4.429
-1.104
-3.189
-1.716
-1.030
-3.594
-2.138
-0.036
-0.945
-4.989
-3.627
-1.154
-3.406
-2.924
-3.359
-1.593
-3.416
-0.192
-1.787
-2.598
-3.494
-2.207
-2.234
-2.612
-3.963
-1.644
-1.852
0.405
-2.656
-0.714
-2.814
