-4.594
-5.251
-1.957
-4.695
-3.289
-3.800
-2.868
-4.949
-3.029
-5.522
-3.036
-3.710
-4.700
-4.761
-3.205
-6.303
-2.911
-3.037
-1.932
-3.721
-4.995
-2.763
-2.043
-2.171
-5.209
-3.449
-3.174
-3.330
-1.294
-2.864
-3.779
-3.648
-3.891
-2.232
-4.524
-3.346
-2.993
-3.127
-2.770
-4.575
-2.522
-0.625
-1.163
-4.314
-2.887
-2.552
-1.320
-2.086
-1.559
-3.624
-3.281
-1.711
-4.537
-3.265
-3.335
-4.393
-2.751
-3.965
-1.793
-3.085
-0.010
-3.051
-2.356
-2.381
-0.935
-3.039
-1.919
-3.521
-0.793
-3.154
1.252
-1.503
0.254
-1.644
0.338
-2.108
-1.399
-2.375
-0.832
-1.161
-1.482
-4.590
-3.545
-3.436
-0.134
-5.009
-2.610
-1.718
-1.923
-4.935
-5.869
-2.848
-2.491
-3.567
-3.419
-4.157
-3.166
-4.759
-4.251
-1.374
-2.268
-3.752
-1.570
-1.414
-2.333
-1.722
-2.633
-2.872
-1.416
-3.658
-3.430
-0.137
-2.173
-4.479
-4.019
-1.538
-1.810
-4.496
-4.556
-1.264
-1.551
-3.936
-2.236
-4.282
-1.102
-3.690
-3.719
-5.145
-0.783
-3.971
-3.442
-5.369
-1.074
-2.212
-3.208
-5.029
-2.379
-3.207
-3.525
-6.445
-0.390
-3.766
-3.441
-5.096
-1.136
-2.581
-4.841
-5.210
-1.143
-4.097
-6.066
-4.813
-3.377
-2.709
-4.542
-4.134
-3.164
-2.231
-2.203
-3.848
0.331
-2.083
-1.471
-2.510
2.829
-3.124
-1.275
-3.004
3.698
-3.398
-2.543
-3.227
3.439
-3.319
-2.649
-3.131
4.848
-4.183
-2.631
-2.696
2.436
-2.714
-2.878
-2.957
2.720
-1.773
-2.304
-2.481
1.794
-3.041
-1.022
-1.445
1.643
-1.723
-2.973
-2.940
2.134
-2.681
-1.603
-2.734
-3.205
-0.106
-0.670
-1.396
-3.404
-2.309
-1.672
0.650
-3.723
-2.758
-1.896
-0.121
-4.132
-2.026
-2.747
-0.292
-4.135
-3.069
-2.088
2.626
-3.018
-0.997
-2.759
0.239
-4.291
-3.412
-2.080
1.111
-2.680
-2.865
-2.413
2.430
-3.030
-2.328
-4.101
-0.507
-5.020
-2.409
-2.361
-0.799
-3.380
-0.983
-2.561
-5.193
-2.716
-3.210
-4.137
-3.316
-1.814
-0.042
-2.155
-2.643
-2.675
-2.157
-1.740
-2.506
-2.065
-2.660
-2.790
-2.891
-1.449
-0.533
-3.798
-4.142
-2.089
-3.725
-5.157
-2.895
-1.891
-1.277
-2.674
-1.238
-1.328
-0.966
-3.040
-4.851
-3.923
-2.403
-3.857
-4.713
-4.878
-3.440
1.565
-1.896
-1.777
-2.088
-0.392
-1.666
-3.907
-2.105
-0.788
-2.984
-3.781
-3.047
0.167
-1.155
-1.041
-3.618
0.850
1.066
-3.996
-3.788
1.141
-0.802
-3.085
-2.833
-0.894
-2.832
-2.276
-2.259
1.060
-1.311
-1.370
-2.852
-0.017
-1.389
-0.749
-1.258
-1.545
0.018
-2.690
-4.050
-3.173
-3.249
-2.912
-2.575
-1.393
-2.039
-1.780
-3.522
-5.730
-2.332
-2.064
-5.206
-3.192
-1.935
-2.099
-5.098
-4.417
-1.500
-2.225
-5.231
-4.159
-2.314
-4.277
-5.356
-1.869
-1.555
-1.929
-3.965
-3.609
-0.769
-2.410
-4.145
-3.379
-2.629
-3.489
-4.199
-3.239
-1.588
0.276
2.846
-2.751
-2.879
-0.161
3.164
-2.976
-1.641
0.327
3.862
-3.542
-3.135
1.612
1.410
-3.524
-2.452
0.320
2.872
-2.776
-0.573
-1.533
3.091
-2.828
-2.626
-2.439
-0.612
-2.981
-2.333
-0.031
1.957
-3.392
-1.886
1.306
2.079
-3.368
-1.567
-1.096
1.670
-4.058
-2.965
-4.292
-2.869
-3.670
-3.702
-3.580
-4.406
-3.133
-3.534
-3.047
-2.400
-3.175
-5.118
-3.685
-3.948
-4.737
-3.356
-3.904
-4.749
-3.609
-2.682
-3.400
-5.106
-3.553
-4.688
-3.527
-1.828
-4.739
-1.945
-2.598
-5.800
-0.003
-1.652
-2.290
3.440
-2.686
-4.649
1.446
-1.648
-3.257
2.031
-1.508
-3.503
-0.236
-5.240
-3.834
1.527
-3.395
-4.621
0.610
-2.386
-3.674
0.531
-4.352
-3.588
0.428
-2.721
-3.188
1.494
-1.357
-4.086
1.316
-4.697
-5.897
0.624
-1.780
-3.452
0.400
-0.990
-2.488
1.099
0.127
-3.044
-0.904
-3.083
-2.878
-0.043
-0.929
-1.621
-1.456
-2.553
-2.026
-2.524
-3.069
-2.131
0.920
-0.389
-3.313
-1.462
-3.050
-3.526
-1.198
-0.757
-1.955
-1.102
-1.362
-2.579
-0.385
-1.846
-2.834
0.760
0.733
-2.762
-0.270
-1.887
-0.116
-2.700
0.003
-3.517
-1.236
-0.665
-3.077
0.189
-1.730
-1.577
0.516
0.139
-1.532
0.702
-2.380
-3.211
-2.051
-4.838
-0.496
-3.575
-5.291
-2.916
-2.825
-6.199
-1.906
-0.213
-5.452
-1.603
-2.016
-6.023
-2.520
0.855
-4.175
-2.737
0.012
-5.677
-1.319
-1.464
-5.030
-2.003
-0.728
-5.729
-2.595
-2.417
-6.092
-1.758
0.002
-3.064
-2.726
1.106
-2.322
-1.839
0.612
-1.058
-0.730
-1.563
-2.453
-2.369
-0.077
-1.511
1.440
-0.455
-1.337
-2.308
0.080
-0.897
-1.261
-1.263
-0.805
0.503
0.792
-2.003
-1.572
0.143
-0.887
-1.866
-3.129
-3.401
-5.115
-2.515
-0.283
-2.180
-1.686
-2.331
-2.611
-4.271
-3.457
-3.566
-3.244
-1.411
-2.100
-2.902
-2.126
-3.062
-1.772
-2.154
-1.951
-4.371
-4.197
-4.035
-3.203
-3.768
-3.397
-4.791
-2.972
-1.861
-1.430
-3.773
-4.355
-3.570
-1.750
-2.909
0.248
-2.099
-0.859
-3.761
-1.486
-1.523
-3.460
-3.648
-3.092
-2.762
-2.482
-4.807
-0.994
-3.159
-3.827
-3.331
-3.003
-0.151
0.193
-3.681
-3.698
-3.476
-1.549
-1.379
-2.818
-2.768
-4.780
-0.407
1.502
-4.745
-3.930
-3.686
-1.625
-0.122
-4.148
-3.429
-4.439
-1.675
-0.099
-2.426
-1.876
-2.558
-1.239
-1.321
-3.190
-3.392
-3.862
-0.707
0.832
-1.190
-1.821
-3.549
0.850
-0.520
-2.408
-3.229
-2.240
-1.674
-1.102
-3.996
-3.351
-3.004
-1.492
-2.201
-3.397
-2.635
-4.983
-3.910
-3.924
-4.108
-2.910
-3.829
-3.285
-2.844
-4.209
-4.470
-4.757
-3.666
-1.444
-2.886
-2.127
-4.249
-4.785
-4.323
-0.569
-4.706
-2.217
-5.018
-2.404
-3.409
-3.556
-3.438
-4.259
-1.978
-2.341
-4.277
-4.126
-5.017
-4.413
-2.701
-3.414
-3.032
-3.693
-2.924
-3.108
-2.930
-2.540
-3.314
-4.003
-3.840
-3.146
-3.172
-5.357
-3.607
-3.997
-2.305
-6.210
-0.614
3.077
-3.357
-1.643
-3.746
-1.199
5.091
-3.284
-0.270
-3.302
-0.641
2.292
-4.636
-4.627
-3.206
-1.672
1.913
-2.533
-2.599
-3.159
-1.943
2.159
-1.282
-2.181
-3.568
-0.624
1.082
-3.047
-3.314
-2.343
-2.218
0.530
-3.345
-1.889
-3.629
-1.795
4.977
-3.924
-2.263
-2.778
-3.072
2.922
-3.872
-2.563
-4.288
-2.689
4.596
-1.582
-4.133
-5.415
-1.404
-3.437
0.288
-3.447
-3.205
-0.350
-3.593
-0.638
-2.061
-2.149
-0.086
-1.105
-0.734
-2.286
-4.518
-2.833
-1.425
-1.342
-2.192
-0.230
-0.447
-3.404
-1.070
-2.888
-3.870
-1.436
-1.509
-1.409
0.284
-1.385
-3.469
-4.794
-1.965
-3.572
-5.135
0.178
-1.262
-2.155
-3.139
-4.909
-2.546
-4.729
-1.699
-3.878
-4.296
-1.644
-4.351
0.925
5.353
-2.541
1.396
-1.327
-0.789
3.157
-2.713
-0.882
-2.296
0.063
4.409
-2.599
0.005
-0.039
-0.517
3.383
-3.919
1.192
-1.708
-2.092
1.989
-3.414
-0.375
-2.145
1.047
2.998
-1.814
-1.120
-1.455
0.742
2.901
-1.283
0.900
-2.806
-2.418
2.142
-0.610
-1.606
-1.446
0.890
2.150
-2.098
-0.439
-2.010
-1.932
1.445
-2.652
-0.011
-2.238
-3.363
-4.429
-2.519
2.232
-1.965
-4.439
-4.588
-3.015
2.276
-0.996
-3.194
-4.821
-2.185
-1.211
-3.470
-2.731
-4.542
-1.879
1.492
-1.573
-4.386
-4.906
-2.880
1.624
-2.296
-2.499
-6.184
-2.012
0.944
-2.807
-3.035
-5.097
-3.359
0.908
-1.545
-1.609
-3.732
-2.359
1.768
-2.219
-2.655
-5.538
-2.285
2.434
-1.206
-3.302
-5.409
-2.511
1.503
-3.908
2.289
-0.871
-1.986
-3.731
-4.292
3.575
-1.062
-3.591
-3.093
-4.166
3.730
-1.051
-3.526
-3.024
-2.982
2.285
-0.491
-3.963
-2.886
-3.419
3.228
0.094
-3.377
-2.078
-4.493
4.268
-1.132
-2.141
-1.822
-3.663
4.349
-0.456
-2.497
-2.531
-3.184
2.712
-0.042
-3.058
-1.392
-4.050
2.160
-2.579
-2.768
-4.185
-3.200
3.297
-0.910
-2.476
-1.342
-3.962
-2.468
0.456
-0.957
-2.572
1.848
-1.913
-0.402
-2.054
-3.625
-1.040
-0.289
1.132
-1.685
-4.273
-1.220
-0.266
1.121
-2.979
-4.096
-1.988
-0.582
1.051
-1.668
-1.250
-0.280
0.421
2.408
-3.420
-1.733
-0.884
0.226
1.442
-1.482
-1.069
-0.129
-0.063
2.423
-4.116
-2.314
-0.988
-1.981
-0.217
-3.825
-3.234
-2.137
-1.162
-0.057
-2.643
-3.031
-0.753
0.643
2.513
-1.349
-3.113
-2.830
0.594
-0.383
-0.575
-2.599
-3.303
1.856
1.782
1.003
-2.123
-0.401
1.796
1.439
0.155
-2.869
-2.455
0.998
0.862
-0.703
-3.189
-3.590
0.272
1.320
-0.373
-3.933
-2.262
1.498
0.692
-0.328
-2.323
-1.985
1.263
3.453
-0.696
-2.481
-2.617
0.320
3.071
-0.304
-1.503
-3.186
-0.844
0.683
0.206
-3.334
-3.065
-4.393
-3.095
-2.528
-2.003
-5.059
-4.239
-1.915
-4.988
-2.298
-2.440
-5.257
-2.569
-5.758
-3.787
-2.349
-2.016
-4.072
-2.868
-5.909
-2.258
-2.940
-4.324
-2.561
-6.703
-5.295
-3.288
-4.406
-1.323
-4.017
-4.277
-4.040
-2.595
-3.176
-4.127
-3.191
-2.891
-4.541
-3.441
-1.701
-3.842
-0.835
-0.709
-4.526
-1.456
-0.469
-3.822
-1.855
-0.959
-4.695
-2.137
-2.421
-4.395
-3.674
-2.828
-4.574
-2.137
-2.889
-4.154
-2.245
-0.813
-1.220
-4.566
-2.489
-3.349
-4.539
-2.393
-2.192
-4.954
-1.779
-1.536
-3.800
-0.882
-3.814
-4.022
-3.524
-2.315
-5.421
-2.286
-2.940
-3.835
-1.675
-2.703
-3.625
-3.155
-3.156
-2.885
-3.277
-2.338
-4.108
-1.081
-1.131
0.472
-3.868
-1.394
-2.237
-5.975
-1.160
-0.221
-2.895
0.974
-2.676
-3.780
0.387
-0.882
-6.360
1.245
-1.850
-4.299
-0.193
0.146
-3.525
-0.716
-0.202
-3.973
0.084
-1.002
-5.469
0.196
-1.477
-2.419
-3.734
-3.363
-1.944
-2.445
-1.929
-2.301
-1.145
-3.110
-4.008
-1.765
-2.776
-3.216
-3.953
-1.984
-1.348
-0.963
-4.259
-2.862
-2.894
-2.610
-1.477
-1.887
-1.010
-1.164
-2.689
-3.404
-2.605
-3.486
-1.381
-1.046
-2.090
-0.825
-1.957
-1.072
-1.817
-3.154
-0.266
-0.256
-2.401
-0.574
-0.857
-0.351
-1.146
-0.664
-4.508
-1.848
-0.660
-3.960
-1.584
-0.481
-1.946
-0.569
-0.839
-1.724
-2.664
-1.215
-2.122
-0.521
0.428
-2.901
