4.891
5.943
4.753
6.125
3.981
4.796
2.280
7.047
5.368
5.077
6.233
6.105
7.139
1.381
6.240
5.568
6.856
4.271
5.402
4.310
6.166
5.791
6.589
6.023
6.695
4.260
5.865
6.871
6.458
5.023
5.419
3.327
3.463
4.685
4.937
3.794
1.951
6.327
5.978
4.952
5.486
6.358
5.686
6.987
6.443
7.228
6.066
7.353
6.812
5.237
6.260
6.856
3.271
2.423
2.251
4.120
-1.015
4.438
5.594
3.183
1.925
3.504
1.798
2.559
3.101
3.432
1.680
2.581
1.921
3.084
4.554
4.012
4.063
0.212
3.072
4.642
2.609
2.277
4.447
3.473
3.742
5.117
4.433
3.687
3.907
4.273
2.822
5.214
4.236
4.331
2.291
5.182
5.078
1.713
2.910
3.699
4.773
4.303
4.521
2.918
4.017
3.648
6.022
4.644
3.132
3.304
4.375
2.891
4.536
3.611
4.537
2.793
2.659
2.445
2.543
2.111
3.505
4.330
1.689
2.538
4.240
3.296
2.976
4.494
3.742
2.540
3.735
2.610
3.532
3.408
4.437
3.793
6.937
4.148
4.797
4.652
3.882
6.054
3.449
4.049
4.027
4.981
5.769
0.673
4.032
3.417
3.243
5.193
4.563
4.103
5.198
6.047
4.111
4.996
4.743
3.119
5.184
5.581
3.984
5.787
5.402
4.389
4.891
3.172
4.697
7.021
4.887
3.744
4.492
5.201
5.952
4.595
1.013
5.073
4.184
4.504
4.660
4.815
1.541
3.447
3.253
5.924
6.592
5.982
6.797
7.205
6.214
6.602
4.955
0.719
-0.404
4.887
7.019
6.658
5.535
5.884
5.092
6.554
4.193
3.844
3.775
5.235
3.862
1.344
3.719
3.798
5.391
4.463
5.206
4.451
5.098
5.983
4.154
6.696
6.720
6.169
5.029
5.847
5.671
5.483
6.221
7.170
7.418
5.490
8.012
6.241
7.834
5.097
6.352
6.976
6.218
6.159
6.367
4.712
8.077
6.672
5.269
7.156
7.471
8.446
5.343
5.345
3.273
2.842
4.849
5.031
5.117
5.133
4.440
4.907
8.025
6.541
7.286
6.821
7.137
8.102
5.973
6.570
6.459
3.363
4.299
3.517
5.892
4.562
5.928
4.188
5.175
5.195
4.270
4.414
5.611
6.220
6.559
5.466
5.057
5.630
4.841
2.616
4.615
5.061
5.319
4.374
6.733
6.934
6.821
7.416
6.627
5.411
4.478
5.343
4.643
4.461
5.789
4.310
4.185
6.094
5.329
2.074
5.682
5.868
5.697
6.273
7.463
2.226
6.807
6.772
7.723
5.660
5.593
2.345
5.306
5.574
5.245
5.761
3.939
4.462
5.198
5.092
4.726
6.717
5.728
5.402
4.815
6.825
6.143
3.799
5.432
3.342
5.223
5.604
3.647
6.381
4.599
2.132
4.587
6.358
6.036
6.230
3.897
6.983
