-3.364
-1.468
-2.176
-2.705
-1.676
-1.752
-4.578
-1.267
-1.060
-0.665
-0.132
-2.315
-2.060
-3.453
0.143
-1.368
-2.595
-3.660
-0.877
-0.315
1.380
0.781
-0.414
-1.139
0.429
-0.769
-0.618
1.592
-0.401
-1.106
1.264
-1.116
-1.034
-0.494
2.311
-1.465
-0.755
1.865
1.013
0.684
-3.156
1.243
-4.215
-4.071
0.639
-2.862
-3.150
0.858
-2.351
-3.649
1.630
-4.395
-4.492
1.324
-3.724
-3.581
1.489
-4.162
-3.556
0.807
-2.028
-3.267
0.934
-3.052
-2.383
-1.120
-4.562
-3.095
-0.867
-4.930
-1.616
-1.444
-5.379
-0.572
-1.205
-4.704
-3.420
-2.120
-3.667
0.988
-2.826
-2.105
-3.558
-2.282
-1.353
-4.695
0.200
-2.572
-3.585
-3.911
-1.821
-1.449
-1.539
-3.720
-1.459
-0.388
-2.621
-3.528
-0.635
-2.544
-3.413
-3.282
-3.582
-3.500
-2.876
-4.348
-3.570
-3.410
-2.934
-4.431
-3.039
-4.188
-3.138
-2.100
-4.924
-3.787
-3.970
-4.422
-3.544
-2.232
-3.311
-3.444
-1.302
-3.106
-4.823
-1.559
-3.652
-3.966
-1.805
-4.996
-4.495
-5.816
-3.939
-1.942
-2.737
-1.129
-4.947
-4.986
-3.583
-4.192
-3.288
-0.928
-3.936
-3.421
-2.512
-4.743
-5.275
-4.559
-4.429
-4.850
-2.523
-3.291
-3.441
-3.608
-4.288
-4.471
-2.794
-4.299
-3.971
-4.126
-1.058
-3.754
-0.391
-0.787
-3.916
1.922
0.809
-1.315
-1.674
-0.083
-3.501
-1.132
-1.400
-2.241
-0.572
-1.913
-2.069
-1.215
-1.000
-2.294
1.141
-2.671
-3.703
0.051
-2.389
-4.168
-1.540
-1.478
-3.093
-1.460
-3.541
-3.897
1.034
-3.549
-4.222
1.182
-3.766
-4.197
1.124
-1.535
-2.444
1.369
-5.173
-3.813
0.402
-4.069
-4.542
0.928
-5.032
-4.141
1.959
-3.883
-5.025
0.749
-5.168
-4.524
-0.240
-5.129
-3.290
-0.047
-1.536
-4.953
-3.513
0.739
-1.814
-2.021
-0.941
-4.858
-1.123
-0.055
-3.310
-3.120
0.207
-2.548
-2.876
0.550
-2.155
-1.877
-0.546
-2.675
-2.086
-1.103
-3.659
-2.167
0.296
-2.651
-1.318
-2.628
-2.172
-1.884
-1.051
-3.893
-4.512
-0.023
-3.019
-1.429
-1.122
-4.362
-2.621
-0.498
-3.985
-3.368
-0.626
-3.287
-4.095
0.194
-4.275
-2.057
-0.789
-2.180
-3.333
0.643
-3.143
-3.444
-0.792
-4.545
-4.438
-1.093
-2.870
-2.125
-1.130
-2.666
-0.699
-2.433
-1.835
-3.152
-3.241
-2.314
-3.034
-0.746
-1.065
-3.148
-2.265
-1.815
-1.508
-2.418
0.217
-3.870
-0.733
-2.652
-0.834
-2.691
0.023
-2.373
-0.117
-3.727
0.471
-2.308
0.975
-2.682
0.418
-2.374
-0.777
-2.954
-0.250
-2.932
-3.609
-2.915
-3.019
-3.797
-5.079
-2.671
-3.482
-4.379
-4.668
-1.572
-3.540
-2.259
-4.733
-3.092
-5.159
-1.940
-4.917
-4.840
-4.131
-2.172
-4.020
-3.897
-5.447
-2.945
-1.416
-2.085
-0.716
0.019
-1.656
-0.677
-1.420
-1.304
-0.271
-2.269
0.048
-1.476
-2.950
-1.707
-0.852
-1.680
-0.920
-2.511
-2.424
-2.711
-2.457
-3.249
-1.574
-1.358
-2.843
-3.008
-2.316
0.367
0.204
-1.722
-2.988
-3.784
-3.520
-1.276
-2.183
-2.499
-2.593
-2.362
-1.871
-1.630
-0.924
-3.800
-1.449
-2.034
-4.485
-0.786
-1.206
-2.353
-0.096
-2.224
-3.078
-3.237
-2.618
-2.783
-1.074
-1.933
-3.117
-1.601
-1.169
-4.000
-2.117
-1.913
-2.029
-2.545
-1.565
-3.404
-2.657
-2.452
-3.130
-1.843
-2.431
-2.007
-2.216
-2.945
-1.550
-4.080
-3.108
-2.270
-2.978
-3.434
-1.831
-2.567
-2.725
-3.773
-3.281
-4.466
-4.532
-3.172
-2.088
-2.195
-1.900
-4.147
-3.911
-3.620
-2.898
-5.079
-2.970
-3.485
-3.161
-2.867
-4.079
-4.977
-3.232
-2.513
0.128
-1.989
-2.188
-3.627
-2.502
-2.602
-1.950
-6.255
0.242
-3.167
-2.728
-5.670
-0.723
-3.302
-2.412
-4.206
-0.599
-2.645
-0.637
-5.231
-1.550
-2.548
-2.945
-5.127
-2.054
-2.947
0.317
-5.687
0.080
-3.625
-2.552
-5.497
-2.601
-1.280
-3.027
-4.781
-2.060
-1.271
-3.150
-1.213
-1.119
-4.588
-2.352
1.932
-1.999
-5.271
-3.174
-1.441
-2.737
-2.911
-2.452
-0.785
-2.503
-3.650
-3.602
-1.061
-0.462
-4.218
-4.974
-1.829
-2.352
-3.269
-4.050
0.398
-0.947
-2.787
-4.529
-0.291
-2.623
-5.137
-4.331
0.139
-3.776
-3.070
-3.847
-1.810
-2.689
1.242
-2.017
-4.492
-3.195
-0.347
0.467
-1.842
-3.986
-1.526
0.146
-2.641
-2.630
-0.593
-0.399
-3.559
-2.949
-0.048
0.572
-2.187
-3.383
-0.240
-1.015
-2.470
-4.211
-0.372
-0.459
-2.277
-3.387
-0.815
-0.983
-3.751
-2.990
0.410
0.132
-1.742
-2.488
-1.140
-1.415
-3.330
-1.173
-1.576
-2.852
0.607
-1.991
-1.199
-1.594
0.749
-0.188
-2.218
-2.633
1.001
-0.091
-2.392
-0.696
0.096
0.401
-2.244
-0.716
0.149
-0.391
-1.591
-1.060
0.468
-0.582
-1.600
-0.852
0.201
-0.981
-6.141
-1.109
0.705
0.132
-2.780
-1.789
-2.188
-0.579
-2.765
-1.896
-0.324
-1.823
-2.530
-2.674
-2.524
-2.306
-4.367
-3.412
-4.244
-2.768
-2.806
-2.916
-2.511
-0.667
-4.121
-2.594
-2.824
-1.265
-1.757
-2.788
-2.880
-1.581
-1.611
-2.939
-2.780
-1.846
-3.269
-4.291
-2.299
-1.594
-3.402
-2.802
-3.643
-1.840
-2.435
-2.673
-3.463
-2.853
-2.364
-1.889
-4.188
-0.226
-3.776
-1.141
-3.259
-0.184
-2.849
-0.907
-1.419
-1.135
-3.672
-1.513
-2.997
-0.917
-3.598
-0.984
-4.277
-1.474
-4.504
-1.934
-1.936
-0.801
-3.300
-0.101
-1.689
-0.785
-1.686
-1.810
-1.578
-0.459
-2.515
-2.342
-3.574
-2.566
-3.279
-3.126
-1.713
-1.314
-4.130
0.569
-1.045
-3.740
-2.372
-2.574
-1.100
-3.609
-1.572
-2.154
-2.507
-3.483
-2.115
-2.056
-1.074
-3.733
-0.924
-3.976
-1.152
-2.432
-1.966
-2.096
-0.391
-3.438
-2.350
-1.940
-1.813
-1.914
-1.214
-2.543
-0.823
-3.205
-1.865
-3.511
-2.472
-3.623
-0.993
-2.192
-1.702
-3.365
-3.479
-2.492
-1.405
-0.409
-1.852
-0.357
-4.745
-1.904
-0.002
-2.495
-4.579
-1.233
-1.893
-0.299
-4.193
-2.418
-2.023
-1.504
-4.077
-2.292
-1.006
-1.851
-4.021
-1.407
0.543
-0.261
-2.471
-2.019
-2.800
-1.561
-5.159
-2.505
-1.987
0.061
-3.998
-1.526
-1.052
-0.684
-4.657
-1.988
-0.777
-1.267
-1.493
-0.427
-1.259
-1.765
-2.720
0.056
-0.912
-3.771
-3.753
-0.838
-1.617
-2.817
-1.710
-2.655
-1.206
-4.140
-3.904
0.083
-0.179
-3.564
-2.416
-1.185
-1.254
-3.704
-0.744
0.112
0.897
-3.462
-1.311
-2.433
-1.597
-3.765
-3.001
-1.270
-3.054
-2.757
-3.674
-0.598
-1.461
-2.679
-3.427
-2.384
-2.315
-2.620
-2.957
-1.802
-1.134
-3.181
-2.103
-2.156
-2.395
-2.796
-2.774
-2.055
-2.324
-3.198
-1.854
-3.368
-2.248
-4.351
-2.358
-3.071
-1.288
-2.267
-1.258
-2.436
-0.300
-3.903
0.949
-1.324
-1.852
-3.422
-0.552
-3.625
-0.590
-1.923
-0.369
-3.565
-0.673
-3.113
-0.189
-1.655
-0.228
-1.472
0.016
-1.775
-2.510
-1.484
-1.454
-0.346
-0.637
-0.843
-0.347
-1.939
-1.201
-3.565
-0.304
-1.966
-1.260
-1.793
-2.656
-2.784
-2.882
-3.945
-2.311
-4.089
-0.987
-2.496
-2.084
-3.501
-1.567
-3.511
-0.903
-1.722
-2.329
-2.351
-1.540
-2.554
-3.113
-2.103
-1.090
-2.943
-2.810
-4.714
-2.471
-2.879
-1.392
-2.721
-1.883
-1.468
-1.544
-2.278
-2.362
-2.608
-0.084
-2.889
-0.556
-4.496
-1.203
-2.645
-2.845
-3.539
-2.262
-3.015
-1.407
-1.226
-1.827
-1.091
-2.360
-3.295
-3.395
-2.990
-2.848
-0.458
-3.919
-3.726
-2.255
-0.316
-3.079
-1.855
-2.205
