-23.238
-19.103
-9.268
-24.431
-11.006
-19.084
-20.061
-16.457
-15.531
-9.876
-16.952
-16.745
-14.444
-12.011
-10.422
-14.700
-16.510
-15.404
-16.852
-13.231
-9.011
-9.943
-12.904
-7.741
-11.066
-7.469
-6.336
-8.967
-8.528
-10.362
-1.024
3.197
-0.159
4.285
0.005
-2.966
-6.889
2.715
-1.655
0.050
-15.154
-4.778
-23.771
-14.537
-1.294
-19.898
-15.337
-3.195
-21.904
-18.898
-2.462
-22.807
-18.519
-2.965
-21.237
-17.590
-3.963
-21.170
-15.383
-5.796
-18.777
-11.678
-5.109
-18.324
-11.699
-9.179
-18.767
-13.733
-10.321
-24.793
-11.150
-10.758
-21.712
-7.980
-6.566
-19.517
-15.040
-13.235
-18.815
-5.540
-15.371
-12.874
-14.686
-13.195
-10.581
-15.132
-6.844
-15.120
-17.913
-14.437
-15.132
-5.788
-9.693
-18.604
-13.172
-5.972
-17.994
-12.148
-7.925
-19.767
-19.691
-15.648
-15.830
-24.735
-13.590
-24.890
-22.405
-20.985
-20.051
-22.429
-11.304
-26.712
-20.686
-12.017
-22.752
-18.714
-13.029
-19.971
-27.183
-19.125
-19.134
-20.771
-16.121
-23.792
-26.328
-13.440
-28.509
-17.512
-12.757
-23.506
-24.727
-30.938
-21.949
-16.207
-18.410
-13.864
-23.447
-26.025
-19.332
-18.300
-26.049
-18.146
-16.698
-22.854
-16.060
-19.122
-28.563
-19.410
-16.808
-20.592
-11.909
-17.749
-25.167
-21.078
-17.832
-24.593
-18.421
-17.115
-27.172
-19.188
-3.006
-10.169
1.511
-0.368
-11.628
3.096
1.265
-10.421
-5.362
-3.914
-14.015
-6.195
-0.844
-6.194
1.170
-2.845
-10.671
-1.496
2.350
-7.501
2.973
-6.829
-13.736
-0.010
-4.385
-16.177
0.054
-1.028
-14.713
-2.493
-8.774
-9.304
0.636
-9.542
-12.985
0.293
-11.199
-15.641
2.989
-8.542
-10.929
2.888
-9.277
-14.228
5.077
-6.846
-8.063
3.133
-9.727
-11.321
6.446
-6.120
-8.106
0.302
-7.058
-4.220
1.771
-11.493
-11.186
5.990
-7.419
-12.132
-8.899
-2.053
-9.204
-7.105
-2.769
-9.635
-4.418
-7.154
-7.402
-4.077
-3.472
-10.208
-6.969
-4.633
-14.214
-11.418
-2.189
-16.452
-10.857
-2.668
-6.970
-2.678
-6.860
-16.824
-11.230
-6.335
-17.862
-12.654
2.273
-10.960
-2.277
1.512
-6.837
-0.007
0.849
-9.089
-7.615
-7.792
-9.360
-6.290
-1.284
-7.532
-4.001
-0.068
-7.265
-6.111
4.295
-4.740
-4.249
-0.737
-4.866
-2.056
-2.159
-12.767
-5.114
0.644
-1.683
3.647
-1.693
-25.591
-11.252
-27.901
-14.829
-17.930
-3.862
-18.351
-7.609
-12.280
-6.481
-19.861
-6.706
-20.346
-4.400
-21.474
-1.986
-24.203
-6.015
-25.324
-7.786
-19.461
2.131
-25.833
-6.143
-29.877
-3.475
-24.740
-7.947
-23.741
-7.210
-26.320
-4.245
-24.516
-5.967
-22.851
-11.663
-26.051
-10.874
-28.417
-29.594
-21.537
-23.159
-21.423
-27.810
-19.055
-22.763
-17.810
-20.574
-19.639
-21.748
-14.987
-23.785
-22.766
-23.366
-17.934
-27.814
-20.958
-21.294
-25.355
-10.508
-7.962
-14.100
-8.256
-14.996
-11.670
-10.322
-13.296
-13.323
-14.595
-8.282
-8.324
-15.927
-11.794
-13.780
-5.287
-8.913
-10.192
-17.650
-16.201
-7.709
-10.363
-10.094
-5.382
-9.972
-8.874
-4.077
-5.262
-2.080
-13.988
-3.765
-5.525
-3.950
-5.760
-6.806
-11.048
-10.961
-10.495
-10.537
-8.290
-10.356
-13.669
-5.673
-7.083
-15.187
-3.105
-11.354
-12.474
-6.780
-11.080
-15.034
-10.956
-6.970
-6.218
-9.425
-10.518
-11.837
-4.779
-6.117
-11.075
-20.860
-8.912
-20.584
-21.180
-19.332
-21.184
-26.880
-23.403
-19.150
-15.032
-21.699
-17.084
-21.833
-20.146
-25.305
-24.734
-18.911
-19.104
-28.291
-19.520
-20.464
-16.263
-21.525
-23.678
-19.724
-24.133
-30.338
-24.382
-15.963
-12.400
-20.254
-20.809
-15.944
-15.829
-20.882
-18.928
-15.656
-11.680
-23.852
-20.240
-25.285
-22.661
-24.725
-26.770
-21.292
-18.843
-22.953
-31.571
-21.803
-18.695
-12.708
-25.686
-21.942
-15.510
-18.572
-27.166
-15.027
-16.453
-9.634
-24.050
-17.229
-21.074
-20.505
-28.930
-16.262
-12.060
-19.158
-25.101
-17.827
-19.140
-8.520
-28.896
-18.753
-23.139
-22.523
-31.356
-19.436
-11.368
-21.213
-22.845
-9.761
-17.839
-8.529
-19.488
-13.003
-24.743
-14.568
-12.184
-16.868
-24.763
-15.995
-23.226
-14.464
-18.145
-12.056
-19.862
-16.801
-16.687
-17.124
-18.292
-8.391
-17.340
-14.506
-22.116
-15.237
-16.172
-14.397
-16.023
-14.181
-20.842
-19.917
-19.625
-9.473
-19.097
-15.724
-12.083
-18.347
-16.893
-15.776
-20.987
-15.238
-8.059
-10.980
-14.848
-19.708
-6.856
-8.800
-9.614
-26.990
-13.444
-10.410
-16.481
-25.676
-13.832
-8.489
-18.870
-20.143
-9.028
-2.019
-11.292
-25.898
-14.144
-12.739
-17.556
-29.366
-10.333
-10.799
-17.987
-22.774
-10.540
-6.290
-14.851
-19.390
-9.290
-8.217
-16.162
-21.873
-14.567
-13.918
-16.764
-12.719
-15.037
-15.896
-12.955
-12.284
-11.896
-8.432
-11.141
-11.245
-19.278
-15.289
-11.406
-11.035
-15.965
-13.724
-13.601
-8.881
-17.286
-8.063
-15.119
-15.940
-15.468
-14.287
-15.767
-10.795
-15.224
-9.201
-18.136
-18.001
-24.673
-11.374
-15.495
-17.479
-18.704
-7.679
-25.459
-8.294
-20.145
-11.421
-15.567
-14.209
-9.326
-21.425
-17.686
-20.321
-22.937
-22.166
-22.621
-23.887
-15.513
-22.040
-19.525
-10.089
-15.314
-18.602
-23.171
-20.510
-8.871
-19.959
-16.040
-19.836
-8.212
-17.715
-14.493
-22.080
-18.624
-22.929
-23.214
-16.865
-18.574
-20.360
-19.638
-22.751
-10.066
-22.306
-18.438
-22.879
-13.219
-19.152
-12.167
-16.126
-21.112
-11.699
-16.226
-15.424
-18.904
-7.491
-8.525
-19.215
-25.931
-8.483
-19.737
-12.368
-21.136
-12.052
-13.043
-19.645
-18.021
-7.824
-13.214
-10.381
-21.090
-10.427
-18.145
-11.980
-16.488
-11.554
-18.675
-18.382
-17.995
-11.112
-17.549
-11.682
-21.674
-11.313
-19.907
-18.549
-21.526
-12.955
-14.652
-18.223
-13.994
-14.440
-14.603
-17.491
-12.832
-15.065
-14.602
-24.463
-12.332
-12.844
-10.322
-18.584
-12.035
-18.079
-9.911
-21.290
-15.412
-16.426
-10.207
-19.294
-13.477
-14.889
-11.178
-12.157
-9.043
-17.366
-10.932
-20.102
-8.511
-15.112
-14.570
-22.602
-10.540
-13.136
-12.553
-22.404
-14.750
-16.792
-14.006
-12.691
-24.097
-7.675
-25.883
-9.037
-12.869
-14.211
-21.628
-9.726
-25.172
-12.501
-26.698
-16.993
-19.109
-8.651
-25.735
-10.896
-17.487
-14.097
-20.668
-14.081
-16.332
-8.494
-24.938
-11.790
-20.075
-11.020
-23.778
-7.940
-15.412
-7.500
-27.169
-20.551
-20.259
-9.840
-25.138
-16.532
-16.878
-12.805
-18.095
-8.185
-15.940
-20.449
-20.474
-7.209
-13.228
-21.103
-20.039
-9.538
-13.810
-17.385
-19.766
-17.955
-17.807
-20.414
-20.923
-8.963
-14.374
-24.334
-19.626
-8.766
-14.297
-24.608
-11.205
-9.606
-8.187
-18.192
-13.426
-13.715
-14.320
-21.001
-20.418
-6.875
-17.390
-20.149
-18.358
-13.275
-18.811
-21.704
-22.594
-24.548
-13.844
-18.057
-10.775
-15.978
-3.933
-21.785
-11.702
-22.009
-10.099
-22.753
-14.330
-27.631
-10.481
-26.673
-10.834
-25.867
-15.939
-27.927
-11.823
-14.162
-5.466
-17.285
-11.487
-15.578
-15.540
-18.537
-3.866
-9.041
-10.419
-18.492
-12.459
-14.422
-15.381
-24.747
-13.318
-22.313
-8.313
-17.232
-12.993
-25.153
-12.650
-23.054
-9.906
-24.800
-13.629
-25.705
-16.539
-16.492
-11.765
-22.700
-12.576
-23.339
-14.870
-26.799
-10.091
-28.621
-13.379
-20.485
-15.980
-12.750
-14.303
-13.280
-16.660
-9.211
-8.221
-10.261
-15.009
-14.038
-11.312
-9.802
-13.200
-6.862
-10.051
-12.056
-9.419
-9.312
-10.881
-14.128
-10.682
-9.523
-14.384
-15.790
-13.631
-17.063
-11.473
-18.245
-17.607
-14.120
-14.784
-12.819
-14.394
-14.378
-8.811
-14.502
-15.523
-12.969
-10.772
-20.172
-18.438
-12.263
-13.313
-16.909
-15.401
-16.294
-9.854
-5.749
-14.609
-11.191
-15.543
-15.436
-13.504
-12.505
-15.149
-13.821
-12.427
-11.846
-15.521
-6.065
-7.627
