-22.708
-15.343
-17.159
-17.701
-19.743
-18.783
-21.360
-20.333
-20.547
-19.767
-26.366
-21.456
-23.374
-21.961
-23.462
-20.148
-22.912
-15.583
-15.753
-14.750
-19.147
-22.190
-26.080
-16.788
-27.388
-18.272
-23.873
-19.607
-13.603
-17.129
-33.426
-19.603
-16.744
-9.311
-29.413
-21.139
-17.382
-17.286
-21.332
-18.346
-13.005
-5.756
-8.722
-16.710
-14.018
-13.660
-10.919
-14.078
-14.467
-14.234
-15.542
-11.222
-20.916
-11.823
-19.621
-18.586
-15.103
-14.177
-17.310
-19.595
-11.412
-14.535
-11.010
-14.243
-11.112
-13.659
-14.664
-15.088
-9.669
-12.555
-7.438
-9.452
-8.402
-8.959
-10.648
-13.965
-11.718
-15.998
-5.364
-2.481
-19.251
-24.915
-18.570
-14.676
-10.174
-20.890
-8.425
-14.259
-11.140
-22.927
-19.740
-21.141
-11.708
-22.428
-18.200
-26.471
-18.762
-21.685
-15.066
-22.421
-11.905
-23.722
-6.952
-18.881
-10.105
-24.331
-13.018
-19.005
-18.203
-32.540
-25.642
-13.149
-12.828
-26.790
-17.623
-21.681
-12.905
-25.145
-10.224
-16.950
-11.497
-20.089
-15.715
-18.771
-9.787
-22.747
-13.543
-30.307
-7.910
-22.991
-13.815
-29.533
-9.746
-22.188
-14.761
-23.854
-6.905
-17.084
-10.366
-22.523
-6.564
-16.350
-6.004
-20.853
-7.883
-24.699
-18.453
-28.519
-8.804
-29.080
-24.234
-25.099
-13.110
-19.836
-19.484
-21.153
-8.315
-19.597
-4.902
-20.148
-2.228
-21.158
-13.397
-23.333
-5.752
-17.060
-6.584
-17.322
0.152
-21.377
-8.737
-24.789
-5.046
-21.375
-14.240
-23.270
-4.009
-21.573
-17.813
-18.061
-6.781
-15.271
-10.253
-20.502
-5.420
-14.672
-8.449
-19.350
-12.983
-19.161
-20.361
-16.930
-3.030
-18.516
-16.015
-17.926
-4.687
-16.225
-11.102
-28.562
-12.014
-6.139
-9.583
-11.167
-21.556
-17.412
-18.409
-14.733
-16.671
-9.719
-12.778
-17.577
-14.769
-13.987
-23.543
-11.839
-13.807
-14.158
-12.886
-3.873
-16.670
-10.118
-13.710
-10.226
-12.626
-18.077
-18.855
-6.446
-17.062
-16.159
-18.342
-9.746
-10.332
-12.553
-14.282
-12.015
-19.938
-14.429
-15.918
-13.471
-14.985
-13.343
-16.459
-18.330
-9.122
-9.799
-13.870
-9.244
-5.015
-7.862
-15.102
-10.176
-2.909
0.714
-6.087
-5.096
-12.208
-15.811
-12.239
-11.556
-7.342
-6.853
-16.333
-10.752
-8.540
-5.607
-12.807
-10.312
-8.086
-9.996
-16.071
-13.412
-15.224
-13.613
-14.599
-18.808
-8.135
-7.457
-10.454
-8.017
-16.315
-15.715
-4.253
-2.736
-4.055
-6.310
-0.484
-3.483
-11.380
-7.813
-3.926
-8.009
-8.488
-14.141
-2.213
-0.405
-9.486
-10.310
-4.355
-1.003
-12.121
-12.592
-3.610
-2.167
-8.776
-11.128
-10.697
-4.823
-18.745
-14.382
-6.607
-5.098
-18.858
-17.816
-9.327
-7.317
-9.438
-8.699
-8.717
-2.997
-10.148
-15.060
-11.046
-5.845
-9.175
-10.108
-8.762
-1.303
-7.339
-9.344
-10.051
-6.652
-8.848
-14.891
-11.709
-6.430
-12.677
-15.953
-12.429
-7.024
-12.735
-16.629
-11.018
-7.447
-11.648
-9.578
-4.438
-1.520
-10.149
-17.347
-11.170
-6.432
-12.111
-14.342
-8.709
-6.671
-21.277
-17.943
-12.386
-7.402
3.637
-3.449
-5.399
-2.848
3.857
1.384
-9.327
-3.818
0.984
-6.468
-12.580
-10.822
-1.567
-11.958
-11.767
-9.896
1.860
1.905
-4.355
1.264
-0.262
-1.936
-6.831
-5.940
-2.080
-8.081
-9.340
-6.354
-4.403
-4.879
-11.706
-9.883
1.870
-0.602
-8.853
-5.483
-10.366
-9.728
-19.295
-16.858
-18.435
-19.200
-24.697
-16.581
-21.717
-24.122
-18.005
-21.160
-26.318
-14.424
-18.063
-27.882
-17.321
-24.095
-24.380
-21.941
-25.354
-27.161
-13.768
-17.439
-21.859
-19.418
-19.407
-19.721
-19.151
-23.123
-22.241
-13.765
-24.405
-30.989
-9.154
-9.857
-21.476
0.218
-5.567
-27.518
-7.423
-10.323
-22.249
-0.971
-7.674
-24.906
-13.718
-16.265
-24.420
-4.952
-7.803
-19.889
-9.327
-11.053
-19.589
-5.602
-11.107
-23.735
-7.762
-6.475
-30.148
-1.025
-3.734
-26.034
2.029
-8.041
-24.255
-11.088
-16.027
-21.842
-8.684
-13.636
-24.731
-2.951
-8.155
-20.923
-9.178
-15.382
-24.207
-4.632
-3.981
-18.640
-13.351
-17.096
-26.252
-21.258
-17.868
-9.281
-4.003
-6.740
-24.527
0.831
-6.618
-18.568
-4.050
-8.111
-11.137
-0.544
-2.444
-8.328
-0.375
-9.713
-3.179
-1.460
-5.917
-10.248
-1.874
-5.351
-2.714
-9.132
-8.255
-15.849
-1.915
-7.846
-14.286
-2.555
-10.656
-11.350
2.330
-2.137
-7.391
3.352
-7.278
-7.122
-11.371
-14.528
-3.774
-13.033
-15.295
-6.189
-15.424
-14.801
-4.890
-6.194
-11.784
-5.019
-12.716
-14.059
-4.865
-8.459
-18.757
-7.637
-7.897
-16.749
-8.385
-6.473
-16.416
-3.393
-10.277
-10.462
-2.971
-14.540
-12.290
-6.527
-1.769
-4.315
-5.752
3.788
-7.131
-9.337
2.799
-9.228
-4.233
-2.433
-9.515
-9.369
1.465
-2.928
-6.455
-3.121
-6.620
-12.241
0.929
-1.485
-4.863
-6.189
-2.090
1.059
0.505
-6.342
-3.809
-9.570
-3.142
-4.119
-17.468
-17.516
-18.668
-23.067
-20.599
-20.085
-16.173
-15.114
-26.308
-27.510
-24.408
-21.265
-14.493
-21.679
-24.416
-20.421
-16.808
-16.484
-20.086
-18.494
-17.708
-15.939
-19.529
-23.917
-20.471
-25.261
-19.764
-17.395
-23.177
-25.167
-14.419
-12.012
-15.901
-25.302
-16.926
-12.746
-8.944
-9.617
-19.471
-16.299
-15.939
-17.341
-17.801
-27.590
-19.605
-21.585
-15.797
-16.131
-17.964
-20.712
-17.925
-16.251
-14.009
-12.665
-23.290
-23.567
-15.644
-19.964
-16.030
-23.577
-20.699
-14.944
-22.363
-12.567
-16.703
-22.013
-16.133
-16.009
-15.780
-19.996
-18.909
-19.038
-19.165
-15.320
-24.125
-22.742
-18.947
-20.250
-17.399
-28.548
-22.216
-14.979
-17.612
-14.992
-18.289
-19.450
-16.233
-19.562
-10.647
-23.840
-20.080
-19.223
-17.389
-12.968
-25.171
-29.452
-19.098
-17.115
-19.108
-31.103
-19.243
-12.210
-9.827
-22.119
-17.597
-18.196
-16.207
-17.448
-28.661
-7.064
-20.887
-26.445
-20.573
-26.310
-11.061
-24.134
-20.387
-20.031
-31.795
-12.770
-13.767
-19.288
-15.284
-26.130
-8.505
-20.334
-19.002
-14.026
-28.112
-6.182
-18.868
-14.626
-14.213
-19.972
-8.994
-23.705
-18.188
-16.254
-28.408
-11.855
-17.692
-16.923
-12.963
-23.134
-11.669
-25.218
-24.723
-12.383
-28.829
-19.346
-20.697
-12.495
-16.271
-14.588
-13.179
-20.504
-9.762
-10.995
-13.235
-14.606
-18.028
-8.535
-13.222
-10.163
-16.085
-23.027
-13.845
-12.121
-18.172
-9.220
-13.625
-15.886
-13.086
-18.535
-12.906
-13.760
-10.038
-13.113
-13.481
-12.941
-17.768
-15.432
-16.225
-27.038
-23.603
-19.939
-9.457
-14.984
-15.046
-7.555
-18.584
-13.837
-11.283
-21.362
-14.540
-13.266
-10.253
-10.411
-12.538
-8.325
-19.068
-25.860
-19.190
-20.123
-26.850
-19.075
-23.472
-18.911
-21.231
-34.143
-15.630
-16.125
-14.561
-11.472
-21.636
-18.576
-22.372
-21.945
-26.800
-29.677
-12.858
-14.120
-7.418
-13.853
-22.285
-18.101
-14.638
-16.328
-18.499
-22.860
-17.526
-10.641
-9.426
-17.768
-22.774
-17.409
-18.268
-20.249
-19.085
-25.449
-23.419
-20.618
-20.066
-21.602
-28.895
-17.991
-19.646
-19.207
-19.888
-30.303
-3.456
-2.325
-17.154
-2.035
-17.336
-0.249
-3.586
-23.384
-10.398
-19.470
-1.585
-1.767
-15.164
-7.457
-16.620
-8.560
-5.283
-21.903
-6.345
-20.704
-10.266
-4.619
-20.981
-2.784
-12.698
-1.849
-4.302
-18.980
-4.915
-20.459
-0.089
-2.772
-21.087
-6.468
-17.755
-11.398
-2.344
-11.561
-8.596
-13.985
0.332
-5.077
-19.395
-8.644
-17.024
-4.330
-1.521
-17.316
-4.391
-7.028
-21.777
-18.348
-30.231
-5.629
-13.732
-19.004
-16.406
-24.073
-8.342
-13.648
-21.700
-14.297
-25.491
-12.169
-9.783
-21.981
-21.596
-28.325
-11.825
-12.598
-22.430
-11.442
-28.095
-6.029
-15.038
-18.121
-18.778
-26.020
-11.073
-14.475
-19.560
-12.442
-22.465
-12.876
-9.134
-15.912
-14.363
-22.992
0.337
-16.992
-18.512
-18.320
-24.738
-9.875
-12.304
-21.401
-22.693
-30.919
-13.789
-26.514
-5.987
-14.305
-19.594
-18.441
-25.519
-2.317
-12.641
-22.818
-15.497
-26.399
-6.019
-16.892
-24.185
-17.173
-23.058
-7.442
-13.788
-24.619
-20.504
-23.987
-1.944
-9.750
-30.199
-16.059
-26.141
-5.600
-19.332
-22.235
-14.944
-27.388
-5.949
-7.354
-14.704
-15.209
-16.110
-8.406
-9.609
-21.560
-15.346
-23.665
-11.131
-11.624
-25.890
-19.634
-26.266
-8.091
-7.043
-19.429
-16.607
-21.221
-15.232
-6.436
-16.040
-15.790
-8.821
-7.582
-3.493
-22.304
-18.180
-20.638
-13.978
-3.545
-21.725
-17.155
-11.341
-9.847
-6.595
-17.912
-16.875
-19.676
-7.198
-7.902
-15.926
-12.116
-10.835
-6.454
3.368
-19.044
-13.068
-12.895
-10.869
-3.005
-16.668
-14.269
-12.898
-6.282
-7.869
-24.985
-16.546
-19.497
-11.842
-11.002
-27.306
-17.453
-17.712
-12.891
-12.160
-26.521
-15.923
-19.373
-11.697
0.999
-5.386
-16.917
-22.768
-9.460
0.800
-5.876
-17.866
-16.966
-9.336
1.601
-6.657
-18.803
-19.542
-8.660
3.978
-1.619
-15.826
-15.820
-8.368
-1.331
-9.959
-15.731
-23.161
-4.715
-2.197
-10.532
-18.963
-21.302
-5.830
-7.659
-13.370
-14.363
-17.255
-8.508
-0.436
-14.262
-15.644
-22.784
-12.185
-2.983
-13.029
-16.625
-22.502
-17.063
-1.481
-8.450
-19.937
-21.807
-17.329
-23.101
-16.293
-15.691
-27.608
-23.686
-10.584
-27.085
-19.507
-13.296
-28.364
-16.655
-26.934
-24.447
-20.130
-20.331
-23.164
-19.169
-23.894
-19.388
-16.578
-20.291
-19.296
-18.841
-22.934
-22.077
-18.649
-17.829
-20.263
-19.309
-34.357
-19.665
-16.988
-38.987
-21.552
-24.956
-33.999
-19.443
-15.830
-33.597
-18.620
-15.873
-35.285
-22.294
-18.215
-32.382
-19.224
-17.438
-35.104
-23.866
-14.136
-38.025
-25.017
-21.889
-38.464
-16.831
-20.262
-32.073
-14.554
-11.432
-23.913
-29.746
-13.643
-22.098
-31.661
-19.830
-22.122
-26.848
-14.167
-16.415
-24.317
-12.248
-23.400
-18.456
-16.249
-14.865
-28.231
-15.624
-18.103
-29.536
-16.851
-21.575
-24.806
-16.066
-20.950
-28.756
-22.573
-22.076
-28.735
-19.327
-8.590
-13.733
-25.428
-9.036
-11.753
-23.211
-13.762
-13.167
-24.210
-4.994
-13.183
-22.517
-9.337
-12.706
-25.634
-7.596
-7.572
-18.364
-8.085
-9.382
-22.676
-6.860
-10.434
-24.370
-8.921
-5.119
-22.100
-4.046
-9.981
-20.928
-17.684
-14.825
-18.395
-13.068
-10.367
-18.486
-7.461
-11.983
-18.924
-12.375
-19.471
-21.354
-15.430
-13.973
-16.059
-6.412
-17.228
-19.100
-13.653
-11.823
-10.269
-13.189
-13.654
-12.333
-13.014
-14.117
-16.081
-19.726
-10.191
-18.919
-14.130
-12.578
-17.191
-9.769
-12.882
-15.943
-14.063
-8.010
-18.675
-14.819
-10.206
-22.095
-10.039
-11.946
-20.943
-11.371
-11.164
-21.205
-14.510
-3.006
-20.849
-15.376
-2.428
-23.696
-15.637
-11.226
-21.001
-6.856
-7.383
-20.403
