3.803
12.884
3.962
9.517
9.176
10.146
4.125
12.561
6.890
9.401
15.288
12.431
13.628
-0.450
12.274
14.611
8.818
9.639
7.401
12.157
11.126
10.031
5.404
8.639
13.574
12.445
10.220
11.134
10.960
10.461
9.068
12.142
7.575
7.196
11.497
3.458
2.563
16.293
11.294
8.180
14.805
12.575
9.671
13.191
12.626
11.787
11.738
10.538
11.167
3.547
13.235
10.514
5.601
7.818
1.333
4.618
-7.591
12.770
10.007
6.411
1.108
-1.715
-5.836
2.860
5.644
5.176
3.202
-0.300
3.545
0.574
9.370
0.489
7.896
5.465
-8.651
7.726
-6.448
3.988
-13.861
5.486
9.698
10.710
2.709
0.135
9.088
4.923
7.393
4.554
9.173
9.176
5.769
11.590
8.160
5.059
13.455
10.512
5.854
4.017
8.825
10.017
6.598
5.523
6.792
7.128
3.328
2.475
0.274
5.990
1.924
0.100
8.889
9.866
7.636
7.275
8.507
6.302
10.160
5.075
9.771
9.212
3.602
-2.077
1.718
8.679
5.747
2.387
5.536
2.965
7.013
5.965
2.558
8.616
10.702
7.708
10.317
3.811
10.574
13.783
8.071
5.985
8.897
0.261
9.624
1.229
-11.108
7.673
-17.693
7.313
-24.846
6.323
12.195
10.859
5.475
4.084
12.818
8.967
9.017
7.956
8.042
11.481
8.531
7.478
6.658
0.996
6.426
12.579
3.491
10.009
8.806
5.891
8.774
6.068
2.421
2.474
3.471
6.342
6.313
6.845
0.530
9.926
4.352
10.186
11.864
9.695
11.494
11.451
7.095
10.777
8.913
3.494
-12.173
4.072
8.636
7.972
8.374
8.406
8.209
10.850
0.182
2.235
9.031
16.596
10.901
8.765
10.719
10.949
14.735
13.539
16.104
12.650
7.705
11.386
7.752
12.184
9.905
9.366
7.908
9.481
11.332
10.242
12.226
17.466
10.749
10.376
11.410
7.430
14.564
4.566
4.237
15.540
11.930
13.585
12.918
9.620
14.273
12.925
10.607
11.299
16.568
18.144
9.650
9.727
4.576
8.200
11.059
10.792
12.253
12.888
9.352
13.372
15.530
14.379
17.022
7.562
16.082
17.849
11.595
12.675
10.828
3.688
10.389
5.994
11.865
6.858
13.527
12.079
13.378
10.301
6.315
5.071
11.235
14.181
13.150
8.671
12.132
11.962
11.050
9.024
9.933
10.731
9.897
7.778
14.581
11.108
16.152
15.097
13.246
14.043
9.064
11.663
12.139
10.474
10.629
10.498
12.808
13.716
11.781
4.711
14.272
11.924
13.877
13.786
16.867
3.576
11.809
14.291
10.304
11.053
9.724
8.112
7.891
6.991
10.314
10.608
6.382
9.558
11.842
13.775
9.724
11.964
11.493
10.727
9.785
9.469
10.637
9.268
6.642
5.712
10.780
8.606
7.771
14.159
6.892
7.292
7.909
10.365
11.534
9.731
7.789
13.547
