-4.809
-5.046
-2.880
-4.712
-3.238
-4.054
-4.337
-4.683
-3.469
-5.625
-2.959
-3.962
-5.047
-4.264
-3.657
-6.139
-3.314
-3.104
-2.406
-4.231
-4.641
-3.550
-2.460
-2.183
-3.817
-3.342
-3.023
-3.267
-0.798
-3.577
-3.925
-3.621
-3.024
-2.579
-3.833
-3.145
-2.924
-3.394
-2.413
-4.452
-2.772
-0.444
-1.613
-4.262
-2.872
-2.456
-1.129
-1.923
-1.382
-3.818
-3.491
-1.356
-4.506
-2.551
-3.338
-4.682
-1.987
-3.772
-1.870
-2.920
-0.580
-3.591
-2.796
-3.034
-0.832
-3.551
-2.454
-4.192
-1.044
-3.721
0.451
-2.082
0.617
-2.256
0.600
-2.933
-2.139
-3.046
-1.749
-0.953
-3.347
-4.563
-3.442
-3.347
-1.715
-4.822
-2.866
-1.745
-2.360
-5.209
-4.775
-2.479
-4.235
-3.487
-3.532
-4.084
-4.048
-4.895
-3.771
-1.797
-3.332
-3.957
-1.730
-1.478
-2.789
-2.322
-2.599
-3.337
-3.648
-3.863
-3.124
-0.402
-3.547
-4.715
-4.768
-2.198
-2.753
-4.886
-3.509
-1.944
-1.265
-3.444
-2.858
-3.624
-0.646
-2.898
-4.156
-4.024
-0.822
-4.152
-4.165
-3.991
-0.501
-1.361
-3.208
-4.129
-0.864
-2.335
-3.526
-4.760
-0.603
-2.354
-3.863
-3.455
-0.419
-2.266
-4.623
-4.656
-1.302
-3.161
-4.717
-4.364
-2.938
-2.107
-4.061
-2.594
-1.933
-0.336
-2.517
-2.975
-1.202
-2.029
-1.206
-3.147
-1.201
-3.465
-3.008
-2.721
0.149
-3.367
-2.846
-2.671
0.214
-2.897
-3.677
-2.084
0.429
-4.808
-3.168
-2.639
-1.978
-2.996
-3.188
-1.568
-0.303
-2.752
-2.460
-1.805
-1.787
-3.091
-2.547
-2.177
-1.229
-2.379
-3.266
-2.500
-0.840
-3.453
-2.142
-3.111
-2.318
0.037
-0.674
-2.566
-2.940
-3.234
-1.105
-1.345
-3.424
-3.315
-1.789
-2.652
-3.219
-2.859
-3.054
-1.556
-3.564
-4.212
-1.858
0.433
-3.989
-2.363
-2.590
-1.269
-2.628
-4.813
-2.322
-0.311
-1.629
-3.185
-2.222
1.052
-2.289
-4.025
-2.774
-1.432
-3.658
-2.637
-2.285
-2.289
-2.867
-0.846
-2.629
-4.908
-2.964
-1.970
-3.325
-2.870
-2.065
0.699
-2.340
-1.523
-3.258
-1.251
-2.402
-2.714
-2.133
-3.253
-2.414
-2.112
-2.250
-0.083
-2.225
-3.613
-2.057
-2.326
-3.563
-1.801
-2.098
-2.357
-2.498
-1.986
-1.221
-0.364
-2.450
-3.476
-3.634
-2.395
-3.174
-3.978
-4.369
-3.044
-0.563
-1.635
-2.283
-2.096
-0.735
-3.038
-3.671
-2.788
-1.464
-2.915
-3.316
-2.555
-0.049
-1.615
-1.847
-3.447
-1.730
0.401
-3.942
-2.531
-1.618
-1.611
-3.414
-2.547
-2.008
-2.683
-1.654
-2.516
-0.605
-3.076
-1.064
-3.020
-2.472
-1.724
-1.756
-2.252
-1.811
-0.505
-2.723
-2.387
-2.263
-2.156
-3.445
-1.533
-1.769
-1.482
-2.301
-1.945
-5.184
-1.569
-2.948
-4.231
-2.730
-2.168
-2.471
-4.654
-3.439
-2.677
-3.616
-4.347
-3.626
-3.417
-3.591
-4.804
-1.717
-2.201
-2.458
-2.998
-3.564
-0.497
-2.367
-3.316
-1.750
-1.510
-3.564
-3.288
-3.686
-0.712
-0.517
0.126
-2.934
-2.973
-0.959
0.095
-3.409
-2.060
-0.886
-0.063
-4.879
-4.238
0.543
-0.693
-4.502
-3.495
-0.857
0.471
-3.578
-0.577
-2.856
0.954
-3.338
-2.487
-2.156
-3.131
-3.825
-4.734
-0.297
-0.598
-4.628
-1.964
-0.168
-1.001
-3.508
-2.807
-1.264
-1.979
-4.865
-2.966
-4.093
-2.526
-4.202
-3.373
-3.424
-4.424
-2.450
-3.417
-2.898
-2.596
-4.012
-4.599
-2.952
-3.901
-4.895
-3.345
-3.943
-5.017
-2.880
-2.879
-3.938
-4.967
-3.199
-4.340
-3.320
-1.566
-5.098
-1.884
-2.342
-5.328
-3.140
-2.064
-2.317
0.912
-3.433
-4.005
-1.677
-2.087
-2.613
0.328
-1.457
-2.696
-2.505
-5.306
-3.021
-0.654
-3.170
-4.368
-1.879
-1.493
-3.156
-1.862
-3.545
-3.708
-1.744
-2.547
-3.529
-1.348
-2.245
-4.232
0.626
-4.048
-6.122
0.916
-1.549
-4.447
0.435
-1.436
-1.938
0.353
0.427
-3.312
-2.210
-2.864
-3.473
-0.378
-0.605
-2.481
-1.980
-2.794
-2.079
-2.069
-2.398
-2.799
-0.402
0.111
-3.288
-0.359
-1.578
-2.823
-1.105
-1.733
-1.554
-0.342
-2.160
-2.583
-0.238
-2.857
-2.896
0.955
-0.801
-2.511
0.337
-3.408
-0.805
-2.074
-1.078
-3.266
-0.704
-1.882
-2.597
0.535
-1.853
-0.938
0.238
-1.294
-1.265
0.516
-3.085
-3.050
-2.353
-3.080
-0.511
-4.332
-4.007
-2.547
-3.846
-5.301
-1.778
-1.522
-3.525
-1.786
-3.772
-4.915
-2.338
-0.663
-3.664
-2.454
-1.327
-4.725
-1.353
-1.765
-3.232
-1.605
-2.016
-4.418
-2.304
-2.639
-4.587
-1.471
-0.535
-3.762
-2.637
0.088
-2.845
-1.684
1.203
-1.865
-1.244
-1.523
-3.004
-2.229
-1.375
-2.489
0.646
0.113
-0.435
-1.685
-0.486
-0.754
-2.136
-1.169
-1.341
-0.257
0.003
-2.915
-1.418
-1.021
-1.658
-2.038
-4.261
-3.243
-3.737
-2.816
-0.715
-1.243
-2.073
-2.403
-2.612
-3.756
-2.875
-3.614
-3.921
-1.910
-2.302
-2.477
-2.539
-3.169
-1.716
-3.019
-2.879
-6.073
-3.130
-3.858
-2.145
-3.573
-3.816
-3.986
-3.351
-3.874
-1.376
-4.938
-3.197
-3.788
-1.595
-2.661
-0.445
-2.723
-0.902
-4.400
-1.925
-2.135
-3.259
-3.145
-2.230
-2.120
-2.609
-3.285
-1.712
-3.996
-3.247
-3.172
-3.574
-1.239
-1.458
-3.637
-3.268
-3.137
-1.910
-1.775
-2.739
-2.444
-5.110
-0.543
-0.113
-4.146
-3.733
-4.030
-2.488
-2.399
-3.820
-2.752
-4.531
-1.675
-0.243
-2.349
-1.534
-3.116
-1.319
-0.474
-3.971
-3.443
-4.137
-1.113
-0.835
-1.768
-2.128
-3.766
0.475
-1.393
-2.646
-2.937
-3.372
-2.172
-0.647
-3.761
-2.829
-3.337
-1.350
-2.127
-2.746
-4.283
-5.068
-3.997
-2.484
-4.012
-3.698
-3.802
-2.900
-1.215
-3.985
-4.107
-4.750
-3.979
-0.124
-3.827
-4.026
-4.544
-4.386
-3.016
-0.729
-5.263
-1.779
-4.151
0.174
-3.271
-3.271
-2.915
-3.171
-0.984
-1.850
-4.857
-3.614
-4.414
-2.627
-3.588
-3.609
-3.639
-3.085
-1.085
-2.670
-3.861
-2.820
-3.039
-3.345
-3.741
-3.137
-2.074
-5.983
-3.059
-4.269
-1.909
-5.608
-1.818
-3.014
-3.337
-1.241
-4.102
-0.838
-1.002
-2.637
0.075
-3.689
-1.356
-2.252
-3.553
-4.679
-3.139
-1.996
-3.074
-1.848
-2.795
-4.224
-2.431
-3.262
-0.792
-3.701
-4.326
-1.348
-2.485
-2.694
-3.973
-2.778
-2.636
-2.703
-3.154
-2.286
-3.855
-2.219
-1.498
-4.176
-2.055
-2.751
-3.423
-1.774
-4.028
-1.573
-4.441
-3.103
-1.616
-1.253
-3.979
-4.617
-2.391
-3.095
0.654
-3.103
-2.748
-0.159
-3.145
-1.371
-2.519
-1.880
-1.110
-3.014
-1.329
-2.246
-3.595
-2.810
-2.496
-1.691
-2.637
-0.727
-1.198
-4.431
-1.562
-2.337
-4.288
-1.816
-3.939
-1.709
0.183
-0.681
-3.686
-5.672
-2.423
-3.743
-4.142
-0.310
-2.802
-2.453
-2.615
-4.849
-2.585
-3.967
-1.693
-2.535
-4.080
-2.298
-3.895
-1.370
3.704
-2.675
2.059
-1.096
-1.254
1.253
-3.393
-0.625
-2.622
-1.065
2.596
-3.124
0.485
-0.537
-0.931
1.285
-4.412
1.204
-2.132
-2.977
1.161
-3.256
-0.470
-2.411
-0.335
1.250
-1.458
0.006
-1.331
-0.507
0.016
-1.786
1.438
-3.003
-2.117
0.528
-0.839
-0.875
-1.183
0.628
0.417
-1.652
0.695
-2.229
-2.532
-0.826
-2.560
0.319
-1.438
-2.506
-4.766
-2.354
0.262
-3.047
-3.167
-4.165
-3.296
0.165
-1.813
-2.283
-4.492
-2.135
-2.915
-3.741
-2.583
-4.735
-2.406
-1.540
-2.851
-4.039
-5.126
-3.321
-1.060
-3.251
-0.939
-6.725
-2.528
-1.401
-3.683
-2.380
-4.702
-3.603
-1.275
-2.413
-1.258
-4.631
-3.074
-0.772
-3.554
-1.154
-5.735
-3.093
0.478
-2.292
-2.524
-5.641
-2.550
-1.039
-4.508
-1.166
-1.790
-2.393
-3.578
-4.942
-0.266
-2.694
-4.605
-3.270
-4.814
0.295
-2.222
-4.415
-2.303
-3.974
-1.489
-2.593
-4.652
-2.192
-3.951
0.137
-1.553
-3.799
-1.853
-4.695
1.727
-2.137
-2.037
-1.014
-3.822
-0.344
-2.505
-2.838
-1.245
-3.128
-0.952
-1.287
-3.150
-1.338
-4.613
0.066
-3.830
-2.767
-4.216
-3.284
0.318
-1.339
-2.582
-0.323
-4.254
-3.340
-0.453
-0.627
-2.461
2.407
-3.575
-1.466
-1.883
-4.797
-1.047
-2.018
-0.349
-1.051
-3.621
-1.530
-1.676
-1.042
-2.082
-3.572
-1.952
-1.347
-1.296
-1.192
-1.149
-1.029
-0.812
0.767
-3.195
-1.277
-2.240
-0.737
-0.559
-1.150
-0.651
-0.330
-2.251
0.574
-5.088
-3.528
-1.028
-1.614
-1.404
-3.366
-2.680
-3.098
-2.490
-1.936
-2.397
-3.248
-0.661
-2.555
1.931
-1.144
-2.446
-2.944
-1.224
-1.893
-1.233
-1.768
-3.321
-1.540
-0.157
-0.616
-1.971
-1.291
-0.470
0.361
-0.911
-2.161
-3.089
-1.012
-0.727
-0.821
-2.453
-4.147
-2.368
1.004
-0.950
-3.540
-2.670
-1.157
-1.489
-0.900
-1.959
-2.312
-1.626
2.123
-1.173
-0.626
-3.314
-1.761
1.718
-1.398
-0.415
-3.508
-2.414
-0.092
0.842
-2.584
-3.248
-4.442
-3.890
-2.826
-1.111
-4.281
-3.213
-1.389
-4.891
-2.307
-2.389
-3.983
-2.599
-5.593
-3.244
-2.806
-1.708
-3.717
-2.806
-5.106
-1.823
-3.649
-4.444
-2.538
-6.229
-4.595
-3.673
-4.714
-0.888
-3.765
-3.877
-4.922
-2.055
-3.402
-4.262
-2.312
-3.413
-4.796
-3.095
-1.890
-4.626
-0.717
-1.196
-4.330
-0.877
-0.964
-4.320
-1.673
-1.227
-5.160
-1.410
-1.939
-5.347
-2.715
-3.668
-5.207
-2.105
-3.192
-4.302
-1.879
-1.148
-2.038
-4.477
-2.069
-3.431
-5.056
-2.615
-3.059
-5.820
-1.608
-2.781
-4.128
-0.577
-4.577
-4.312
-3.008
-2.252
-6.080
-2.729
-3.357
-4.059
-1.679
-3.076
-4.016
-3.462
-3.906
-3.038
-3.241
-3.287
-4.290
-1.352
-2.447
0.148
-3.936
-2.607
-2.436
-6.586
-2.158
-1.136
-3.663
-1.279
-3.445
-4.489
-1.745
-1.449
-5.929
-0.271
-1.937
-4.952
-1.414
-0.711
-4.306
-1.658
-0.929
-3.895
-1.254
-0.967
-5.871
-0.865
-2.249
-2.908
-4.511
-2.913
-2.167
-3.409
-1.991
-1.925
-1.984
-3.024
-4.111
-2.208
-2.752
-2.638
-4.239
-2.281
-1.298
-1.506
-4.848
-2.444
-3.219
-2.369
-1.027
-2.113
-0.833
-0.653
-2.948
-3.252
-2.079
-4.139
-1.735
-1.781
-2.459
-0.060
-1.940
-2.138
-1.293
-2.462
-0.613
0.210
-2.462
-1.187
-0.720
-0.930
-2.209
-0.136
-4.119
-2.129
-0.265
-3.423
-1.764
0.321
-2.425
-1.700
-0.523
-2.032
-3.134
-0.777
-2.140
-1.189
0.992
-2.557
