-4.629
-4.822
-2.216
-4.487
-3.264
-3.699
-3.454
-4.498
-3.173
-5.486
-3.145
-3.732
-4.898
-4.364
-3.505
-6.090
-3.206
-3.106
-2.119
-3.630
-4.825
-3.078
-2.226
-2.513
-4.735
-2.950
-2.921
-3.126
-1.183
-2.858
-3.615
-3.203
-3.693
-2.315
-4.334
-3.035
-2.700
-3.358
-2.313
-4.482
-0.526
0.175
2.706
-3.398
1.725
-1.612
2.634
-1.172
2.492
-3.163
-1.786
-0.888
0.654
-2.314
0.083
-3.946
1.697
-3.081
3.213
-2.274
3.078
-3.550
1.847
-2.769
2.586
-3.372
2.328
-3.850
4.052
-3.317
4.757
-1.696
4.643
-1.916
4.039
-2.475
2.991
-2.527
1.304
-1.277
4.903
-4.456
-3.682
-3.350
5.096
-4.500
-2.786
-1.210
4.292
-4.952
-5.673
-2.266
-0.253
-3.556
-3.421
-3.638
4.936
-4.168
-4.197
-0.478
3.050
-3.740
-1.508
-1.279
2.979
-1.574
-2.621
-1.936
2.374
-3.687
-3.353
0.381
4.653
-4.529
-4.568
-1.553
4.611
-4.534
-4.276
-0.389
-1.551
-3.786
-2.104
-3.949
-0.680
-3.455
-3.860
-4.551
-0.286
-3.914
-3.548
-4.335
-0.064
-1.930
-2.908
-4.062
-0.829
-3.126
-3.298
-6.043
2.142
-3.371
-3.351
-4.140
1.114
-2.551
-4.802
-4.424
-0.430
-3.872
-5.503
-4.305
0.237
-2.753
-4.289
-3.883
-0.982
-1.633
-1.888
-3.547
-0.831
-1.708
-1.201
-2.313
2.592
-3.277
-1.795
-3.046
1.422
-3.533
-2.587
-2.929
3.263
-3.137
-3.028
-3.001
2.896
-4.136
-2.944
-2.604
0.914
-2.854
-2.996
-2.813
2.456
-2.001
-2.254
-2.289
0.864
-2.578
-1.348
-1.183
-0.663
-1.480
-3.007
-2.095
-0.244
-2.871
-1.606
-2.727
-2.697
0.606
-0.282
-0.356
-1.812
-1.749
-1.281
1.576
-3.115
-1.794
-1.688
0.233
-4.442
-0.933
-2.798
0.990
-2.526
-2.276
-1.763
3.636
-2.069
-0.635
-2.686
1.011
-4.672
-2.624
-2.116
2.118
-2.852
-1.766
-2.146
3.405
-2.429
-1.920
-3.596
0.795
-3.876
-1.434
-2.295
-0.194
-1.102
-0.639
-2.375
-5.164
0.616
-2.514
-3.989
-3.018
1.546
0.717
-2.126
-1.814
-0.397
-1.550
-1.983
-2.504
0.684
-2.679
-2.757
-2.329
1.444
0.017
-2.904
-3.889
0.662
-2.873
-4.472
-2.126
-2.765
-1.517
-2.470
-1.510
2.021
-0.362
-3.212
-4.173
-0.861
-2.096
-3.524
-4.387
-4.674
-3.330
2.345
-1.529
-2.261
-2.040
0.788
-2.360
-3.967
-2.299
0.330
-2.882
-3.206
-2.830
1.303
-1.201
-0.280
-3.524
1.171
1.121
-4.187
-3.307
1.618
-0.988
-2.873
-2.801
-0.142
-2.615
-2.607
-2.360
1.641
-2.212
-0.995
-3.002
0.544
-1.352
-0.188
-1.427
-0.687
0.042
0.467
-3.314
-3.187
-2.575
-0.497
-2.041
-0.887
-1.561
1.269
-2.888
-5.943
-1.742
0.921
-4.709
-2.898
-1.953
0.430
-4.747
-3.979
-2.109
0.097
-4.717
-4.221
-2.943
-1.514
-5.238
-1.332
-1.805
-0.176
-3.496
-3.655
-0.290
0.401
-3.751
-2.806
-1.897
-0.976
-3.874
-3.475
-0.818
-1.077
2.263
-2.853
-2.852
-1.425
2.618
-3.287
-1.739
-1.457
2.904
-4.335
-3.778
0.351
0.908
-4.083
-2.991
-1.265
2.519
-3.320
-0.241
-2.764
2.813
-3.170
-2.416
-3.301
-1.327
-3.721
-3.827
-1.032
1.320
-4.167
-1.733
-0.516
1.402
-3.426
-2.170
-2.009
0.637
-4.524
-2.874
-4.938
-2.642
-3.877
-4.276
-3.474
-4.450
-3.797
-3.439
-2.935
-4.373
-3.612
-4.974
-5.471
-3.934
-4.850
-3.593
-3.911
-4.904
-5.039
-2.746
-3.628
-5.345
-3.443
-4.568
-3.566
-1.537
-4.957
-2.612
-2.465
-5.713
2.087
-1.864
-2.249
4.296
-3.039
-4.410
3.345
-1.811
-2.987
3.746
-1.324
-3.148
2.022
-5.332
-3.509
3.126
-3.183
-4.526
2.513
-1.946
-3.432
3.809
-3.840
-3.573
2.903
-2.608
-3.286
3.691
-1.485
-4.170
1.353
-4.202
-6.125
1.518
-1.322
-3.800
0.283
-0.823
-2.145
1.071
0.748
-3.054
0.174
-2.824
-2.975
0.984
-0.438
-1.839
-1.334
-2.363
-1.921
-2.699
-2.593
-2.280
1.469
0.242
-3.330
-1.138
-2.316
-3.233
1.677
-1.491
-0.978
1.270
-1.583
-1.948
2.478
-2.652
-2.335
3.370
-0.349
-2.134
1.462
-1.958
0.059
0.547
-0.966
-2.649
1.638
-0.854
-2.243
3.285
-2.518
-0.224
2.450
0.083
-0.410
3.250
-3.009
-2.303
-0.565
-4.069
1.298
-1.547
-4.591
-0.762
-0.607
-6.220
0.006
0.865
-5.132
0.111
-1.400
-5.821
-0.947
1.321
-4.573
-1.035
0.964
-5.503
0.251
-1.335
-4.017
-0.879
0.750
-5.245
-0.316
-0.917
-5.951
0.281
2.498
-3.707
-2.347
3.740
-3.102
-1.462
3.583
-1.875
-0.951
2.514
-3.161
-1.742
1.176
-1.416
1.469
1.960
-1.350
-1.481
1.632
-1.061
-1.470
1.426
-1.030
0.152
2.538
-2.775
-0.926
2.318
-1.114
-2.098
-3.437
-3.205
-4.645
5.681
-0.545
-1.650
-1.992
-2.057
4.023
-2.270
-3.168
-3.626
-3.529
4.243
-1.017
-2.645
-2.373
-3.209
2.029
-1.578
-2.287
-4.899
-3.622
2.004
0.228
-3.596
-3.485
-4.445
5.270
-1.915
-1.344
-3.987
-3.825
4.072
-0.359
-2.750
0.031
-2.156
-0.583
-2.645
-1.583
-1.762
-3.241
3.143
-1.974
-2.475
-2.507
-4.291
1.011
-3.028
-3.592
-3.155
-3.312
1.991
-1.813
-3.681
-3.382
-3.546
-0.731
-2.284
-2.821
-2.309
-5.159
1.294
-1.851
-4.559
-3.741
-3.841
1.054
-2.457
-4.104
-3.085
-4.850
1.091
-1.506
-2.342
-1.655
-2.774
0.213
-2.237
-3.462
-3.181
-3.972
0.584
-1.391
-1.291
-1.719
-3.719
0.374
-3.141
-2.513
-2.901
-2.830
-1.323
-1.227
-3.842
-3.043
-3.154
-0.284
-2.762
-3.236
-3.296
-4.801
-3.679
1.938
-4.011
-3.127
-3.394
-5.255
1.622
-4.097
-4.472
-4.497
-4.022
1.988
-3.218
-2.729
-3.835
-6.005
2.113
-0.514
-5.141
-1.638
-4.492
3.101
-3.263
-3.419
-2.738
-3.983
3.242
-2.168
-4.508
-3.684
-5.191
1.889
-3.149
-3.557
-2.987
-3.447
2.044
-2.936
-3.171
-2.279
-4.442
1.437
-3.797
-3.219
-2.283
-2.547
1.675
-4.118
-1.679
-6.195
3.825
-4.161
-3.352
-0.779
-3.937
2.729
-3.048
-3.070
0.414
-3.458
3.392
-2.944
-4.277
-4.176
-2.989
1.360
-2.006
-2.147
-2.001
-3.525
0.597
-3.483
-1.054
-2.303
-3.827
1.137
-2.606
-2.944
-3.173
-2.597
0.349
-2.241
-3.211
-1.115
-3.555
3.929
-2.678
-4.094
-1.551
-2.600
2.366
-2.760
-4.019
-1.582
-4.526
3.138
-2.262
-1.498
-4.083
-5.347
-1.274
-5.066
0.668
-3.564
-3.527
-2.925
-5.966
-0.717
-1.862
-2.007
0.829
-5.847
-0.736
-2.147
-4.260
-0.118
-5.187
-1.342
-2.204
-0.347
-2.288
-6.438
-1.003
-2.654
-3.954
0.197
-5.485
-1.415
0.196
-0.933
-2.454
-5.908
-1.927
-3.534
-5.146
1.396
-6.335
-2.026
-3.406
-5.152
-3.500
-5.336
-1.583
-3.563
-4.512
-3.397
-6.732
-0.360
4.453
-2.544
1.259
-1.224
-1.263
1.821
-2.996
-1.084
-2.489
-0.926
3.530
-2.745
-0.069
-0.387
-1.183
2.197
-4.149
0.954
-1.958
-2.701
1.413
-3.243
-0.721
-2.331
0.314
2.376
-1.701
-1.214
-1.382
0.322
1.286
-1.560
0.829
-2.891
-2.808
1.260
-0.776
-1.922
-1.277
0.984
0.614
-1.849
-0.139
-2.069
-2.601
0.570
-2.606
-0.073
-1.832
-3.026
-4.071
-2.522
2.556
-2.569
-4.045
-4.636
-3.135
2.959
-1.410
-2.893
-4.784
-2.147
-0.735
-3.573
-2.586
-4.332
-2.062
1.919
-2.268
-4.237
-4.873
-3.153
1.947
-2.786
-1.806
-6.008
-2.263
1.538
-3.274
-2.953
-4.069
-3.404
1.361
-2.029
-1.656
-3.481
-2.647
2.233
-2.954
-2.212
-5.312
-2.680
3.002
-1.787
-2.999
-5.277
-2.530
1.888
-4.218
2.292
-0.672
-2.107
-3.702
-4.648
3.414
-1.353
-4.048
-3.186
-4.480
3.219
-0.591
-3.869
-2.969
-3.498
1.757
-0.979
-4.145
-2.784
-3.675
3.000
0.017
-3.474
-1.849
-4.607
4.551
-0.844
-2.049
-1.890
-3.689
3.743
-0.570
-2.588
-2.342
-3.074
2.374
0.123
-3.049
-1.484
-4.334
2.506
-2.677
-2.867
-4.224
-3.182
3.049
-0.386
-2.398
-1.146
-4.109
-3.304
0.539
-0.810
-2.586
2.096
-2.812
0.552
-1.933
-3.745
-1.153
-1.366
2.299
-1.323
-3.997
-1.574
-1.349
2.422
-2.462
-3.815
-2.163
-1.665
1.985
-1.397
-1.134
-0.875
-0.708
3.192
-3.295
-1.724
-1.839
-1.123
2.961
-1.281
-1.059
-0.457
-1.904
3.519
-4.377
-2.455
-1.187
-2.610
1.245
-3.607
-3.027
-2.857
-2.601
1.326
-2.355
-2.782
-0.936
-0.525
2.703
-1.276
-2.969
-2.927
-0.478
0.321
-1.027
-2.665
-3.307
0.219
2.360
0.260
-2.145
-0.975
0.883
1.705
-0.386
-2.882
-2.804
0.450
1.145
-0.719
-2.917
-3.945
-1.138
2.036
-0.705
-3.868
-2.499
0.656
1.190
-0.527
-2.418
-2.260
-0.305
3.746
-0.855
-2.381
-3.099
-1.022
3.222
-0.818
-1.482
-3.428
-1.446
0.831
0.520
-3.412
-3.156
-4.433
-2.505
-2.633
-1.621
-5.089
-1.783
-1.699
-6.089
-1.764
-2.351
-5.684
-1.316
-5.709
-2.817
-0.518
-1.859
-3.858
-1.905
-5.685
-1.530
-3.548
-4.395
-2.842
-5.894
-5.099
-3.943
-3.238
-1.178
-2.945
-5.166
-4.329
4.952
-2.290
-4.210
3.453
-3.799
-4.652
4.445
-3.354
-4.089
6.271
-2.370
-4.480
5.329
-1.874
-4.030
4.892
-1.887
-4.852
3.892
-2.056
-4.709
2.743
-1.969
-4.833
4.513
-2.350
-4.222
5.208
-1.742
-1.343
-3.514
4.806
-3.312
-3.878
3.222
-2.342
-3.997
4.802
-1.804
-2.806
5.826
-3.902
-3.250
3.093
-2.253
-4.468
3.536
-3.044
-3.357
5.242
-2.762
-3.869
3.056
-3.334
-3.141
2.816
-2.569
-3.612
5.455
1.339
0.205
-3.880
1.111
-1.855
-6.323
-0.579
-1.195
-3.265
1.180
-3.397
-4.116
1.804
-1.911
-6.123
2.206
-2.192
-4.649
1.454
-0.280
-3.950
1.593
-0.798
-3.892
1.960
-0.535
-5.666
1.929
-1.482
-2.648
-2.988
-3.145
-2.017
-1.101
-2.534
-2.042
-1.285
-2.860
-4.062
-0.810
-2.041
-2.864
-2.352
-1.275
-1.267
-1.468
-4.691
-2.585
-1.287
-1.668
-1.164
-0.307
-0.723
-0.825
-2.295
-2.643
-2.274
-2.206
-0.341
-1.406
3.536
-1.201
-1.895
2.310
-2.258
-2.718
3.997
-0.582
-2.380
2.974
-1.122
-0.597
3.525
-1.183
-4.250
2.978
-1.601
-3.606
2.638
-1.173
-2.145
2.542
-1.806
-1.808
1.929
-1.655
-2.085
4.108
-0.111
-2.656
