-3.381
-1.777
-2.321
-2.929
-2.075
-1.835
-4.347
-1.272
-1.043
-1.114
-0.575
-2.599
-2.187
-3.661
-0.053
-1.600
-2.797
-3.934
-1.141
-0.870
1.123
-0.772
-0.951
-2.086
-0.629
-1.331
-1.021
0.333
-1.318
-2.147
1.566
-1.096
-1.046
-0.662
1.757
-0.860
-0.576
1.863
0.732
0.955
-3.242
0.707
-4.111
-3.816
0.423
-2.663
-3.273
1.381
-1.880
-3.271
1.690
-3.849
-2.702
1.186
-3.466
-4.661
1.808
-3.861
-4.284
1.023
-1.635
-3.259
1.265
-2.127
-3.213
-1.123
-4.468
-3.111
-0.783
-4.464
-2.386
-1.533
-4.967
-1.145
-1.177
-4.536
-2.497
-2.083
-3.569
-0.478
-2.784
-1.851
-4.199
-1.785
-1.502
-4.489
0.314
-2.676
-1.109
-3.827
-1.796
-1.077
-1.390
-3.536
-0.276
-0.100
-2.255
-3.380
-0.372
-2.815
-3.748
-3.532
-3.636
-3.911
-3.242
-4.618
-3.860
-3.211
-3.198
-4.498
-3.184
-4.050
-3.454
-2.433
-5.112
-3.780
-4.084
-4.323
-3.473
-1.936
-3.286
-3.285
-1.267
-2.594
-4.886
-1.965
-4.137
-4.244
-1.940
-4.510
-3.439
-5.439
-4.027
-4.290
-2.147
-0.978
-2.654
-4.735
-3.829
-2.741
-3.512
-1.401
-3.449
-3.491
-2.706
-4.002
-5.282
-4.830
-3.078
-4.692
-2.321
-3.504
-3.464
-3.933
-3.748
-4.223
-3.180
-4.319
-3.923
-4.408
-1.684
-3.698
-0.080
-1.026
-3.959
1.590
-0.210
-1.209
-1.645
-0.442
-3.921
-1.602
-1.514
-2.024
-0.883
-2.050
-1.863
-1.005
-0.235
-2.629
0.548
-2.971
-3.509
-0.272
-1.974
-3.965
-1.704
-2.268
-3.410
-1.833
-2.213
-4.209
-0.475
-2.848
-4.273
1.373
-3.484
-4.426
0.673
-2.038
-2.209
1.367
-4.516
-4.067
0.145
-4.097
-4.445
-0.235
-3.742
-4.394
1.145
-3.102
-4.789
-0.959
-4.071
-4.367
-1.228
-3.884
-3.069
1.288
-1.866
-5.108
-3.539
0.079
-2.573
-1.842
-0.848
-5.321
-1.151
-0.306
-3.751
-2.538
-0.229
-3.052
-3.009
0.182
-3.047
-2.181
-0.868
-3.563
-2.700
-0.968
-3.786
-1.475
-0.301
-3.262
-1.479
-3.061
-3.223
-2.427
-2.336
-4.055
-3.737
-1.254
-2.277
-0.633
-1.968
-3.773
-2.880
-1.852
-3.886
-3.679
-1.790
-2.930
-3.251
-1.370
-4.164
-2.267
-1.092
-1.733
-3.399
-1.276
-2.942
-3.060
-1.125
-4.591
-4.134
-1.619
-3.005
-1.519
-2.031
-2.823
-0.336
-2.413
-2.740
-3.086
-3.977
-2.433
-3.888
-0.625
-2.000
-3.130
-2.348
-1.681
-1.673
-2.584
-1.387
-3.730
-1.401
-2.496
-0.637
-2.579
0.184
-2.161
-0.148
-3.833
0.474
-2.103
0.909
-2.924
0.216
-2.227
-1.092
-3.210
-0.473
-2.897
-3.515
-2.975
-2.898
-3.771
-4.728
-2.618
-3.156
-4.336
-3.721
-1.545
-3.509
-1.983
-4.351
-3.319
-4.862
-1.836
-4.976
-4.937
-3.951
-2.398
-4.845
-4.166
-4.842
-3.156
-1.887
-2.309
-0.821
0.015
-2.026
-0.836
-1.657
-1.483
-0.286
-2.292
-0.514
-1.076
-3.329
-1.327
-1.468
-1.601
-1.196
-2.891
-2.943
-2.780
-1.843
-3.041
-0.325
-1.051
-1.561
-2.861
-1.389
-0.404
0.911
-2.036
-2.731
-3.330
-2.636
-1.435
-2.089
-1.572
-2.518
-2.384
-0.911
-2.270
-1.034
-4.998
-2.198
-2.899
-3.593
-1.327
-1.395
-2.793
-0.507
-3.383
-2.153
-4.206
-2.139
-3.406
-1.151
-2.650
-3.102
-2.491
-2.158
-4.824
-1.740
-2.198
-2.349
-2.793
-1.298
-3.420
-3.165
-3.315
-2.838
-1.621
-2.839
-2.813
-1.621
-3.033
-2.529
-4.486
-2.812
-2.071
-3.111
-2.691
-1.401
-2.347
-3.314
-3.286
-2.782
-4.037
-2.853
-2.279
-1.907
-1.878
-2.546
-4.557
-3.627
-3.312
-3.851
-4.570
-2.573
-3.069
-1.811
-2.447
-4.416
-5.012
-5.881
-1.768
0.044
-2.204
-3.139
-3.253
-2.165
-2.580
-5.103
-4.507
0.060
-3.191
-5.568
-5.333
-0.397
-3.240
-4.232
-2.221
-0.641
-2.649
-3.396
-4.018
-1.743
-2.454
-5.270
-3.771
-2.064
-3.255
-4.728
-4.224
0.017
-3.883
-5.444
-5.855
-2.200
-1.360
-5.208
-3.773
-1.896
-0.941
-3.386
-1.420
-0.983
-4.449
-2.766
-1.187
-2.268
-4.978
-3.109
-2.191
-2.474
-2.915
-2.443
-3.992
-2.667
-3.482
-3.666
-1.836
-0.752
-3.862
-4.642
-0.717
-2.143
-3.152
-4.370
-1.316
-0.698
-2.861
-4.397
-2.458
-2.388
-4.950
-4.252
-1.915
-3.900
-3.034
-4.044
-2.030
-2.681
0.784
-5.038
-3.398
-3.341
-0.618
-3.020
-2.020
-4.140
-2.045
-3.363
-3.121
-2.786
-1.161
-4.079
-3.205
-2.867
-0.606
-3.397
-2.882
-3.497
-0.676
-4.362
-2.677
-4.385
-0.542
-4.305
-1.934
-3.286
-0.878
-3.612
-3.789
-2.907
-0.403
-4.237
-2.522
-2.333
-1.735
-3.300
-3.524
-0.618
-1.585
-3.454
-2.106
-1.555
-1.455
-1.969
-2.707
0.109
-1.975
-3.256
-3.055
0.446
-2.467
-0.893
-2.367
0.849
-2.210
-1.455
-2.410
-0.076
-1.927
-1.598
-2.840
-0.070
-1.812
-1.475
-2.404
-0.495
-5.841
-1.446
-1.976
0.537
-2.621
-2.402
-3.877
-0.193
-2.799
-2.072
-2.099
-1.647
-2.960
-2.728
-2.269
-2.117
-4.195
-3.380
-4.492
-2.718
-2.532
-3.105
-2.823
0.349
-4.512
-2.706
-2.785
-1.166
-2.277
-2.570
-3.005
-1.820
-1.624
-3.153
-2.843
-2.338
-2.826
-4.101
-2.183
-1.345
-3.614
-2.657
-3.963
-1.948
-2.522
-2.967
-3.560
-2.988
-2.490
-1.995
-4.418
-1.240
-3.806
-0.848
-3.605
-0.721
-3.272
-0.785
-1.933
-1.214
-3.542
-1.467
-2.742
-0.571
-3.617
-0.969
-4.084
-2.418
-4.408
-1.785
-1.925
-1.311
-3.373
0.055
-1.867
-1.894
-1.777
-1.434
-1.855
-0.870
-2.411
-2.060
-3.684
-3.384
-3.143
-2.980
-1.929
-2.071
-4.288
0.540
-1.586
-4.087
-1.952
-2.533
-1.584
-4.174
-1.056
-2.065
-2.840
-3.705
-1.424
-2.124
-1.399
-4.147
-0.542
-4.080
-1.469
-2.985
-1.159
-2.384
-0.894
-3.633
-1.688
-1.908
-2.176
-2.389
-0.623
-2.618
-1.223
-3.695
-1.086
-3.373
-2.716
-3.913
-0.978
-2.238
-1.866
-3.110
-3.416
-2.458
-1.520
-0.124
-2.427
-0.824
-4.991
-1.905
-0.413
-2.495
-4.685
-0.805
-2.151
-0.208
-4.488
-1.922
-2.353
-1.677
-4.416
-1.774
-1.547
-1.815
-4.597
-1.177
-0.086
-0.217
-2.992
-1.879
-3.362
-1.527
-5.408
-2.275
-2.321
-0.115
-4.338
-1.496
-1.368
-0.507
-4.760
-1.376
-1.439
-1.216
-2.194
-0.169
-1.657
-1.751
-2.891
0.050
-1.282
-3.515
-3.742
-0.920
-1.759
-2.985
-2.354
-1.909
-2.208
-4.114
-3.972
-0.140
-0.451
-3.538
-2.436
-1.229
-1.674
-3.798
-1.104
0.030
0.472
-3.501
-1.429
-2.365
-1.835
-3.680
-2.827
-0.452
-3.524
-2.642
-3.531
-0.373
-2.069
-2.894
-3.485
-2.596
-2.896
-2.923
-4.100
-1.924
-2.951
-3.290
-3.974
-2.506
-3.594
-3.030
-4.284
-2.373
-2.888
-3.379
-3.120
-3.620
-1.956
-4.571
-4.873
-2.818
-1.597
-1.909
-2.659
-2.511
0.320
-4.007
-1.010
-1.205
-1.487
-3.364
-0.632
-3.809
-1.055
-1.933
-0.121
-3.658
-0.232
-2.931
-0.181
-3.094
-0.682
-2.624
-1.126
-2.343
-3.075
-2.132
-2.240
-1.241
-1.593
-2.298
-1.876
-2.905
-1.895
-3.404
0.146
-3.114
-3.200
-3.008
-2.384
-3.715
-2.837
-4.443
-2.538
-3.860
-1.490
-3.210
-2.383
-3.324
-1.480
-3.536
-1.427
-2.128
-2.250
-2.125
-2.058
-3.075
-3.152
-2.112
-1.154
-3.564
-2.638
-5.582
-2.420
-2.392
-1.081
-2.156
-1.425
-1.558
-1.678
-2.424
-2.623
-2.732
-0.254
-3.866
-0.236
-4.849
-0.935
-2.672
-2.344
-4.834
-1.791
-4.239
-1.735
-1.893
-2.418
-2.242
-2.492
-3.781
-3.477
-3.694
-2.551
-2.448
-4.153
-4.566
-2.381
-1.966
-3.418
-3.796
-2.822
