4.484
5.623
4.583
5.541
3.568
4.604
2.416
6.320
4.887
4.643
6.151
5.765
7.139
1.058
5.742
5.274
6.533
3.822
5.429
3.899
6.218
5.018
6.156
5.330
6.779
4.562
5.314
6.472
6.747
4.244
4.346
3.182
2.402
2.508
3.425
1.546
1.764
3.399
4.683
3.567
4.846
6.302
5.720
6.346
6.214
6.673
5.601
6.942
6.359
4.699
6.115
6.731
3.011
2.058
1.962
4.133
-1.161
4.316
5.748
3.457
-1.955
0.038
-1.186
-0.381
-1.854
-1.157
0.542
-1.017
-2.404
-0.201
3.579
3.464
3.407
-0.528
2.415
3.863
2.019
1.538
3.675
2.970
2.194
3.998
3.260
1.683
2.886
4.111
2.242
3.810
4.008
3.907
1.569
3.819
4.470
1.512
3.133
2.833
3.259
2.567
3.819
3.037
2.360
2.215
4.169
3.239
2.023
1.891
2.600
2.379
2.518
2.937
4.609
3.275
2.717
2.674
3.103
2.631
3.466
4.213
2.212
3.143
3.922
3.070
2.689
4.037
3.744
1.987
3.522
2.334
3.326
2.945
2.191
1.627
3.821
2.224
1.252
1.927
1.075
2.714
0.391
1.650
3.672
4.446
5.715
0.416
3.999
3.236
3.058
5.108
4.374
3.960
3.965
3.707
2.466
3.180
3.076
2.960
3.150
3.448
2.017
2.783
4.689
3.445
3.984
1.897
4.518
6.192
4.079
2.993
3.917
4.757
4.415
3.931
0.811
3.592
2.746
2.988
2.493
4.158
-0.666
2.606
3.077
6.224
6.401
5.755
6.427
6.662
5.780
6.198
4.621
0.486
-0.397
4.696
6.913
6.351
5.091
5.948
5.050
6.053
4.034
3.714
1.004
3.553
2.682
1.740
1.764
2.037
3.123
2.832
3.998
3.895
4.617
5.923
4.123
6.396
6.209
6.148
4.649
5.854
5.809
5.484
0.280
0.257
0.091
-0.661
0.126
0.070
0.445
0.663
-0.354
0.708
6.279
5.817
6.348
4.445
8.016
6.442
5.100
6.613
7.018
8.063
4.895
4.413
2.454
1.181
3.804
3.952
4.189
3.785
3.633
3.650
8.046
7.064
6.998
7.457
6.815
8.026
5.917
6.636
6.444
3.617
4.592
4.205
6.304
4.916
6.391
4.563
5.739
6.029
4.517
4.133
5.393
5.880
6.369
4.998
4.975
5.559
4.789
2.748
4.071
5.088
1.688
1.498
1.705
2.563
2.391
3.008
2.480
1.858
1.667
2.729
0.834
0.396
2.306
1.711
1.141
1.849
1.585
-1.727
0.735
1.049
5.773
6.177
7.490
2.112
6.670
6.692
7.604
5.415
5.769
2.345
3.903
2.312
2.583
3.538
2.750
2.437
2.598
3.421
2.288
4.657
4.179
4.084
4.102
5.423
4.583
2.617
4.380
2.586
4.064
4.355
3.364
6.216
3.992
2.014
4.089
5.985
5.062
5.521
3.494
6.768
