-4.613
-4.939
-2.117
-4.546
-3.228
-3.656
-3.304
-4.570
-3.092
-5.470
-3.119
-3.776
-4.835
-4.469
-3.425
-6.094
-3.161
-3.112
-2.035
-3.731
-4.873
-3.202
-2.125
-2.455
-4.638
-3.174
-3.026
-3.214
-1.022
-3.004
-3.453
-3.419
-3.555
-2.419
-4.291
-3.180
-2.844
-3.292
-2.331
-4.472
-0.560
0.239
2.656
-3.463
1.662
-1.619
2.616
-1.184
2.453
-3.082
-1.807
-0.904
0.572
-2.303
0.018
-3.881
1.653
-3.009
3.153
-2.314
3.018
-3.535
1.806
-2.865
2.544
-3.310
2.260
-3.862
3.996
-3.388
4.713
-1.773
4.598
-1.916
4.020
-2.490
2.932
-2.575
1.276
-1.243
4.889
-4.456
-3.682
-3.350
5.109
-4.500
-2.786
-1.210
4.201
-4.952
-5.673
-2.266
-0.294
-3.556
-3.421
-3.638
4.830
-4.168
-4.197
-0.478
3.015
-3.740
-1.508
-1.279
2.965
-1.574
-2.621
-1.936
2.350
-3.687
-3.353
0.381
4.592
-4.529
-4.568
-1.553
4.564
-4.534
-4.276
-0.389
-1.668
-3.786
-2.104
-3.949
-0.800
-3.455
-3.860
-4.551
-0.439
-3.914
-3.548
-4.335
-0.221
-1.930
-2.908
-4.062
-1.001
-3.126
-3.298
-6.043
1.993
-3.371
-3.351
-4.140
0.974
-2.551
-4.802
-4.424
-0.576
-3.872
-5.503
-4.305
0.082
-2.753
-4.289
-3.883
-1.132
-1.633
-1.888
-3.547
-0.786
-1.708
-1.201
-2.313
2.583
-3.277
-1.795
-3.046
1.418
-3.533
-2.587
-2.929
3.248
-3.137
-3.028
-3.001
2.956
-4.136
-2.944
-2.604
0.901
-2.854
-2.996
-2.813
2.438
-2.001
-2.254
-2.289
0.839
-2.578
-1.348
-1.183
-0.670
-1.480
-3.007
-2.095
-0.213
-2.871
-1.606
-2.727
-2.661
0.606
-0.282
-0.356
-1.774
-1.749
-1.281
1.576
-3.042
-1.794
-1.688
0.233
-4.414
-0.933
-2.798
0.990
-2.563
-2.276
-1.763
3.636
-2.029
-0.635
-2.686
1.011
-4.622
-2.624
-2.116
2.118
-2.822
-1.766
-2.146
3.405
-2.394
-1.920
-3.596
0.795
-3.874
-1.434
-2.295
-0.194
-1.028
-0.639
-2.375
-5.164
0.674
-2.514
-3.989
-3.018
1.619
0.717
-2.126
-1.814
-0.308
-1.550
-1.983
-2.504
0.767
-2.679
-2.757
-2.329
1.520
0.017
-2.904
-3.889
0.722
-2.873
-4.472
-2.126
-2.782
-1.517
-2.470
-1.510
2.109
-0.362
-3.212
-4.173
-0.779
-2.096
-3.524
-4.387
-4.666
-3.330
2.345
-1.529
-2.231
-2.040
0.788
-2.360
-3.954
-2.299
0.330
-2.882
-3.195
-2.830
1.303
-1.201
-0.242
-3.524
1.171
1.121
-4.183
-3.307
1.618
-0.988
-2.827
-2.801
-0.142
-2.615
-2.596
-2.360
1.641
-2.212
-1.005
-3.002
0.544
-1.352
-0.199
-1.427
-0.687
0.042
0.529
-3.314
-3.187
-2.575
-0.421
-2.041
-0.887
-1.561
1.347
-2.888
-5.943
-1.742
0.995
-4.709
-2.898
-1.953
0.499
-4.747
-3.979
-2.109
0.207
-4.717
-4.221
-2.943
-1.453
-5.238
-1.332
-1.805
-0.156
-3.496
-3.655
-0.290
0.467
-3.751
-2.806
-1.897
-0.898
-3.874
-3.475
-0.818
-1.074
2.263
-2.853
-2.852
-1.477
2.618
-3.287
-1.739
-1.505
2.904
-4.335
-3.778
0.375
0.908
-4.083
-2.991
-1.267
2.519
-3.320
-0.241
-2.745
2.813
-3.170
-2.416
-3.319
-1.327
-3.721
-3.827
-1.053
1.320
-4.167
-1.733
-0.524
1.402
-3.426
-2.170
-2.026
0.637
-4.524
-2.874
-4.938
-2.642
-3.877
-4.276
-3.474
-4.450
-3.797
-3.439
-2.935
-4.373
-3.612
-4.974
-5.471
-3.934
-4.850
-3.593
-3.911
-4.904
-5.039
-2.746
-3.628
-5.345
-3.443
-4.568
-3.566
-1.537
-4.957
-2.612
-2.465
-5.713
2.087
-1.864
-2.249
4.296
-3.039
-4.410
3.345
-1.811
-2.987
3.746
-1.324
-3.148
2.022
-5.332
-3.509
3.126
-3.183
-4.526
2.513
-1.946
-3.432
3.809
-3.840
-3.573
2.903
-2.608
-3.286
3.691
-1.485
-4.170
1.353
-4.202
-6.125
1.518
-1.322
-3.800
0.283
-0.823
-2.145
1.071
0.748
-3.054
0.174
-2.824
-2.975
0.984
-0.438
-1.839
-1.334
-2.363
-1.921
-2.699
-2.593
-2.280
1.469
0.242
-3.330
-1.138
-2.316
-3.233
-1.265
2.528
-2.519
-0.656
1.204
-2.838
-0.312
1.722
-3.634
1.036
3.310
-3.435
0.383
-0.300
-0.277
-2.246
2.334
-3.885
-0.958
2.297
-3.041
0.849
2.053
-1.918
0.687
2.108
-0.807
0.910
1.053
-3.179
-1.239
-2.713
0.642
-3.097
-3.114
-1.204
-2.306
-3.560
-1.089
0.275
-2.716
-0.855
-2.070
-4.308
-1.628
1.009
-2.390
-1.918
0.308
-3.302
-0.551
-0.919
-3.804
-0.836
-0.307
-3.015
-0.995
-1.346
-4.057
-1.001
-0.277
0.369
-3.003
0.648
1.758
-2.691
0.947
2.278
-1.821
-1.416
1.846
-2.797
-0.690
0.726
1.044
-0.021
1.683
-2.180
-0.255
1.357
-1.551
-1.334
1.946
-0.245
0.599
0.579
-1.724
-0.645
1.986
-2.153
-3.437
-3.205
-4.645
5.681
-0.545
-1.650
-1.992
-2.057
4.023
-2.270
-3.168
-3.626
-3.529
4.243
-1.017
-2.645
-2.373
-3.209
2.029
-1.578
-2.287
-4.899
-3.622
2.004
0.228
-3.596
-3.485
-4.445
5.270
-1.915
-1.344
-3.987
-3.825
4.072
-0.359
-2.750
0.031
-2.156
-0.583
-2.645
-1.583
-1.762
-3.241
3.143
-1.974
-2.475
-2.507
-4.291
1.011
-3.028
-3.592
-3.155
-3.312
1.991
-1.813
-3.681
-3.382
-3.546
-0.731
-2.284
-2.821
-2.309
-5.159
1.294
-1.851
-4.559
-3.741
-3.841
1.054
-2.457
-4.104
-3.085
-4.850
1.091
-1.506
-2.342
-1.655
-2.774
0.213
-2.237
-3.462
-3.181
-3.972
0.584
-1.391
-1.291
-1.719
-3.719
0.374
-3.141
-2.513
-2.901
-2.830
-1.323
-1.227
-3.842
-3.043
-3.154
-0.284
-2.762
-3.236
-3.296
-4.801
-3.679
1.938
-4.011
-3.127
-3.394
-5.255
1.622
-4.097
-4.472
-4.497
-4.022
1.988
-3.218
-2.729
-3.835
-6.005
2.113
-0.514
-5.141
-1.638
-4.492
3.101
-3.263
-3.419
-2.738
-3.983
3.242
-2.168
-4.508
-3.684
-5.191
1.889
-3.149
-3.557
-2.987
-3.447
2.044
-2.936
-3.171
-2.279
-4.442
1.437
-3.797
-3.219
-2.283
-2.547
1.675
-4.118
-1.679
-6.195
3.825
-4.161
-3.352
-0.779
-3.937
2.729
-3.048
-3.070
0.414
-3.458
3.392
-2.944
-4.277
-4.176
-2.989
1.360
-2.006
-2.147
-2.001
-3.525
0.597
-3.483
-1.054
-2.303
-3.827
1.137
-2.606
-2.944
-3.173
-2.597
0.349
-2.241
-3.211
-1.115
-3.555
3.929
-2.678
-4.094
-1.551
-2.600
2.366
-2.760
-4.019
-1.582
-4.526
3.138
-2.262
-1.498
-4.083
-5.347
-1.274
-5.066
0.668
-3.564
-3.527
-2.925
-5.966
-0.717
-1.862
-2.007
0.829
-5.847
-0.736
-2.147
-4.260
-0.118
-5.187
-1.342
-2.204
-0.347
-2.288
-6.438
-1.003
-2.654
-3.954
0.197
-5.485
-1.415
0.196
-0.933
-2.454
-5.908
-1.927
-3.534
-5.146
1.396
-6.335
-2.026
-3.406
-5.152
-3.500
-5.336
-1.583
-3.563
-4.512
-3.397
-6.732
-0.360
4.453
-2.544
1.259
-1.224
-1.263
1.821
-2.996
-1.084
-2.489
-0.926
3.530
-2.745
-0.069
-0.387
-1.183
2.197
-4.149
0.954
-1.958
-2.701
1.413
-3.243
-0.721
-2.331
0.314
2.376
-1.701
-1.214
-1.382
0.322
1.286
-1.560
0.829
-2.891
-2.808
1.260
-0.776
-1.922
-1.277
0.984
0.614
-1.849
-0.139
-2.069
-2.601
0.570
-2.606
-0.073
-1.832
-3.026
-4.071
-2.522
2.556
-2.569
-4.045
-4.636
-3.135
2.959
-1.410
-2.893
-4.784
-2.147
-0.735
-3.573
-2.586
-4.332
-2.062
1.919
-2.268
-4.237
-4.873
-3.153
1.947
-2.786
-1.806
-6.008
-2.263
1.538
-3.274
-2.953
-4.069
-3.404
1.361
-2.029
-1.656
-3.481
-2.647
2.233
-2.954
-2.212
-5.312
-2.680
3.002
-1.787
-2.999
-5.277
-2.530
1.888
-4.218
2.292
-0.672
-2.107
-3.702
-4.648
3.414
-1.353
-4.048
-3.186
-4.480
3.219
-0.591
-3.869
-2.969
-3.498
1.757
-0.979
-4.145
-2.784
-3.675
3.000
0.017
-3.474
-1.849
-4.607
4.551
-0.844
-2.049
-1.890
-3.689
3.743
-0.570
-2.588
-2.342
-3.074
2.374
0.123
-3.049
-1.484
-4.334
2.506
-2.677
-2.867
-4.224
-3.182
3.049
-0.386
-2.398
-1.146
-4.109
-3.304
0.539
-0.810
-2.586
2.096
-2.812
0.552
-1.933
-3.745
-1.153
-1.366
2.299
-1.323
-3.997
-1.574
-1.349
2.422
-2.462
-3.815
-2.163
-1.665
1.985
-1.397
-1.134
-0.875
-0.708
3.192
-3.295
-1.724
-1.839
-1.123
2.961
-1.281
-1.059
-0.457
-1.904
3.519
-4.377
-2.455
-1.187
-2.610
1.245
-3.607
-3.027
-2.857
-2.601
1.326
-2.355
-2.782
-0.936
-0.525
2.703
-1.276
-2.969
-2.927
-0.478
0.321
-1.027
-2.665
-3.307
0.219
2.360
0.260
-2.145
-0.975
0.883
1.705
-0.386
-2.882
-2.804
0.450
1.145
-0.719
-2.917
-3.945
-1.138
2.036
-0.705
-3.868
-2.499
0.656
1.190
-0.527
-2.418
-2.260
-0.305
3.746
-0.855
-2.381
-3.099
-1.022
3.222
-0.818
-1.482
-3.428
-1.446
0.831
0.520
-3.412
-3.156
-4.433
-2.505
-2.633
-1.621
-5.089
-1.783
-1.699
-6.089
-1.764
-2.351
-5.684
-1.316
-5.709
-2.817
-0.518
-1.859
-3.858
-1.905
-5.685
-1.530
-3.548
-4.395
-2.842
-5.894
-5.099
-3.943
-3.238
-1.178
-2.945
-5.166
-4.329
4.952
-2.290
-4.210
3.453
-3.799
-4.652
4.445
-3.354
-4.089
6.271
-2.370
-4.480
5.329
-1.874
-4.030
4.892
-1.887
-4.852
3.892
-2.056
-4.709
2.743
-1.969
-4.833
4.513
-2.350
-4.222
5.208
-1.742
-1.343
-3.514
4.806
-3.312
-3.878
3.222
-2.342
-3.997
4.802
-1.804
-2.806
5.826
-3.902
-3.250
3.093
-2.253
-4.468
3.536
-3.044
-3.357
5.242
-2.762
-3.869
3.056
-3.334
-3.141
2.816
-2.569
-3.612
5.455
1.339
0.205
-3.880
1.111
-1.855
-6.323
-0.579
-1.195
-3.265
1.180
-3.397
-4.116
1.804
-1.911
-6.123
2.206
-2.192
-4.649
1.454
-0.280
-3.950
1.593
-0.798
-3.892
1.960
-0.535
-5.666
1.929
-1.482
-2.648
-2.988
-3.145
-2.017
-1.101
-2.534
-2.042
-1.285
-2.860
-4.062
-0.810
-2.041
-2.864
-2.352
-1.275
-1.267
-1.468
-4.691
-2.585
-1.287
-1.668
-1.164
-0.307
-0.723
-0.825
-2.295
-2.643
-2.274
-2.206
-0.341
-1.406
3.536
-1.201
-1.895
2.310
-2.258
-2.718
3.997
-0.582
-2.380
2.974
-1.122
-0.597
3.525
-1.183
-4.250
2.978
-1.601
-3.606
2.638
-1.173
-2.145
2.542
-1.806
-1.808
1.929
-1.655
-2.085
4.108
-0.111
-2.656
