-8.060
-6.123
-1.514
-8.619
-2.328
-6.113
-6.571
-4.882
-4.449
-1.799
-5.672
-5.723
-5.986
-4.039
-3.697
-4.806
-6.818
-3.296
-2.291
-3.563
-0.117
-1.291
-2.032
-1.691
-1.621
0.919
0.699
0.002
-1.093
-0.499
1.472
3.489
1.989
4.180
2.044
0.626
-1.524
3.534
1.082
1.925
-6.554
0.367
-7.694
-5.297
2.249
-6.019
-4.963
1.406
-4.720
-3.366
1.846
-5.059
-5.915
1.356
-7.429
-5.040
1.219
-4.040
-6.592
0.128
-4.497
-3.216
0.527
-3.819
-3.630
-1.706
-5.568
-2.982
-2.137
-7.661
-1.211
-2.297
-5.862
-0.173
-0.502
-5.491
-0.762
-3.482
-4.811
2.414
-4.478
-2.729
-2.041
-3.485
-2.067
-3.330
-0.376
-3.177
-3.923
-3.913
-2.675
2.657
-1.761
-4.972
1.081
0.000
-3.588
-0.810
-1.142
-6.515
-6.798
-5.034
-5.955
-9.159
-4.140
-9.233
-8.079
-7.448
-6.453
-8.065
-2.958
-9.676
-7.047
-3.247
-7.759
-6.244
-3.797
-6.531
-10.423
-6.814
-7.396
-7.199
-5.160
-8.202
-9.965
-4.168
-10.160
-5.680
-3.388
-7.354
-10.252
-11.890
-8.001
-7.766
-5.846
-4.020
-8.098
-9.792
-6.773
-5.916
-9.597
-6.184
-3.971
-8.076
-5.085
-5.762
-10.086
-6.308
-4.222
-7.261
-3.445
-7.184
-8.669
-6.970
-7.603
-8.815
-6.127
-5.135
-9.919
-6.574
0.385
-3.656
2.171
1.996
-4.156
3.418
3.745
-3.393
-2.048
1.897
-4.973
-1.995
4.011
-0.974
1.927
3.190
-3.112
0.385
3.066
-1.943
2.788
0.088
-5.079
0.980
1.385
-6.372
1.648
1.866
-5.712
-0.136
-1.592
-2.959
2.796
-2.555
-4.534
1.766
-4.768
-6.503
3.504
-1.563
-3.912
3.665
-2.266
-5.528
4.809
-1.133
-2.002
3.442
-2.128
-4.156
5.442
-1.140
-2.160
2.339
-1.393
0.096
2.961
-2.362
-3.828
4.832
-2.295
-4.995
-2.994
0.826
-3.364
-1.931
0.856
-3.700
-0.426
-1.430
-2.215
-0.246
0.053
-4.323
-1.941
-0.925
-5.570
-4.503
0.434
-6.849
-4.327
0.536
-1.646
1.042
-1.586
-7.219
-4.313
-1.394
-7.619
-4.810
3.556
-4.188
0.299
3.508
-1.753
1.865
3.528
-3.238
-2.305
-2.190
-2.337
-2.048
0.593
-1.643
-0.626
1.766
-1.644
-1.658
4.179
-0.670
-0.373
2.334
-0.285
0.746
0.572
-5.366
-1.500
3.017
1.024
3.718
-2.576
-9.869
-5.258
-10.993
-5.406
-6.140
-1.628
-6.345
-4.426
-3.390
-4.617
-7.080
-2.039
-7.316
-1.958
-7.865
-3.351
-9.193
-3.391
-9.739
1.233
-6.885
4.360
-9.986
2.325
-11.955
2.349
-9.455
-0.085
-8.968
0.008
-10.224
2.331
-9.346
1.638
-8.535
-0.190
-10.093
-1.005
-11.244
-10.106
-8.092
-8.034
-7.190
-9.511
-7.066
-6.537
-6.030
-5.671
-6.396
-7.652
-5.724
-6.642
-7.479
-8.885
-6.667
-6.942
-7.465
-8.688
-7.496
-4.362
-1.662
-6.888
-1.537
-7.165
-4.295
-4.645
-3.473
-6.328
-5.009
-3.247
-0.403
-7.877
-2.425
-6.314
-0.228
-3.862
-2.536
-8.917
-5.399
-1.566
-4.467
-0.588
-1.517
-2.377
-3.288
0.433
-1.311
1.615
-6.506
0.650
-1.492
-0.638
-1.567
-1.918
-4.790
-3.107
-4.564
-2.191
-3.045
-1.376
-4.261
-0.330
-2.549
-3.130
0.242
-1.208
-4.496
-0.468
-5.192
-3.970
-3.520
0.820
-0.938
-1.788
-4.584
-4.182
-1.403
0.681
-3.698
-6.987
-1.911
-6.996
-5.228
-6.269
-7.971
-5.603
-7.063
-6.183
-4.906
-4.976
-3.925
-7.444
-7.392
-6.704
-6.180
-6.071
-6.860
-6.903
-5.250
-6.801
-5.576
-4.146
-4.718
-6.453
-9.364
-7.532
-4.827
-4.686
-3.601
-4.484
-2.678
-4.677
-5.306
-6.296
-3.973
-4.542
-3.366
-4.139
0.183
-9.066
-7.820
-2.947
-8.607
-7.190
-6.116
-4.966
-8.691
-7.430
-5.909
-3.844
-8.210
-7.495
-4.486
-2.346
-8.253
-4.247
-4.644
-4.616
-6.871
-5.281
-7.069
-4.775
-7.110
-4.827
-2.638
-3.513
-7.412
-5.562
-6.248
-4.577
-9.327
-5.997
-8.121
-2.869
-10.218
-6.318
-2.504
-2.793
-7.307
-1.773
-4.882
-1.846
-3.159
-3.296
-8.259
-4.793
-6.181
-5.111
-8.562
-5.435
-9.022
-3.982
-5.453
-3.460
-7.988
-5.080
-4.824
-6.015
-5.661
-1.129
-4.941
-4.730
-3.301
-4.345
-4.429
-4.642
-5.978
-3.849
-6.633
-7.391
-6.995
-1.638
-5.641
-5.411
-4.722
-5.806
-4.842
-5.247
-5.755
-4.300
-1.434
-5.466
-6.667
-6.138
-0.921
-3.540
-1.432
-9.711
-4.092
-5.788
-5.560
-9.154
-4.336
-5.306
-3.819
-6.442
-1.914
-5.002
-5.155
-9.130
-4.524
-6.638
-5.364
-10.780
-2.659
-8.023
-5.494
-7.782
-2.736
-3.137
-4.578
-6.015
-2.048
-3.581
-3.637
-7.336
-4.702
-3.599
-2.889
-3.163
-3.921
-5.235
-4.558
-2.958
-2.402
-1.614
-3.337
-2.470
-5.966
-5.054
-5.740
-2.371
-4.444
-4.197
-7.331
-1.359
-4.942
-1.464
-4.496
-4.676
-4.182
-4.465
-6.648
-2.259
-4.126
-2.022
-5.787
-5.644
-8.447
-3.215
-7.291
-5.399
-5.885
-1.306
-7.449
-1.084
-6.318
-3.087
-4.786
-4.795
-2.258
-8.511
-6.615
-6.978
-7.237
-8.296
-9.115
-8.587
-3.920
-8.352
-7.547
-1.827
-2.433
-6.768
-9.394
-6.824
-0.918
-7.472
-5.781
-5.763
-0.351
-6.348
-4.997
-5.985
-4.245
-8.426
-9.415
-4.479
-4.933
-7.566
-7.604
-8.186
-2.033
-9.218
-6.996
-8.695
-3.756
-7.716
-3.819
-4.600
-8.290
-2.604
-5.875
-4.040
-7.176
-0.502
-1.974
-5.948
-10.723
-1.236
-7.654
-2.306
-8.302
-2.705
-4.263
-5.566
-6.729
-0.717
-4.349
-2.088
-8.279
-1.807
-6.848
-2.781
-5.955
-2.360
-7.116
-5.325
-6.717
-1.608
-6.546
-1.362
-8.574
-1.650
-7.740
-4.134
-8.499
-3.437
-5.078
-7.164
-3.594
-4.921
-3.837
-7.682
-3.892
-5.237
-4.583
-8.811
-1.890
-4.116
-2.164
-7.118
-1.978
-6.759
-2.731
-7.690
-3.887
-5.924
-1.983
-7.000
-3.519
-5.148
-2.237
-3.241
-0.792
-6.399
-2.958
-6.337
-1.606
-5.261
-4.421
-8.006
-1.766
-4.263
-3.294
-9.480
-6.079
-6.109
-3.528
-1.142
-9.797
-2.081
-10.768
0.570
-4.129
-3.904
-8.612
1.634
-10.340
-3.368
-11.181
-1.276
-7.279
-1.226
-10.693
0.306
-6.460
-5.208
-8.126
-0.650
-5.877
-1.857
-10.289
-0.171
-7.767
-3.915
-9.701
2.408
-5.412
-1.617
-11.419
-2.248
-7.859
-2.695
-10.390
-1.401
-6.152
-3.861
-6.822
-1.802
-3.602
-7.956
-8.027
0.004
-1.894
-8.285
-7.807
-1.803
-3.534
-6.409
-7.669
-6.651
-6.867
-7.938
-8.255
-0.877
-2.737
-9.917
-7.598
-1.671
-3.429
-10.055
-3.332
-0.404
0.188
-6.816
-4.457
-2.770
-2.677
-8.234
-7.999
-1.256
-3.999
-7.804
-6.955
-2.644
-4.734
-8.589
-9.101
-7.456
-7.661
-5.109
-4.128
-3.972
-1.342
-6.502
-5.742
-6.945
-5.026
-7.444
-6.640
-8.934
-5.559
-9.390
-5.384
-9.191
-7.444
-9.315
-6.211
-3.087
-0.525
-4.744
-3.676
-4.151
-3.908
-5.167
-0.700
-0.544
-2.913
-5.753
-2.259
-3.505
-5.483
-8.999
-1.711
-7.160
0.329
-4.027
-1.996
-9.419
-3.613
-9.105
-2.903
-7.973
-3.727
-8.656
-4.688
-6.299
-4.310
-10.102
-2.189
-8.633
-1.827
-10.552
-0.366
-10.644
-4.904
-7.194
-4.292
-4.231
-4.948
-4.502
-6.146
-2.423
-1.857
-2.959
-5.307
-4.889
-3.428
-2.724
-4.388
-1.222
-2.787
-3.877
-2.466
-2.474
-3.209
-4.935
-3.108
-0.690
-4.990
-3.889
-4.607
-3.164
-3.510
-3.382
-6.628
-2.312
-5.193
-1.462
-4.995
-1.303
-2.157
-3.572
-5.569
-0.324
-3.154
-6.147
-7.050
-5.460
-4.519
-6.913
-5.586
-4.317
-2.751
-0.505
-5.181
-3.338
-5.658
-6.296
-4.617
-3.687
-5.457
-3.649
-4.066
-2.709
-5.647
-1.378
-1.613
