-3.701
-1.770
-3.368
-2.052
-1.757
-1.395
-3.354
1.078
-3.030
-2.851
9.993
8.654
9.215
2.618
8.580
9.675
6.961
7.346
6.297
8.526
8.346
7.781
5.264
6.733
9.457
8.816
7.665
8.031
7.989
7.843
7.700
8.431
8.646
7.295
9.056
5.607
5.308
10.576
8.147
8.000
9.241
8.632
7.319
8.911
8.529
8.326
8.266
7.807
7.876
4.422
9.176
7.772
5.457
6.541
3.578
5.234
-0.768
8.892
7.638
5.739
0.471
2.092
-3.709
2.783
0.322
-1.049
-0.293
-2.272
0.169
0.642
2.771
0.433
1.024
2.232
-2.124
4.799
-2.740
3.616
-3.996
2.954
7.396
8.266
3.751
2.130
7.258
4.912
6.379
4.919
7.026
7.031
5.328
6.826
6.508
5.544
7.728
7.657
6.147
4.377
6.388
6.685
3.835
4.067
5.739
5.333
2.254
1.870
0.638
3.902
1.568
1.412
6.530
7.194
6.178
5.336
6.028
5.310
7.201
4.728
6.617
6.850
3.467
1.944
2.417
4.727
3.407
3.054
4.824
3.425
3.326
4.220
1.086
2.686
1.079
1.439
-0.815
1.078
3.788
2.630
1.808
1.392
6.917
2.713
7.271
3.185
-2.820
6.321
-6.025
6.145
-9.506
5.664
6.574
7.185
3.581
4.397
6.029
5.899
5.430
5.303
5.138
4.089
6.760
4.993
4.951
2.641
5.605
6.744
3.395
5.527
5.722
4.466
6.664
5.303
3.133
3.513
3.767
5.488
5.559
5.729
2.196
7.331
4.998
7.639
8.486
7.272
8.316
8.214
6.200
7.951
7.117
4.563
-3.442
4.631
6.825
6.598
6.623
6.714
6.572
8.009
2.695
3.719
1.916
-0.546
-1.555
-1.200
-0.084
0.151
-0.076
-1.563
1.210
-0.646
6.432
8.161
6.454
8.536
7.465
7.212
6.527
7.266
8.136
7.624
-0.877
1.442
-2.319
-2.017
-0.677
-0.915
0.230
-3.950
-3.108
1.942
8.392
9.228
8.891
7.226
9.575
8.895
7.724
8.074
10.734
11.529
6.376
5.556
2.836
3.942
5.237
6.213
6.579
5.672
6.258
6.521
10.212
9.630
10.968
6.176
10.492
11.387
8.219
8.766
7.830
4.213
7.057
4.822
8.118
6.165
7.456
8.385
7.785
7.442
4.954
4.658
6.844
8.926
8.141
6.147
7.987
7.675
6.905
5.974
6.813
6.429
4.188
1.522
4.622
5.044
5.800
4.994
6.289
4.359
1.916
4.833
1.285
2.509
3.337
4.400
2.889
4.673
4.323
-0.247
3.362
3.576
9.038
8.891
10.972
4.032
8.359
9.171
7.389
8.011
7.785
7.120
5.372
3.865
5.883
5.382
3.904
3.866
5.585
5.785
4.103
6.706
8.158
7.766
7.285
7.124
7.720
7.021
5.679
5.203
7.793
6.683
6.272
9.518
5.825
6.028
6.342
7.590
8.184
7.268
6.281
9.207
