-7.812
9.743
-5.212
8.988
-6.422
8.557
-7.180
9.400
-6.799
8.838
-9.526
10.030
-8.124
7.337
-8.165
9.608
-7.908
8.470
-4.553
6.724
-6.143
-1.866
-9.392
-0.684
-10.005
1.187
-8.358
0.131
-3.545
0.765
-12.834
-0.138
-5.017
2.375
-10.954
0.810
-5.316
-2.535
-7.167
1.428
1.923
-0.320
4.697
-6.228
2.322
-4.581
3.882
-4.908
1.172
-4.968
0.654
-3.385
-1.116
-3.639
-1.039
-7.457
2.312
-4.874
0.085
-8.092
2.367
-5.723
1.686
-5.583
2.161
-5.277
0.399
-6.032
2.067
-4.755
4.257
-2.990
3.278
-2.834
2.933
-5.438
1.511
-6.568
4.122
0.557
5.585
-9.056
-6.111
-3.924
6.829
-6.788
-1.320
-3.262
6.371
-7.912
-6.469
-4.692
2.259
-7.990
-5.850
-8.171
4.945
-7.233
-4.361
-6.137
6.326
-8.799
-0.800
-6.635
7.353
-8.598
-3.454
-5.010
1.250
-12.704
-9.814
-4.517
5.571
-9.771
-5.640
-6.594
5.898
-8.979
-2.016
-4.354
-1.055
-6.715
-4.930
-4.371
2.491
-7.996
-4.002
-9.415
1.343
-8.051
-3.818
-7.989
1.501
-7.758
-4.408
-6.353
1.841
-5.423
-2.515
-7.465
3.061
-4.828
-0.266
-5.958
4.221
-9.268
-6.353
-9.756
-0.217
-11.067
-9.127
-7.762
-1.039
-7.037
-7.013
-7.969
1.913
-6.425
0.108
-6.744
0.466
-7.203
-3.927
-7.569
4.234
-5.138
-0.440
-5.097
2.765
-7.603
-1.834
-8.731
5.211
-7.194
-4.363
-7.353
0.207
-7.272
-6.088
-6.090
2.843
-4.313
-2.237
-6.019
3.906
-4.110
-1.579
-5.827
-0.739
-6.265
-7.038
-5.269
1.731
-6.039
-5.220
-5.421
1.002
-4.821
-2.803
-8.717
-2.776
0.887
-1.155
2.788
-4.533
-4.532
-5.298
1.189
-4.466
-0.997
-2.836
-0.109
-6.279
-2.634
-7.876
2.523
-1.477
-2.761
-2.669
6.443
-3.312
-0.822
-2.984
3.469
-4.658
-4.925
-5.868
3.823
-6.602
-3.829
-5.292
3.522
-0.942
-2.290
-3.594
1.671
-3.739
-3.059
-4.201
2.265
-0.748
-3.107
-7.938
-8.386
-1.555
-3.282
-5.548
-3.401
2.516
-1.024
-7.569
-3.866
3.074
3.333
-1.800
-0.705
1.023
-4.929
-5.673
-4.530
1.380
-0.861
-7.474
-3.971
2.870
0.441
-5.808
-3.432
-0.150
-2.531
-6.821
-5.548
0.010
-3.342
-7.964
-8.503
3.349
-0.250
-4.166
-2.498
-3.656
-6.041
3.315
0.728
0.863
-1.031
4.227
0.691
-2.368
-2.135
2.742
-2.344
-1.621
-5.595
3.006
1.919
-0.596
-3.011
2.825
1.810
-2.154
-4.839
3.755
1.331
-1.868
-3.882
-2.482
-0.710
-4.823
-5.948
2.646
-0.564
-4.171
-7.396
0.804
-2.097
-0.090
-2.285
0.161
0.778
2.637
-4.999
-3.588
-0.417
3.118
-2.589
-1.851
1.977
3.654
-1.955
-3.052
-0.840
2.474
-5.242
-4.370
-1.099
1.341
-5.662
-4.573
-1.767
1.829
-5.729
-3.448
-1.732
1.440
-2.210
0.318
1.482
1.282
-6.558
-3.255
-1.116
1.987
-4.600
-3.245
-1.398
-1.902
-6.790
-4.168
-1.919
5.137
0.241
-0.099
0.556
3.345
2.357
-2.764
-0.360
2.013
-1.717
-5.236
-4.047
0.984
-4.588
-5.470
-3.527
3.160
2.946
-0.811
2.811
1.529
0.570
-1.854
-1.661
-0.038
-2.615
-3.778
-1.827
0.238
-1.094
-3.820
-3.743
3.362
1.838
-3.366
-1.169
-2.282
-3.510
-8.682
-8.033
5.596
-7.278
-9.434
7.114
-7.208
-9.154
6.185
-8.041
-10.223
6.429
-7.504
-10.984
5.088
-8.351
-9.279
5.831
-8.967
-10.633
7.066
-5.400
-8.052
5.383
-6.537
-7.012
3.808
-7.188
-8.238
5.371
-7.073
-12.496
-2.595
3.411
-7.866
0.288
5.608
-10.807
0.822
2.116
-8.242
-0.361
4.234
-9.536
-4.635
0.288
-9.299
-0.229
3.254
-7.093
-1.736
3.297
-6.947
-0.923
3.249
-8.965
-1.146
3.620
-12.087
-0.170
6.131
-10.084
3.660
1.092
-9.219
2.217
-3.459
-8.044
-0.278
-2.481
-9.450
3.468
-0.018
-7.597
1.149
-3.341
-9.195
0.775
2.822
-6.486
1.787
-3.996
-10.191
-3.539
-6.121
-1.931
0.899
0.841
-9.351
4.370
1.412
-6.451
4.873
-3.230
-2.504
5.492
0.021
-1.191
6.723
-4.124
1.089
5.640
-1.814
-1.838
4.888
-1.610
1.334
2.290
-3.351
-4.263
5.609
-3.054
-4.755
5.128
-4.717
-0.804
6.040
0.222
-1.069
7.238
-2.690
-0.740
-3.392
-6.977
4.566
-2.879
-7.510
3.799
-4.047
-7.168
4.662
0.372
-5.450
4.563
-3.099
-6.923
4.135
-1.230
-9.522
2.413
-1.429
-8.512
2.305
-0.515
-8.190
3.639
-1.849
-4.620
4.663
-3.851
-5.377
3.402
5.811
-1.112
-0.633
7.381
-2.610
-1.302
7.521
-3.776
1.196
5.239
-3.900
-1.835
4.955
-0.156
-1.340
3.393
-2.555
-3.504
5.455
0.677
0.619
4.140
0.358
2.425
4.642
-2.183
0.254
2.439
-0.238
0.670
-5.393
-5.125
-6.784
-0.952
7.742
-6.623
-4.380
-5.065
-0.419
4.202
-8.653
-6.744
-4.781
-1.773
5.961
-6.781
-4.739
-5.725
-3.239
5.457
-5.506
-4.435
-7.172
-3.595
6.655
-9.054
-6.148
-6.242
-3.048
7.276
-3.961
-2.542
-5.419
-0.879
6.552
-3.175
-1.034
-2.282
-0.244
5.393
-4.675
-4.980
-6.354
-2.705
7.524
-7.327
-4.285
-5.534
0.637
2.594
-5.608
-4.403
-4.463
2.355
-4.643
-8.258
-4.261
-7.357
1.071
-6.280
-6.911
-3.915
-8.539
0.636
-6.172
-7.528
-4.339
-5.450
0.856
-5.249
-6.070
-5.791
-6.999
2.777
-5.166
-7.871
-5.865
-7.474
1.511
-7.842
-7.624
-3.779
-6.204
2.881
-4.605
-6.324
-4.417
-7.109
1.879
-5.982
-6.620
-6.053
-6.049
1.075
-7.090
-11.023
-5.905
-6.031
-1.254
-7.641
-6.227
-2.733
-2.406
-3.074
1.745
-5.735
-4.457
-6.209
-4.792
3.485
-6.999
-9.278
-7.739
-7.215
-1.496
-8.525
-6.571
-7.310
-9.492
-0.198
-3.655
-6.023
-5.034
-4.761
3.580
-6.740
-5.730
-4.615
-6.796
4.438
-6.051
-3.674
-4.605
-4.383
3.482
-8.323
-5.415
-5.483
-6.202
1.730
-5.498
-4.800
-4.010
-7.553
1.895
-9.034
-8.452
-3.838
-7.159
2.708
-6.910
-2.375
-5.566
5.734
-1.090
-6.820
-1.111
-2.882
6.406
-1.856
-5.656
-0.450
-4.094
5.648
-1.274
-8.005
-2.966
-3.569
1.306
-1.458
-3.588
-3.918
-3.896
1.109
-2.490
-3.652
-1.191
-3.945
2.926
-2.411
-5.534
-3.914
-5.436
-0.595
-2.708
-6.554
-0.972
-4.800
4.906
-2.179
-5.918
-3.018
-3.081
2.905
-2.052
-3.419
-1.248
-2.664
6.603
0.335
-6.145
-9.192
-6.964
2.647
-6.310
-6.148
-8.201
-6.842
4.502
-6.814
-4.530
-4.393
-4.727
8.912
-3.471
-5.914
-7.411
-8.364
5.393
-4.070
-3.228
-3.597
-1.191
5.896
-5.015
-5.691
-3.768
-5.629
7.287
-3.133
-5.420
-1.969
-2.241
7.023
-1.447
-5.366
-5.524
-7.487
6.832
-4.109
-8.189
-6.896
-7.310
2.738
-7.647
-5.639
-6.272
-6.945
5.932
-7.905
3.448
4.079
-6.292
0.759
-6.438
3.483
2.215
-9.437
-3.005
-7.519
2.334
4.098
-5.287
-2.214
-6.075
-1.326
0.942
-8.690
-1.477
-8.144
-0.652
1.588
-8.224
0.173
-4.088
3.818
3.948
-7.214
-0.781
-8.020
5.496
3.611
-8.278
-0.832
-6.650
-2.397
3.486
-3.468
-3.032
-4.740
4.464
2.289
-7.423
-2.568
-6.280
2.124
3.924
-6.374
-0.191
-1.216
-7.800
-6.495
-12.894
3.326
-4.612
-6.870
-6.420
-9.785
2.983
-4.569
-8.016
-5.188
-10.501
1.025
-2.611
-9.179
-9.165
-11.932
1.226
-4.037
-7.925
-3.981
-11.816
3.690
-5.273
-7.544
-7.564
-10.768
1.681
-4.989
-7.238
-4.123
-8.973
0.543
-2.282
-5.032
-4.992
-9.240
5.995
-6.264
-7.624
-6.862
-10.121
2.267
-3.889
-7.720
-9.396
-13.242
0.306
-11.087
4.667
-1.065
-7.524
-5.852
-10.583
6.033
-1.153
-9.152
-4.765
-11.029
3.791
-2.432
-9.842
-5.318
-9.337
3.685
-0.693
-10.061
-6.449
-9.807
5.762
0.031
-12.878
-4.411
-10.898
4.119
-3.627
-8.857
-5.580
-11.530
5.041
2.022
-5.055
-5.176
-5.817
3.661
0.816
-8.516
-5.148
-9.644
0.451
-1.901
-10.703
-5.109
-10.962
3.780
1.756
-7.441
-5.617
-8.406
-5.022
1.829
-5.729
-5.463
-2.124
1.210
4.705
-8.892
-5.596
-8.111
-2.240
4.466
-8.600
-5.484
-3.401
-0.445
4.666
-6.675
-5.115
-7.623
-0.413
1.902
-5.672
-3.075
-3.144
-0.084
5.708
-7.246
-3.252
-4.188
-2.232
5.058
-6.046
-3.776
-4.189
-0.073
2.776
-10.246
-4.425
-7.532
-3.057
0.781
-11.417
-4.739
-6.628
-1.671
2.236
-11.021
-4.992
-7.470
-0.332
6.137
-0.351
-5.954
-9.190
-1.422
5.514
-0.598
-6.886
-6.250
-0.407
6.068
-0.992
-6.997
-7.555
-1.575
5.340
1.551
-5.460
-5.670
0.979
4.553
-2.659
-5.247
-9.389
0.990
3.723
-2.948
-6.821
-8.447
2.210
2.917
-4.381
-4.023
-6.397
-0.336
6.458
-4.832
-5.931
-9.197
-2.087
4.182
-4.209
-5.734
-9.055
-4.220
4.020
-1.898
-7.840
-8.703
-1.079
-6.802
-2.219
-1.235
-9.365
-4.442
1.465
-10.124
-2.452
-0.013
-10.150
0.076
-5.747
-5.254
-1.915
-2.551
-6.542
-2.173
-4.607
-6.076
-2.099
-3.420
-4.094
-3.537
-3.805
-5.813
-2.310
-2.682
-5.577
-3.553
-11.602
4.489
-7.484
-14.365
0.465
-8.578
-12.074
3.606
-7.088
-11.846
4.853
-7.156
-12.343
2.585
-9.088
-11.095
3.496
-6.446
-12.241
1.971
-5.631
-12.907
-0.025
-7.829
-13.475
4.711
-7.393
-11.433
5.472
-5.872
-7.731
-11.126
9.114
-6.729
-11.007
5.714
-6.472
-8.887
8.929
-4.240
-9.520
9.177
-7.681
-6.792
6.144
-2.431
-11.188
6.580
-4.185
-11.119
7.740
-5.920
-8.492
6.461
-6.238
-10.084
2.352
-6.255
-11.023
7.554
2.604
-4.734
-10.603
2.740
-3.722
-9.476
-0.247
-4.444
-9.984
2.537
-4.452
-9.123
2.803
-4.209
-10.708
2.145
-1.585
-7.013
3.165
-2.510
-9.204
4.721
-3.048
-10.065
2.714
-0.331
-8.912
3.657
-2.816
-8.316
1.013
-5.292
-7.028
3.011
-3.013
-7.074
4.894
-3.839
-7.297
2.117
-7.666
-8.533
2.703
-4.856
-5.841
3.492
-6.519
-7.387
3.133
-3.758
-2.898
3.333
-4.693
-3.947
2.758
-4.930
-5.852
-0.396
-2.923
-7.295
1.427
-4.143
-6.417
1.489
-4.299
-5.782
1.599
-1.809
-7.171
0.749
-2.931
-8.909
2.678
-3.820
-8.324
2.943
-3.420
-8.457
1.811
0.748
-8.276
1.792
1.044
-9.723
0.761
-3.452
-8.353
3.017
-1.488
-8.049
