-14.552
-15.909
-9.153
-14.769
-11.880
-12.935
-11.017
-15.289
-11.347
-16.463
-11.362
-12.752
-14.770
-14.905
-11.707
-18.063
-11.106
-11.371
-9.101
-12.773
-15.373
-10.810
-9.328
-9.599
-15.813
-12.216
-11.643
-11.973
-7.794
-11.017
-12.884
-12.623
-13.113
-9.723
-14.409
-12.005
-11.274
-11.557
-10.816
-14.523
-9.280
-6.103
-6.653
-13.477
-9.986
-9.955
-6.956
-9.023
-7.419
-12.096
-10.748
-8.274
-13.177
-11.380
-10.852
-13.635
-9.722
-12.778
-7.871
-11.019
-4.424
-10.952
-8.959
-9.613
-6.212
-10.927
-8.115
-11.890
-5.938
-11.157
-1.984
-7.859
-3.913
-8.139
-3.750
-9.067
-7.109
-9.600
-6.014
-7.173
-8.228
-13.906
-10.185
-9.325
-6.096
-14.721
-8.479
-6.664
-8.702
-14.562
-14.430
-8.460
-7.362
-11.805
-9.956
-11.496
-11.515
-14.398
-11.475
-7.079
-9.126
-12.298
-6.579
-5.918
-10.047
-8.175
-8.519
-10.043
-7.102
-11.999
-9.976
-4.303
-9.914
-13.621
-11.051
-5.833
-7.645
-13.677
-12.031
-6.551
-8.095
-12.685
-7.794
-11.206
-6.622
-12.009
-10.504
-12.505
-7.426
-12.778
-9.997
-13.219
-6.328
-9.100
-9.570
-13.377
-7.418
-11.089
-10.148
-14.869
-6.060
-12.414
-9.995
-12.699
-7.329
-9.863
-12.553
-13.419
-5.984
-12.983
-14.789
-12.512
-10.053
-9.951
-12.007
-9.954
-8.709
-9.340
-7.735
-10.177
-5.549
-8.972
-6.398
-8.472
-4.019
-10.773
-6.040
-8.514
-1.803
-11.513
-8.356
-9.380
-3.026
-11.286
-8.550
-8.794
-1.285
-12.936
-8.516
-8.453
-4.813
-10.129
-8.968
-8.222
-4.509
-8.138
-7.919
-7.993
-5.548
-11.087
-5.578
-6.553
-5.453
-8.146
-9.140
-9.613
-4.254
-9.970
-6.638
-8.624
-7.773
-5.353
-4.935
-8.516
-8.969
-9.639
-6.765
-4.826
-8.206
-10.866
-7.175
-5.179
-9.728
-9.455
-8.727
-6.302
-11.076
-11.342
-7.525
-1.251
-8.283
-7.165
-8.751
-4.811
-9.897
-12.145
-7.510
-3.847
-8.069
-10.808
-8.118
-1.497
-7.501
-9.667
-11.201
-7.075
-11.568
-10.014
-8.023
-6.793
-9.977
-4.534
-6.936
-11.050
-8.857
-8.229
-8.513
-7.602
-7.400
-2.941
-6.023
-6.686
-8.870
-6.894
-5.738
-6.656
-7.753
-8.917
-6.536
-6.778
-6.447
-4.330
-8.485
-9.011
-7.214
-9.551
-10.643
-7.002
-6.651
-5.947
-7.311
-4.453
-6.426
-4.197
-5.905
-9.525
-10.590
-7.424
-8.696
-9.569
-12.438
-8.533
-4.246
-6.675
-6.812
-6.851
-6.293
-5.653
-10.738
-6.877
-7.534
-7.880
-10.245
-8.307
-4.712
-5.072
-5.752
-9.649
-4.880
-1.501
-10.206
-9.454
-5.722
-4.860
-9.101
-6.966
-7.126
-7.977
-7.563
-6.571
-3.779
-5.216
-6.043
-8.006
-7.519
-5.601
-5.188
-6.160
-7.662
-3.088
-8.901
-9.576
-6.249
-7.335
-9.230
-7.177
-6.562
-5.764
-7.151
-8.332
-11.063
-5.800
-8.416
-12.744
-8.094
-5.300
-7.332
-12.747
-9.948
-4.356
-7.941
-12.331
-9.236
-5.796
-11.716
-12.750
-6.358
-5.064
-7.583
-9.524
-7.654
-3.542
-8.572
-10.351
-7.519
-5.968
-10.535
-9.784
-7.656
-4.911
-3.792
-0.303
-6.935
-7.170
-5.137
-0.354
-6.840
-4.809
-3.717
0.221
-8.181
-7.366
-0.930
-1.852
-8.642
-6.341
-3.608
-0.197
-7.097
-3.293
-6.999
0.037
-6.752
-6.651
-8.554
-6.427
-6.765
-5.637
-4.082
-1.339
-7.967
-5.574
-1.415
-1.761
-8.448
-4.748
-6.259
-2.510
-9.901
-7.448
-11.511
-9.372
-11.350
-10.068
-10.704
-12.763
-8.946
-10.619
-10.153
-6.421
-9.945
-14.131
-8.608
-11.393
-13.400
-10.285
-11.311
-13.423
-8.873
-9.022
-10.831
-13.071
-10.653
-13.305
-10.725
-7.421
-13.404
-7.328
-8.865
-15.442
-8.268
-7.092
-8.698
-1.106
-9.030
-13.229
-5.963
-7.085
-10.556
-4.197
-6.822
-11.028
-8.942
-13.815
-11.665
-5.635
-10.357
-13.176
-7.301
-8.466
-11.357
-9.605
-12.151
-11.191
-8.273
-9.094
-10.422
-6.520
-6.539
-12.149
-3.202
-12.797
-15.628
-4.185
-7.333
-10.930
-3.298
-5.851
-9.078
-3.542
-3.759
-10.147
-8.643
-9.773
-9.828
-6.652
-5.738
-7.412
-7.281
-8.780
-8.190
-8.504
-9.748
-8.393
-4.657
-4.725
-10.664
-6.907
-9.711
-11.072
-6.227
-5.429
-7.944
-6.198
-6.244
-9.134
-5.095
-6.959
-9.620
-2.893
-2.938
-9.481
-4.290
-6.573
-4.440
-9.211
-4.229
-10.920
-6.175
-5.302
-10.083
-4.394
-6.701
-7.225
-3.497
-3.474
-7.138
-3.034
-7.675
-10.338
-8.071
-11.029
-5.164
-11.318
-11.769
-9.776
-9.678
-13.444
-7.851
-5.370
-11.913
-7.273
-8.703
-12.771
-9.020
-3.390
-9.931
-9.434
-5.432
-12.400
-6.732
-6.626
-11.098
-8.035
-6.427
-12.696
-9.164
-8.944
-13.294
-7.568
-4.545
-8.204
-9.413
-3.227
-7.087
-7.722
-3.719
-5.067
-5.611
-7.557
-7.461
-8.733
-4.176
-5.668
-1.475
-5.373
-5.755
-8.618
-4.425
-4.058
-6.623
-6.667
-4.311
-3.260
-3.149
-6.474
-7.214
-5.094
-4.373
-7.775
-10.395
-12.240
-13.788
-12.194
-7.643
-8.563
-8.706
-8.520
-12.115
-15.125
-11.029
-12.581
-10.248
-9.431
-9.261
-9.957
-9.613
-9.904
-10.342
-10.728
-8.121
-14.238
-12.051
-15.108
-9.350
-11.628
-12.232
-13.174
-13.149
-11.039
-7.116
-13.005
-12.350
-14.360
-8.551
-9.971
-4.721
-8.081
-8.116
-12.172
-7.223
-8.369
-10.656
-14.257
-11.813
-9.686
-10.347
-13.205
-8.472
-12.097
-11.743
-12.095
-9.792
-7.079
-7.951
-11.462
-12.852
-10.686
-10.145
-9.140
-9.794
-10.935
-13.154
-7.641
-5.003
-13.514
-13.329
-11.084
-10.466
-9.191
-12.362
-12.297
-12.508
-10.350
-7.076
-9.039
-9.097
-8.949
-9.172
-8.406
-10.512
-12.221
-11.416
-8.363
-6.085
-6.652
-8.985
-10.825
-4.823
-8.777
-9.004
-11.886
-8.348
-10.326
-8.577
-12.068
-12.136
-9.794
-9.700
-10.323
-10.912
-10.661
-13.539
-14.675
-10.113
-12.285
-11.228
-11.355
-13.297
-7.397
-12.480
-14.443
-13.110
-14.251
-5.208
-9.925
-9.614
-12.150
-16.708
-10.319
-5.453
-14.929
-8.304
-17.204
-5.851
-10.936
-12.559
-10.614
-15.452
-5.834
-8.874
-14.044
-11.917
-17.186
-10.608
-9.570
-12.266
-9.846
-14.418
-9.580
-10.354
-11.269
-8.916
-13.568
-9.904
-11.768
-11.715
-10.112
-18.062
-10.002
-12.071
-9.982
-15.860
-8.827
-8.030
-10.835
-8.618
-11.197
-10.142
-4.329
-10.695
-5.787
-10.357
-8.777
-8.671
-13.304
-14.767
-10.176
-10.822
-6.865
-9.246
-10.588
-10.088
-11.446
-8.534
-6.831
-9.726
-10.861
-8.436
-8.727
-10.237
-12.061
-8.543
-11.958
-10.073
-10.813
-9.124
-10.976
-11.551
-5.290
-11.930
-9.895
-9.367
-14.174
-7.096
-11.831
-10.513
-12.223
-13.471
-4.849
-7.409
-13.749
-14.354
-9.399
-13.349
-3.799
-12.335
-10.175
-7.004
-11.824
-5.586
-9.479
-8.176
-6.834
-10.829
-5.773
-9.943
-12.658
-12.668
-9.342
-6.945
-9.748
-4.546
-7.167
-13.296
-6.421
-11.183
-11.432
-9.530
-9.986
-7.076
-4.647
-6.732
-14.035
-14.753
-8.148
-12.591
-13.826
-6.034
-10.508
-8.515
-11.701
-13.398
-11.687
-13.281
-7.634
-13.223
-12.239
-9.704
-13.598
-5.180
1.215
-10.473
-0.716
-8.474
-6.046
-1.640
-10.827
-5.666
-10.607
-5.661
-1.202
-10.593
-4.033
-5.986
-5.840
-2.622
-13.303
-2.252
-9.336
-10.966
-3.830
-12.266
-4.506
-10.418
-4.410
-3.203
-8.979
-5.082
-8.733
-4.422
-3.051
-7.888
-2.135
-11.529
-8.935
-6.351
-6.506
-6.891
-8.472
-3.131
-3.887
-9.564
-4.990
-9.719
-8.890
-6.422
-10.701
-3.866
-10.443
-9.854
-13.662
-10.428
-3.582
-9.875
-11.448
-12.458
-11.447
-4.872
-7.532
-8.536
-11.838
-9.741
-10.305
-12.848
-8.853
-12.623
-9.113
-6.902
-9.002
-11.880
-14.307
-11.169
-6.013
-10.431
-6.531
-15.485
-9.386
-7.841
-11.607
-9.525
-13.524
-12.153
-7.395
-9.005
-6.519
-12.280
-10.100
-6.142
-10.420
-6.134
-15.281
-9.947
-4.945
-8.095
-8.713
-14.035
-10.412
-6.441
-13.902
-9.046
-7.360
-9.333
-11.954
-14.902
-5.034
-6.603
-12.630
-10.944
-14.482
-3.207
-7.229
-12.496
-9.379
-12.042
-6.223
-8.107
-13.395
-9.688
-12.868
-4.862
-5.737
-12.190
-8.493
-15.282
-2.409
-8.590
-9.652
-7.386
-13.207
-4.505
-8.070
-10.383
-8.503
-12.074
-7.603
-6.267
-11.535
-7.226
-14.251
-3.960
-10.209
-10.940
-13.103
-12.229
-3.810
-7.179
-10.340
-6.035
-14.038
-9.987
-4.822
-7.219
-9.112
-1.879
-11.044
-7.685
-9.472
-12.414
-8.391
-8.380
-5.651
-8.715
-12.222
-9.135
-8.128
-7.979
-11.373
-12.241
-10.762
-7.296
-5.938
-8.679
-6.987
-7.107
-4.762
-4.104
-12.278
-7.059
-8.545
-6.139
-5.859
-8.298
-5.546
-6.898
-6.782
-3.422
-13.709
-10.068
-8.498
-8.877
-7.602
-13.110
-10.651
-11.141
-8.405
-10.021
-10.682
-10.450
-8.272
-9.351
-1.622
-8.024
-10.876
-11.822
-5.351
-7.513
-6.435
-8.753
-12.550
-5.046
-3.916
-3.194
-9.035
-6.866
-4.273
-4.249
-4.934
-10.210
-10.865
-6.941
-4.319
-6.698
-10.400
-13.619
-7.736
-3.014
-6.020
-12.751
-10.549
-6.623
-6.710
-5.927
-8.719
-10.312
-5.868
-0.842
-6.682
-7.756
-11.645
-7.060
-0.416
-5.877
-7.094
-12.703
-9.682
-4.863
-4.830
-10.446
-12.152
-14.876
-10.998
-9.538
-9.830
-14.925
-12.899
-9.643
-14.783
-9.086
-10.751
-15.323
-9.619
-17.760
-12.383
-9.187
-9.856
-12.953
-10.206
-18.078
-9.326
-10.348
-14.731
-9.931
-17.739
-16.782
-11.384
-13.228
-8.393
-12.843
-12.973
-14.130
-10.000
-10.811
-14.314
-11.190
-10.250
-15.189
-11.691
-7.913
-13.714
-6.479
-5.966
-15.157
-7.721
-5.494
-13.671
-8.519
-6.457
-15.513
-9.083
-9.327
-14.880
-12.156
-10.128
-15.259
-9.083
-10.248
-14.371
-9.299
-6.169
-8.176
-13.940
-9.462
-12.672
-13.886
-9.273
-10.229
-14.715
-8.068
-8.842
-12.409
-6.304
-13.653
-12.852
-11.495
-10.487
-15.649
-9.064
-11.807
-12.478
-7.864
-11.308
-12.060
-10.769
-12.264
-10.579
-11.009
-10.538
-13.024
-6.697
-7.189
-3.376
-12.040
-7.949
-8.563
-16.144
-7.049
-4.703
-10.144
-3.557
-9.403
-11.867
-4.234
-5.969
-16.894
-2.635
-7.821
-12.879
-5.434
-4.000
-11.371
-6.600
-4.666
-12.243
-5.080
-6.199
-15.159
-4.792
-7.107
-9.216
-10.896
-10.720
-8.290
-8.569
-7.973
-8.986
-6.276
-10.234
-12.312
-7.318
-9.596
-10.768
-11.342
-8.079
-7.130
-5.661
-12.435
-10.079
-9.420
-9.278
-7.380
-7.506
-6.214
-6.770
-8.897
-10.798
-9.578
-10.689
-6.924
-6.542
-7.743
-5.860
-8.317
-6.200
-7.760
-10.648
-4.537
-4.770
-9.182
-4.818
-5.921
-5.188
-6.071
-5.550
-13.286
-7.389
-5.543
-12.219
-6.753
-5.202
-8.295
-5.123
-5.886
-7.862
-8.830
-6.607
-8.637
-4.994
-3.461
-10.156
