-13.193
-14.770
-8.450
-13.918
-10.532
-12.297
-10.709
-14.201
-10.281
-15.658
-10.069
-12.126
-13.531
-13.673
-10.698
-16.956
-10.067
-10.699
-8.089
-12.297
-13.612
-10.543
-8.404
-8.760
-13.502
-11.309
-10.144
-11.091
-6.178
-10.563
-11.572
-11.656
-11.210
-9.099
-12.551
-11.033
-9.967
-10.837
-9.225
-13.422
-7.972
-4.238
-5.886
-10.855
-8.393
-7.708
-5.531
-6.810
-5.905
-9.858
-9.241
-5.962
-11.194
-8.371
-9.132
-11.341
-7.424
-10.160
-6.556
-8.602
-3.947
-9.269
-7.908
-8.188
-4.879
-9.219
-7.232
-10.217
-4.972
-9.477
-1.998
-6.579
-2.613
-6.872
-2.522
-7.899
-6.525
-8.188
-5.591
-5.192
-5.572
-13.029
-9.324
-9.057
-3.007
-13.662
-7.768
-6.220
-5.198
-13.807
-12.824
-7.784
-7.070
-11.014
-9.039
-10.864
-7.606
-13.640
-10.393
-6.513
-6.139
-11.584
-5.851
-5.618
-6.075
-7.797
-7.545
-9.417
-5.540
-11.350
-8.833
-3.799
-6.175
-12.940
-10.885
-6.020
-5.632
-13.161
-10.438
-6.246
-4.129
-11.556
-7.260
-10.393
-3.451
-10.649
-9.817
-11.450
-2.767
-12.164
-9.586
-11.893
-3.501
-7.835
-8.698
-12.075
-5.022
-9.762
-9.230
-13.353
-2.213
-10.593
-9.438
-11.215
-3.333
-8.946
-11.479
-12.454
-3.998
-11.563
-12.941
-11.810
-7.465
-8.918
-10.656
-8.862
-6.834
-7.201
-6.939
-9.312
-1.718
-8.216
-5.131
-8.382
1.734
-10.396
-6.381
-8.001
3.195
-10.754
-7.783
-8.586
3.059
-10.164
-8.487
-7.825
4.917
-12.587
-8.162
-8.082
0.951
-9.526
-8.292
-7.089
2.007
-8.100
-7.123
-7.080
0.554
-10.279
-5.730
-6.579
0.655
-7.867
-8.365
-8.663
1.054
-9.742
-6.037
-8.595
-7.500
-4.439
-3.789
-7.921
-7.647
-9.478
-5.347
-4.852
-8.199
-10.443
-6.008
-6.002
-8.705
-9.081
-7.837
-5.924
-8.611
-11.229
-6.210
-1.377
-7.676
-7.248
-7.654
-4.846
-8.543
-12.202
-6.584
-3.532
-6.067
-10.158
-6.832
-1.028
-6.830
-10.054
-9.185
-6.460
-9.946
-9.352
-6.964
-6.849
-7.293
-3.406
-4.876
-9.217
-7.234
-5.976
-6.803
-5.883
-5.612
-1.215
-4.565
-4.200
-7.352
-4.727
-4.376
-5.324
-5.713
-7.723
-4.864
-4.805
-5.357
-2.565
-5.656
-7.188
-5.681
-6.921
-7.743
-4.611
-5.286
-5.630
-5.118
-3.811
-4.461
-2.778
-4.877
-7.274
-8.424
-6.185
-6.553
-7.729
-9.776
-7.173
-0.882
-4.393
-5.523
-5.592
-2.594
-5.312
-8.447
-6.226
-3.608
-6.094
-7.991
-6.623
-1.229
-3.728
-4.652
-8.063
-2.507
-0.358
-8.661
-7.004
-2.567
-3.600
-7.620
-6.063
-4.039
-5.872
-5.292
-5.839
-1.241
-5.172
-4.076
-6.924
-4.115
-4.019
-4.343
-5.437
-4.071
-1.875
-6.890
-6.945
-4.903
-5.149
-7.586
-5.183
-3.808
-3.870
-5.839
-6.007
-9.620
-3.913
-6.763
-10.134
-5.695
-4.309
-6.009
-10.664
-7.090
-4.436
-7.406
-10.266
-7.260
-5.709
-8.788
-10.680
-3.947
-4.289
-6.117
-7.562
-6.495
-1.938
-6.377
-8.258
-4.748
-3.979
-8.387
-7.908
-6.451
-2.719
-2.113
-0.870
-5.425
-5.786
-2.986
-0.942
-6.121
-3.994
-2.364
-0.853
-7.993
-7.046
-0.208
-2.180
-7.634
-5.936
-2.476
-0.388
-6.088
-1.905
-5.800
0.072
-5.895
-5.092
-5.754
-6.506
-6.641
-6.928
-2.190
-1.902
-7.469
-4.159
-1.108
-2.491
-6.586
-4.664
-3.837
-3.858
-8.306
-5.885
-11.021
-8.471
-11.014
-9.580
-9.985
-12.073
-8.095
-9.985
-9.273
-6.859
-9.897
-13.041
-8.456
-10.797
-12.811
-9.576
-10.734
-12.911
-8.407
-8.527
-10.552
-12.329
-9.838
-12.289
-9.709
-6.565
-13.009
-6.672
-8.107
-14.406
-7.478
-6.875
-8.004
-0.365
-8.985
-11.999
-4.942
-6.811
-9.367
-2.502
-6.219
-9.665
-7.628
-13.298
-10.332
-4.206
-9.586
-12.212
-5.982
-7.348
-10.191
-7.360
-10.910
-10.451
-6.724
-8.365
-9.921
-5.347
-6.482
-11.555
-2.276
-11.620
-15.169
-2.834
-6.566
-10.871
-2.529
-5.591
-7.811
-2.639
-2.924
-9.492
-7.802
-9.040
-9.345
-5.387
-4.900
-7.246
-6.812
-8.336
-7.398
-7.607
-8.628
-8.061
-3.774
-3.594
-10.002
-5.652
-8.106
-9.823
-4.138
-4.147
-5.289
-3.351
-4.966
-6.798
-2.860
-5.889
-7.295
-0.777
-2.307
-6.850
-1.984
-6.258
-3.243
-6.225
-3.060
-8.176
-3.730
-4.242
-7.184
-1.811
-4.778
-4.420
-1.786
-2.996
-4.712
-1.325
-6.381
-7.723
-6.183
-7.698
-3.227
-9.314
-8.860
-6.993
-8.243
-10.850
-5.556
-4.269
-8.469
-5.303
-7.733
-10.153
-6.501
-2.611
-7.827
-6.790
-4.096
-9.832
-4.636
-4.985
-7.850
-5.370
-5.160
-9.624
-6.493
-6.758
-10.059
-5.107
-2.905
-7.234
-6.964
-1.821
-5.884
-5.353
-0.919
-4.170
-4.084
-5.087
-6.209
-6.280
-3.670
-5.034
-0.611
-2.582
-3.011
-5.686
-2.886
-2.666
-5.346
-4.374
-3.337
-2.194
-1.890
-5.734
-4.849
-3.636
-3.643
-5.701
-10.489
-10.847
-11.677
-11.099
-5.917
-7.093
-7.806
-7.305
-10.904
-12.674
-9.896
-11.442
-9.576
-8.718
-8.123
-8.953
-8.826
-8.889
-9.214
-9.464
-8.223
-14.272
-10.292
-13.717
-7.907
-10.708
-11.241
-11.400
-12.093
-10.251
-6.385
-12.515
-10.353
-13.133
-7.159
-9.124
-4.069
-7.404
-7.077
-11.509
-6.890
-7.581
-9.496
-12.713
-9.595
-8.475
-9.332
-10.892
-8.001
-11.115
-10.476
-10.631
-9.064
-6.753
-6.778
-10.482
-11.240
-9.415
-9.206
-7.622
-8.899
-9.545
-12.441
-6.704
-3.865
-12.243
-11.819
-10.218
-9.808
-8.098
-11.179
-10.521
-11.513
-9.192
-5.296
-8.131
-7.572
-8.292
-8.231
-6.337
-10.240
-10.967
-10.454
-7.596
-5.055
-6.195
-8.006
-10.014
-4.205
-7.140
-8.390
-10.419
-8.155
-9.534
-6.512
-10.966
-10.397
-8.985
-8.521
-8.700
-9.601
-10.700
-12.594
-13.420
-8.597
-11.315
-10.606
-10.227
-11.834
-6.056
-11.568
-12.893
-11.823
-13.215
-3.906
-9.782
-9.932
-11.285
-15.014
-9.070
-4.854
-14.015
-6.764
-15.244
-4.086
-9.860
-11.047
-8.940
-13.372
-4.850
-7.754
-13.141
-10.390
-15.333
-9.043
-9.455
-11.068
-9.177
-12.764
-7.335
-9.216
-10.643
-8.005
-12.083
-9.050
-11.027
-10.427
-8.069
-16.958
-9.040
-11.486
-8.469
-14.389
-8.255
-7.803
-10.106
-7.206
-10.256
-8.598
-3.963
-9.440
-4.487
-9.351
-8.018
-7.602
-11.738
-13.399
-8.953
-9.750
-6.986
-7.872
-9.616
-9.748
-10.440
-8.162
-5.751
-9.596
-10.301
-7.744
-7.788
-9.250
-11.340
-7.761
-10.987
-8.741
-9.932
-8.280
-9.940
-10.396
-4.899
-11.438
-8.500
-8.132
-12.932
-6.242
-11.197
-8.619
-11.190
-12.249
-4.682
-6.446
-12.380
-12.763
-9.013
-11.197
-2.868
-10.813
-8.709
-5.999
-10.274
-5.389
-8.502
-6.774
-6.522
-9.561
-5.499
-8.764
-10.846
-11.489
-8.236
-6.564
-8.978
-3.750
-6.807
-12.106
-6.052
-9.515
-10.463
-8.698
-9.640
-6.499
-3.670
-5.020
-12.754
-14.032
-7.760
-11.457
-11.912
-5.456
-9.206
-7.902
-10.056
-12.225
-10.656
-11.764
-6.917
-10.883
-10.932
-9.136
-11.846
-4.473
4.985
-8.200
0.301
-5.994
-4.681
1.091
-9.038
-4.292
-8.252
-4.351
3.634
-8.687
-2.532
-4.331
-4.286
1.528
-10.997
-1.135
-7.293
-8.349
-0.199
-9.448
-3.670
-7.900
-3.121
0.706
-6.393
-3.405
-6.286
-3.300
-0.321
-6.311
-0.875
-9.067
-6.678
-0.592
-4.806
-4.989
-6.216
-1.692
-0.126
-6.817
-2.703
-7.628
-7.033
-2.209
-8.148
-2.643
-7.094
-7.483
-11.332
-7.863
-2.656
-8.398
-8.750
-10.540
-9.185
-3.221
-6.430
-6.731
-11.329
-7.336
-8.352
-10.355
-7.150
-11.339
-7.395
-5.684
-7.865
-9.749
-11.713
-9.082
-4.891
-8.870
-4.624
-14.553
-7.624
-5.917
-9.716
-7.206
-12.079
-9.737
-5.655
-7.407
-4.946
-10.502
-8.424
-4.620
-9.092
-4.671
-12.998
-8.379
-2.966
-7.056
-7.019
-12.736
-8.038
-5.019
-11.464
-5.810
-6.367
-7.397
-9.610
-12.155
-3.346
-6.997
-10.879
-8.916
-11.924
-2.147
-6.832
-10.653
-7.362
-10.091
-4.975
-6.245
-11.252
-7.345
-10.472
-2.938
-4.890
-9.936
-6.530
-12.112
-0.343
-6.685
-7.196
-5.295
-10.593
-3.232
-6.623
-8.276
-5.976
-9.533
-5.028
-4.936
-9.043
-5.551
-11.653
-2.608
-9.328
-8.483
-10.667
-9.668
-2.300
-5.636
-8.042
-4.106
-11.259
-8.296
-3.184
-4.920
-7.464
0.126
-8.908
-4.743
-7.030
-11.040
-5.600
-6.420
-2.808
-5.899
-9.773
-6.184
-6.024
-3.341
-7.958
-9.732
-7.265
-5.349
-3.599
-6.058
-5.311
-4.917
-3.797
-1.019
-9.383
-5.437
-6.586
-4.267
-2.228
-5.808
-4.236
-4.111
-6.024
-0.599
-11.790
-8.830
-5.555
-6.215
-4.471
-9.928
-8.249
-8.481
-6.897
-4.610
-7.952
-8.721
-4.964
-7.280
-0.521
-5.735
-8.089
-9.014
-4.415
-6.439
-5.198
-6.614
-9.846
-4.573
-2.940
-3.331
-6.925
-5.341
-3.250
-2.664
-4.279
-7.561
-8.859
-4.834
-4.168
-4.878
-7.907
-10.773
-6.433
-2.040
-4.779
-9.924
-8.263
-4.835
-4.956
-4.660
-6.780
-7.655
-4.991
0.686
-5.232
-5.112
-9.183
-5.598
0.240
-5.112
-4.639
-9.863
-7.251
-3.544
-2.572
-8.067
-9.516
-13.705
-10.484
-9.146
-8.085
-13.358
-11.469
-8.239
-13.638
-8.513
-9.544
-13.297
-8.953
-16.255
-10.962
-8.862
-8.559
-11.711
-9.497
-16.207
-7.952
-10.264
-13.629
-8.777
-16.702
-15.035
-10.533
-12.779
-7.199
-11.609
-12.107
-13.496
-8.590
-10.378
-13.259
-9.454
-9.993
-14.142
-10.350
-7.486
-13.016
-5.416
-5.734
-13.799
-6.285
-5.282
-12.900
-7.395
-6.152
-14.543
-7.549
-8.431
-14.257
-10.395
-10.106
-14.504
-8.100
-9.861
-13.282
-7.972
-5.807
-7.528
-12.705
-8.563
-11.463
-13.058
-8.853
-9.524
-14.096
-7.378
-8.451
-11.498
-5.482
-12.643
-11.851
-10.464
-9.347
-14.882
-8.755
-10.928
-11.461
-7.265
-10.365
-11.174
-10.425
-11.508
-9.531
-10.307
-9.978
-11.932
-6.205
-6.368
-2.346
-9.769
-6.827
-6.907
-13.971
-6.018
-4.145
-8.711
-3.796
-8.217
-10.176
-4.582
-4.915
-13.626
-2.493
-6.105
-11.093
-4.716
-3.436
-9.891
-5.355
-3.913
-9.791
-4.400
-4.555
-12.840
-3.903
-6.135
-7.651
-9.870
-8.251
-6.566
-7.943
-6.199
-6.608
-5.554
-8.089
-10.083
-6.216
-7.584
-8.022
-9.780
-6.556
-5.277
-4.920
-10.721
-7.542
-8.048
-7.093
-5.099
-6.214
-4.386
-4.516
-7.596
-8.529
-7.008
-9.412
-5.517
-5.516
-6.645
-3.526
-6.357
-5.741
-5.483
-7.771
-3.604
-2.846
-7.189
-4.263
-4.187
-4.125
-5.743
-3.486
-10.406
-6.222
-3.592
-9.298
-5.578
-2.898
-6.786
-4.909
-3.923
-6.207
-7.759
-4.502
-6.683
-4.351
-1.521
-7.665
