-10.634
-7.420
-8.497
-9.618
-8.190
-7.480
-12.633
-6.555
-6.441
-6.064
-5.298
-9.415
-8.821
-11.472
-4.705
-7.373
-9.829
-12.404
-6.722
-5.856
-1.738
-2.548
-4.678
-6.019
-3.788
-5.735
-5.527
-0.850
-4.386
-6.509
-0.888
-5.439
-5.260
-4.561
-0.417
-5.009
-4.690
-0.329
-2.482
-1.611
-7.231
-1.770
-10.149
-8.878
-2.310
-8.938
-7.596
-1.053
-7.940
-8.152
-0.130
-11.823
-9.409
-1.232
-9.118
-7.548
-0.032
-11.513
-7.871
-1.384
-7.515
-7.222
-1.064
-9.951
-6.260
-5.065
-11.018
-7.469
-4.406
-11.986
-4.508
-6.993
-13.678
-2.976
-6.392
-11.350
-7.773
-8.230
-10.482
-1.580
-9.736
-7.109
-7.920
-7.946
-5.966
-9.256
-4.376
-8.527
-7.830
-12.339
-6.973
-4.264
-6.246
-9.124
-4.535
-5.002
-8.705
-7.865
-4.739
-7.690
-10.288
-8.972
-8.182
-10.207
-8.481
-9.425
-11.194
-8.294
-9.095
-12.974
-8.606
-10.016
-9.646
-7.169
-11.306
-11.314
-9.921
-11.570
-10.785
-6.468
-8.535
-10.532
-5.377
-8.686
-12.547
-6.275
-9.301
-12.106
-6.497
-12.089
-9.231
-15.149
-10.006
-5.792
-9.453
-4.769
-10.327
-13.561
-9.674
-8.601
-10.901
-5.387
-9.099
-10.901
-7.807
-10.414
-14.906
-11.215
-9.384
-13.024
-7.139
-7.579
-11.315
-9.718
-9.405
-12.954
-8.560
-9.469
-12.523
-10.500
-3.864
-8.759
-1.702
-4.501
-9.466
0.129
-2.233
-5.153
-4.231
-2.750
-10.394
-4.288
-5.532
-6.638
-2.111
-5.901
-5.622
-2.918
-4.023
-7.944
-0.458
-7.766
-8.551
-2.472
-7.912
-9.306
-4.020
-5.996
-8.970
-4.300
-8.226
-9.470
-2.445
-7.875
-8.657
0.455
-8.198
-9.859
-0.575
-5.565
-5.765
0.417
-10.927
-9.334
-1.470
-9.427
-8.993
-1.902
-10.216
-9.561
-0.106
-8.933
-9.265
-3.161
-10.256
-9.111
-3.519
-9.132
-6.774
0.302
-6.046
-9.611
-6.822
-3.655
-5.621
-4.348
-3.898
-9.040
-3.201
-4.072
-6.742
-5.288
-2.692
-6.170
-6.072
-2.890
-6.817
-4.842
-3.713
-7.063
-5.591
-3.417
-6.965
-3.687
-3.809
-6.897
-3.855
-7.516
-6.653
-5.148
-3.286
-6.227
-6.935
-1.652
-3.882
-2.324
-4.195
-7.228
-5.892
-3.268
-7.504
-6.968
-3.511
-5.190
-6.202
-1.857
-7.239
-4.826
-3.175
-4.108
-6.543
-1.554
-5.643
-6.079
-2.719
-7.768
-7.525
-4.286
-5.545
-3.768
-5.857
-9.065
-5.913
-8.307
-6.254
-9.550
-8.657
-8.344
-8.449
-5.002
-5.293
-9.632
-8.738
-6.954
-7.178
-8.622
-2.465
-10.742
-5.609
-8.461
-4.889
-8.613
-3.437
-7.842
-3.917
-10.931
-2.927
-7.735
-1.770
-9.251
-3.215
-7.963
-5.670
-9.780
-4.479
-9.202
-9.875
-9.345
-8.987
-10.817
-12.220
-8.426
-9.596
-11.807
-11.932
-6.710
-8.880
-7.317
-11.323
-9.704
-12.242
-7.062
-10.278
-12.541
-10.091
-7.839
-8.935
-11.228
-13.077
-9.329
-5.193
-5.868
-3.892
-2.802
-4.694
-3.626
-4.897
-5.127
-3.050
-6.283
-3.093
-4.492
-7.163
-5.240
-4.208
-4.969
-3.310
-6.828
-6.082
-7.172
-5.135
-6.579
-4.138
-4.058
-6.366
-6.211
-5.695
-1.539
-1.433
-4.298
-6.091
-6.969
-7.460
-3.943
-6.076
-5.008
-5.875
-5.104
-4.613
-3.581
-3.634
-9.928
-5.596
-6.614
-10.530
-4.689
-5.610
-6.605
-3.437
-7.637
-6.048
-8.660
-6.808
-7.611
-4.237
-6.234
-6.795
-5.992
-4.034
-10.102
-6.922
-6.988
-10.200
-10.976
-6.274
-9.133
-10.598
-8.755
-9.311
-6.744
-10.412
-9.040
-6.957
-8.623
-8.360
-12.555
-8.900
-7.226
-11.635
-10.935
-6.413
-8.012
-10.962
-11.651
-8.986
-10.996
-14.573
-10.230
-7.339
-7.260
-9.203
-13.490
-10.440
-9.328
-11.154
-14.933
-8.761
-8.783
-11.556
-9.334
-11.716
-14.064
-11.987
-7.953
-3.832
-8.723
-9.213
-10.461
-7.902
-9.167
-8.897
-13.464
-3.695
-10.452
-10.525
-13.998
-4.561
-10.632
-10.022
-11.703
-4.918
-9.187
-6.615
-12.155
-7.081
-9.235
-11.347
-13.506
-7.809
-10.354
-4.233
-14.189
-3.587
-11.487
-10.233
-13.222
-8.062
-6.983
-11.058
-11.859
-7.644
-6.625
-9.323
-8.229
-5.487
-13.412
-7.978
-1.290
-8.031
-14.390
-8.780
-8.615
-8.566
-10.049
-7.747
-6.721
-8.823
-11.314
-9.734
-7.328
-5.155
-12.383
-11.815
-8.936
-8.220
-11.010
-11.207
-4.586
-5.133
-9.855
-11.267
-5.875
-8.644
-14.419
-10.848
-5.058
-11.145
-10.301
-10.463
-9.006
-9.408
-1.450
-9.457
-9.442
-10.938
-4.290
-3.925
-7.299
-12.300
-6.060
-4.822
-8.288
-9.640
-4.810
-5.603
-9.401
-10.214
-4.063
-3.764
-7.366
-11.074
-3.869
-7.037
-6.834
-12.996
-3.891
-5.843
-6.101
-10.781
-4.593
-7.557
-9.342
-9.794
-3.111
-4.983
-6.267
-8.971
-5.927
-7.639
-8.943
-5.108
-7.432
-9.167
-4.956
-6.993
-7.141
-6.519
-4.348
-4.055
-8.550
-8.558
-3.460
-3.222
-8.722
-4.559
-4.391
-2.600
-8.956
-5.677
-5.575
-4.172
-7.816
-5.716
-5.409
-4.342
-7.669
-5.663
-4.718
-5.244
-15.908
-5.848
-5.559
-3.165
-9.517
-7.289
-9.547
-4.404
-9.862
-7.111
-6.559
-4.845
-8.144
-8.238
-8.142
-6.289
-11.103
-10.376
-11.972
-7.683
-8.465
-9.209
-8.835
-0.946
-11.289
-8.604
-8.994
-4.965
-7.748
-7.442
-9.359
-6.924
-8.007
-8.693
-8.964
-8.495
-9.526
-11.047
-7.829
-5.827
-10.726
-7.567
-11.058
-5.049
-9.174
-8.494
-10.315
-7.339
-8.340
-6.182
-11.914
-6.551
-10.461
-5.273
-10.240
-5.636
-9.399
-5.299
-7.200
-7.473
-9.890
-4.654
-8.807
-5.215
-10.139
-5.167
-11.340
-8.557
-11.457
-7.277
-7.321
-5.917
-9.517
-2.950
-7.144
-7.021
-6.890
-4.642
-7.120
-6.621
-7.920
-5.831
-10.511
-10.881
-9.162
-8.935
-7.225
-8.019
-11.434
-2.401
-6.550
-8.858
-7.735
-8.126
-6.374
-9.287
-5.273
-7.215
-8.157
-8.375
-7.152
-7.446
-5.484
-9.046
-4.386
-10.867
-6.115
-7.887
-7.030
-7.932
-4.644
-8.295
-7.498
-7.047
-7.105
-7.945
-6.311
-8.314
-5.801
-9.985
-5.873
-9.687
-6.719
-8.986
-5.295
-7.522
-5.795
-7.391
-9.716
-7.574
-6.603
-5.254
-8.096
-2.774
-12.916
-7.806
-4.216
-7.317
-12.487
-7.735
-7.153
-2.804
-11.776
-9.793
-7.811
-6.332
-11.702
-9.250
-6.235
-6.025
-12.091
-7.968
-3.542
-3.610
-9.150
-9.503
-9.450
-4.432
-13.694
-9.918
-7.689
-2.782
-11.691
-8.282
-6.081
-3.502
-12.456
-9.351
-6.307
-6.360
-7.565
-2.639
-7.002
-6.570
-9.112
-3.064
-5.735
-10.052
-10.682
-4.344
-6.799
-9.077
-8.032
-5.729
-5.313
-10.906
-11.214
-3.789
-4.937
-10.017
-8.296
-4.558
-5.781
-10.563
-5.881
-3.076
-2.695
-9.825
-6.441
-6.889
-6.028
-10.236
-9.122
-3.072
-9.419
-8.165
-10.368
-3.594
-7.313
-8.652
-10.309
-10.033
-8.619
-10.686
-9.792
-8.689
-6.805
-11.420
-8.633
-9.853
-8.894
-10.900
-9.643
-9.588
-8.531
-11.598
-8.214
-12.079
-8.519
-13.980
-8.716
-10.477
-6.198
-8.660
-6.799
-9.863
-4.608
-12.853
-2.414
-7.253
-7.311
-11.568
-5.043
-12.457
-4.836
-8.708
-4.052
-12.155
-4.873
-10.703
-4.079
-7.507
-3.727
-6.707
-3.410
-7.531
-8.465
-7.615
-6.611
-4.991
-4.851
-5.215
-4.098
-8.148
-5.971
-10.714
-4.557
-7.725
-6.583
-8.225
-8.824
-8.633
-7.975
-9.695
-7.461
-9.854
-5.660
-7.160
-7.195
-8.334
-5.643
-7.978
-5.551
-5.848
-6.966
-6.743
-6.637
-7.118
-8.518
-6.274
-5.081
-9.091
-7.634
-10.885
-7.258
-8.873
-4.957
-8.025
-5.548
-5.825
-5.983
-7.458
-7.608
-7.704
-3.535
-7.755
-3.503
-10.467
-4.705
-8.222
-7.128
-7.920
-6.817
-7.548
-6.194
-4.586
-7.177
-4.052
-7.939
-7.931
-10.036
-7.660
-7.519
-3.669
-10.613
-8.582
-7.419
-3.414
-8.623
-5.294
-7.767
