-6.034
-5.467
-5.943
-4.843
-3.188
-4.373
-4.340
-4.795
-6.561
-6.707
-6.318
-5.279
-6.942
-5.338
-5.780
-5.443
-7.547
-3.708
-4.696
-3.901
-5.045
-5.391
-6.388
-3.443
-6.912
-4.478
-7.378
-5.861
-5.251
-3.249
-5.924
-5.018
-2.666
-1.388
-5.286
-4.185
-5.582
-2.775
-2.962
-3.678
1.633
-2.743
1.645
-4.767
1.499
-4.787
0.906
-5.610
0.508
-7.822
-2.228
-5.165
0.604
-3.378
1.248
-6.669
1.925
-2.846
0.533
-7.076
1.276
-3.465
0.883
-3.106
3.620
-2.744
2.666
-4.131
2.622
-4.582
4.043
-1.075
3.517
-3.538
2.017
-4.275
2.696
-3.565
1.093
-2.562
2.926
-2.109
1.804
4.392
1.833
-0.170
2.185
2.886
2.769
0.142
3.040
4.823
3.936
0.778
1.753
3.454
1.983
0.232
1.601
5.581
2.982
0.108
2.652
3.607
1.322
-0.813
1.853
3.357
1.920
-2.627
0.610
2.304
2.404
0.737
2.799
5.211
2.783
0.353
3.258
5.813
4.745
0.329
2.822
2.682
3.957
-0.086
1.503
1.374
4.404
-0.006
2.205
1.194
3.713
0.803
2.383
2.931
3.024
0.044
1.675
0.919
3.878
-0.615
2.148
1.620
3.233
-0.777
-0.154
0.056
4.290
0.320
2.305
2.346
2.643
0.011
1.256
0.952
3.038
0.187
2.572
1.998
4.491
-0.857
1.478
0.324
4.071
0.197
1.949
0.765
5.353
0.682
3.547
1.714
4.166
-0.640
1.448
0.839
6.315
-0.029
2.502
1.461
5.263
-0.007
2.228
0.871
4.562
0.388
2.568
1.090
4.588
-1.273
1.005
-0.160
4.655
-0.369
1.425
0.820
3.138
-0.566
0.969
-2.359
-0.264
1.947
2.050
3.456
0.338
0.402
1.591
5.310
0.490
0.377
1.938
4.859
-0.205
-0.289
0.390
4.985
0.348
-0.165
1.775
4.861
-0.088
0.220
0.147
3.398
-0.153
-3.137
-1.157
3.189
-0.106
-0.326
1.297
3.826
-0.519
-1.451
-1.311
3.521
0.272
-0.044
1.220
3.476
3.772
5.528
1.436
1.008
3.585
3.626
2.549
3.476
3.874
4.780
0.987
0.916
4.062
3.689
2.105
1.819
3.492
3.415
0.670
0.554
4.200
4.722
0.338
0.681
3.707
4.826
2.257
2.364
2.657
2.477
0.963
-0.143
3.008
4.974
1.747
2.032
3.403
4.636
1.922
1.951
0.134
-0.561
4.516
1.858
2.205
1.137
4.744
2.307
1.880
1.918
3.498
1.557
3.220
1.316
5.013
2.842
3.365
2.070
4.304
3.622
0.549
0.314
4.129
1.705
3.455
2.554
5.068
4.093
2.152
0.641
5.156
1.116
2.025
0.517
3.313
1.993
3.948
2.702
4.966
3.397
3.810
3.587
1.574
1.608
3.802
3.335
2.383
0.894
4.619
2.195
1.448
0.657
4.009
2.210
0.557
-0.318
1.225
0.721
-0.023
-0.701
3.763
3.142
1.395
0.821
4.947
3.620
2.493
2.002
2.678
1.875
1.271
1.610
3.671
2.198
0.162
-0.126
2.747
2.639
1.295
1.363
4.302
4.593
2.887
2.195
3.856
3.099
1.816
1.850
4.787
3.916
2.648
2.076
4.065
2.984
2.450
2.289
3.149
3.369
2.880
3.511
2.451
3.249
2.033
0.510
4.504
1.787
1.093
0.449
3.448
2.039
1.138
1.407
3.372
3.224
1.324
1.740
3.424
2.690
1.677
1.865
1.846
-2.004
-2.907
2.044
-3.275
-2.478
2.410
-2.292
-3.295
2.258
-3.185
-2.165
1.613
-2.925
-2.397
0.987
-5.330
-5.719
2.256
-3.596
-1.052
2.902
-1.604
-0.975
2.117
-2.112
-2.259
2.572
-2.299
-3.701
2.164
1.463
-1.303
3.409
1.622
-2.505
3.368
0.708
-1.394
3.574
2.314
0.050
2.327
-0.037
-2.714
2.577
1.917
-1.866
1.831
0.174
-2.019
0.418
-2.050
-4.410
4.018
1.575
-1.844
1.837
1.030
-4.486
3.049
0.699
-0.101
3.085
0.029
1.451
2.711
0.934
0.261
2.096
0.235
-1.506
2.062
-2.210
-2.000
3.233
-0.236
-1.211
2.127
-2.394
-0.909
0.272
-1.880
-0.422
3.334
1.387
0.197
2.287
-1.263
-1.731
0.343
2.516
-0.905
1.523
2.890
0.368
0.122
1.716
-0.013
-2.028
0.894
-1.748
0.432
2.278
1.207
1.047
3.110
-0.241
1.612
1.866
-1.419
2.438
4.005
1.760
1.207
2.317
-0.117
2.390
3.432
1.528
-3.588
-1.988
2.644
-1.423
-0.061
2.912
-1.485
-0.595
3.704
-0.547
-2.086
2.104
-1.799
-0.494
3.075
-0.014
-1.308
1.591
-1.002
-1.513
2.883
-1.168
-1.256
-0.051
2.280
0.831
3.832
0.525
1.757
4.587
2.100
2.602
0.205
3.886
4.184
3.122
1.953
2.145
-0.098
1.373
2.388
0.101
2.931
2.688
0.439
1.028
1.291
0.370
3.880
3.794
3.241
1.105
2.884
2.003
2.919
1.625
1.581
0.716
1.491
-0.405
-6.420
-4.491
1.489
-8.235
-2.689
-7.047
-4.542
-0.173
-7.700
-3.515
-7.914
-6.786
-0.663
-7.524
-5.047
-6.223
-5.015
0.222
-8.181
-4.468
-6.222
-6.017
0.855
-9.250
-4.097
-9.126
-6.960
0.056
-8.834
-4.001
-5.527
-4.335
1.276
-6.089
-2.080
-4.742
-2.501
1.449
-5.225
-1.451
-5.449
-3.405
1.994
-9.670
-3.444
-5.723
-3.766
0.832
-6.825
-3.179
-7.343
-6.501
-3.795
-6.172
0.779
-9.360
-5.962
-5.407
-5.197
0.011
-7.378
-4.749
-3.185
-3.577
1.156
-8.115
-5.432
-3.804
-4.699
2.079
-8.416
-6.087
-4.770
-6.741
0.710
-9.263
-6.396
-4.969
-5.981
1.979
-6.649
-7.269
-4.612
-6.461
1.453
-5.211
-5.159
-3.861
-4.278
1.405
-5.319
-4.779
-2.564
-4.402
1.659
-8.087
-5.510
-4.690
-5.340
-0.314
-4.236
-1.010
2.284
-6.607
-1.642
-5.281
-3.144
1.418
-7.523
-3.058
-5.418
-4.378
-0.333
-8.953
-3.012
-4.036
-1.095
0.797
-8.414
-2.569
-2.311
-5.635
0.383
-8.178
-3.867
-5.218
-2.879
-0.159
-7.001
-3.040
-3.605
-3.625
1.104
-8.169
-2.348
-4.479
-3.139
0.434
-6.926
-2.051
-3.263
-2.422
1.484
-6.904
-2.631
-7.311
-5.237
-0.250
-11.855
-5.543
-8.132
-5.196
-3.029
-4.529
2.188
-4.333
-4.035
-2.532
-4.368
2.324
-4.004
-3.997
-1.477
-2.738
0.687
-6.101
-3.715
-2.135
-5.282
-0.240
-3.877
-4.301
-1.704
-4.427
1.206
-2.857
-3.184
-1.439
-1.492
0.864
-4.892
-7.867
-3.239
-9.333
-2.973
-4.744
-3.475
-2.197
-3.159
3.019
-5.110
-3.553
-2.860
-6.388
2.137
-6.278
-3.095
-1.796
-5.233
2.815
-3.083
-6.455
-1.410
-4.392
-3.908
-2.923
-3.792
0.337
-2.097
-3.119
-4.507
-5.400
0.890
-3.041
-3.066
-4.828
-4.442
-0.112
-5.130
-4.074
-3.631
-4.777
0.354
-2.007
-1.558
-3.600
-6.481
0.049
-2.084
-3.067
-4.058
-2.027
1.781
-4.309
-2.274
-5.813
-6.132
-0.213
-3.191
-3.223
-3.974
-3.643
-0.292
-3.773
-3.361
-4.667
-5.010
-0.115
-7.344
-4.150
2.819
2.427
-5.980
-0.177
-2.203
3.009
1.503
-5.474
-1.526
-6.356
3.493
3.359
-6.466
-0.151
-4.195
1.647
0.886
-9.092
-0.066
-4.931
1.184
0.461
-8.083
1.081
-2.463
2.262
1.713
-5.774
-0.118
-4.337
2.570
0.136
-7.683
0.627
-5.290
2.752
2.005
-5.527
-0.002
-2.923
3.374
1.384
-6.294
-0.532
-4.269
2.566
-0.008
-6.735
-0.712
-4.324
-5.758
-5.252
-9.627
-4.192
-5.193
-4.092
-4.090
-9.961
-1.853
-2.832
-5.387
-4.260
-8.688
-5.809
-5.298
-3.427
-4.566
-9.406
-4.087
-5.540
-2.912
-2.094
-8.078
-1.683
-1.871
-3.203
-4.221
-8.607
-3.520
-5.265
-4.905
-4.296
-9.323
-3.655
-3.668
-3.716
-5.006
-9.375
-3.537
-6.395
-4.591
-3.975
-9.669
-3.538
-2.916
-4.560
-4.244
-11.073
-4.537
-6.462
1.266
-0.255
-1.070
-7.023
-6.534
1.668
-1.050
-3.096
-6.498
-9.969
0.753
-1.945
-1.236
-7.435
-8.999
2.533
0.374
-4.027
-3.668
-6.124
2.487
-0.506
-4.126
-3.292
-6.665
0.341
-2.130
-2.685
-4.880
-8.102
0.714
-1.442
-1.882
-6.719
-6.612
1.336
-0.162
-1.383
-4.053
-6.523
2.207
0.159
-2.864
-3.391
-5.996
1.426
-0.844
-3.412
-2.352
-6.028
-2.388
0.283
-8.663
-4.173
-2.638
0.425
0.948
-6.668
-4.340
-4.299
-1.686
2.009
-8.765
-4.669
-2.947
-0.485
1.758
-7.089
-3.657
-4.392
-4.085
0.211
-11.334
-2.805
-3.371
-0.451
2.182
-6.245
-4.255
-1.993
-1.530
1.290
-7.072
-3.380
-2.502
0.119
2.708
-6.211
-4.158
-3.858
-1.232
2.716
-4.873
-5.071
-2.639
-1.635
0.971
-7.091
-3.330
-2.916
0.882
3.029
-0.535
-4.128
-4.290
0.174
2.284
-1.417
-2.506
-3.364
1.369
3.049
-1.811
-3.763
-4.077
0.863
0.720
0.631
-4.705
-4.847
1.223
2.094
0.550
-4.016
-4.234
-0.196
0.951
-4.776
-3.378
-2.675
0.667
1.237
-4.681
-2.080
-4.207
1.839
3.425
-1.199
-2.977
-2.014
0.662
2.951
-4.074
-2.926
-4.667
0.109
2.446
-3.505
-4.180
-4.688
-3.658
-4.931
-3.612
-4.989
-6.568
-5.694
-2.972
-8.583
-4.964
-3.757
-7.435
-4.278
-5.391
-5.246
-4.868
-3.356
-7.524
-5.810
-5.993
-5.591
-2.576
-3.787
-4.283
-4.940
-3.725
-4.880
-5.242
-1.899
-5.283
-5.185
-12.377
-6.919
-5.510
-8.435
-3.764
-2.204
-10.121
-4.066
-2.603
-12.277
-5.677
-4.838
-9.862
-3.588
-1.175
-11.822
-4.751
-4.422
-11.618
-4.018
-1.729
-9.116
-5.132
-2.132
-10.910
-5.085
-4.630
-12.052
-4.755
-1.921
-4.595
-6.720
-4.152
-7.420
-4.890
-3.396
-5.095
-4.940
-2.405
-5.251
-4.195
-1.752
-4.809
-4.817
-3.017
-5.205
-5.973
-3.654
-3.698
-5.906
-1.231
-5.449
-5.543
-3.240
-4.639
-3.688
-3.571
-3.879
-5.243
-1.731
1.944
-2.015
-3.830
2.175
-2.658
-3.583
1.054
-2.475
-4.436
1.364
-2.843
-5.319
1.925
-3.402
-5.035
3.654
-1.985
-3.917
0.860
-3.267
-5.649
1.498
-1.829
-3.950
1.968
-0.177
-2.408
1.254
-2.903
-3.626
-0.968
-6.428
-6.094
1.027
-4.856
-5.239
-0.863
-4.713
-5.537
-0.262
-3.713
-5.388
-0.023
-2.155
-3.369
-0.459
-4.663
-5.687
-0.410
-4.245
-4.536
-1.327
-4.562
-6.070
-0.223
-5.137
-5.523
-1.331
-4.085
-3.929
-0.284
-3.679
-7.214
1.237
-1.331
-6.133
-1.478
-1.487
-4.417
0.389
-2.490
-5.929
0.247
-1.230
-7.330
0.464
-2.692
-6.852
-0.069
-0.543
-4.940
-0.749
-2.329
-6.593
-1.206
-3.023
-6.587
0.903
-2.211
-6.469
