5.425
9.284
4.977
7.929
7.567
7.892
5.104
9.147
6.486
7.566
9.784
8.553
9.053
2.022
8.382
9.245
7.443
7.104
5.399
8.393
9.135
8.802
6.307
8.045
10.054
8.358
8.415
9.144
8.382
8.697
7.890
9.301
6.905
6.710
9.087
4.936
3.936
11.286
8.339
6.877
9.946
8.891
7.876
9.435
8.869
8.902
8.595
7.704
8.466
4.601
9.679
7.809
5.285
6.346
3.237
4.846
-1.032
8.982
7.597
5.838
3.448
1.709
-0.769
4.843
5.493
5.402
3.740
2.031
4.561
2.968
7.605
2.946
6.408
5.431
-2.129
6.480
-0.292
4.752
-4.272
4.901
7.203
9.311
5.154
3.555
7.989
4.673
6.928
6.758
8.049
8.781
4.699
8.550
6.193
4.932
9.646
7.516
5.005
4.070
6.143
7.185
6.000
6.031
6.991
6.710
4.328
3.828
3.113
5.753
3.622
3.387
6.814
6.488
5.822
5.270
5.997
5.558
7.403
4.874
6.807
6.415
3.852
1.114
3.199
7.393
5.525
4.153
5.263
4.921
5.839
5.558
4.460
7.297
8.349
7.176
7.640
5.338
8.349
9.738
7.254
6.512
7.329
2.869
7.505
3.365
-2.510
6.837
-5.383
6.695
-9.703
5.803
8.916
9.002
5.505
5.391
9.822
6.341
7.754
7.372
7.288
9.618
7.248
6.221
5.426
2.655
5.984
9.242
4.329
8.190
7.260
5.441
6.382
5.433
2.512
4.345
4.495
4.623
5.592
5.611
1.397
7.562
5.777
7.692
8.861
7.955
8.547
8.802
7.104
8.796
7.920
5.301
-3.084
5.411
7.125
6.838
6.587
7.301
6.601
8.857
3.130
4.235
7.458
11.125
7.862
7.213
8.119
8.265
10.239
9.909
10.859
8.905
6.677
8.210
6.503
8.541
7.980
7.174
6.917
7.398
8.137
7.449
8.610
10.864
7.807
7.930
8.475
6.585
9.404
4.847
5.143
10.069
9.163
9.247
8.899
7.597
10.056
9.204
8.469
9.175
11.502
11.824
8.605
8.515
5.644
7.749
9.372
7.854
9.821
10.180
7.986
10.005
10.744
9.314
11.661
6.928
11.232
12.284
8.435
9.213
8.849
4.640
7.432
6.144
8.862
6.462
9.684
8.789
9.367
7.997
6.005
5.794
7.561
9.751
8.816
6.510
8.289
8.504
7.672
6.465
7.109
7.981
7.913
7.000
10.136
8.944
10.210
10.373
9.494
9.213
6.660
8.766
8.437
7.875
8.153
8.281
8.901
9.628
8.247
5.343
9.947
8.425
8.842
9.161
10.400
3.922
8.414
9.127
8.358
7.955
6.459
6.478
7.004
5.705
7.054
7.247
4.344
6.972
8.670
9.049
7.649
7.742
8.474
8.500
8.247
8.192
8.290
7.464
6.144
4.825
8.429
6.065
6.690
9.683
6.632
5.665
6.304
8.034
8.110
7.741
6.499
9.735
