-8.270
-6.525
-1.309
-8.602
-2.530
-6.325
-6.569
-5.248
-4.524
-1.751
-4.261
-5.337
-4.147
-2.078
-1.988
-4.330
-4.955
-4.151
-5.128
-3.298
-1.058
-2.354
-3.052
-1.135
-2.579
-0.327
0.054
-0.995
-1.249
-1.548
1.191
3.235
1.534
4.151
2.325
-0.462
-2.228
3.183
1.667
1.220
-6.751
0.388
-9.315
-5.754
1.604
-7.251
-6.278
0.999
-7.781
-7.561
1.494
-8.696
-7.750
0.905
-7.918
-7.723
0.828
-7.906
-6.718
-0.349
-6.814
-4.344
-0.308
-6.633
-4.220
-2.144
-6.574
-4.828
-2.362
-9.779
-3.412
-2.466
-8.025
-1.731
-0.654
-7.350
-6.209
-3.775
-6.836
-0.635
-4.389
-3.760
-5.244
-3.867
-2.311
-5.963
-0.366
-4.028
-7.077
-4.334
-4.359
-0.434
-1.699
-6.225
-5.001
-0.393
-6.036
-4.127
-1.820
-6.830
-6.393
-5.106
-5.638
-9.003
-4.324
-10.411
-8.026
-7.794
-7.862
-7.775
-3.134
-10.407
-6.807
-3.839
-8.854
-6.162
-4.416
-7.715
-9.921
-7.084
-7.197
-7.084
-5.118
-9.705
-9.523
-4.226
-11.271
-5.444
-3.943
-9.373
-11.515
-12.075
-8.238
-6.920
-5.864
-4.746
-11.139
-9.545
-6.924
-8.210
-9.489
-6.327
-6.673
-8.151
-5.355
-8.330
-11.038
-6.847
-7.451
-7.548
-3.475
-7.714
-8.420
-7.185
-7.929
-8.887
-6.341
-7.292
-10.174
-7.349
0.267
-3.974
1.557
1.093
-4.905
3.366
2.390
-3.823
-1.236
-0.952
-6.067
-1.358
0.809
-1.916
2.691
0.210
-3.787
1.169
2.596
-2.654
3.744
-2.085
-6.298
2.130
-0.968
-7.304
1.628
0.960
-6.569
0.150
-2.962
-3.710
1.493
-4.450
-4.958
2.159
-4.784
-7.309
3.865
-2.996
-4.192
3.605
-4.203
-6.043
4.854
-2.544
-2.457
2.965
-3.738
-4.465
5.465
-1.804
-3.189
2.021
-2.230
-0.798
1.206
-5.359
-4.949
4.606
-1.621
-6.497
-4.193
0.749
-4.618
-4.463
0.179
-4.678
-1.493
-1.126
-2.440
-1.598
-0.500
-5.084
-3.641
0.002
-6.848
-6.008
0.373
-7.986
-6.583
0.394
-2.855
-0.088
-1.961
-8.501
-5.780
-1.114
-9.002
-5.888
2.222
-5.198
-2.165
2.504
-3.065
-0.795
2.101
-3.955
-4.122
-2.117
-4.886
-4.113
0.686
-3.327
-2.673
1.684
-3.427
-4.597
3.219
-1.117
-2.678
1.472
-1.739
-1.865
0.616
-6.050
-2.680
1.737
-0.201
1.412
2.458
-9.170
-3.177
-10.741
-4.565
-6.236
0.175
-6.104
-1.545
-3.471
-0.564
-6.785
-0.765
-6.844
0.003
-7.364
1.540
-8.856
0.091
-9.319
-1.457
-6.508
3.620
-9.528
0.036
-11.828
0.952
-8.898
-1.064
-8.592
-0.953
-9.517
0.588
-9.148
-0.111
-8.092
-3.513
-9.654
-3.255
-10.541
-11.804
-8.275
-9.268
-8.532
-11.095
-6.920
-8.619
-6.717
-7.468
-7.615
-7.783
-5.034
-9.489
-9.403
-8.648
-6.158
-11.161
-8.515
-8.017
-9.991
-3.598
-1.761
-6.270
-2.730
-6.684
-4.201
-4.649
-6.035
-5.906
-5.795
-3.407
-2.659
-7.430
-4.541
-6.126
-1.167
-3.406
-3.630
-8.232
-5.987
-3.549
-5.253
-5.107
-1.532
-5.175
-3.381
-0.766
-1.454
-0.259
-6.210
-1.250
-1.373
-1.517
-1.629
-3.176
-5.029
-5.237
-5.356
-5.556
-4.227
-5.246
-5.038
-1.761
-1.266
-7.498
0.773
-4.832
-5.148
-1.733
-3.141
-7.688
-4.612
-3.212
-1.167
-4.297
-2.878
-4.760
0.069
-2.757
-3.252
-7.027
-2.231
-5.886
-6.622
-6.436
-8.166
-9.233
-7.745
-6.316
-5.005
-6.507
-4.519
-7.695
-7.004
-8.489
-8.481
-6.145
-6.713
-9.658
-5.820
-7.308
-5.567
-6.793
-7.710
-6.880
-9.168
-10.549
-7.953
-4.487
-3.535
-5.800
-6.300
-4.883
-5.524
-6.390
-5.640
-4.494
-3.677
-7.218
-5.885
-8.718
-8.047
-8.318
-9.588
-6.887
-5.515
-7.320
-11.350
-7.318
-5.356
-2.471
-9.013
-7.201
-4.638
-5.409
-9.831
-4.133
-3.748
-1.018
-7.390
-5.296
-6.681
-5.937
-10.284
-4.593
-1.981
-5.150
-8.283
-5.338
-5.608
-0.701
-10.226
-5.681
-7.939
-7.124
-11.440
-6.211
-2.435
-6.325
-7.483
-1.634
-5.903
-2.867
-4.846
-2.863
-8.883
-5.214
-1.665
-4.700
-9.611
-6.171
-7.040
-3.615
-5.608
-4.076
-5.148
-4.892
-6.035
-6.867
-4.864
-0.826
-6.082
-5.566
-6.511
-3.917
-5.029
-5.336
-3.642
-3.317
-7.380
-7.949
-5.086
-1.359
-6.655
-6.044
-1.860
-5.238
-5.873
-5.861
-5.720
-5.282
-1.368
-2.041
-4.165
-6.631
-0.715
-0.565
-1.174
-10.520
-3.647
-1.572
-4.975
-9.796
-4.189
-0.783
-6.136
-6.799
-1.640
2.160
-2.264
-9.630
-4.592
-2.638
-5.216
-10.610
-2.322
-1.463
-5.257
-8.595
-2.620
0.761
-4.076
-6.798
-1.819
-0.561
-4.624
-7.728
-4.466
-3.472
-5.107
-2.615
-4.232
-4.315
-2.674
-2.569
-2.799
-1.185
-1.796
-2.105
-6.824
-5.036
-2.348
-1.836
-5.065
-3.976
-2.918
-0.817
-5.184
-1.035
-3.517
-4.087
-4.317
-3.988
-3.985
-1.773
-4.290
-1.729
-5.174
-5.240
-8.998
-3.667
-4.037
-5.397
-5.590
-1.114
-8.530
-0.680
-7.112
-2.540
-3.957
-5.037
-2.576
-8.361
-6.325
-7.751
-9.896
-8.592
-9.434
-9.489
-6.115
-8.723
-7.410
-2.626
-6.275
-7.077
-9.051
-8.330
-2.237
-7.433
-4.950
-7.519
-1.582
-6.336
-4.927
-8.415
-7.910
-8.982
-9.298
-5.837
-7.569
-7.660
-7.448
-8.756
-2.558
-8.285
-6.605
-8.891
-4.593
-6.637
-3.542
-5.666
-7.559
-3.117
-5.022
-6.307
-6.663
-1.187
-1.418
-8.377
-10.107
-1.773
-6.683
-4.221
-7.715
-3.347
-4.300
-8.010
-5.833
-1.043
-3.563
-3.538
-7.445
-2.777
-6.424
-4.219
-5.104
-3.216
-5.785
-7.237
-6.552
-3.088
-5.923
-3.870
-7.518
-3.258
-6.930
-7.010
-7.831
-3.689
-4.305
-6.250
-5.833
-5.098
-3.664
-6.340
-5.650
-6.087
-4.244
-9.352
-4.772
-4.242
-1.539
-6.179
-4.317
-6.628
-1.923
-7.748
-6.600
-6.374
-1.537
-6.928
-5.470
-5.422
-2.009
-3.744
-3.567
-6.256
-2.120
-7.422
-3.240
-5.038
-4.230
-8.672
-4.053
-3.825
-3.105
-9.117
-6.096
-6.039
-4.889
-4.716
-9.125
-1.462
-10.535
-3.039
-3.801
-4.512
-8.427
-2.550
-9.357
-3.602
-11.091
-6.271
-6.704
-2.064
-10.522
-3.787
-6.297
-4.346
-7.932
-4.544
-5.248
-1.623
-9.773
-3.930
-6.876
-3.330
-9.517
-0.909
-4.973
-1.461
-11.501
-8.849
-7.780
-2.520
-10.202
-6.296
-5.698
-3.808
-6.491
-2.062
-5.522
-8.240
-7.568
-1.466
-4.013
-8.283
-6.940
-2.778
-4.296
-6.607
-7.373
-7.717
-6.307
-8.154
-7.860
-2.501
-4.260
-9.583
-6.960
-2.068
-4.862
-9.999
-2.804
-2.959
-1.440
-6.555
-3.990
-5.033
-5.415
-7.790
-7.459
-1.372
-6.243
-8.179
-6.756
-4.603
-6.813
-8.545
-8.245
-8.157
-3.508
-5.077
-1.857
-3.839
1.059
-6.762
-2.653
-6.887
-1.993
-7.458
-3.677
-9.548
-1.941
-9.282
-2.341
-9.156
-4.568
-9.747
-2.655
-3.607
0.171
-5.280
-2.599
-3.869
-4.354
-5.385
0.778
-1.122
-2.308
-5.651
-3.140
-3.442
-4.713
-8.147
-4.046
-7.079
-1.139
-4.828
-3.467
-8.540
-3.437
-7.524
-2.343
-8.354
-4.130
-9.192
-5.532
-4.593
-2.626
-7.870
-3.599
-7.802
-4.348
-9.491
-2.463
-9.957
-3.826
-6.400
-5.108
-3.831
-4.867
-3.758
-5.880
-2.084
-1.131
-2.643
-4.572
-4.919
-3.180
-2.755
-4.204
-1.326
-2.795
-3.753
-1.957
-2.389
-2.956
-4.889
-2.793
-1.840
-3.774
-5.183
-3.972
-6.252
-2.762
-6.841
-5.725
-4.708
-3.924
-3.945
-4.433
-4.807
-1.668
-5.045
-4.806
-4.062
-2.148
-7.452
-7.150
-4.465
-4.474
-6.640
-5.482
-6.085
-1.778
-1.335
-4.493
-3.931
-5.263
-5.992
-5.000
-3.671
-5.612
-5.285
-3.057
-3.928
-5.373
-1.138
-0.966
