-7.899
-4.922
-5.074
-6.249
-6.358
-6.579
-7.063
-7.192
-7.142
-7.223
-9.783
-7.752
-7.981
-8.285
-8.381
-7.195
-8.141
-4.839
-4.493
-4.400
-6.170
-7.304
-9.333
-4.961
-10.259
-6.390
-8.563
-6.592
-4.464
-5.703
-13.001
-6.807
-5.505
-2.022
-11.577
-7.573
-5.613
-5.265
-7.033
-6.115
-3.151
-1.639
-0.572
-7.101
-3.942
-6.325
-2.353
-5.824
-4.145
-5.651
-4.791
-4.826
-7.500
-5.493
-6.884
-8.797
-4.213
-6.199
-5.287
-9.263
-2.902
-6.661
-2.509
-6.207
-2.546
-5.968
-4.537
-6.413
-2.063
-4.824
-0.526
-3.222
-1.454
-3.204
-2.200
-5.463
-3.085
-7.023
0.395
0.272
-7.217
-9.391
-6.956
-5.019
-3.169
-7.205
-1.906
-4.591
-3.153
-8.159
-7.316
-8.109
-2.964
-8.214
-6.481
-10.612
-7.376
-7.624
-4.946
-8.988
-3.239
-9.136
-1.153
-6.860
-2.789
-8.792
-3.653
-6.971
-6.730
-12.624
-10.201
-4.388
-4.630
-9.983
-6.068
-8.303
-4.914
-8.579
-2.314
-5.398
-4.107
-7.511
-4.793
-6.714
-2.881
-8.600
-4.256
-12.612
-2.033
-8.860
-4.056
-11.709
-3.240
-8.645
-4.804
-9.149
-1.686
-6.205
-2.761
-8.624
-1.500
-6.160
-0.843
-7.818
-2.166
-10.093
-6.718
-11.540
-2.659
-11.776
-9.606
-9.346
-5.356
-7.983
-7.294
-9.126
-1.912
-7.749
0.054
-7.215
1.663
-6.804
-4.179
-8.354
0.285
-4.825
-0.179
-5.424
2.577
-7.770
-1.414
-9.667
0.496
-7.099
-4.168
-8.713
0.432
-7.316
-6.068
-6.037
-0.451
-4.668
-2.414
-7.725
0.566
-3.631
-1.443
-6.802
-4.264
-6.389
-7.165
-5.741
1.056
-5.871
-5.332
-6.166
-0.110
-4.922
-2.271
-11.384
-5.422
-0.154
-2.489
-2.845
-9.782
-5.318
-6.783
-4.526
-7.151
-1.900
-4.390
-5.765
-6.690
-3.892
-9.229
-3.032
-5.869
-4.097
-4.174
1.092
-7.105
-1.480
-4.358
-2.108
-5.640
-6.057
-6.934
-0.575
-8.139
-5.265
-6.465
-1.946
-3.141
-3.335
-4.882
-2.844
-9.511
-4.476
-6.015
-4.128
-5.630
-4.989
-8.164
-9.354
-3.095
-3.756
-6.658
-5.041
-0.224
-2.595
-7.534
-5.706
0.009
2.288
-1.795
-1.858
-4.709
-6.864
-5.432
-4.792
-1.838
-2.661
-7.811
-5.705
-2.495
-1.804
-6.120
-5.140
-2.417
-3.402
-7.837
-6.476
-6.468
-5.501
-6.640
-9.146
-2.657
-2.274
-4.771
-3.731
-6.500
-6.532
-1.424
0.171
-0.210
-2.146
0.738
-0.983
-4.354
-1.945
-1.478
-3.950
-2.196
-5.816
-0.338
1.546
-2.011
-3.710
-2.055
0.566
-4.166
-5.250
-1.429
-0.265
-2.185
-4.615
-5.240
-2.622
-7.911
-5.595
-3.071
-2.122
-7.853
-7.354
-4.754
-3.846
-2.336
-2.811
-3.970
-0.247
-3.347
-6.804
-4.966
-1.597
-2.829
-4.108
-3.769
0.650
-1.535
-3.399
-4.663
-2.079
-2.468
-6.261
-5.599
-2.689
-4.892
-6.709
-5.336
-1.790
-4.619
-7.632
-5.116
-2.715
-4.557
-3.464
-0.937
1.041
-3.664
-7.658
-5.011
-2.339
-4.719
-6.067
-3.390
-1.950
-9.331
-7.925
-5.355
-2.445
3.145
0.544
-1.650
-0.671
2.782
2.982
-3.574
-2.297
1.280
-0.723
-5.283
-3.704
-0.343
-4.489
-5.039
-4.063
1.759
2.863
-0.867
1.742
0.140
0.661
-2.008
-2.114
-0.164
-2.004
-3.227
-1.629
-1.018
0.414
-5.455
-6.417
1.884
1.575
-4.139
-2.079
-4.175
-2.441
-9.606
-9.073
-6.421
-7.103
-9.362
-5.545
-8.429
-8.834
-5.943
-8.545
-9.840
-3.524
-6.782
-10.802
-5.979
-10.035
-9.087
-7.953
-10.510
-10.440
-3.799
-6.211
-7.966
-6.725
-7.773
-7.387
-7.363
-9.324
-8.244
-4.318
-9.854
-11.978
-1.723
-2.814
-7.756
2.952
0.209
-10.600
-0.687
-2.886
-7.808
2.145
-1.862
-9.664
-3.956
-6.064
-9.323
-0.011
-1.671
-7.089
-1.506
-3.869
-7.020
-0.384
-3.413
-8.884
-0.831
-0.992
-12.133
2.179
1.347
-10.274
3.834
-1.023
-9.295
-3.233
-5.346
-8.295
-1.790
-3.915
-9.490
0.722
-1.391
-7.655
-2.662
-4.757
-9.631
-0.176
1.220
-6.603
-4.262
-5.983
-10.529
-8.944
-6.395
-2.537
-0.032
-0.913
-9.497
2.103
-0.860
-6.698
-0.647
-3.023
-4.976
0.675
-0.238
-2.813
-0.185
-2.691
0.127
0.717
-1.305
-3.530
-0.072
-0.801
0.657
-3.760
-2.842
-6.941
-0.503
-1.527
-5.843
0.225
-5.186
-4.929
2.522
0.207
-1.517
2.504
-2.063
-1.851
-5.036
-8.364
-0.389
-4.650
-8.650
-1.946
-7.383
-8.466
-1.266
-1.324
-6.722
-1.189
-4.323
-8.072
-1.483
-2.447
-9.968
-2.584
-1.269
-9.612
-2.934
-0.946
-8.570
-0.800
-4.229
-5.419
-0.501
-6.911
-6.458
-2.398
-0.413
-0.342
-1.315
3.101
-2.196
-3.227
2.230
-3.313
-0.366
0.441
-2.855
-3.128
3.078
-0.363
-0.842
-0.895
-2.195
-4.580
1.675
0.828
-0.290
-2.668
1.226
2.530
1.121
-1.676
-0.069
-3.401
-0.340
-0.867
-5.360
-6.007
-7.101
-6.935
-6.437
-6.812
-4.578
-5.577
-8.643
-9.614
-8.352
-7.171
-5.454
-6.449
-8.471
-6.515
-5.149
-6.252
-5.775
-5.914
-5.485
-4.049
-7.143
-7.492
-6.328
-9.220
-6.623
-6.786
-6.940
-8.417
-4.166
-3.301
-5.906
-7.805
-4.767
-3.118
-0.713
-2.894
-5.154
-4.497
-4.402
-5.241
-6.992
-9.106
-6.187
-6.883
-4.384
-6.119
-4.964
-6.515
-5.523
-5.118
-4.795
-2.534
-7.500
-8.207
-5.247
-7.452
-4.299
-8.257
-6.824
-4.801
-8.484
-3.190
-5.079
-7.447
-4.658
-5.797
-3.791
-5.855
-6.163
-6.693
-7.386
-4.217
-8.338
-7.980
-6.552
-7.453
-4.915
-10.548
-7.399
-4.656
-6.376
-3.777
-5.622
-6.156
-5.309
-7.209
-2.036
-7.984
-6.838
-7.265
-5.852
-3.267
-8.945
-10.899
-6.521
-6.155
-5.848
-11.244
-6.377
-2.604
-2.745
-6.211
-5.030
-5.526
-4.646
-7.147
-9.725
-0.192
-6.748
-9.221
-8.224
-8.810
-2.170
-8.258
-6.271
-7.473
-11.440
-3.344
-3.283
-6.313
-5.465
-8.547
-0.945
-6.603
-6.185
-5.722
-9.165
0.501
-6.123
-3.855
-4.971
-5.726
-1.152
-8.121
-5.325
-6.249
-9.574
-2.794
-5.755
-4.332
-4.466
-6.809
-2.357
-9.365
-8.310
-4.613
-9.367
-6.034
-6.535
-3.846
-6.375
-2.980
-3.257
-6.599
-2.715
-3.429
-2.735
-4.287
-5.387
-1.735
-4.825
-1.332
-4.564
-7.880
-3.988
-4.546
-4.703
-1.591
-3.423
-4.766
-4.471
-4.833
-2.999
-3.632
-1.883
-4.431
-2.412
-3.174
-5.481
-4.521
-5.685
-9.174
-8.100
-6.221
-2.846
-5.517
-3.648
-1.146
-5.679
-4.426
-4.266
-6.222
-4.036
-3.204
-2.951
-3.422
-2.148
-1.223
-5.846
-10.162
-6.789
-6.209
-9.926
-6.140
-8.646
-6.375
-6.488
-13.182
-4.021
-5.896
-4.724
-1.835
-7.115
-5.952
-8.684
-8.399
-8.786
-10.860
-2.836
-4.218
-1.159
-2.789
-7.593
-5.879
-5.041
-5.726
-5.092
-7.453
-5.232
-2.581
-2.667
-4.983
-7.255
-5.039
-6.593
-7.289
-5.213
-8.807
-7.819
-8.013
-6.880
-7.142
-10.738
-5.554
-7.486
-6.805
-5.717
-11.138
0.243
0.708
-5.911
1.910
-6.174
2.010
-0.079
-8.295
-2.582
-7.704
1.047
0.565
-4.997
-1.022
-6.080
-2.132
-1.864
-8.218
-0.517
-7.626
-2.763
-0.090
-8.448
1.738
-4.049
1.562
-0.266
-7.175
0.108
-7.833
2.723
0.500
-7.415
-0.227
-6.697
-3.432
0.560
-2.911
-1.137
-4.502
2.610
-1.472
-7.360
-1.502
-6.237
0.353
1.228
-6.126
0.733
-1.254
-8.705
-6.888
-12.101
-0.297
-3.671
-7.642
-6.239
-9.342
-1.875
-3.939
-8.881
-4.764
-10.701
-3.843
-2.186
-8.962
-8.304
-12.294
-3.835
-3.766
-8.678
-3.851
-11.238
-0.409
-4.789
-6.700
-6.971
-10.516
-3.550
-4.137
-7.713
-4.795
-9.340
-4.060
-2.575
-5.538
-4.471
-8.491
2.005
-5.655
-7.245
-6.784
-10.035
-3.176
-3.767
-8.893
-9.206
-13.145
-5.173
-10.868
-1.019
-5.011
-6.819
-7.045
-10.682
1.335
-3.327
-7.998
-5.112
-10.954
-0.171
-6.382
-9.085
-6.175
-9.845
-0.837
-4.404
-9.698
-7.262
-9.653
1.389
-2.398
-12.019
-5.360
-10.813
-0.248
-8.545
-8.207
-5.413
-11.901
0.053
-1.572
-4.053
-4.892
-5.949
-1.732
-2.776
-8.056
-5.396
-9.790
-2.636
-3.283
-9.829
-6.964
-10.698
-1.355
-1.928
-6.827
-5.624
-8.392
-6.074
-1.884
-5.727
-5.517
-2.377
-1.246
-0.270
-8.595
-5.926
-7.782
-4.303
-0.663
-8.398
-5.924
-3.989
-2.427
-2.335
-6.963
-5.488
-7.783
-1.005
-1.983
-5.741
-2.817
-2.823
-0.764
2.674
-7.640
-4.331
-4.698
-3.085
-0.220
-6.620
-4.710
-4.681
0.120
-2.882
-10.009
-5.181
-7.503
-3.726
-4.698
-11.126
-6.366
-6.720
-3.601
-5.115
-10.631
-5.165
-7.925
-3.133
3.100
-0.034
-5.982
-8.846
-1.628
3.252
0.199
-5.869
-5.936
-1.628
3.511
-0.027
-6.773
-7.568
-2.065
4.188
2.214
-5.459
-5.736
-1.551
2.266
-2.030
-5.364
-9.516
0.547
1.026
-2.855
-6.869
-8.843
-0.089
-2.161
-4.044
-4.708
-6.718
-1.212
2.345
-3.588
-5.207
-9.209
-3.628
1.621
-3.290
-5.626
-9.082
-6.147
0.946
-1.869
-7.439
-8.970
-5.212
-7.287
-5.077
-4.886
-9.659
-8.811
-2.214
-9.533
-6.818
-3.378
-10.132
-5.515
-9.425
-8.719
-6.492
-6.562
-7.676
-6.552
-8.290
-5.674
-4.860
-6.308
-5.263
-6.316
-8.052
-7.095
-5.944
-5.027
-6.652
-6.548
-12.949
-6.926
-4.849
-14.946
-7.926
-8.579
-12.813
-7.042
-4.726
-12.553
-6.264
-4.761
-13.176
-8.198
-5.374
-12.045
-7.061
-5.357
-13.531
-8.969
-3.753
-14.610
-9.658
-6.992
-14.780
-5.962
-6.575
-11.880
-4.562
-2.349
-7.720
-11.454
-3.762
-6.991
-12.647
-6.584
-6.763
-9.550
-4.169
-4.526
-8.606
-3.430
-7.561
-6.126
-4.874
-3.592
-10.254
-4.949
-5.684
-11.182
-5.275
-6.780
-8.954
-5.087
-6.703
-11.292
-7.729
-7.028
-10.791
-6.432
-1.652
-3.561
-9.832
-2.158
-3.452
-8.826
-4.297
-3.601
-9.194
0.575
-4.605
-8.503
-1.916
-3.228
-10.045
-1.165
-1.374
-6.620
-1.955
-1.754
-8.287
-0.538
-2.704
-9.673
-1.849
0.471
-8.006
0.467
-1.890
-7.682
-6.522
-4.782
-6.435
-4.071
-2.798
-6.942
-1.345
-3.655
-7.384
-3.702
-7.167
-8.707
-5.449
-4.209
-5.009
-0.862
-6.135
-7.567
-4.716
-3.934
-3.142
-4.142
-3.765
-3.233
-4.179
-5.124
-6.098
-7.511
-2.242
-6.649
-5.777
-4.071
-6.198
-3.368
-4.080
-5.821
-5.329
-1.766
-6.737
-5.903
-2.361
-7.869
-3.156
-3.574
-8.556
-3.948
-3.473
-8.654
-5.504
1.192
-7.894
-6.032
1.018
-9.015
-6.192
-3.202
-8.096
-1.566
-1.209
-7.712
