-11.679
-7.874
-8.801
-10.532
-8.041
-9.273
-14.386
-7.771
-7.137
-6.956
-2.985
-7.142
-6.569
-9.744
-2.582
-5.967
-7.810
-9.720
-5.213
-3.166
1.548
-4.759
-2.628
-5.539
-1.339
-3.882
-3.085
-1.178
-1.631
-3.910
-9.517
-10.390
-12.138
-8.692
-9.676
-13.000
-9.595
-10.857
-9.604
-12.075
-8.209
-1.923
-10.344
-5.433
-3.935
-9.433
-5.925
-2.029
-8.785
-6.257
-1.649
-12.263
-6.152
-1.963
-10.265
-6.110
-1.303
-11.745
-6.277
-2.204
-8.523
-7.028
-2.677
-10.776
-7.403
-6.092
-11.484
-4.690
-5.800
-11.844
-6.143
-6.044
-12.578
-6.197
-7.909
-11.215
-7.653
-6.335
-9.424
-6.128
-5.888
-6.399
-7.818
-5.810
-4.724
-5.459
-5.296
-7.897
-4.777
-6.729
-5.992
-5.672
-8.207
-8.759
-7.453
-4.332
-8.139
-8.120
-8.046
-6.951
-10.528
-9.951
-8.441
-11.757
-9.226
-10.084
-8.076
-10.289
-8.114
-9.080
-9.463
-9.826
-10.693
-7.528
-10.894
-7.067
-10.309
-11.261
-8.553
-8.118
-8.229
-5.816
-5.558
-9.413
-9.868
-5.834
-9.296
-7.857
-7.603
-12.608
-6.915
-5.930
-9.313
-5.914
-3.265
-4.807
-6.931
-6.360
-9.209
-5.332
-8.650
-5.090
-7.143
-8.014
-8.508
-5.295
-5.597
-12.058
-5.646
-7.246
-8.027
-6.017
-7.413
-10.072
-7.163
-5.936
-8.491
-6.726
-3.748
-10.708
-6.435
-10.118
-8.188
-5.892
-11.643
-9.562
-2.904
-7.158
-8.386
-3.264
-12.058
-9.292
-3.688
-9.577
-7.541
-5.883
-7.787
-8.003
-4.179
-9.416
-8.767
-6.701
-10.818
-8.643
-6.734
-11.979
-10.506
-4.707
-11.031
-11.778
-7.937
-10.640
-2.655
-9.820
-10.069
-5.624
-8.055
-11.520
-2.010
-6.740
-7.301
-5.210
-8.258
-10.524
-3.129
-9.917
-10.470
-5.164
-9.215
-11.088
-1.004
-10.987
-10.642
-3.643
-10.033
-10.516
-3.188
-10.066
-7.803
-4.187
-7.121
-8.262
-7.096
-4.684
-7.323
-5.071
-6.357
-8.805
-9.095
-4.993
-8.631
-8.459
-2.225
-8.091
-6.612
-3.296
-8.368
-4.136
-3.804
-9.832
-5.820
-3.693
-6.802
-7.948
-3.661
-7.884
-4.704
-7.794
-7.741
-5.311
1.250
-7.697
-12.004
-3.839
-9.643
-9.939
-4.311
-9.381
-7.303
-2.865
-7.822
-7.405
-5.595
-5.966
-10.162
-3.636
-7.643
-9.390
-1.960
-6.740
-7.329
-0.770
-8.360
-8.107
-4.288
-6.804
-10.415
-4.100
-7.093
-8.355
-10.196
-9.118
-5.485
-8.698
-9.924
-10.358
-12.315
-8.884
-12.885
-5.614
-8.279
-10.462
-8.546
-7.660
-8.676
-8.705
-9.455
-11.622
-6.716
-8.495
-4.847
-9.437
-4.553
-9.257
-3.678
-10.979
-2.381
-8.426
-1.642
-8.862
-3.232
-8.963
-4.417
-9.780
-3.784
-10.401
-10.157
-10.422
-8.939
-11.421
-11.616
-8.907
-10.370
-11.108
-11.108
-6.739
-11.938
-8.310
-11.597
-8.853
-13.011
-7.407
-13.337
-11.538
-11.576
-7.074
-13.036
-10.494
-12.181
-9.328
-3.230
-10.152
-3.247
-7.900
-3.741
-9.963
-3.292
-9.054
-4.386
-8.273
-2.919
-9.697
-3.531
-10.606
-3.376
-10.007
-5.505
-9.192
-5.865
-11.046
-9.392
-6.236
-6.829
-2.690
-8.523
-3.936
-8.403
-3.745
-8.456
-2.908
-8.884
-7.333
-9.195
-5.716
-8.613
-6.351
-6.859
-6.188
-8.128
-4.762
-8.196
-9.590
-6.703
-6.683
-6.289
-8.948
-8.896
-8.937
-6.932
-10.384
-9.022
-9.907
-8.165
-12.332
-7.049
-8.480
-9.637
-13.283
-8.701
-9.333
-7.468
-6.704
-9.671
-8.108
-6.359
-7.995
-10.997
-9.549
-8.895
-8.645
-10.249
-9.190
-7.870
-9.491
-8.614
-11.734
-9.555
-7.889
-11.609
-11.142
-6.811
-9.842
-10.982
-12.399
-9.847
-11.179
-14.590
-11.869
-6.803
-8.197
-9.126
-11.081
-10.403
-10.323
-11.615
-12.663
-8.440
-8.549
-11.713
-12.053
-11.671
-14.750
-13.352
-11.244
-3.329
-8.840
-11.465
-11.240
-8.057
-9.178
-10.581
-17.068
-2.963
-10.507
-12.634
-14.266
-4.869
-10.959
-11.477
-12.625
-4.366
-9.640
-6.965
-14.695
-6.873
-9.725
-12.047
-14.178
-6.885
-9.961
-5.860
-14.137
-4.947
-11.614
-11.560
-14.635
-7.822
-6.748
-11.997
-13.745
-7.032
-6.701
-9.737
-8.797
-5.259
-13.281
-7.257
-2.525
-8.039
-15.440
-11.010
-10.006
-7.799
-10.320
-10.011
-7.678
-7.765
-11.747
-9.628
-8.254
-4.785
-12.433
-9.976
-9.777
-7.263
-10.847
-10.113
-5.383
-6.116
-9.927
-9.482
-6.696
-8.353
-14.233
-12.746
-5.935
-10.664
-10.483
-8.701
-10.127
-10.851
-8.099
-10.673
-15.168
-10.441
-10.150
-5.350
-10.290
-12.534
-7.726
-5.317
-11.779
-9.889
-8.890
-6.739
-13.121
-10.732
-10.472
-5.211
-10.504
-11.112
-9.961
-8.621
-12.333
-12.456
-10.075
-7.207
-12.876
-10.739
-10.201
-7.563
-13.682
-11.019
-7.469
-6.099
-10.606
-9.806
-9.974
-8.763
-13.549
-6.369
-7.158
-8.942
-3.988
-7.620
-6.427
-7.881
-4.343
-4.010
-9.237
-5.591
-4.187
-4.879
-8.677
-7.892
-6.539
-3.087
-9.054
-7.391
-4.452
-4.293
-7.674
-5.328
-3.672
-4.236
-7.355
-6.754
-5.229
-6.115
-16.484
-4.632
-3.867
-2.611
-10.520
-5.879
-7.462
-4.649
-10.332
-6.685
-5.844
-5.887
-9.255
-6.599
-8.625
-11.435
-8.681
-5.981
-10.490
-9.750
-9.859
-7.095
-8.065
-9.321
-8.076
-8.746
-11.024
-6.747
-7.163
-4.945
-9.209
-7.213
-9.525
-5.799
-7.580
-11.888
-7.619
-7.693
-8.585
-9.676
-10.315
-8.032
-11.158
-7.234
-8.649
-6.254
-9.552
-6.890
-5.955
-5.758
-8.983
-1.861
-9.043
-7.236
-1.638
-1.439
-7.303
-9.576
-2.246
-3.035
-11.325
-9.189
-5.157
-4.017
-11.739
-9.171
-6.032
-1.502
-12.447
-8.248
-3.892
-0.293
-11.019
-8.534
-2.545
-1.089
-9.244
-6.482
-3.272
-2.521
-10.203
-6.372
-4.419
-3.876
-6.984
-7.550
-2.738
-0.155
-8.480
-6.307
-2.901
-4.250
-8.612
-12.280
-8.666
-5.469
-7.581
-10.913
-9.338
-7.505
-8.481
-11.364
-10.822
-6.212
-7.992
-13.416
-8.352
-6.413
-9.297
-11.860
-8.892
-6.334
-7.785
-11.172
-9.710
-3.914
-8.907
-11.380
-9.711
-7.392
-8.683
-10.329
-10.142
-4.509
-7.537
-11.303
-9.032
-6.104
-7.573
-10.692
-9.837
-7.360
-11.476
-10.633
-4.693
-8.075
-10.741
-9.498
-9.033
-7.581
-8.372
-8.645
-3.337
-7.924
-9.917
-9.251
-5.908
-9.016
-11.481
-10.137
-5.215
-9.307
-11.305
-9.616
-4.499
-6.639
-9.215
-10.177
-7.094
-9.945
-9.914
-11.551
-7.144
-7.100
-10.900
-9.054
-6.702
-10.279
-10.536
-11.342
-4.016
1.171
-6.726
-13.673
-4.833
-0.510
-6.134
-11.647
-5.169
-1.222
-8.423
-12.091
-5.037
0.279
-6.308
-13.324
-7.427
0.961
-8.906
-9.244
-3.205
0.989
-6.201
-12.376
-4.309
0.664
-6.874
-12.639
-3.452
-2.732
-7.128
-13.095
-5.959
-2.505
-8.652
-12.681
-7.758
0.125
-9.153
-11.878
-8.204
-10.097
-6.654
-9.572
-7.457
-8.744
-7.202
-12.094
-9.070
-9.460
-8.081
-11.005
-9.100
-8.290
-6.786
-12.802
-5.609
-12.020
-6.392
-14.117
-10.795
-12.512
-7.209
-11.885
-6.592
-11.412
-5.263
-13.667
-2.168
-9.304
-8.484
-12.628
-5.360
-13.250
-5.645
-9.934
-4.976
-12.919
-5.587
-12.533
-5.049
-8.205
-5.761
-7.902
-7.330
-8.146
-8.700
-7.472
-7.794
-5.272
-6.802
-6.100
-8.067
-8.315
-7.204
-11.858
-5.474
-8.775
-8.096
-7.431
-4.944
-13.018
-7.603
-13.115
-6.648
-9.997
-4.506
-12.691
-6.150
-9.819
-6.057
-11.217
-5.017
-11.221
-6.804
-8.914
-5.026
-12.467
-8.211
-10.340
-4.542
-11.804
-5.808
-12.005
-5.068
-12.621
-3.575
-10.415
-4.322
-9.463
-2.863
-13.408
-5.182
-8.573
-1.211
-13.490
-2.919
-10.095
-3.258
-11.918
-6.414
-10.735
-8.085
-8.466
-9.279
-7.810
-10.677
-11.215
-8.846
-9.693
-8.939
-8.662
-9.478
-10.789
-10.849
-11.427
-9.645
-10.671
-11.024
-9.695
-11.448
