4.779
7.946
4.855
6.191
4.505
4.528
0.960
9.215
6.267
4.812
6.028
5.489
8.233
-2.292
7.191
5.190
7.950
3.017
4.191
3.323
-10.213
-10.092
-9.378
-9.664
-11.138
-11.024
-11.700
-10.357
-9.727
-13.050
0.293
-1.531
-4.683
-4.543
-1.131
-3.977
-2.039
-2.481
-1.088
-1.875
-6.978
-3.612
-2.713
-3.283
-6.546
-3.440
-2.308
-0.485
-6.737
-5.971
7.487
7.703
2.095
-1.086
-0.329
3.605
-5.031
3.794
5.664
1.917
-8.496
-9.451
-8.663
-7.601
-9.435
-9.737
-7.045
-7.571
-9.467
-7.904
5.388
3.872
5.527
-1.805
3.637
5.910
2.225
3.106
6.441
1.986
-3.134
-0.369
-3.627
-3.177
-5.792
-4.489
-3.536
-1.847
-4.848
-4.068
-5.134
-7.339
-7.010
-8.011
-9.447
-8.098
-6.825
-6.517
-7.573
-8.035
-2.539
0.775
-2.217
-0.011
-2.814
-0.444
-2.828
-5.179
0.113
-3.934
4.609
3.302
2.959
1.327
3.837
1.785
4.015
5.839
0.655
3.032
3.599
2.269
1.832
5.173
2.955
1.201
3.408
1.803
2.808
2.552
-4.618
-5.325
-2.528
-4.378
-6.059
-4.150
-5.733
-4.226
-7.003
-3.384
1.925
5.559
7.165
-2.674
3.528
1.652
1.714
4.700
5.226
2.561
-8.446
-8.545
-7.727
-6.838
-5.861
-8.307
-7.490
-9.395
-7.056
-5.620
-8.919
-7.370
-9.620
-10.815
-11.015
-9.136
-9.072
-7.236
-9.715
-12.584
-4.951
-5.497
-4.699
-4.425
-3.581
-5.078
-4.600
-4.600
-6.930
-7.695
1.930
6.107
7.310
6.580
8.457
9.586
7.674
7.512
5.621
-2.119
-11.851
-9.770
-9.501
-9.975
-7.559
-9.187
-11.379
-10.730
-7.714
-5.937
-3.610
-4.650
-6.657
-10.098
-8.112
-5.447
-4.987
-5.691
-6.641
-6.508
4.268
6.805
2.994
9.225
9.095
7.220
5.003
5.468
5.204
6.460
7.208
8.552
9.631
5.155
11.095
6.589
10.277
4.101
8.253
9.072
-11.707
-9.302
-10.805
-11.722
-13.732
-12.215
-12.171
-12.713
-12.105
-11.468
-1.553
-3.136
-3.255
-4.215
-4.664
-4.438
-4.575
-2.784
-5.095
-4.730
-1.578
-2.601
-1.728
-2.671
-2.565
-2.099
-1.442
-3.089
-3.275
-5.893
-5.366
-9.715
-6.426
-6.907
-8.686
-5.561
-5.843
-8.466
-4.470
-8.247
-7.916
-7.218
-8.474
-7.321
-8.119
-8.256
-7.768
-7.562
-7.862
-9.172
7.546
2.957
7.908
9.118
8.717
10.217
7.264
4.732
4.021
5.853
-2.328
-5.123
-0.841
-4.321
-2.176
-2.528
-2.219
-7.222
-4.950
-3.803
4.858
5.926
8.542
-1.593
8.771
7.521
9.403
5.473
4.782
-1.559
-10.540
-10.779
-11.045
-10.360
-15.539
-10.929
-8.989
-11.096
-14.044
-10.151
-10.159
-9.828
-7.487
-9.022
-10.562
-9.319
-9.312
-9.852
-9.682
-11.105
2.466
7.113
4.816
0.385
4.127
6.800
7.830
7.908
3.046
7.792
