-12.854
-11.493
-8.014
-11.377
-11.529
-9.698
-9.762
-11.223
-10.503
-12.950
-11.418
-9.936
-13.419
-11.463
-10.968
-14.172
-10.549
-9.808
-8.215
-9.609
-14.369
-8.512
-9.152
-7.933
-16.100
-9.132
-10.700
-10.507
-7.344
-6.472
-11.992
-9.324
-13.464
-7.353
-13.983
-9.398
-11.143
-9.096
-10.187
-9.629
4.694
-12.258
5.536
-7.149
7.130
-9.171
8.247
-9.255
5.145
-9.008
1.642
-11.917
3.430
-9.029
-0.873
-10.437
5.343
-8.037
5.562
-7.156
-7.390
-10.149
-5.819
-7.889
-6.437
-9.459
-5.329
-10.528
-3.077
-7.576
-3.434
-9.790
-0.813
-10.401
-3.909
-11.928
-3.561
-9.236
-6.736
-10.266
-8.178
-8.846
-11.439
-9.070
-7.225
-5.829
-9.076
-6.202
-7.995
-7.554
-14.823
-7.620
-5.976
-7.129
-9.929
-10.778
-5.459
-2.709
-12.827
-6.614
-6.609
-6.949
-8.082
-6.084
-6.634
-3.825
-9.094
-9.094
-6.163
-4.279
-10.148
-4.221
-7.580
-7.215
-12.532
-5.238
-5.451
-3.776
-13.034
-5.902
-6.026
-7.510
-8.061
-10.961
-6.276
-9.043
-10.122
-11.535
-8.661
-7.383
-10.090
-13.143
-7.702
-5.893
-10.124
-13.003
-7.636
-9.842
-10.491
-13.813
-8.782
-7.890
-10.541
-12.990
-7.577
-6.517
-12.677
-12.629
-6.520
-7.155
-14.706
-12.511
-6.112
-10.063
-11.526
-9.876
-8.646
-8.524
-7.495
-10.188
-3.693
-5.008
-6.720
-7.739
-5.188
-8.366
-7.072
-7.354
-6.260
-7.037
-9.799
-9.189
-7.692
-8.484
-9.560
-8.860
-6.417
-6.518
-10.192
-8.677
-6.220
-8.699
-9.688
-8.389
-4.774
-6.539
-8.563
-7.864
-4.188
-4.259
-6.276
-6.749
-2.547
-4.121
-9.315
-9.780
-6.120
-5.861
-6.916
-9.281
-8.336
1.455
-4.522
-7.849
-5.225
2.413
-7.287
-4.708
-5.937
0.268
-6.974
-4.294
-7.615
2.838
-7.736
-6.152
-5.262
5.001
-6.805
-1.489
-4.883
1.133
-8.842
-4.940
-6.316
3.154
-6.934
-4.049
-5.647
3.717
-7.215
-1.390
-5.910
2.412
-10.612
-8.139
-4.441
0.215
-8.289
-6.997
-7.115
-4.376
-6.611
-7.652
-9.725
-7.322
-5.276
-10.128
-6.128
-3.118
-6.897
-7.039
-7.644
-6.460
-7.637
-6.375
-5.713
-9.697
-5.976
-9.440
-5.678
-4.872
-7.042
-8.568
-8.830
-9.668
-6.149
-9.792
-4.552
-6.285
-6.429
-6.590
-6.911
-3.814
-4.067
-12.450
-8.332
-7.631
-5.729
-9.469
-9.727
-8.096
-7.662
4.744
-7.193
-6.359
-4.917
1.595
-7.083
-6.385
-8.487
1.789
-8.558
-8.474
-7.936
0.449
-7.581
-9.938
-8.445
4.565
-9.952
-8.841
-6.458
6.871
-9.706
-6.282
-8.187
1.135
-8.429
-6.108
-6.165
2.283
-7.124
-7.726
-7.886
5.452
-4.220
-6.286
-9.100
-0.289
-10.348
-9.300
-7.272
-11.763
-8.887
-7.389
-7.300
-2.917
-10.333
-8.803
-5.835
-11.478
-8.275
-12.874
-7.454
-7.414
-7.619
-13.727
-6.357
-8.382
-9.175
-12.703
-5.879
-9.538
-9.691
-12.562
-7.122
-5.054
-9.225
-9.476
-8.055
-9.024
-8.911
-10.242
-6.382
-10.142
-10.697
-9.568
-7.162
-8.065
3.386
-2.011
-8.368
-7.795
4.867
-1.855
-7.466
-8.309
5.626
-1.442
-7.537
-8.230
0.333
-2.402
-4.918
-7.156
3.247
-1.213
-6.880
-7.386
1.658
-1.278
-6.582
-8.464
-0.551
-7.335
-6.489
-9.169
1.021
-2.096
-7.685
-7.930
2.889
-2.479
-6.485
-7.019
2.447
-3.704
-8.735
-7.345
-13.886
-8.776
-10.758
-12.816
-10.241
-12.513
-12.792
-10.498
-9.583
-12.896
-8.930
-13.740
-15.107
-11.290
-12.927
-10.621
-10.589
-12.974
-14.661
-8.425
-10.615
-13.603
-10.709
-12.445
-11.978
-7.102
-13.115
-9.776
-8.867
-14.862
1.144
-7.261
-8.673
5.168
-8.285
-12.768
3.736
-6.698
-10.481
3.558
-6.731
-10.679
3.314
-12.736
-11.405
3.389
-9.298
-12.535
2.709
-8.849
-10.754
4.349
-10.829
-10.197
2.460
-8.426
-9.881
5.495
-5.414
-11.878
-4.050
-11.185
-15.238
-6.094
-7.030
-9.774
-7.354
-5.714
-8.042
-6.596
-3.868
-9.112
-6.218
-9.403
-8.224
-5.765
-5.828
-6.713
-10.305
-8.084
-7.392
-12.378
-9.217
-7.104
-6.681
-3.725
-10.881
-10.560
-9.886
-10.726
-5.909
-0.786
-13.140
-8.771
-1.798
-11.719
-11.547
0.677
-13.533
-7.482
0.222
-13.321
-9.223
-2.186
-9.834
-6.967
-1.414
-13.261
-9.154
-0.438
-10.804
-9.289
0.378
-13.964
-9.827
-1.625
-9.319
-7.336
1.053
-12.400
-7.766
-3.821
-10.579
-6.140
-2.633
-10.112
-9.110
-1.544
-12.805
-6.440
-2.965
-12.756
-7.402
-3.077
-11.948
-8.329
-2.622
-13.092
-8.142
-1.447
-11.596
-4.576
-5.347
-8.886
-7.253
-1.680
-12.001
-7.564
-5.352
-13.171
-8.530
2.835
-12.216
-9.291
4.468
-13.391
-7.931
3.008
-12.435
-9.316
4.920
-12.881
-9.222
-0.270
-9.005
-4.610
0.602
-10.578
-10.386
1.283
-9.533
-9.493
2.717
-10.331
-9.694
1.059
-11.311
-9.753
3.364
-9.245
-9.007
-11.194
-10.198
-10.859
-4.384
-7.568
-7.847
-7.965
-10.987
-10.230
-10.179
-12.287
-9.335
-8.186
-9.299
-9.246
-9.653
-9.061
-9.710
-8.345
-8.113
-13.247
-14.197
-14.108
-13.671
-10.321
-11.144
-9.399
-11.888
-6.138
-6.547
-11.216
-10.639
-12.674
-9.090
-9.396
-3.447
-10.442
-6.580
-11.993
-7.058
-7.038
-9.598
-13.668
-10.018
-9.147
-10.368
-9.245
-7.550
-9.735
-9.827
-10.790
-7.710
-5.792
-3.376
-8.750
-11.939
-8.260
-9.171
-7.223
-7.792
-10.783
-7.203
-7.184
-1.878
-11.642
-12.070
-8.373
-9.485
-2.783
-9.451
-11.503
-5.099
-9.573
-4.945
-7.219
-7.967
-7.479
-8.866
-7.342
-8.396
-11.328
-8.473
-8.106
-2.865
-4.557
-8.271
-7.332
-4.389
-4.676
-7.382
-11.284
-10.133
-9.369
-7.051
-9.371
-11.073
-5.551
-8.967
-8.113
-9.528
-9.754
-11.073
-12.733
-15.506
-10.116
-10.439
-8.802
-12.020
-14.827
-11.220
-13.955
-8.102
-12.733
-11.750
-8.056
-9.466
-12.046
-15.133
-16.406
-5.059
-13.794
-12.877
-16.317
-15.149
-8.302
-11.632
-10.332
-14.329
-14.067
-7.936
-12.766
-12.694
-15.626
-17.251
-8.245
-11.173
-10.015
-13.821
-11.271
-8.755
-9.714
-10.945
-12.169
-16.099
-11.371
-10.565
-13.495
-15.927
-14.694
-10.582
-9.292
-6.678
-7.248
7.609
-9.861
-8.598
-8.216
-10.461
10.784
-9.359
-5.836
-7.034
-8.037
5.474
-12.089
-13.262
-5.509
-10.493
1.769
-7.387
-10.615
-8.489
-10.614
3.974
-6.450
-8.226
-8.690
-7.576
0.698
-9.361
-11.639
-8.612
-11.863
1.340
-9.833
-8.782
-7.177
-11.118
10.744
-11.000
-9.168
-10.456
-13.890
5.484
-10.537
-10.323
-8.261
-12.993
9.508
-6.964
-12.971
-7.074
-7.670
-8.763
-3.742
-11.419
-9.587
-6.390
-11.308
-4.805
-7.814
-12.042
-5.657
-4.504
-5.523
-9.624
-11.979
-12.211
-7.443
-6.985
-9.358
-8.671
-6.160
-9.168
-5.856
-10.268
-9.648
-8.369
-6.513
-5.763
-4.227
-7.676
-11.709
-13.675
-7.368
-11.726
-8.820
-5.121
-5.789
-6.800
-11.184
-5.678
-10.744
-14.164
-7.075
-12.094
-7.215
-8.032
-11.509
8.574
-6.235
-11.373
-7.333
-1.122
5.438
-6.555
-6.180
-9.594
-4.480
9.326
-4.629
-8.286
-8.383
-0.942
8.556
-6.643
-7.012
-12.704
-3.497
2.484
-6.352
-13.661
-7.415
-3.862
4.341
-7.240
-10.375
-11.417
-3.335
6.788
-7.357
-11.281
-9.628
-5.484
6.396
-5.806
-7.451
-10.760
-5.197
6.614
-7.649
-10.517
-9.344
-5.394
5.867
-6.008
-11.829
-7.897
-5.007
-9.989
-9.300
-9.228
-9.495
-6.929
-9.598
-7.039
-11.626
-7.512
-8.106
-13.849
-7.817
-8.853
-8.696
-9.346
-12.351
-10.871
-6.980
-9.891
-7.326
-9.535
-8.168
-6.291
-8.546
-7.769
-14.546
-10.228
-11.900
-10.299
-9.333
-15.283
-9.236
-5.971
-11.088
-6.317
-9.601
-8.129
-8.437
-7.852
-5.835
-10.176
-8.790
-7.423
-11.324
-9.634
-12.035
-9.218
-4.823
-8.436
-9.181
-9.313
-8.166
-10.867
-11.430
-7.084
-9.722
-8.395
-11.381
-13.683
-8.108
-10.818
-6.283
-10.163
-11.509
-5.740
-4.834
-8.654
-11.447
-10.624
-6.956
-7.484
-6.148
-11.164
-10.517
-4.938
-8.122
-7.327
-9.888
-8.815
-6.389
-6.917
-8.723
-12.369
-12.665
-7.043
-7.206
-7.681
-12.657
-10.020
-5.652
-11.653
-7.647
-10.114
-11.719
-8.358
-8.650
-5.951
-10.986
-10.083
-5.207
-5.473
-5.213
-7.232
-10.467
-1.658
-8.146
-5.956
-8.871
-10.714
0.252
-7.635
-8.380
-9.260
-10.733
3.006
-5.073
-5.685
-9.600
-12.893
4.488
-5.452
-6.155
-8.250
-9.683
3.012
-2.905
-7.325
-4.416
-14.102
2.124
-4.265
-3.821
-9.048
-10.533
5.553
-5.232
-5.994
-8.291
-12.737
4.536
-8.439
-5.744
-7.890
-9.051
2.666
-4.682
-6.527
-11.444
-10.870
4.522
-6.454
-6.222
-10.182
-10.459
-4.166
-9.782
-6.971
-11.518
-9.971
-5.299
-6.546
-8.457
-13.319
-9.247
-3.129
-5.422
-4.305
-10.696
-8.424
-5.641
-9.481
-6.157
-9.000
-11.703
-4.386
-9.533
-5.878
-10.091
-10.391
-3.543
-5.681
-5.442
-12.352
-10.901
-3.972
-2.508
-4.285
-8.309
-9.641
-3.539
-4.538
-5.400
-6.757
-11.779
-3.246
-7.287
-6.976
-9.288
-10.360
-5.968
-15.067
-10.513
-7.829
-9.810
-15.640
-6.814
-10.220
-14.911
-6.091
-10.368
-15.399
-8.914
-17.056
-12.610
-5.826
-9.952
-13.506
-7.249
-18.414
-9.303
-8.089
-14.867
-9.299
-10.167
-17.026
-10.522
-8.198
-9.373
-13.001
-9.429
-13.417
-10.180
-6.509
-14.648
-10.889
-7.708
-15.269
-11.221
-7.659
-13.132
-6.629
-7.642
-15.463
-7.611
-5.641
-14.101
-8.746
-5.565
-14.932
-9.220
-5.438
-14.133
-12.010
-5.804
-15.218
-9.434
-6.130
-14.547
-8.962
-4.894
-6.707
-12.986
-6.338
-12.022
-12.486
-6.600
-8.695
-13.065
-6.250
-7.160
-11.502
-3.258
-11.046
-11.435
-5.378
-10.586
-14.055
-4.776
-11.601
-11.382
-5.138
-10.554
-10.994
-7.377
-11.163
-9.404
-5.538
-9.426
-11.611
-4.082
-12.288
-8.804
-8.941
-13.681
-7.237
-12.743
-13.430
-11.192
-6.558
-14.326
-11.726
-8.382
-14.103
-12.277
-13.496
-14.238
-10.937
-9.784
-12.254
-9.170
-8.324
-13.961
-10.121
-9.150
-12.173
-6.866
-11.210
-10.266
-8.341
-6.761
-7.246
-9.270
-6.907
-5.361
-11.556
-7.327
-5.842
-8.915
-10.510
-7.237
-7.010
-9.324
-7.452
-6.237
-5.865
-7.048
-12.049
-8.706
-10.275
-5.905
-6.292
-6.188
-8.310
-5.683
-9.493
-7.441
-8.545
-5.814
-4.783
-4.667
-9.749
-11.181
-6.485
-12.146
-11.401
-8.718
-12.190
-10.345
-6.670
-7.314
-9.941
-3.246
-11.145
-10.989
-10.221
-11.408
-12.829
-9.394
-9.340
-12.414
-5.678
-11.016
-13.241
-5.007
-11.251
-11.111
-6.871
-12.093
-10.962
-7.567
