-6.778
-3.083
-4.517
-7.383
-2.941
-4.480
-5.676
-3.205
-3.787
-3.176
-2.657
-2.143
-3.922
-2.421
-2.546
-3.292
-4.416
-3.958
-2.625
-3.887
-0.738
-1.345
-1.553
-2.357
-2.224
1.541
-1.349
-0.545
-1.912
-1.183
0.709
0.929
0.009
-1.176
0.028
-1.332
-0.788
0.174
1.237
0.069
-0.686
0.670
-1.116
1.056
3.000
0.698
0.528
2.525
0.774
1.070
3.050
1.330
0.782
2.741
-0.833
0.426
2.316
-0.200
-0.387
2.404
0.828
1.536
3.440
0.883
1.144
2.682
1.966
0.503
2.192
1.188
1.219
0.434
-0.933
3.409
2.137
2.672
2.639
-0.654
1.370
3.664
0.815
2.406
1.914
2.405
3.415
2.005
1.651
3.003
0.134
0.013
1.864
4.195
3.007
2.549
2.311
0.647
1.231
1.978
2.904
2.124
-2.262
-0.264
-0.907
-0.082
2.189
-0.240
-0.112
1.539
-0.553
-0.495
1.482
0.309
-0.020
2.297
-0.826
-0.991
1.160
-1.329
0.253
2.127
-0.120
0.838
2.549
1.133
-1.866
0.632
-1.760
1.162
2.259
0.695
1.707
-0.517
1.302
1.253
0.490
1.960
1.575
-1.252
0.701
1.448
0.789
2.522
0.655
-0.328
0.875
1.465
0.014
1.900
1.079
-0.545
1.074
1.095
-0.783
0.969
1.269
0.171
2.257
2.547
0.961
3.035
4.167
3.530
4.589
3.629
1.871
4.199
4.684
2.260
3.692
2.711
0.964
2.625
4.225
3.451
2.637
2.751
0.724
4.141
4.379
2.689
5.813
3.467
1.997
4.208
3.378
1.681
3.427
4.642
1.713
3.615
3.185
1.454
5.196
1.203
0.051
3.705
1.737
0.792
4.404
3.124
1.708
3.701
0.603
-0.761
1.763
2.052
0.844
4.939
-1.653
-2.102
2.129
1.765
1.107
3.942
1.565
1.347
4.516
1.549
1.485
4.694
2.477
0.028
2.162
2.114
0.116
1.562
3.234
-0.096
2.670
2.888
0.154
1.861
3.261
0.736
2.504
1.530
-0.258
1.622
3.685
1.384
3.861
4.081
2.399
4.446
1.560
0.534
3.206
2.357
0.311
1.792
3.462
1.195
2.942
3.998
1.803
3.219
4.260
0.229
2.553
1.358
1.077
1.327
3.331
2.131
3.231
4.835
3.349
5.240
4.018
1.163
2.323
2.226
2.546
1.810
2.468
0.426
2.842
3.571
0.913
3.877
2.393
-1.312
3.709
-0.223
2.275
-0.547
3.936
0.033
1.458
-1.042
0.335
-3.602
3.574
-0.610
-0.091
-4.594
2.601
-1.341
0.906
-2.389
2.330
-1.163
3.645
-0.800
2.733
-1.799
4.370
-1.280
3.588
-3.901
2.974
-2.483
4.795
-1.266
1.404
-4.685
1.947
-2.387
1.955
-4.889
-0.338
-2.066
-0.820
-3.079
-1.994
-1.903
0.952
-0.594
0.519
-0.672
-0.383
-2.010
-1.840
-4.238
-0.970
-1.867
-0.840
-2.510
-1.272
-2.499
1.877
1.022
1.256
1.494
0.407
1.006
-0.555
0.197
-0.320
-1.949
2.149
2.030
0.671
0.704
1.772
1.020
1.712
0.127
0.174
-1.225
0.792
1.623
1.305
0.519
0.128
1.367
1.388
2.441
1.814
1.449
0.631
1.320
-0.312
1.817
-2.521
0.281
-0.482
1.135
-1.982
-0.953
0.669
0.663
0.016
-1.257
-1.162
-0.912
2.204
-0.405
0.219
-1.209
-1.262
0.404
2.112
1.361
-0.316
-1.146
0.396
0.192
1.978
-0.246
-3.752
-3.925
-5.585
-2.853
-4.845
-4.924
-7.865
-4.316
-5.356
-3.398
-7.377
-4.677
-5.754
-4.561
-7.312
-5.717
-6.109
-5.504
-9.315
-5.027
-5.107
-4.116
-7.937
-4.556
-6.101
-4.795
-8.469
-6.488
-5.932
-4.034
-7.379
-5.429
-4.782
-5.162
-7.697
-5.000
-2.392
-2.878
-4.857
-3.046
-2.900
-5.716
-7.148
-5.892
-0.433
-4.111
-4.562
-6.219
-2.395
-3.689
-1.391
-4.319
0.580
-5.427
-3.247
-5.467
-3.320
-3.160
-5.301
-5.715
-1.574
-4.653
-4.161
-5.834
-2.650
-2.242
-6.080
-4.688
-2.010
-4.388
-3.766
-5.578
-0.467
-5.418
-4.007
-5.630
-3.128
-2.890
-6.516
-4.896
-1.267
-5.560
-2.152
-3.307
-2.633
-4.435
-3.670
-3.535
-2.565
-5.984
-3.715
-5.401
-4.828
-5.055
-3.683
-5.154
-4.629
-4.749
-4.960
-4.315
-3.906
-4.738
-5.336
-5.804
-3.930
-3.193
-4.193
-4.328
-4.261
-4.466
-4.436
-4.213
-5.775
-5.770
-4.752
-4.316
-4.054
-5.862
-5.801
-4.657
-6.233
-1.539
-1.659
-5.991
-7.852
-2.811
-1.992
-3.810
-8.356
-3.023
0.183
-6.436
-9.396
-2.687
-3.337
-7.030
-8.128
-1.732
-2.545
-5.377
-7.489
-2.654
-2.740
-6.737
-7.914
-1.385
-2.679
-5.627
-7.273
-2.461
-0.916
-5.022
-7.069
-2.017
-0.574
-6.679
-4.788
-1.594
-3.415
-4.643
-1.452
-5.604
-0.967
-3.722
-2.984
-4.395
-2.249
-1.748
-3.681
-6.061
-3.782
-3.898
-2.784
-4.278
-1.851
-2.138
-0.609
-5.792
-1.683
-3.553
-2.941
-3.102
-2.091
-3.792
-3.018
-4.170
-1.477
-5.199
-1.985
-7.993
-4.555
-5.159
-4.573
-7.872
-2.895
-9.464
-0.694
-3.553
-1.035
-4.114
-0.417
-1.154
-2.181
-5.395
-1.949
-5.079
-5.520
-8.017
-2.267
-4.026
-6.249
-6.467
-0.626
-3.495
-4.522
-8.248
-1.947
-3.890
-6.261
-7.776
-1.959
-3.202
-5.723
-7.211
-2.361
-3.606
-7.328
-8.531
0.747
-3.837
-6.423
-7.036
-0.279
-3.051
-4.977
-6.025
-1.611
-2.810
-5.566
-7.584
1.185
-6.082
0.047
-3.491
0.678
-6.778
0.293
-0.840
-1.394
-6.685
-0.392
-1.927
-0.903
-6.380
-0.717
-4.787
-0.593
-7.028
-0.082
-1.643
1.160
-5.466
0.120
-1.832
-0.839
-5.669
-2.036
-2.871
0.277
-5.495
0.305
-1.610
1.701
-4.106
-0.129
-2.084
-0.243
-7.172
0.371
-2.735
-2.883
-4.423
-9.497
-1.567
-3.389
-1.868
-8.383
-3.043
-2.983
-2.189
-9.612
-1.566
-3.302
-1.766
-9.710
-3.517
-3.506
-4.110
-8.085
-1.076
-2.654
-3.618
-9.273
-1.812
-2.302
-2.796
-8.238
-2.036
-1.313
-1.719
-8.467
-1.440
-2.045
-0.817
-9.142
-1.040
-4.995
-3.331
-11.128
-2.547
-1.811
-6.055
-0.870
-5.563
-0.428
-1.759
-3.145
-6.239
-0.420
-2.944
-1.379
-5.868
-2.985
-5.580
-2.630
-7.399
-2.551
-3.865
-1.687
-4.335
-2.439
-2.918
-1.179
-6.308
-2.230
-1.525
-1.919
-5.867
-0.469
-2.002
-1.415
-5.594
-4.141
-2.143
-1.570
-7.966
-2.410
-5.127
-0.644
-4.471
-2.668
-3.896
-11.358
-6.953
-1.914
-1.741
-11.004
-5.331
-0.711
-0.850
-8.348
-2.825
-2.811
-1.621
-9.553
-3.932
-3.409
-2.037
-11.061
-4.078
-3.389
-2.318
-10.826
-4.400
-3.681
-2.486
-11.173
-3.867
-3.325
-3.457
-10.642
-3.711
-1.665
-3.130
-10.052
-3.915
-2.387
-1.938
-9.780
-3.825
-6.256
-2.412
-3.538
-1.178
-3.378
0.088
-6.588
-3.039
-7.425
-3.342
-6.467
-2.362
-6.365
-1.500
-4.606
-0.938
-7.544
-1.244
-5.302
-1.485
-5.117
-1.193
-5.297
-4.255
-4.771
-0.712
-6.078
-0.336
-2.418
-3.230
-5.290
-1.085
-4.415
-3.353
-7.880
-1.643
-5.499
-1.243
-4.619
-0.968
-7.722
-4.218
-5.888
-2.901
-6.027
-3.136
-5.018
-2.640
-2.874
-2.251
-5.298
-1.660
-5.635
-3.056
-6.347
-3.268
-3.654
-3.360
-6.861
-2.769
-4.080
-3.639
-4.018
-4.136
-2.452
-2.231
-4.288
-5.086
-2.656
-2.841
-4.167
-5.178
-2.690
-3.368
-3.102
-3.431
-2.206
-0.482
-4.798
-3.980
-4.297
-5.044
-3.293
-1.522
-3.829
-1.724
-4.268
-3.142
-5.343
-4.429
-2.386
-3.189
-3.598
-1.030
-4.684
-2.138
-1.175
-0.945
-6.345
-3.627
-1.993
-2.959
-4.259
-2.282
-2.108
-2.438
0.303
-1.328
-3.701
-2.877
-2.696
-1.652
-2.946
-3.399
-3.210
-0.838
0.104
-2.095
-0.263
-3.030
