-6.034
-5.467
-5.943
-4.843
-3.188
-4.373
-4.340
-4.795
-6.561
-6.707
-6.318
-5.279
-6.942
-5.338
-5.780
-5.443
-7.547
-3.708
-4.696
-3.901
-5.045
-5.391
-6.388
-3.443
-6.912
-4.478
-7.378
-5.861
-5.251
-3.249
-5.924
-5.018
-2.666
-1.388
-5.286
-4.185
-5.582
-2.775
-2.962
-3.678
1.359
-2.743
1.422
-4.767
1.339
-4.787
0.734
-5.610
0.344
-7.822
-2.574
-5.165
0.330
-3.378
1.097
-6.669
1.735
-2.846
0.292
-7.076
1.448
-3.465
0.949
-3.106
3.803
-2.744
2.738
-4.131
2.784
-4.582
4.252
-1.075
3.718
-3.538
2.199
-4.275
2.779
-3.565
1.307
-2.562
4.055
-2.109
2.402
2.755
2.785
-0.170
2.596
1.416
4.090
0.142
3.696
2.983
4.565
0.778
2.246
1.979
3.415
0.232
2.443
4.167
3.923
0.108
3.126
1.963
2.645
-0.813
2.424
1.541
2.652
-2.627
1.089
0.990
3.793
0.737
3.483
3.565
4.433
0.353
3.983
3.754
4.710
0.329
3.061
1.854
4.009
-0.086
1.794
0.145
4.570
-0.006
2.424
-0.505
4.165
0.803
2.793
1.647
3.114
0.044
1.985
-0.237
4.150
-0.615
2.478
0.067
3.371
-0.777
0.254
-1.620
4.288
0.320
2.623
1.466
2.862
0.011
1.554
-0.244
3.299
0.187
2.786
1.019
4.045
-0.857
1.576
-0.557
3.849
0.197
2.032
-0.180
4.900
0.682
3.627
1.030
3.944
-0.640
1.557
-0.098
5.801
-0.029
2.536
0.477
4.854
-0.007
2.322
-0.178
4.303
0.388
2.636
0.140
4.148
-1.273
1.109
-1.287
4.229
-0.369
1.524
0.068
2.633
-0.566
0.931
-3.704
0.405
1.947
2.435
3.633
1.422
0.402
2.118
5.266
1.487
0.377
2.375
4.741
0.877
-0.289
0.951
5.061
1.286
-0.165
2.248
4.899
0.821
0.220
0.600
3.101
0.719
-3.137
-0.727
2.980
0.675
-0.326
1.635
3.973
0.455
-1.451
-0.729
3.337
1.250
-0.044
1.763
2.828
3.541
6.242
0.576
2.211
3.231
4.062
1.645
3.770
3.589
5.346
0.123
1.866
3.632
4.126
1.575
2.349
3.085
3.896
-0.148
1.459
3.776
5.385
-0.702
1.636
3.445
5.417
1.570
2.879
2.276
2.895
0.082
1.589
2.879
5.598
0.888
2.715
3.054
5.379
1.009
2.914
0.008
-0.641
5.089
2.207
2.126
0.891
5.123
2.832
1.802
1.963
3.834
1.795
2.946
1.128
5.070
3.728
3.064
2.080
4.273
3.577
0.429
0.345
4.828
1.667
3.077
2.778
4.955
4.404
1.832
0.621
5.825
2.305
1.552
0.716
3.576
1.904
3.635
2.742
4.966
3.944
3.442
3.973
0.779
2.364
3.455
3.628
2.072
1.920
3.998
2.363
0.772
1.806
3.478
2.416
-0.283
1.177
0.915
0.952
-0.713
0.391
3.303
3.556
0.807
1.660
4.658
3.604
1.752
3.046
2.428
1.942
0.541
2.031
3.235
2.354
-0.790
1.135
2.460
2.942
0.473
2.139
4.884
3.765
2.289
3.136
4.720
1.595
0.691
3.175
5.399
2.742
1.733
3.478
4.638
1.808
1.517
3.425
3.614
2.689
2.162
3.698
3.375
2.069
1.482
1.977
4.868
0.477
0.124
1.998
3.604
1.370
0.212
2.217
3.983
2.241
0.362
2.506
4.027
1.563
0.584
3.022
-0.336
-2.004
-2.907
0.223
-3.275
-2.478
0.688
-2.292
-3.295
0.189
-3.185
-2.165
-0.381
-2.925
-2.397
-1.790
-5.330
-5.719
0.024
-3.596
-1.052
1.006
-1.604
-0.975
-0.092
-2.112
-2.259
0.950
-2.299
-3.701
2.895
1.463
-1.303
4.030
1.622
-2.505
3.686
0.708
-1.394
4.456
2.314
0.050
2.847
-0.037
-2.714
3.385
1.917
-1.866
2.281
0.174
-2.019
0.604
-2.050
-4.410
4.730
1.575
-1.844
2.512
1.030
-4.486
3.453
0.699
-0.101
3.291
0.029
1.451
3.397
0.934
0.261
2.728
0.235
-1.506
2.130
-2.210
-2.000
3.404
-0.236
-1.211
1.827
-2.394
-0.909
0.462
-1.880
-0.422
3.990
1.387
0.197
2.328
-1.263
-1.731
3.046
-1.235
-0.376
3.441
0.354
0.337
2.415
-1.075
0.098
0.444
-0.982
-1.986
2.567
0.357
1.058
3.422
0.236
-0.262
2.617
-0.490
-1.438
4.393
2.389
0.856
2.552
0.624
-0.351
3.937
1.769
0.998
-2.791
0.777
1.062
-0.354
1.229
1.768
-0.981
2.350
1.570
-0.907
-0.382
0.439
-1.248
2.316
1.202
-0.110
-0.583
0.427
-1.331
1.435
0.826
-1.321
0.850
-2.100
1.504
2.922
2.141
1.275
4.010
2.678
3.006
0.964
0.081
4.652
3.634
2.196
2.939
0.007
-0.040
2.969
0.444
-0.344
3.161
1.578
0.184
1.660
0.203
0.359
4.101
3.453
2.844
2.869
1.570
1.802
2.617
1.363
0.946
1.745
0.236
-0.751
-6.420
-4.491
-5.991
-8.235
-5.346
-7.047
-4.542
-4.969
-7.700
-6.789
-7.914
-6.786
-6.669
-7.524
-6.887
-6.223
-5.015
-4.035
-8.181
-6.995
-6.222
-6.017
-5.781
-9.250
-5.832
-9.126
-6.960
-8.562
-8.834
-7.603
-5.527
-4.335
-5.385
-6.089
-3.615
-4.742
-2.501
-3.136
-5.225
-3.881
-5.449
-3.405
-5.319
-9.670
-4.679
-5.723
-3.766
-4.837
-6.825
-5.986
-7.343
-6.501
-7.238
-6.172
-7.467
-9.360
-5.962
-7.324
-5.197
-7.475
-7.378
-4.749
-4.793
-3.577
-5.732
-8.115
-5.432
-5.608
-4.699
-6.260
-8.416
-6.087
-7.376
-6.741
-7.891
-9.263
-6.396
-6.623
-5.981
-7.254
-6.649
-7.269
-6.550
-6.461
-6.350
-5.211
-5.159
-5.591
-4.278
-6.200
-5.319
-4.779
-3.705
-4.402
-4.422
-8.087
-5.510
-6.170
-5.340
-7.858
-4.236
-1.010
-2.185
-6.607
-2.412
-5.281
-3.144
-2.390
-7.523
-2.258
-5.418
-4.378
-3.558
-8.953
-1.663
-4.036
-1.095
-2.897
-8.414
-1.446
-2.311
-5.635
-1.123
-8.178
-2.722
-5.218
-2.879
-2.224
-7.001
-3.032
-3.605
-3.625
-2.528
-8.169
-1.924
-4.479
-3.139
-3.950
-6.926
-2.235
-3.263
-2.422
-1.872
-6.904
-1.158
-7.311
-5.237
-3.490
-11.855
-5.486
-8.132
-5.196
-7.576
-4.529
-2.763
-4.333
-4.035
-5.006
-4.368
-2.417
-4.004
-3.997
-4.933
-2.738
-3.642
-6.101
-3.715
-4.517
-5.282
-4.021
-3.877
-4.301
-4.526
-4.427
-3.260
-2.857
-3.184
-3.229
-1.492
-2.027
-4.892
-7.867
-5.676
-9.333
-6.336
-4.744
-3.475
-4.917
-3.159
-1.640
-5.110
-3.553
-4.354
-6.388
-2.554
-6.278
-3.095
-5.599
-5.233
-1.623
-3.083
-6.455
-5.220
-4.392
-5.536
-2.923
-3.792
-3.422
-2.097
-4.885
-4.507
-5.400
-2.794
-3.041
-6.074
-4.828
-4.442
-3.698
-5.130
-6.648
-3.631
-4.777
-0.835
-2.007
-3.899
-3.600
-6.481
-3.632
-2.084
-5.301
-4.058
-2.027
-2.064
-4.309
-4.688
-5.813
-6.132
-5.905
-3.191
-5.803
-3.974
-3.643
-3.189
-3.773
-4.971
-4.667
-5.010
-3.275
-7.344
-7.140
2.119
1.822
-5.497
2.989
-2.203
1.681
1.139
-4.940
1.961
-6.356
2.342
3.484
-6.022
4.091
-4.195
0.850
-0.270
-8.555
2.796
-4.931
-0.163
0.565
-7.451
3.195
-2.463
1.574
0.899
-5.298
2.716
-4.337
0.819
0.237
-6.924
2.880
-5.290
1.780
1.586
-5.153
3.304
-2.923
1.986
1.050
-5.698
2.575
-4.269
1.221
-1.604
-5.991
2.509
-4.324
-5.781
-5.278
-9.234
-4.413
-5.193
-4.184
-3.765
-9.479
-2.505
-2.832
-4.058
-5.868
-8.473
-5.707
-5.298
-3.491
-6.053
-8.851
-3.583
-5.540
-2.733
-2.764
-7.547
-1.246
-1.871
-3.370
-4.827
-8.209
-3.278
-5.265
-4.284
-5.534
-8.959
-3.726
-3.668
-3.953
-5.728
-8.804
-3.636
-6.395
-4.695
-3.702
-9.283
-3.353
-2.916
-4.521
-4.232
-10.615
-4.070
-6.462
0.830
-1.636
-0.456
-4.521
-6.534
0.493
-2.249
-2.284
-3.837
-9.969
0.430
-4.650
-0.529
-5.043
-8.999
2.196
-2.252
-3.232
-1.298
-6.124
1.557
-2.299
-3.124
-1.560
-6.665
0.097
-5.195
-1.930
-3.435
-8.102
0.046
-3.489
-1.045
-4.515
-6.612
0.422
-1.291
-0.726
-2.162
-6.523
1.502
-0.678
-2.300
-1.414
-5.996
1.056
-3.048
-2.690
-1.296
-6.028
-0.696
-1.082
-8.189
-2.767
-2.638
1.162
-0.288
-6.022
-2.445
-4.299
0.905
-0.499
-8.188
-3.082
-2.947
2.121
-1.977
-6.602
-2.118
-4.392
-1.959
-1.320
-10.897
-1.985
-3.371
1.957
-0.329
-5.800
-2.755
-1.993
0.776
-1.615
-6.656
-1.880
-2.502
2.545
-0.198
-5.750
-2.122
-3.858
1.492
-0.086
-4.532
-3.043
-2.639
0.677
-2.172
-6.717
-2.052
-2.916
2.440
0.925
-0.285
-2.067
-4.290
1.686
0.055
-1.257
-0.899
-3.364
2.931
0.685
-1.538
-1.626
-4.077
1.273
-0.815
0.860
-2.644
-4.847
2.510
-0.110
0.952
-2.419
-4.234
1.668
-1.742
-4.455
-2.296
-2.675
1.585
-1.127
-4.334
-0.401
-4.207
3.079
0.912
-0.792
-0.524
-2.014
2.108
0.861
-3.726
-0.761
-4.667
1.655
-0.014
-3.241
-1.763
-4.688
-3.658
-4.931
-3.612
-4.989
-6.568
-5.694
-2.972
-8.583
-4.964
-3.757
-7.435
-4.278
-5.391
-5.246
-4.868
-3.356
-7.524
-5.810
-5.993
-5.591
-2.576
-3.787
-4.283
-4.940
-3.725
-4.880
-5.242
-1.899
-5.283
-5.185
-12.377
-6.919
-5.510
-8.435
-3.764
-2.204
-10.121
-4.066
-2.603
-12.277
-5.677
-4.838
-9.862
-3.588
-1.175
-11.822
-4.751
-4.422
-11.618
-4.018
-1.729
-9.116
-5.132
-2.132
-10.910
-5.085
-4.630
-12.052
-4.755
-1.921
-4.595
-6.720
-4.152
-7.420
-4.890
-3.396
-5.095
-4.940
-2.405
-5.251
-4.195
-1.752
-4.809
-4.817
-3.017
-5.205
-5.973
-3.654
-3.698
-5.906
-1.231
-5.449
-5.543
-3.240
-4.639
-3.688
-3.571
-3.879
-5.243
-1.731
-2.135
-2.015
-3.830
-1.842
-2.658
-3.583
-2.982
-2.475
-4.436
-1.216
-2.843
-5.319
-1.433
-3.402
-5.035
-0.101
-1.985
-3.917
-1.787
-3.267
-5.649
-1.855
-1.829
-3.950
-1.782
-0.177
-2.408
-1.685
-2.903
-3.626
-3.324
-6.428
-6.094
-2.711
-4.856
-5.239
-3.491
-4.713
-5.537
-3.307
-3.713
-5.388
-4.198
-2.155
-3.369
-1.716
-4.663
-5.687
-3.194
-4.245
-4.536
-4.464
-4.562
-6.070
-3.419
-5.137
-5.523
-5.383
-4.085
-3.929
-5.439
-3.679
-7.214
-3.005
-1.331
-6.133
-6.581
-1.487
-4.417
-4.360
-2.490
-5.929
-4.104
-1.230
-7.330
-5.837
-2.692
-6.852
-6.348
-0.543
-4.940
-8.076
-2.329
-6.593
-7.837
-3.023
-6.587
-4.385
-2.211
-6.469
