-5.873
-5.590
-5.931
-4.469
-2.810
-4.607
-4.300
-4.869
-6.263
-6.257
-6.268
-5.254
-6.881
-5.307
-5.503
-5.609
-7.534
-3.462
-4.470
-4.100
-5.039
-5.628
-6.215
-3.706
-6.337
-4.426
-6.713
-5.868
-4.638
-3.407
-5.788
-5.223
-2.419
-1.333
-4.838
-4.208
-5.139
-2.910
-2.592
-3.881
-1.063
-2.775
-1.375
-4.655
-2.007
-4.660
-1.280
-6.286
-2.892
-8.324
-4.219
-5.106
-2.179
-3.338
-1.834
-6.046
-0.695
-3.011
-2.994
-6.918
-0.790
-3.294
-1.189
-2.512
2.840
-2.347
0.085
-3.474
0.662
-4.125
2.726
-0.510
1.323
-3.331
0.390
-3.554
1.258
-3.190
0.501
-2.083
5.319
-2.572
2.196
2.912
3.784
-0.026
2.380
1.941
5.737
0.074
3.237
2.349
5.067
0.678
2.168
1.743
4.927
0.071
2.285
1.925
4.716
0.030
2.858
2.108
4.102
-0.900
2.126
0.439
3.263
-2.806
0.996
1.583
5.498
0.966
3.309
2.457
6.429
0.168
3.533
3.122
4.263
0.374
3.213
2.716
3.784
-0.045
1.920
0.380
4.434
0.064
2.259
-0.781
4.306
0.849
2.899
1.038
2.864
0.251
1.808
-0.515
4.123
-0.327
2.406
-0.048
3.068
-0.979
0.405
-2.016
3.795
0.079
2.749
1.420
2.807
-0.006
1.589
-0.287
3.196
0.388
2.970
1.068
3.194
-0.966
1.722
-0.248
3.193
-0.038
1.973
0.100
4.148
0.606
3.777
1.090
3.454
-0.792
1.629
0.782
4.983
-0.424
2.473
1.526
4.093
-0.174
2.406
0.990
3.715
0.411
2.651
1.021
3.418
-1.569
1.117
-0.249
3.514
-0.633
1.655
0.902
1.731
-0.684
0.723
-3.242
0.970
1.820
2.905
0.486
2.474
0.214
2.408
2.333
2.503
-0.048
2.789
3.218
1.956
-0.511
1.186
2.293
2.355
-0.064
2.571
1.582
1.677
-0.285
1.050
1.078
1.660
-3.452
-0.442
1.026
1.355
-0.569
1.977
0.952
1.370
-1.803
-0.295
0.736
2.250
-0.307
1.877
-0.297
4.042
4.947
0.395
1.703
3.677
3.440
1.335
3.728
3.974
4.240
-0.207
1.496
3.988
3.167
1.216
2.210
3.512
2.545
-0.366
1.093
4.250
4.119
-0.965
1.255
3.906
4.214
1.454
2.741
2.754
1.634
-0.262
0.799
3.343
4.428
0.824
2.452
3.563
4.111
0.670
2.533
0.236
-1.133
4.480
2.130
2.249
0.347
4.612
2.680
1.969
1.325
3.580
1.776
3.094
0.229
4.588
3.392
3.389
1.195
3.560
3.746
0.657
-0.000
4.397
1.801
3.445
1.961
4.534
4.361
2.137
-0.321
5.243
1.809
1.697
0.166
2.958
2.064
3.922
1.696
4.440
3.781
3.899
2.790
0.604
2.080
3.595
3.395
1.922
1.496
4.417
0.975
0.554
1.341
3.798
1.084
-0.786
0.514
1.190
-0.147
-0.739
-0.091
3.669
2.210
0.807
1.337
4.904
2.783
1.414
2.595
2.802
1.246
0.521
1.936
3.681
0.734
-1.186
0.588
2.731
2.449
0.435
1.849
4.881
3.615
2.381
2.757
4.362
1.458
0.578
2.581
5.077
2.619
1.244
2.861
4.473
1.505
1.161
2.951
3.683
2.690
2.223
3.730
3.042
2.056
1.323
1.320
4.553
0.602
-0.218
1.296
3.724
0.929
0.047
1.910
3.770
1.786
-0.047
2.232
3.920
1.315
0.368
2.516
-1.343
-2.247
-2.798
-0.585
-3.577
-2.450
-0.117
-2.337
-3.333
-0.754
-3.314
-2.388
-1.144
-2.955
-2.403
-2.583
-5.178
-5.678
-1.064
-3.704
-0.996
-0.017
-1.740
-0.750
-0.892
-2.099
-2.271
0.366
-2.390
-3.366
3.020
1.077
-1.331
4.555
0.862
-2.267
3.961
0.598
-1.402
4.718
1.908
0.055
3.058
-0.602
-2.636
3.848
1.719
-1.831
2.179
0.092
-2.160
0.544
-2.215
-4.091
5.288
1.133
-1.860
2.844
0.784
-4.552
2.419
0.402
-0.157
1.995
-0.088
1.336
2.616
0.619
0.314
1.687
0.167
-1.436
0.779
-2.883
-2.041
2.714
-0.605
-1.169
0.316
-2.761
-0.934
-0.757
-1.667
-0.402
3.193
1.377
0.241
1.181
-1.213
-1.488
0.715
-1.198
-1.222
1.904
0.109
-0.358
0.595
-1.656
-0.242
-1.868
-0.912
-2.347
0.820
-0.399
0.840
1.537
0.398
-0.856
1.727
-0.319
-1.296
2.966
1.088
0.416
1.004
-0.088
-0.635
2.877
1.225
0.620
-3.262
-1.850
0.049
-0.783
-0.970
0.570
-1.464
-0.700
0.890
-0.095
-3.596
-0.993
-1.933
-0.415
0.054
0.104
-3.294
-0.629
-1.009
-1.431
-0.141
-1.612
-1.805
-3.001
2.166
0.525
1.417
0.644
1.273
2.308
1.942
1.064
-0.852
3.918
2.592
1.371
2.302
-0.164
-0.140
2.036
-0.189
-1.408
2.703
1.651
-0.497
1.187
0.008
0.045
3.993
2.510
2.467
1.319
0.736
1.177
2.580
0.255
0.431
0.743
0.409
-1.312
-6.623
-4.545
-5.392
-8.357
-5.747
-6.753
-4.555
-4.816
-7.668
-7.048
-7.724
-6.874
-6.127
-7.668
-6.982
-6.214
-4.841
-3.984
-8.153
-7.533
-6.301
-6.301
-5.131
-9.200
-5.909
-8.896
-7.068
-8.193
-8.938
-8.031
-5.212
-4.447
-4.916
-6.153
-3.762
-4.624
-2.548
-2.834
-5.183
-4.341
-5.500
-3.214
-4.839
-9.806
-4.815
-5.662
-3.852
-4.340
-6.857
-6.369
-7.426
-6.717
-7.072
-6.179
-8.021
-9.258
-5.960
-7.407
-4.822
-7.845
-7.016
-4.893
-4.803
-3.599
-6.022
-8.079
-5.659
-5.607
-4.876
-6.953
-8.233
-6.249
-7.180
-6.459
-8.407
-9.088
-6.553
-6.377
-5.966
-7.673
-6.705
-7.300
-6.480
-6.063
-6.891
-5.286
-5.295
-5.685
-3.985
-6.670
-5.285
-5.006
-3.999
-4.058
-5.008
-8.065
-5.864
-6.022
-4.981
-8.774
-4.155
-1.237
-2.158
-6.536
-2.817
-5.431
-3.362
-2.294
-7.315
-2.385
-5.608
-4.774
-3.267
-8.947
-1.809
-4.255
-1.670
-2.744
-8.281
-1.580
-2.520
-6.003
-0.761
-7.999
-2.873
-5.526
-3.197
-2.048
-6.972
-3.243
-3.617
-3.884
-1.979
-7.956
-2.135
-4.598
-3.246
-3.642
-6.716
-2.437
-3.420
-2.745
-1.629
-6.768
-1.260
-7.509
-5.578
-3.145
-11.989
-5.745
-8.148
-5.353
-7.322
-4.256
-3.357
-4.286
-3.941
-5.111
-4.056
-2.846
-4.056
-4.237
-4.918
-2.192
-4.084
-6.209
-4.133
-4.536
-5.150
-4.755
-3.699
-4.579
-4.666
-4.301
-3.920
-2.928
-3.573
-3.403
-1.615
-2.634
-4.578
-8.505
-5.924
-9.119
-7.297
-4.602
-3.678
-4.772
-2.830
-1.946
-5.075
-3.660
-4.267
-6.102
-2.976
-6.123
-3.098
-5.418
-4.834
-2.309
-3.271
-6.642
-5.268
-4.679
-6.017
-3.076
-3.753
-3.527
-1.966
-5.101
-4.560
-5.073
-2.476
-3.098
-6.511
-5.056
-4.354
-3.609
-5.244
-6.792
-3.766
-4.887
-0.659
-1.918
-4.173
-3.787
-6.466
-3.622
-2.098
-5.834
-4.240
-2.123
-1.771
-4.270
-5.105
-5.791
-6.024
-5.552
-3.294
-5.960
-3.958
-3.331
-3.145
-3.798
-5.209
-4.909
-5.000
-3.143
-7.327
-7.575
0.970
1.603
-5.889
-0.304
-1.952
1.501
-0.004
-5.396
-1.738
-6.299
0.998
2.883
-6.461
-0.424
-3.996
-0.902
-1.078
-8.896
-0.575
-4.647
-1.252
0.382
-7.569
0.637
-1.881
0.220
0.387
-5.506
-0.507
-4.063
0.654
-0.294
-7.809
0.318
-5.490
0.730
0.597
-5.320
-0.300
-3.001
1.749
0.097
-5.929
-0.588
-4.183
0.459
-2.194
-6.986
-1.059
-4.305
-7.036
-5.489
-9.610
-3.910
-5.736
-4.560
-4.060
-10.078
-1.444
-3.522
-5.660
-5.706
-8.017
-5.543
-5.348
-5.120
-6.133
-9.015
-4.340
-5.910
-5.109
-2.859
-8.476
-1.107
-2.335
-3.484
-5.145
-8.535
-3.644
-5.762
-6.223
-5.439
-8.678
-3.392
-4.037
-4.049
-6.362
-9.160
-3.458
-7.297
-5.873
-3.676
-9.574
-3.298
-3.021
-5.175
-4.486
-10.918
-4.189
-6.501
-0.253
-1.695
-1.170
-7.090
-6.412
-0.197
-3.123
-3.438
-6.809
-10.326
-0.817
-4.539
-1.587
-7.761
-9.295
0.572
-2.932
-4.368
-4.011
-6.343
0.570
-2.484
-4.846
-3.497
-7.321
-1.787
-5.582
-3.239
-4.738
-8.216
-2.162
-4.038
-2.543
-6.791
-6.850
-1.854
-1.842
-1.380
-4.456
-7.058
1.272
-1.824
-3.171
-3.664
-6.146
-0.128
-3.300
-3.554
-2.306
-6.430
-3.619
-0.919
-8.368
-4.340
-2.779
-0.061
-0.645
-6.574
-4.324
-4.358
-2.719
-0.167
-7.877
-5.241
-2.633
-0.736
-1.575
-6.525
-3.796
-4.020
-5.825
-1.753
-10.600
-2.921
-3.159
-0.829
-0.121
-5.850
-4.128
-1.932
-3.007
-1.360
-6.883
-3.636
-2.239
-0.144
-0.427
-6.041
-4.443
-3.704
-2.905
-0.225
-4.560
-5.084
-2.227
-3.327
-1.689
-6.743
-3.560
-2.853
0.376
0.686
-0.156
-4.103
-4.127
-0.661
-0.258
-1.309
-2.568
-3.508
1.089
1.048
-1.944
-4.091
-3.943
0.457
-1.193
0.164
-4.697
-5.177
1.004
0.293
0.835
-4.041
-4.539
0.395
-1.393
-4.729
-2.942
-2.520
-0.798
-1.171
-5.020
-2.317
-4.165
0.352
0.753
-1.240
-3.039
-1.973
-0.603
0.501
-4.097
-3.090
-4.155
-0.542
0.701
-3.381
-4.111
-4.181
-4.144
-5.039
-3.796
-4.950
-6.378
-5.848
-3.000
-8.619
-4.990
-3.953
-7.520
-4.066
-5.719
-5.251
-4.846
-3.660
-7.463
-5.748
-6.115
-5.415
-2.605
-4.164
-4.173
-5.059
-4.017
-4.714
-5.163
-1.736
-5.225
-5.348
-12.375
-6.841
-5.471
-8.434
-3.341
-2.415
-10.241
-3.474
-2.454
-12.790
-5.439
-4.708
-10.137
-3.240
-1.235
-12.105
-4.606
-4.347
-11.966
-3.469
-1.585
-9.373
-4.662
-2.086
-11.199
-4.558
-4.376
-12.259
-4.505
-1.675
-4.772
-6.583
-4.085
-7.767
-4.574
-3.347
-4.964
-4.871
-2.034
-5.294
-4.217
-1.452
-4.662
-4.608
-2.862
-5.125
-5.617
-3.470
-3.877
-6.089
-1.211
-5.248
-5.176
-2.811
-4.829
-3.470
-3.408
-3.993
-5.140
-1.420
-2.646
-1.940
-4.168
-2.007
-2.157
-3.931
-3.123
-2.378
-4.745
-1.237
-2.514
-5.940
-2.166
-3.239
-5.448
-0.379
-1.724
-4.367
-2.027
-3.033
-5.720
-2.316
-1.600
-4.574
-2.221
0.134
-2.567
-1.888
-2.360
-4.143
-3.721
-6.241
-6.129
-3.258
-4.908
-5.577
-4.091
-3.953
-5.686
-3.338
-3.966
-5.439
-4.449
-2.236
-3.524
-1.813
-4.752
-5.609
-3.666
-3.936
-4.455
-5.036
-5.125
-6.305
-3.565
-4.760
-5.331
-5.532
-3.856
-4.256
-5.622
-3.326
-7.265
-3.297
-1.777
-6.593
-6.911
-1.413
-4.695
-4.644
-2.055
-6.344
-4.626
-1.508
-7.427
-6.349
-2.755
-6.754
-6.622
0.063
-4.865
-8.528
-2.575
-6.823
-8.182
-2.934
-6.783
-4.764
-1.745
-6.694
