-6.658
-2.936
-4.434
-7.287
-2.773
-4.289
-5.548
-3.031
-3.625
-2.984
-3.197
-2.452
-4.135
-2.632
-2.729
-3.476
-4.589
-3.843
-2.574
-3.831
-0.519
-1.416
-1.161
-2.671
-2.528
1.526
-1.337
0.591
-1.933
-1.578
0.369
0.907
0.435
-0.806
0.510
-1.024
-0.991
0.312
1.091
1.081
-0.880
0.791
-1.776
0.768
3.271
0.383
0.502
2.741
-0.247
0.902
3.210
-0.127
0.581
2.875
-1.128
0.339
2.588
-1.983
-0.317
2.854
-0.563
1.238
3.650
0.110
1.014
2.856
0.708
0.675
2.487
-0.434
0.940
0.479
-1.125
3.807
1.953
1.797
2.840
-0.882
0.653
3.489
0.552
2.721
2.156
2.105
2.887
2.155
1.589
2.952
0.584
-0.185
1.691
4.286
2.864
2.661
2.501
0.416
0.514
1.877
2.878
1.768
-2.663
-0.138
-0.260
-0.580
2.349
0.657
-0.468
1.683
0.073
-0.750
1.422
0.830
-0.396
2.335
-0.509
-1.213
1.320
-1.326
-0.149
2.136
0.443
0.540
2.757
0.815
-2.058
0.813
-1.404
0.692
2.453
0.871
2.159
-0.784
1.903
1.392
0.294
2.415
2.114
-1.671
0.784
1.561
0.804
2.675
0.746
-0.347
1.041
1.844
-0.245
2.139
1.515
-0.681
1.500
1.253
-1.337
1.393
1.820
0.161
2.510
3.156
0.668
3.344
4.436
2.987
4.221
3.525
1.448
3.748
4.662
2.014
3.132
2.646
0.641
2.218
4.116
3.011
2.360
2.684
0.158
3.669
4.410
2.153
5.261
3.397
1.652
3.725
3.305
1.340
3.191
4.713
0.662
2.901
3.223
0.881
4.917
1.104
-0.570
3.703
1.633
0.546
4.283
3.258
0.998
3.378
0.663
-1.370
1.038
2.137
0.116
4.680
-1.676
-2.576
2.024
1.820
0.415
3.923
1.794
0.774
4.659
1.577
1.794
4.871
2.289
-0.386
1.454
1.810
-0.298
1.003
2.749
-0.387
2.568
2.541
-0.327
1.159
3.235
0.382
1.969
0.936
-0.940
1.038
2.970
0.834
3.265
3.547
2.210
3.854
1.172
-0.045
2.085
1.757
-0.216
0.938
3.443
1.032
2.902
4.117
1.732
3.060
4.349
-0.182
2.137
1.307
1.017
1.264
3.521
2.048
3.438
4.851
3.073
5.195
4.025
0.955
1.980
1.959
2.405
1.599
2.305
0.278
2.537
3.702
0.606
4.250
2.352
-1.399
3.676
-0.073
2.132
-0.478
3.686
0.078
1.131
-0.864
0.049
-3.483
3.546
-0.362
-0.298
-5.017
2.737
-1.419
0.846
-2.380
2.248
-1.017
3.003
-0.546
2.225
-1.882
3.826
-1.271
3.349
-3.864
2.552
-2.239
4.424
-1.278
1.258
-4.611
1.530
-2.275
1.774
-5.018
-1.297
-2.526
-1.701
-3.585
-2.729
-2.197
0.147
-0.527
0.011
-0.961
-1.353
-2.457
-2.859
-4.402
-1.517
-2.305
-1.728
-2.962
-1.867
-2.636
1.380
0.780
0.547
0.858
0.059
0.529
-1.194
-0.051
-0.368
-2.399
0.898
1.614
-0.191
-0.564
1.053
0.485
1.064
-0.473
-0.841
-2.057
1.506
0.246
1.072
0.572
-0.032
0.836
0.813
2.328
1.723
0.993
0.469
1.239
0.564
0.902
-2.705
0.093
-0.510
0.439
-1.836
-1.080
0.581
0.369
-1.110
-1.506
-1.912
-1.142
0.178
-0.715
0.199
-1.937
-1.823
0.103
1.173
0.858
-0.678
-1.099
-0.843
-0.208
0.886
-0.394
-3.661
-3.897
-5.529
-3.004
-4.917
-4.594
-7.837
-4.398
-5.616
-3.086
-7.283
-4.895
-5.597
-4.671
-7.200
-5.697
-6.225
-5.705
-9.419
-5.355
-5.228
-4.398
-7.968
-5.176
-6.321
-4.812
-8.657
-7.129
-6.063
-3.888
-7.307
-6.026
-4.979
-4.973
-7.655
-5.073
-2.485
-2.592
-4.617
-3.616
-2.958
-5.865
-7.390
-6.195
-0.423
-4.033
-4.477
-6.646
-2.273
-3.920
-1.533
-4.736
0.433
-5.424
-3.135
-5.848
-3.276
-3.835
-5.241
-6.240
-1.851
-4.901
-4.180
-6.431
-2.669
-2.557
-6.091
-5.176
-2.206
-4.437
-3.898
-6.073
-0.325
-5.275
-4.098
-5.999
-3.370
-3.086
-6.496
-5.598
-1.285
-5.476
-2.215
-3.191
-3.100
-4.690
-3.478
-3.300
-2.817
-5.569
-3.270
-5.270
-5.092
-5.490
-3.939
-5.265
-4.815
-4.885
-4.818
-4.195
-3.638
-4.481
-4.933
-5.670
-4.137
-3.598
-3.948
-4.556
-4.574
-4.739
-4.140
-4.313
-5.844
-6.003
-4.612
-4.491
-4.299
-5.940
-5.513
-4.422
-6.218
-1.274
-1.739
-6.472
-8.027
-2.710
-2.217
-4.573
-8.154
-3.022
-0.085
-7.157
-9.224
-2.631
-3.216
-7.721
-8.240
-1.731
-2.746
-5.964
-7.408
-2.694
-2.917
-7.217
-8.252
-1.375
-2.865
-6.329
-7.210
-2.535
-1.071
-5.450
-6.739
-2.030
-0.772
-6.944
-4.649
-1.728
-3.202
-5.082
-1.523
-6.014
-1.495
-4.292
-3.068
-4.612
-2.497
-1.912
-3.610
-6.176
-3.953
-4.310
-2.802
-4.238
-2.082
-2.444
-0.493
-6.119
-1.950
-4.026
-3.183
-3.509
-2.347
-4.664
-2.774
-4.432
-1.657
-6.011
-1.694
-8.276
-4.596
-5.998
-4.284
-8.216
-3.177
-10.053
-0.970
-3.718
-1.386
-4.735
-1.305
-1.227
-3.675
-5.847
-4.031
-5.263
-7.194
-8.111
-4.368
-4.497
-7.207
-6.638
-1.630
-3.855
-6.199
-8.670
-3.666
-4.454
-8.285
-8.539
-3.984
-3.461
-7.657
-7.860
-5.427
-3.382
-8.643
-9.192
-1.297
-3.990
-7.766
-7.709
-2.761
-3.669
-6.289
-6.669
-3.895
-3.383
-7.220
-8.377
-0.875
-6.443
-1.716
-3.531
-1.386
-7.418
-1.124
-1.134
-4.152
-7.535
-1.760
-2.416
-3.205
-7.481
-2.508
-5.172
-2.444
-7.414
-1.802
-2.039
-1.508
-5.643
-1.682
-2.288
-3.115
-6.716
-4.310
-3.599
-1.094
-6.071
-1.150
-2.114
-0.826
-4.368
-1.874
-2.592
-2.833
-8.340
-1.367
-3.114
-5.957
-4.279
-9.814
-2.269
-6.201
-1.251
-8.172
-3.800
-6.955
-2.163
-9.338
-1.893
-6.438
-1.523
-9.875
-3.889
-7.487
-3.764
-8.268
-1.555
-5.312
-3.303
-9.484
-2.183
-5.298
-2.768
-8.582
-2.863
-3.213
-1.804
-8.850
-1.937
-5.414
-0.697
-9.098
-1.957
-7.293
-2.875
-11.344
-2.857
-1.981
-6.907
-1.881
-5.430
-0.520
-1.884
-4.878
-5.949
-1.035
-3.675
-3.472
-6.201
-3.464
-6.249
-4.380
-7.441
-2.842
-4.468
-2.598
-4.353
-3.026
-3.814
-3.398
-6.395
-2.433
-2.551
-3.718
-6.279
-1.049
-2.047
-2.721
-5.393
-4.857
-2.573
-3.017
-7.984
-2.717
-5.853
-1.600
-4.784
-1.990
-4.579
-11.600
-7.048
-2.441
-2.361
-11.610
-5.393
-1.390
-1.578
-8.491
-3.375
-2.894
-2.285
-9.480
-4.272
-4.729
-2.798
-11.769
-3.871
-4.364
-3.023
-11.319
-4.498
-4.739
-3.207
-11.360
-3.884
-3.723
-3.736
-11.268
-3.624
-0.622
-3.799
-10.214
-4.094
-3.154
-2.423
-10.396
-3.580
-6.825
-2.693
-3.742
-1.318
-3.423
0.231
-6.765
-3.299
-7.553
-3.306
-6.589
-2.457
-6.653
-1.326
-4.657
-0.838
-7.597
-0.897
-5.460
-1.456
-5.119
-1.059
-5.420
-3.853
-4.873
-0.328
-6.271
-0.234
-2.853
-2.791
-5.468
-0.745
-4.526
-2.919
-7.887
-1.408
-5.882
-0.975
-4.734
-0.823
-7.348
-4.266
-5.896
-2.839
-5.947
-2.930
-4.854
-2.642
-2.713
-2.058
-5.232
-1.618
-5.684
-3.049
-6.481
-3.155
-3.695
-3.450
-6.494
-3.018
-3.497
-4.051
-3.310
-4.507
-1.136
-2.290
-3.800
-5.267
-2.019
-2.996
-3.319
-5.760
-1.757
-3.730
-1.980
-3.437
-1.536
-0.596
-3.691
-4.069
-4.919
-5.566
-3.738
-2.153
-4.292
-1.800
-5.382
-3.582
-5.720
-5.445
-3.003
-4.147
-3.802
-1.390
-5.237
-2.252
-1.701
-1.550
-6.736
-3.577
-2.010
-2.644
-3.987
-1.857
-2.335
-1.963
0.637
-1.193
-3.426
-2.627
-2.393
-1.401
-2.922
-3.495
-3.039
-0.716
-0.025
-1.963
0.151
-2.598
