2.198
5.859
3.993
3.361
4.063
3.345
1.119
5.103
6.816
6.444
4.436
6.129
4.695
0.287
2.094
3.268
4.747
2.348
0.942
2.581
6.026
2.656
6.057
4.273
4.915
6.283
5.005
5.451
6.130
3.637
4.768
5.436
4.048
4.056
2.818
2.919
2.318
6.793
4.901
5.096
6.443
6.327
7.826
7.060
7.567
8.609
8.020
7.146
7.727
7.377
5.427
6.456
4.444
4.828
4.517
4.874
2.328
7.405
4.668
6.992
2.757
3.610
3.304
4.471
3.222
2.738
3.637
2.734
2.654
4.258
4.088
5.507
3.517
3.504
2.301
4.607
3.623
3.781
4.200
5.720
6.947
6.155
6.462
4.745
4.982
5.777
6.621
5.896
6.289
5.782
5.338
5.720
4.890
3.209
4.899
3.964
4.270
4.755
4.609
3.691
5.737
4.842
6.307
5.106
5.786
5.888
6.344
6.400
5.190
5.100
5.726
5.807
4.023
3.946
5.752
7.475
3.425
3.692
4.782
6.154
5.569
5.180
3.556
4.059
4.405
-0.399
5.796
1.351
4.806
3.811
4.391
4.036
5.164
3.799
4.851
3.968
4.615
3.106
3.020
2.864
3.445
3.970
2.860
2.081
2.562
4.040
2.657
2.763
4.274
2.702
5.911
5.981
6.074
4.787
4.222
5.969
4.786
5.413
4.746
5.207
6.137
4.537
4.703
3.998
3.839
6.103
5.202
5.668
4.474
4.455
4.190
3.071
2.030
4.124
2.706
2.543
4.408
3.666
1.885
2.908
0.998
6.497
5.616
6.064
5.203
4.722
3.046
4.422
3.656
0.977
-1.228
2.955
4.386
4.434
3.989
6.344
3.262
5.422
2.304
2.172
3.041
6.744
3.331
0.725
4.270
2.768
6.651
7.838
5.860
7.512
3.356
4.795
4.242
5.276
5.051
4.964
3.983
6.478
5.443
6.321
4.484
4.977
5.365
2.744
5.293
4.340
4.111
3.914
3.679
4.688
-0.406
2.670
3.356
2.890
5.031
5.519
4.042
5.391
4.776
6.971
7.045
4.639
5.143
4.607
5.138
7.585
4.160
6.121
5.570
3.759
6.384
6.149
7.536
5.733
6.984
8.182
4.076
3.832
5.112
1.361
5.612
4.678
5.154
6.542
6.542
7.858
5.578
6.092
5.463
2.863
4.440
6.151
5.637
5.586
4.281
3.976
5.687
4.399
5.666
5.928
6.402
3.903
5.478
6.378
5.084
6.476
5.272
5.225
3.743
4.137
5.046
5.418
4.890
3.411
5.026
6.359
3.607
3.421
5.726
4.132
4.142
6.560
6.059
-0.908
3.767
2.997
4.612
2.569
1.845
2.954
5.357
4.583
3.005
1.798
2.792
4.407
3.970
4.389
2.346
5.789
5.026
3.812
4.406
1.918
3.492
1.523
4.215
4.045
2.544
2.891
2.480
5.053
1.935
2.096
4.255
6.262
1.370
3.699
1.973
4.731
