-8.360
3.290
-8.344
2.164
-4.563
3.833
-6.290
4.864
-9.895
0.439
-8.602
5.330
-9.245
3.233
-8.159
3.662
-10.547
4.134
-7.370
2.497
-7.288
-2.604
-8.516
0.978
-10.214
1.018
-10.197
0.044
-7.619
1.096
-8.092
0.560
-4.178
2.644
-7.215
3.445
-8.295
0.785
-4.733
1.076
2.235
-3.822
2.763
-5.683
1.774
-6.610
1.569
-6.951
2.068
-8.661
-3.213
-6.628
1.031
-4.612
2.238
-8.040
3.090
-3.898
0.695
-8.782
1.604
-4.810
0.601
-5.448
4.546
-4.128
3.064
-5.807
2.566
-6.729
6.016
-1.931
3.876
-4.791
2.309
-6.606
2.494
-6.205
0.154
-4.666
9.346
-1.029
4.982
6.976
4.696
0.811
4.177
2.541
9.985
2.268
7.186
7.591
9.615
3.425
4.260
5.595
10.910
3.134
5.831
10.089
8.976
1.863
6.020
4.701
5.800
-0.171
4.550
3.694
5.673
-2.687
2.215
2.274
10.105
4.116
7.376
8.330
11.994
2.910
8.263
9.051
11.024
2.689
6.890
6.859
8.465
1.203
3.856
2.619
10.208
2.434
5.213
1.852
9.653
3.908
5.761
6.146
6.568
1.219
3.987
1.687
8.765
0.319
4.427
3.010
7.229
1.343
1.828
-0.134
9.855
2.680
5.791
5.377
6.977
2.293
4.457
1.415
8.114
1.846
5.859
4.538
9.387
0.669
4.996
2.999
7.875
1.171
4.511
3.284
11.143
3.054
7.704
6.043
9.022
1.052
4.856
4.305
12.485
2.017
6.054
5.052
10.206
2.279
6.290
3.840
10.060
2.943
6.262
3.831
9.740
-0.208
3.825
1.669
9.165
0.903
4.233
3.958
5.309
-0.023
2.754
-3.812
2.650
3.296
3.896
6.348
5.839
1.959
4.678
10.844
5.157
1.559
4.576
9.224
5.013
1.473
2.873
9.846
5.511
1.503
4.669
9.551
3.712
1.336
1.452
6.858
2.425
-3.928
-0.323
5.101
2.380
-0.258
2.601
6.726
2.754
-1.293
-0.296
6.864
4.308
1.215
3.241
5.502
8.314
12.890
7.336
2.108
7.531
8.972
6.231
3.958
9.174
11.276
6.755
1.988
9.012
8.804
6.273
2.524
7.617
8.770
5.027
1.575
9.536
11.536
5.980
1.903
7.753
11.333
7.035
3.071
5.576
6.109
4.249
0.827
7.061
11.439
7.393
3.001
8.154
11.327
7.283
2.926
3.010
2.456
8.654
2.648
5.640
3.992
9.545
2.883
5.136
5.127
6.462
2.124
7.578
4.165
9.920
3.271
8.074
6.877
9.561
4.037
3.453
3.332
7.629
2.335
8.062
7.275
9.994
4.341
6.636
4.868
10.755
2.061
4.679
3.366
6.266
2.401
8.721
7.438
10.238
3.896
8.745
8.828
6.177
2.312
8.525
8.320
6.467
1.754
10.357
6.460
6.119
1.670
8.467
5.920
5.288
0.797
2.621
2.420
0.616
0.031
9.379
8.043
6.827
1.872
9.223
7.500
7.415
2.617
5.196
4.814
3.406
2.114
8.521
6.983
4.274
1.180
6.593
6.968
5.154
2.107
8.613
7.981
10.216
2.791
7.334
4.725
8.069
2.414
8.711
6.483
10.117
2.834
7.775
4.915
9.074
2.846
6.711
6.186
8.906
3.845
4.965
4.797
7.499
1.316
9.388
3.674
7.278
1.447
6.869
3.845
5.198
2.137
6.357
5.058
6.768
2.371
6.956
4.397
7.762
2.501
6.023
-1.659
-2.050
5.112
-4.044
-2.636
4.435
-2.331
-3.840
6.235
-2.893
-1.825
4.030
-3.571
-2.481
3.635
-5.250
-6.176
6.343
-3.145
0.171
7.691
-0.623
0.263
6.115
-1.180
-1.728
4.587
-2.508
-5.085
6.245
1.296
-0.374
8.117
1.495
-1.090
7.349
-0.113
-0.388
9.854
3.232
2.753
6.323
-0.147
-1.862
7.910
2.623
0.081
4.404
0.002
-1.709
1.628
-2.375
-5.729
10.706
2.032
-0.152
4.279
1.651
-5.470
7.375
0.352
0.311
8.100
0.512
3.533
8.270
0.907
1.239
3.895
-0.785
-2.463
5.549
-3.356
-1.206
7.850
-0.773
-0.507
5.176
-3.314
-1.357
1.728
-2.618
-1.770
8.908
1.292
2.175
4.991
-2.022
-1.882
5.155
-0.423
-1.385
7.763
1.925
0.639
4.163
-0.462
-0.357
0.718
-0.779
-3.352
5.007
0.425
0.728
5.118
0.552
-1.321
4.549
1.283
-1.215
10.330
4.635
1.549
6.272
3.118
0.345
9.428
3.643
2.028
-0.254
-2.609
0.352
4.553
0.017
0.755
4.518
0.941
1.209
1.647
-3.287
-1.129
3.675
1.254
0.467
2.692
-3.645
-1.443
2.517
-1.071
-0.632
1.731
0.007
-3.431
7.788
2.465
2.855
8.482
4.262
3.452
5.859
2.588
-0.570
10.724
5.688
2.730
6.270
1.545
0.605
5.550
-0.146
-1.433
5.836
3.027
0.238
4.971
1.574
0.908
9.628
5.844
3.883
8.145
3.140
2.745
6.724
2.607
0.891
3.795
1.338
-1.628
-9.143
-6.768
4.940
-11.206
-4.230
-10.785
-7.389
1.157
-12.483
-7.212
-11.930
-10.268
0.018
-11.316
-8.540
-9.960
-8.378
1.325
-12.249
-6.876
-8.954
-9.300
3.493
-12.961
-6.088
-13.100
-9.697
2.818
-12.907
-6.482
-8.220
-7.288
4.052
-9.773
-3.953
-7.430
-5.078
4.186
-8.307
-2.057
-7.658
-5.361
5.317
-13.621
-4.721
-8.764
-6.031
3.466
-10.866
-4.725
-10.684
-9.454
-2.986
-10.304
-5.335
-14.467
-8.988
-5.937
-8.716
-5.772
-12.146
-7.993
-2.839
-7.358
-4.390
-11.492
-7.686
-2.036
-7.804
-2.528
-13.571
-9.304
-5.521
-11.647
-5.823
-13.831
-8.775
-4.058
-10.305
-4.145
-10.032
-10.185
-3.869
-10.267
-3.322
-7.794
-7.341
-3.060
-7.094
-2.683
-8.357
-7.356
-1.513
-7.634
-2.420
-11.775
-7.811
-3.609
-8.890
-4.585
-5.754
-2.641
5.323
-9.234
-1.654
-7.796
-6.207
3.493
-10.952
-3.652
-8.409
-7.361
1.362
-12.958
-3.329
-5.755
-2.618
3.973
-11.827
-1.504
-4.311
-8.356
2.875
-11.853
-4.310
-8.542
-5.206
1.557
-9.832
-4.112
-5.171
-5.898
3.744
-11.459
-2.395
-7.087
-5.743
2.223
-9.989
-3.496
-4.780
-4.496
4.253
-9.460
-1.538
-11.675
-8.432
-0.570
-17.039
-8.587
-12.623
-8.254
-2.460
-7.956
3.644
-7.031
-7.083
-2.499
-8.236
3.141
-6.955
-7.233
-1.951
-6.404
-0.029
-10.240
-6.278
-2.837
-8.481
-0.613
-7.177
-6.927
-1.187
-7.616
1.797
-6.070
-5.600
-0.804
-4.468
1.187
-7.712
-12.026
-3.099
-13.896
-3.960
-7.750
-5.959
-1.829
-6.541
4.417
-8.792
-6.689
-3.031
-10.847
3.034
-10.530
-6.330
-0.911
-9.333
4.501
-6.341
-9.647
-1.173
-9.010
-5.736
-4.090
-5.940
2.041
-4.270
-3.343
-7.057
-8.453
3.732
-6.283
-4.874
-7.074
-7.176
1.362
-8.592
-5.393
-5.854
-7.692
2.186
-4.733
-2.774
-6.328
-9.985
1.775
-5.655
-3.961
-7.354
-4.624
3.709
-8.083
-3.283
-8.545
-9.129
2.395
-5.671
-4.496
-5.123
-4.666
1.651
-6.377
-4.383
-7.319
-6.988
2.121
-11.795
-5.705
-0.483
6.670
-6.823
-0.765
-2.198
-0.355
4.210
-6.421
-1.615
-8.731
-0.525
7.965
-6.960
-0.055
-5.075
-3.416
3.208
-10.720
-0.662
-6.471
-4.386
2.988
-9.081
-0.007
-3.844
-1.806
4.681
-6.479
0.085
-6.023
-1.496
3.436
-8.061
0.555
-6.611
-1.253
6.349
-6.119
-0.290
-3.662
-0.107
4.276
-7.768
-1.047
-6.324
-1.431
3.069
-7.348
-1.805
-5.873
-9.910
-5.651
-10.588
0.313
-6.900
-6.451
-3.855
-9.940
3.596
-3.553
-7.989
-5.075
-9.952
-0.659
-6.801
-7.114
-4.386
-9.793
1.929
-6.311
-7.612
-1.624
-9.016
2.164
-2.302
-5.349
-4.755
-9.949
0.787
-7.000
-9.780
-6.505
-10.681
0.456
-5.334
-5.705
-5.179
-10.890
0.601
-7.918
-8.166
-4.340
-10.582
1.373
-4.158
-8.367
-4.642
-12.473
0.291
-7.653
-1.879
2.239
-1.631
-6.049
-7.290
-2.778
1.765
-3.394
-5.226
-11.453
-3.172
-0.143
-1.232
-7.126
-10.883
-0.820
3.863
-4.194
-3.199
-6.702
-0.827
2.953
-4.143
-2.801
-7.546
-4.962
-0.452
-3.062
-6.058
-10.146
-4.566
0.841
-2.121
-7.173
-7.824
-3.535
3.760
-0.781
-2.332
-6.689
0.760
2.476
-3.832
-2.067
-6.685
-2.845
1.048
-3.558
-2.028
-7.343
-4.957
0.250
-9.415
-4.525
-3.726
-0.913
2.188
-7.902
-3.509
-6.111
-3.577
2.741
-9.360
-4.259
-4.299
-2.438
2.097
-8.241
-3.603
-6.076
-8.972
-1.305
-12.631
-2.947
-5.420
-2.279
2.699
-7.592
-4.540
-2.971
-5.526
1.598
-7.932
-3.500
-3.712
-1.686
3.974
-7.726
-2.444
-4.129
-4.489
4.159
-5.612
-3.824
-3.185
-5.824
0.408
-8.007
-1.992
-4.017
-1.853
4.150
-1.548
-4.480
-5.304
-2.752
2.889
-1.920
-3.828
-4.454
-0.722
4.035
-3.134
-4.450
-5.057
-1.162
2.261
-0.568
-4.786
-6.037
-0.876
3.052
-0.344
-3.263
-4.863
-1.822
-0.041
-6.092
-2.748
-3.893
-2.889
1.002
-6.669
-2.539
-5.491
-1.032
6.363
-1.180
-3.616
-2.101
-2.646
3.978
-5.889
-4.039
-5.439
-3.609
2.669
-5.226
-5.994
-6.192
-5.470
-7.681
-3.470
-7.182
-9.890
-7.709
-4.690
-13.079
-7.296
-6.355
-11.208
-5.076
-6.923
-8.095
-4.344
-5.185
-10.670
-7.500
-8.419
-9.027
-3.478
-5.548
-7.720
-3.698
-4.849
-7.842
-4.781
-2.850
-8.039
-5.298
-15.229
-9.065
2.651
-9.637
-4.684
2.586
-12.068
-5.811
3.473
-14.826
-7.106
4.892
-12.944
-4.735
4.917
-13.927
-5.771
3.639
-13.263
-4.158
7.394
-11.509
-7.922
1.766
-13.059
-6.283
2.337
-13.719
-5.917
6.279
-7.314
-9.662
-5.803
-9.823
-8.121
-3.312
-7.061
-7.494
-2.925
-7.671
-6.103
-1.454
-6.247
-7.261
-3.036
-7.691
-9.271
-4.799
-6.380
-9.233
-1.236
-8.290
-9.026
-5.424
-6.961
-5.528
-3.518
-7.325
-8.150
-2.568
4.578
-4.030
-1.819
4.973
-4.400
-1.852
3.925
-3.525
-1.657
4.429
-5.145
-2.503
4.624
-5.980
-3.157
7.757
-4.828
-0.950
3.351
-3.518
-3.143
4.812
-4.819
-0.897
5.415
-3.164
1.232
3.097
-2.581
-3.021
0.981
-3.321
-6.146
3.674
-4.109
-3.976
0.808
-5.219
-4.923
1.412
-3.424
-3.988
1.832
-2.975
-2.122
1.072
-5.892
-5.375
0.067
-5.711
-4.139
-0.056
-5.867
-5.078
1.195
-4.702
-5.624
-0.184
-5.453
-3.628
1.454
-7.944
-5.523
3.900
-6.184
-2.930
-0.242
-7.584
-1.818
1.130
-8.583
-4.464
1.932
-6.950
-4.159
2.358
-7.770
-4.669
0.778
-7.121
-2.658
0.727
-9.523
-3.979
0.083
-9.274
-4.478
2.373
-7.299
-4.062
