-9.556
-4.963
-6.154
-10.395
-5.354
-6.088
-8.929
-5.104
-6.655
-5.660
-3.611
-0.295
-2.111
-2.004
-0.627
-1.827
-1.414
-1.313
-2.606
-2.388
-0.738
-2.143
-1.552
-2.618
-2.316
3.740
-1.290
0.536
-1.852
-0.891
-0.063
0.430
-0.573
-2.382
-0.010
-2.063
-1.343
0.187
0.676
-0.645
1.540
2.494
0.801
3.589
5.641
2.133
4.354
5.256
3.701
5.382
6.191
5.147
2.609
4.629
-0.038
4.987
5.224
2.456
3.012
5.478
3.083
5.589
7.080
4.112
5.237
5.634
5.398
2.696
4.123
3.040
3.302
0.994
0.585
8.233
3.451
6.467
4.880
0.057
3.309
9.434
2.771
7.175
5.234
4.647
7.130
4.607
2.369
5.422
0.806
-0.014
3.117
10.285
6.048
7.618
4.760
1.564
2.817
7.216
5.907
6.397
-0.667
1.646
1.579
2.004
6.116
4.650
1.070
4.143
1.965
1.389
4.103
4.293
1.517
5.115
1.322
-0.035
3.286
1.451
1.884
5.330
4.147
3.269
6.509
6.642
-0.689
3.247
2.054
3.105
4.919
4.540
5.049
0.254
3.585
4.999
1.969
4.089
5.202
-0.140
1.853
3.930
2.362
5.404
2.539
0.805
3.184
5.356
0.783
4.550
3.575
-0.009
2.786
4.068
-0.462
2.287
4.986
1.313
5.507
7.468
2.970
6.776
9.421
9.540
13.218
7.559
5.695
11.091
9.943
6.615
12.630
5.457
4.041
8.656
8.482
8.540
10.850
5.918
3.486
10.030
9.671
7.996
14.623
9.063
7.359
13.243
7.489
5.799
10.995
9.114
5.154
11.455
7.290
5.054
4.707
4.977
3.471
3.851
4.840
3.945
4.248
6.167
4.225
3.119
3.151
1.548
1.089
4.213
3.773
4.429
-1.544
-1.185
2.239
5.020
3.803
3.785
3.768
4.263
4.641
3.907
4.879
4.977
6.629
7.310
1.632
6.026
6.924
1.293
7.886
6.756
3.059
7.865
7.558
1.703
8.210
8.240
2.349
4.644
6.930
1.390
9.235
11.271
3.422
9.525
11.055
3.844
5.565
9.146
1.987
6.816
7.439
1.211
4.848
7.275
3.117
8.265
7.491
3.204
8.390
6.729
2.242
3.427
4.259
1.613
7.888
7.933
3.914
9.594
12.101
5.261
7.043
6.106
1.978
5.410
7.420
1.921
4.908
6.289
2.527
7.374
8.073
4.579
5.043
-0.170
8.933
2.551
5.780
-0.187
10.000
3.022
3.069
-1.124
0.296
-4.995
9.860
2.066
-0.749
-6.299
4.433
-0.373
3.571
-1.781
3.166
-0.047
3.683
1.027
3.040
-1.168
5.459
0.648
4.420
-4.826
3.665
-1.590
6.357
0.065
1.154
-5.103
2.127
-1.786
1.702
-6.520
1.562
-2.672
2.169
-3.592
-0.787
-1.906
3.590
-0.686
4.141
-1.173
1.745
-2.262
-0.404
-4.860
0.529
-2.850
1.600
-3.003
-0.623
-2.794
4.785
1.932
3.847
2.974
3.403
2.683
-0.261
0.133
1.564
-1.843
5.455
4.010
2.794
1.665
4.889
3.105
4.155
1.231
2.325
-0.440
5.646
2.168
5.317
2.181
3.902
2.436
5.304
4.941
5.674
2.935
5.203
3.638
3.186
2.412
-0.043
1.409
2.480
1.199
-1.709
-1.631
4.071
0.767
2.498
0.154
-0.142
-0.587
6.765
0.979
2.756
-1.346
0.847
-0.843
6.688
3.017
0.235
-2.038
2.038
0.552
4.260
0.030
-5.473
-0.026
-9.005
-1.388
-7.095
-0.597
-11.128
-3.730
-8.641
-0.193
-11.187
-4.167
-9.899
-2.476
-11.716
-6.187
-8.539
-1.895
-13.722
-4.157
-8.995
0.632
-12.893
-3.923
-9.991
-0.233
-12.885
-6.050
-10.008
-0.823
-11.613
-5.720
-8.337
-1.993
-11.873
-5.645
-4.112
1.827
-7.620
-2.316
-5.484
-8.130
-12.574
-6.713
-1.308
-6.992
-7.914
-5.790
-5.688
-6.792
-4.343
-5.270
-0.417
-8.738
-7.090
-5.191
-6.755
-6.176
-10.194
-6.280
-4.242
-7.164
-8.361
-6.590
-4.676
-5.049
-11.097
-4.287
-4.001
-7.779
-7.746
-6.666
-1.714
-8.896
-7.328
-6.424
-6.324
-5.844
-11.919
-5.399
-3.960
-9.464
-1.000
-6.757
-5.745
-6.869
-0.561
-7.066
-5.652
-8.786
-2.984
-9.658
-9.469
-9.711
-5.373
-10.017
-8.189
-7.505
-2.276
-7.360
-7.756
-8.256
-2.263
-10.103
-6.882
-5.033
-0.031
-6.920
-7.732
-6.822
-0.473
-7.687
-10.135
-8.942
-1.758
-7.154
-7.133
-8.378
-0.849
-7.528
-8.705
-1.286
-5.312
-7.658
-10.939
-0.997
-5.977
-5.325
-12.143
-3.911
-2.132
-7.456
-12.921
-3.356
-7.745
-8.317
-11.801
-3.494
-6.248
-5.874
-10.948
-3.797
-7.113
-7.933
-11.572
-4.395
-7.577
-8.649
-10.339
-1.610
-4.315
-6.729
-10.332
-2.607
-4.093
-8.040
-7.186
0.651
-8.055
-6.240
-5.500
-8.939
-1.832
-3.524
-7.348
-7.956
-2.580
-0.667
-7.839
-9.266
-3.509
-4.263
-7.347
-7.857
-2.613
-3.270
-3.549
-9.549
-3.070
-2.891
-6.564
-6.586
-0.886
-3.074
-7.381
-7.992
-2.488
-4.255
-5.440
-12.347
-4.213
-4.081
-8.714
-11.735
-3.315
-7.783
-3.343
-5.825
-1.984
-4.456
-3.406
-0.894
-4.199
-7.825
-6.790
-2.929
-6.451
-9.743
-7.525
-2.797
-6.115
-7.890
-5.063
-1.474
-5.706
-10.340
-6.548
-2.486
-6.259
-9.426
-7.896
-2.377
-6.249
-9.110
-8.246
-3.512
-6.869
-10.924
-4.013
-0.245
-6.899
-8.277
-5.030
-0.470
-4.814
-6.849
-6.852
-1.030
-5.840
-9.001
-2.154
-7.581
-1.679
-4.233
-2.565
-8.245
-0.424
-1.285
-6.185
-7.430
-0.839
-2.436
-4.267
-7.604
-1.829
-5.845
-3.359
-8.541
-1.340
-2.379
-2.359
-6.320
0.678
-1.692
-4.590
-6.505
-3.494
-3.534
-1.779
-6.622
-0.627
-1.821
-1.438
-4.789
0.072
-1.715
-4.973
-8.018
-0.778
-3.931
-7.437
-2.097
-9.328
-1.140
-7.315
-1.327
-9.233
-4.290
-8.609
-0.418
-10.525
-1.980
-8.062
-2.317
-11.774
-5.184
-10.099
-1.375
-8.323
-0.400
-6.077
-0.573
-9.651
-0.650
-7.676
-0.057
-9.347
-2.759
-4.561
0.906
-9.200
-1.683
-7.225
0.875
-10.255
-1.947
-10.074
-4.135
-12.770
-3.938
0.217
-7.742
-2.989
-6.603
1.397
-2.903
-5.395
-7.642
3.777
-3.995
-1.959
-6.648
0.494
-7.767
-4.649
-9.060
1.992
-5.152
-2.267
-4.712
2.861
-3.602
-2.532
-6.925
2.915
-1.434
-2.549
-6.034
3.824
-2.694
-1.903
-5.834
0.582
-3.386
-3.734
-9.511
0.650
-5.964
-0.869
-5.508
-4.643
-3.497
-13.685
-9.239
-4.415
-0.064
-13.086
-7.105
-3.513
0.476
-9.869
-3.775
-5.152
-1.236
-11.223
-5.525
-7.954
-3.289
-13.839
-6.229
-7.236
-2.925
-12.653
-7.198
-7.389
-2.252
-12.605
-5.662
-6.141
-1.776
-11.932
-5.005
-2.398
-1.866
-12.368
-4.871
-4.319
0.386
-11.012
-4.774
-9.183
-2.461
-5.629
-1.605
-4.466
-0.108
-9.100
-2.665
-10.165
-4.831
-8.725
-2.720
-8.470
-1.214
-5.736
-0.123
-10.648
-2.847
-7.370
-2.483
-7.931
-3.831
-7.357
-7.000
-6.766
-0.835
-8.598
-2.449
-4.281
-5.142
-7.980
-2.909
-6.858
-5.412
-10.554
-4.150
-7.581
-3.644
-7.788
-2.712
-11.978
-5.056
-8.689
-3.101
-9.498
-4.350
-9.148
-3.621
-4.937
-2.217
-9.627
-4.793
-8.576
-4.153
-8.762
-3.902
-6.565
-3.817
-10.308
-4.772
-6.557
-3.309
-5.622
-4.203
-4.364
-1.199
-4.865
-4.161
-5.946
-1.642
-4.758
-5.009
-5.477
-2.502
-5.721
-2.472
-4.581
1.011
-6.296
-3.862
-2.890
1.140
-0.989
3.182
-1.995
3.760
-1.702
1.709
-2.962
1.647
-0.456
0.919
-0.944
3.925
-1.266
2.892
1.701
3.529
-4.600
0.759
-1.336
-4.600
-2.784
-4.534
-2.591
-7.803
1.362
-4.698
-3.000
-7.098
-0.245
-5.216
-2.352
-8.716
-0.481
-3.476
2.005
-4.404
0.511
-6.242
