-5.040
-5.244
-2.878
-4.572
-3.509
-3.708
-4.037
-4.796
-3.600
-5.627
-3.192
-3.529
-5.211
-4.618
-3.770
-6.286
-3.359
-3.026
-2.455
-3.732
-4.681
-3.132
-2.021
-2.009
-4.024
-3.624
-2.646
-3.772
-0.714
-3.104
-3.610
-3.632
-2.943
-2.535
-3.489
-3.513
-2.719
-3.347
-2.203
-4.329
-2.266
-0.553
-0.782
-4.591
-2.310
-2.322
-0.619
-2.020
-1.458
-3.459
-3.340
-1.658
-4.084
-2.825
-3.115
-4.181
-1.564
-3.815
-1.648
-3.138
-0.059
-3.510
-1.886
-3.014
-0.476
-3.687
-1.612
-4.138
-0.610
-3.692
1.184
-2.184
0.912
-2.155
0.565
-2.835
-1.263
-3.089
-1.314
-1.090
-3.311
-4.457
-3.426
-3.276
-1.499
-5.255
-2.774
-1.647
-2.215
-5.334
-4.933
-2.394
-4.297
-3.519
-3.527
-4.027
-4.089
-4.947
-3.798
-1.700
-3.294
-4.014
-1.490
-1.376
-2.691
-1.724
-2.473
-3.266
-3.646
-3.824
-3.067
-0.281
-3.533
-4.441
-4.925
-2.108
-2.651
-4.705
-3.502
-1.849
-0.999
-3.554
-2.766
-3.558
-0.312
-3.303
-4.233
-3.966
-0.506
-4.093
-4.243
-3.932
-0.150
-1.364
-3.161
-4.072
-0.553
-2.342
-3.521
-4.714
-0.264
-2.882
-3.902
-3.387
-0.059
-2.335
-4.762
-4.608
-1.040
-3.139
-4.867
-4.312
-2.856
-2.211
-4.126
-2.511
-1.741
-0.727
-2.380
-2.898
-0.929
-1.804
-0.898
-3.073
-0.928
-3.406
-2.935
-2.640
0.572
-3.159
-2.752
-2.589
0.644
-3.158
-3.691
-1.992
0.883
-4.445
-3.116
-2.556
-1.790
-3.072
-3.139
-1.467
0.069
-2.217
-2.316
-1.708
-1.578
-3.063
-2.414
-2.087
-0.959
-2.045
-3.227
-2.415
-0.526
-3.162
-1.956
-3.036
-2.169
0.290
-0.296
-2.482
-2.859
-2.844
-0.784
-1.240
-3.397
-3.289
-1.557
-2.569
-3.169
-2.625
-2.987
-1.455
-3.552
-3.745
-1.635
0.568
-4.024
-2.108
-2.463
-1.163
-2.513
-4.601
-2.160
-0.189
-1.403
-2.933
-2.047
1.198
-2.136
-3.742
-2.670
-1.329
-3.657
-2.483
-2.117
-2.201
-2.786
-0.656
-2.500
-4.972
-2.887
-1.840
-3.300
-2.785
-1.953
0.971
-2.167
-1.341
-3.193
-1.083
-2.239
-2.618
-2.023
-3.191
-2.253
-1.972
-2.145
0.148
-2.035
-3.583
-1.945
-2.215
-3.574
-1.638
-1.987
-2.247
-2.349
-1.838
-1.076
-0.148
-2.294
-3.436
-3.583
-2.287
-3.127
-3.974
-4.347
-2.971
-0.124
-1.461
-2.179
-1.972
-0.321
-2.966
-3.621
-2.701
-1.160
-2.834
-3.253
-2.456
0.468
-1.439
-1.726
-3.395
-1.466
0.724
-3.903
-2.431
-1.337
-1.434
-3.354
-2.448
-1.786
-2.584
-1.526
-2.415
-0.171
-3.007
-0.913
-2.946
-2.320
-1.556
-1.631
-2.136
-1.559
-0.248
-2.636
-2.279
-2.079
-2.019
-3.387
-1.379
-1.510
-1.296
-2.198
-1.813
-5.439
-1.390
-2.870
-4.221
-2.616
-2.032
-2.375
-4.666
-3.432
-2.579
-3.565
-4.343
-3.646
-3.373
-3.538
-4.825
-1.451
-2.068
-2.361
-2.922
-3.575
-0.239
-2.267
-3.258
-1.489
-1.326
-3.510
-3.228
-3.715
-0.471
-0.344
0.368
-2.850
-2.896
-0.803
0.336
-3.397
-1.917
-0.728
0.169
-5.087
-4.253
0.757
-0.495
-4.654
-3.455
-0.698
0.732
-3.591
-0.325
-2.775
1.240
-3.315
-2.374
-2.047
-3.063
-3.876
-4.786
-0.116
-0.394
-4.799
-1.814
0.019
-0.819
-3.510
-2.718
-1.120
-1.849
-5.072
-2.889
-4.054
-2.607
-3.804
-3.309
-3.619
-4.197
-2.355
-3.323
-2.649
-2.506
-3.940
-4.559
-2.875
-4.231
-4.662
-3.280
-3.864
-4.806
-2.801
-2.797
-3.598
-4.957
-3.422
-4.402
-3.255
-1.606
-4.640
-1.771
-2.272
-5.273
-3.069
-1.640
-2.234
1.119
-3.339
-3.959
-1.557
-2.065
-2.387
0.515
-1.275
-2.825
-2.413
-5.256
-3.319
-0.500
-3.016
-4.236
-1.766
-1.610
-3.237
-1.747
-3.985
-3.431
-1.625
-2.170
-3.217
-1.216
-1.845
-3.900
0.823
-4.562
-6.087
1.124
-1.468
-4.053
0.627
-1.388
-2.123
0.541
0.412
-2.729
-2.107
-2.728
-3.091
-0.214
-0.673
-1.737
-1.869
-2.464
-1.756
-1.961
-2.666
-2.495
-0.239
-0.091
-3.058
-0.195
-1.330
-2.274
-0.960
-1.552
-1.902
-0.170
-2.015
-2.745
-0.062
-2.770
-3.024
1.175
-0.543
-3.068
0.535
-3.367
-0.658
-1.964
-0.843
-3.780
-0.544
-1.715
-3.228
0.739
-1.683
-1.448
0.432
-1.077
-1.869
0.720
-3.018
-3.389
-2.254
-3.012
-0.605
-4.304
-4.015
-2.866
-3.801
-5.417
-2.218
-1.392
-3.493
-1.771
-3.724
-4.999
-2.575
-0.502
-3.644
-2.721
-1.190
-4.794
-1.155
-1.644
-3.176
-1.710
-1.904
-4.461
-2.347
-2.550
-4.644
-1.892
-0.369
-3.751
-2.778
0.276
-2.757
-1.891
1.431
-1.696
-1.177
-1.394
-2.929
-2.623
-1.240
-2.371
1.191
0.302
-0.147
-1.935
-0.319
-0.492
-1.509
-1.026
-1.129
0.129
0.188
-2.833
-1.269
-0.873
-1.471
-1.902
-3.774
-3.015
-3.743
-2.696
-0.844
-1.297
-1.852
-2.264
-2.707
-4.229
-3.119
-3.635
-3.946
-1.573
-2.358
-2.191
-2.323
-3.113
-1.801
-3.364
-2.407
-5.062
-3.070
-4.057
-2.120
-3.351
-3.570
-4.018
-3.165
-3.864
-1.372
-3.980
-3.144
-3.802
-1.575
-3.027
0.338
-2.618
-0.931
-4.293
-1.322
-1.684
-3.213
-3.753
-2.467
-2.539
-2.342
-3.241
-1.048
-3.874
-3.266
-3.835
-3.562
-0.456
-1.609
-3.630
-3.396
-3.077
-1.618
-2.199
-2.754
-2.514
-5.265
-0.452
-0.340
-3.940
-4.142
-4.068
-2.002
-2.680
-3.957
-2.940
-4.622
-1.772
-0.706
-2.252
-1.687
-3.054
-1.336
-0.802
-3.784
-3.405
-4.186
-0.956
-1.010
-1.568
-1.930
-3.775
0.709
-1.782
-2.529
-3.260
-3.339
-1.768
-0.915
-3.631
-3.298
-3.299
-1.510
-2.285
-2.647
-3.773
-5.218
-3.907
-2.758
-3.818
-3.327
-3.815
-3.192
-1.249
-3.937
-4.436
-4.866
-3.587
-0.165
-3.624
-3.302
-4.637
-4.750
-3.235
-0.418
-5.078
-1.572
-4.986
0.304
-3.220
-3.579
-2.832
-4.136
-0.723
-2.028
-4.638
-3.607
-5.048
-2.517
-3.098
-3.882
-3.635
-3.748
-1.414
-2.843
-3.476
-2.727
-3.384
-3.757
-3.971
-3.079
-1.900
-5.452
-2.696
-4.038
-2.179
-5.817
-0.907
-2.906
-2.989
-1.300
-4.147
-1.529
-1.117
-2.623
0.177
-3.689
-1.093
-2.756
-3.422
-4.798
-3.080
-1.992
-2.989
-1.843
-2.718
-4.283
-2.211
-3.399
-0.422
-3.020
-4.396
-1.013
-2.578
-2.476
-3.735
-2.680
-2.589
-2.959
-2.700
-2.114
-3.874
-2.144
-1.736
-3.925
-1.878
-2.650
-3.463
-2.301
-3.589
-1.963
-4.523
-3.072
-1.634
-0.869
-4.140
-4.718
-1.406
-3.282
0.895
-2.938
-2.646
-0.354
-3.135
-0.783
-1.922
-1.684
-0.239
-3.372
-0.694
-1.784
-3.585
-2.909
-2.207
-0.975
-2.262
-0.406
-0.532
-3.885
-1.343
-2.505
-4.354
-1.467
-4.008
-1.655
0.516
-0.355
-3.599
-5.191
-2.154
-3.155
-4.191
0.053
-2.744
-2.494
-2.923
-4.976
-2.402
-3.742
-1.660
-3.145
-4.123
-1.547
-3.969
-0.808
3.638
-2.682
2.375
-1.394
-0.965
1.331
-2.807
-0.421
-2.412
-0.596
2.624
-2.670
0.556
-0.206
-0.650
1.539
-3.942
1.004
-1.806
-3.149
0.971
-3.525
0.120
-2.322
0.301
1.671
-1.914
-0.044
-1.518
0.069
0.497
-1.428
1.650
-2.853
-2.026
0.765
-0.643
-1.064
-1.393
0.971
0.736
-1.971
0.128
-1.988
-2.141
-0.442
-2.798
0.798
-2.334
-2.404
-4.823
-2.456
0.463
-2.063
-3.493
-4.065
-2.981
-0.305
-0.944
-2.156
-4.497
-2.200
-3.298
-3.482
-2.549
-4.575
-1.800
-1.544
-1.646
-3.980
-4.949
-2.721
-1.110
-2.328
-1.120
-6.312
-1.992
-2.043
-2.890
-2.400
-4.791
-3.303
-1.277
-1.648
-1.164
-4.247
-2.253
-1.083
-2.323
-1.078
-5.620
-2.209
-0.247
-1.213
-2.359
-5.618
-2.418
-1.015
-3.985
-1.582
-1.843
-2.072
-3.078
-4.463
-0.012
-2.578
-3.676
-2.988
-4.262
0.595
-2.044
-3.540
-1.835
-3.098
-1.122
-2.479
-4.178
-2.451
-3.492
0.199
-1.573
-3.533
-1.522
-4.644
1.952
-2.235
-2.261
-0.967
-3.653
0.009
-2.328
-2.535
-1.242
-3.112
-0.951
-1.329
-3.187
-0.812
-4.152
0.355
-3.690
-2.851
-4.246
-3.187
0.363
-1.715
-2.639
-0.167
-4.050
-2.700
-0.587
-0.943
-2.025
1.755
-3.140
-1.582
-2.158
-4.240
-1.354
-2.025
-0.287
-1.682
-3.441
-1.709
-1.587
-0.968
-3.048
-3.567
-2.486
-1.417
-0.982
-1.687
-0.932
-0.742
-0.482
1.052
-3.358
-1.302
-1.428
-0.686
-0.318
-1.476
-0.481
-0.642
-1.566
0.802
-4.291
-3.176
-1.405
-1.980
-1.034
-3.928
-2.691
-2.667
-1.914
-1.874
-2.600
-3.088
-1.298
-2.124
1.835
-1.598
-2.723
-2.993
-0.719
-1.453
-0.849
-1.799
-3.340
-1.114
0.199
0.694
-1.816
-0.626
-0.116
0.514
-0.126
-2.282
-2.536
-1.113
-0.435
-0.992
-2.819
-3.850
-1.897
1.135
-0.688
-3.768
-2.384
-0.783
-1.289
-0.602
-1.671
-2.271
-0.866
2.057
-0.952
-0.940
-2.908
-1.395
1.983
-0.638
-0.945
-3.413
-2.372
-0.055
-0.003
-2.444
-3.150
-4.012
-3.732
-2.872
-1.706
-4.828
-4.197
-1.817
-5.481
-2.769
-2.662
-4.485
-3.070
-5.884
-3.724
-2.871
-1.885
-3.801
-2.739
-5.380
-2.034
-3.335
-4.244
-2.511
-6.630
-4.721
-3.707
-4.681
-0.877
-4.014
-4.375
-4.194
-2.238
-3.682
-4.201
-2.284
-3.694
-4.475
-3.228
-2.155
-4.151
-0.606
-1.221
-4.411
-0.857
-1.034
-3.768
-1.989
-1.376
-4.819
-1.516
-2.639
-4.802
-2.832
-3.638
-4.752
-2.305
-3.265
-4.034
-1.866
-1.353
-1.900
-4.292
-2.084
-3.774
-4.729
-2.291
-3.044
-5.497
-1.958
-2.433
-4.141
-0.539
-4.655
-4.304
-3.520
-2.389
-5.658
-2.573
-3.202
-3.853
-1.881
-3.196
-3.861
-3.038
-3.767
-2.757
-2.847
-3.080
-3.912
-1.206
-2.211
-0.035
-4.263
-2.432
-2.654
-6.173
-1.901
-1.025
-3.211
-0.829
-3.109
-4.111
-1.281
-1.565
-6.352
0.020
-2.145
-4.843
-0.998
-0.404
-3.823
-1.572
-0.804
-4.009
-0.921
-1.403
-5.579
-0.407
-2.325
-2.732
-4.086
-3.280
-2.152
-2.875
-2.288
-2.352
-1.773
-3.296
-3.993
-1.946
-3.190
-3.336
-4.028
-2.254
-1.402
-1.054
-5.103
-2.961
-2.960
-2.787
-1.170
-1.816
-1.059
-1.305
-2.698
-3.625
-2.665
-4.085
-1.935
-0.901
-2.411
-0.370
-1.845
-1.850
-1.959
-2.813
-0.594
0.085
-2.287
-1.003
-0.546
-0.325
-1.943
-0.537
-4.333
-1.973
-0.523
-3.541
-1.659
-0.027
-1.849
-1.287
-1.044
-1.435
-2.588
-0.897
-1.914
-0.793
0.486
-2.850
