-3.396
-1.755
-2.298
-2.988
-2.130
-1.578
-3.907
-1.273
-0.973
-0.976
-0.123
-2.535
-2.230
-3.179
-0.040
-1.724
-2.520
-3.755
-0.966
-0.798
0.658
-0.037
-1.152
-2.142
-0.195
-1.623
-1.235
0.916
-0.879
-1.984
1.441
-1.093
-1.354
-0.784
1.561
-0.858
-0.919
1.318
0.107
1.034
-3.240
-0.340
-3.447
-4.534
0.088
-2.969
-3.405
1.212
-2.081
-3.587
1.536
-4.113
-5.167
0.369
-2.618
-2.433
1.766
-4.260
-2.593
0.826
-1.906
-2.588
1.260
-3.006
-2.553
-1.349
-3.967
-3.670
-0.686
-4.408
-0.829
-1.279
-5.833
-0.830
-1.231
-4.182
-3.206
-1.814
-4.345
-0.746
-3.088
-2.269
-3.847
-1.467
-2.083
-3.480
-0.400
-3.502
-3.953
-4.512
-2.733
-1.162
-0.687
-3.073
-1.429
-0.072
-3.177
-2.553
0.375
-2.892
-3.076
-3.509
-2.413
-2.941
-3.448
-2.875
-3.924
-2.266
-3.736
-4.412
-3.455
-3.585
-2.747
-2.928
-4.396
-3.780
-4.011
-4.528
-3.768
-1.522
-2.734
-3.087
-1.672
-2.504
-4.096
-2.610
-3.330
-4.308
-2.267
-4.316
-3.159
-5.494
-4.422
-1.765
-2.436
-1.133
-4.375
-4.498
-4.371
-3.664
-3.453
-2.244
-4.436
-3.580
-3.060
-5.340
-5.635
-4.773
-3.341
-4.259
-2.179
-2.986
-3.854
-4.227
-4.797
-4.708
-3.779
-4.091
-4.560
-4.534
-0.979
-3.901
-0.104
-1.777
-4.160
0.442
-0.685
-1.705
-1.903
-0.586
-5.215
-2.556
-2.615
-2.290
-0.484
-2.353
-1.908
-0.999
-1.181
-3.613
-0.111
-3.802
-3.529
-1.263
-4.180
-3.948
-1.939
-2.964
-4.126
-2.325
-3.580
-4.596
-1.815
-3.180
-3.843
1.159
-3.381
-4.546
0.073
-2.323
-1.954
1.008
-5.222
-4.397
-0.351
-4.591
-3.856
-1.288
-4.610
-4.458
0.120
-3.987
-3.935
-2.320
-4.516
-3.969
-2.052
-3.392
-2.632
1.935
-2.592
-5.721
-3.519
-1.328
-3.466
-1.838
-0.908
-5.333
-1.350
-1.400
-3.737
-2.195
-1.078
-3.709
-3.122
-0.852
-4.704
-2.495
-1.445
-4.674
-3.198
-0.908
-3.762
-1.062
-1.793
-4.463
-1.765
-3.734
-4.516
-2.902
-0.622
-3.117
-3.098
0.656
-0.880
-0.254
-1.283
-3.626
-3.124
-0.903
-4.004
-3.846
-0.881
-2.139
-2.600
0.033
-3.854
-2.486
-0.403
-1.488
-3.373
-0.012
-2.785
-2.809
0.068
-4.149
-3.785
-1.451
-2.812
-1.206
-2.094
-2.747
-1.475
-2.252
-1.833
-3.172
-3.008
-2.271
-3.111
-0.211
-1.562
-3.119
-3.641
-1.344
-2.042
-2.170
-0.271
-3.408
-2.065
-1.886
-0.663
-2.575
0.118
-1.961
-0.479
-4.045
-0.048
-2.179
0.697
-3.508
0.007
-2.242
-1.748
-3.575
-0.873
-3.081
-3.207
-3.261
-2.447
-4.002
-4.365
-2.114
-2.904
-4.585
-4.220
-1.660
-2.437
-1.562
-3.895
-3.444
-4.306
-2.038
-2.893
-5.214
-3.024
-2.747
-2.721
-4.699
-5.026
-3.234
-2.685
-2.031
-1.881
-0.069
-2.033
-0.424
-2.293
-1.408
-1.126
-2.257
-1.367
-1.373
-3.847
-1.787
-2.095
-1.771
-1.077
-2.395
-3.023
-2.811
-1.211
-2.973
-0.814
-1.529
-2.319
-2.682
-1.976
-0.014
0.821
-1.462
-1.979
-2.952
-2.860
-1.489
-2.528
-1.649
-2.045
-1.990
-1.115
-0.813
-0.768
-4.418
-2.707
-2.316
-5.318
-1.288
-2.645
-2.558
-1.177
-2.849
-1.921
-3.812
-2.720
-3.053
-1.145
-2.072
-2.620
-2.011
-1.154
-4.566
-1.243
-2.305
-2.111
-4.471
-1.404
-2.985
-2.398
-2.425
-2.979
-2.141
-2.453
-2.767
-1.746
-2.761
-1.429
-4.745
-2.015
-2.086
-2.986
-3.825
-1.080
-2.623
-2.707
-4.721
-2.261
-3.885
-4.522
-3.295
-1.884
-2.164
-1.835
-5.617
-3.193
-2.733
-2.799
-6.072
-2.250
-2.331
-3.168
-3.196
-4.042
-5.363
-3.303
-1.913
0.011
-2.258
-2.137
-3.001
-1.697
-2.168
-1.914
-4.741
-0.060
-3.075
-2.694
-5.170
0.240
-3.263
-2.523
-3.905
-0.440
-2.494
-0.659
-4.064
-1.753
-2.633
-2.930
-5.026
-2.186
-3.213
0.394
-5.278
0.506
-3.653
-2.468
-4.387
-1.894
-1.399
-2.994
-3.469
-1.795
-1.173
-3.755
-1.363
-0.695
-4.913
-3.143
1.854
-2.799
-5.187
-2.898
-1.540
-2.930
-3.107
-2.693
-0.734
-3.332
-3.475
-3.488
-1.083
-0.726
-4.186
-4.212
-1.933
-2.807
-3.621
-5.123
0.413
-0.635
-3.168
-4.320
-0.359
-2.927
-5.329
-4.095
0.145
-4.226
-3.096
-4.353
-1.949
-2.129
0.627
-1.996
-2.847
-3.633
-0.925
0.490
-2.499
-4.009
-1.530
0.033
-2.623
-2.280
-1.353
-0.350
-2.941
-2.871
-1.142
0.578
-2.067
-3.190
-0.474
-1.031
-1.749
-4.305
-0.245
-0.430
-0.960
-3.070
-0.624
-0.979
-3.133
-2.376
-0.578
0.102
-1.501
-1.974
-2.061
-1.330
-2.870
0.023
-1.841
-3.958
-1.232
-1.100
-1.894
-2.250
-1.029
-0.502
-2.145
-3.574
-0.319
1.010
-2.323
-0.867
-1.237
0.704
-2.833
-2.535
-1.505
0.078
-2.103
-1.911
-1.590
-0.430
-2.071
-2.293
-1.093
-0.417
-6.400
-2.198
-1.734
-0.067
-3.110
-3.250
-3.384
-0.325
-3.378
-2.616
-1.971
-0.893
-3.096
-2.523
-2.373
-2.330
-4.397
-3.701
-4.319
-2.600
-2.656
-3.309
-2.651
1.062
-4.599
-3.067
-2.757
-1.084
-2.628
-2.232
-2.844
-2.032
-2.818
-2.517
-2.842
-3.101
-3.406
-4.209
-2.294
-1.673
-3.863
-2.410
-3.657
-1.118
-3.352
-2.556
-3.490
-2.609
-2.807
-1.392
-4.186
-2.025
-3.980
-1.153
-3.429
-1.109
-3.133
-1.194
-1.551
-2.433
-3.917
-0.551
-3.046
-1.285
-3.759
-1.320
-4.257
-2.887
-4.709
-2.247
-1.960
-1.343
-3.363
-0.092
-1.772
-2.295
-1.807
-0.950
-1.658
-1.995
-2.722
-1.415
-3.632
-4.177
-3.422
-3.273
-1.827
-3.033
-4.200
0.402
-1.188
-3.051
-3.142
-2.477
-1.368
-3.418
-1.198
-2.084
-2.590
-3.054
-2.043
-1.986
-1.077
-3.318
-0.387
-4.064
-1.468
-2.780
-1.965
-1.990
-0.428
-2.903
-2.592
-1.899
-2.133
-2.739
-2.112
-2.526
-1.027
-3.703
-1.326
-3.410
-1.758
-3.338
-1.115
-2.186
-1.427
-2.254
-3.986
-2.414
-1.763
-1.584
-1.951
0.552
-4.794
-2.434
-0.156
-2.525
-4.502
-3.419
-1.972
0.125
-4.451
-4.299
-2.182
-1.755
-4.275
-3.669
-0.987
-1.552
-4.153
-3.078
0.572
-0.220
-2.598
-3.977
-2.911
-0.659
-5.195
-4.245
-2.064
0.095
-4.066
-3.349
-1.125
-0.307
-4.748
-3.945
-0.806
-1.811
-1.727
0.275
-2.884
-1.798
-2.718
0.119
-2.185
-3.744
-3.754
-0.651
-2.638
-2.765
-1.776
-1.413
-1.676
-4.152
-3.793
-0.385
-1.885
-3.623
-2.403
-0.788
-2.184
-3.664
-0.683
0.311
-0.391
-3.594
-1.298
-2.152
-1.958
-3.702
-2.890
0.180
-4.057
-2.786
-3.609
-0.201
-2.514
-2.680
-3.327
-2.307
-1.651
-3.274
-3.103
-1.958
-1.015
-3.072
-1.840
-2.551
-1.999
-2.800
-2.009
-2.592
-1.859
-2.658
-2.001
-3.529
-2.009
-4.659
-2.262
-2.893
-1.288
-1.701
-1.831
-2.298
-0.476
-4.013
0.514
-1.190
-1.835
-3.216
-1.077
-3.826
-0.523
-1.844
0.106
-3.943
-0.309
-2.839
-0.031
-2.155
0.212
-1.468
0.655
-1.703
-2.308
-2.635
-1.254
-0.966
-0.313
-0.451
-0.079
-2.456
-0.706
-3.169
-0.918
-1.808
-1.227
-2.721
-2.260
-3.656
-3.031
-4.100
-2.664
-4.190
-1.408
-2.660
-2.718
-3.350
-1.834
-3.082
-1.403
-1.775
-2.546
-2.248
-2.001
-2.645
-3.207
-2.084
-1.430
-4.233
-2.609
-5.077
-2.170
-4.103
-0.880
-3.414
-1.465
-2.138
-1.415
-3.062
-2.291
-3.200
0.034
-3.418
-0.333
-4.469
-0.940
-3.636
-2.308
-2.773
-1.723
-2.763
-1.475
-1.112
-2.338
-0.620
-3.003
-2.994
-3.992
-2.539
-2.527
-0.213
-4.312
-3.361
-2.195
-0.208
-2.914
-1.326
-3.059
