4.884
5.544
4.395
6.167
3.904
4.428
2.231
6.044
4.997
4.581
5.862
6.142
6.779
0.206
5.245
5.146
6.222
3.512
5.529
3.353
5.507
4.427
5.432
4.995
6.626
4.855
4.942
5.910
6.359
3.879
4.513
3.672
3.188
4.017
4.062
2.969
1.658
5.977
5.476
4.737
4.452
6.047
5.707
5.830
6.147
6.604
5.360
6.729
6.285
4.029
4.862
5.693
1.800
1.360
1.205
3.591
-1.524
3.082
5.042
2.928
2.105
2.531
1.597
3.055
2.423
2.465
1.909
2.025
2.322
1.581
4.042
3.640
4.379
0.399
4.032
4.474
2.894
2.348
4.413
2.812
0.665
2.562
1.892
-0.159
1.657
3.377
1.377
2.181
3.174
2.936
0.421
3.287
3.512
1.617
3.123
2.757
1.323
1.291
3.032
2.869
2.582
2.521
4.344
3.312
2.962
3.060
3.305
3.608
4.577
2.826
3.467
3.513
2.389
2.456
3.702
2.915
2.706
3.562
2.354
3.188
2.989
2.014
2.197
3.061
3.144
0.950
3.121
1.077
2.526
2.093
3.775
2.809
6.739
3.778
5.329
3.618
3.799
6.078
3.178
3.676
2.750
3.370
5.115
-0.309
3.520
2.611
2.357
4.741
3.492
3.551
4.784
3.716
2.825
2.507
3.713
3.145
3.179
3.313
2.778
3.643
4.997
4.018
4.245
2.291
4.824
6.741
4.243
3.153
4.246
4.677
5.593
3.325
1.620
2.320
3.107
3.336
2.989
4.869
-0.022
2.753
2.771
6.187
5.840
5.345
6.129
6.111
5.574
6.257
4.368
0.403
-0.663
4.481
5.800
4.910
3.746
5.242
3.980
4.756
3.621
2.544
2.475
5.074
4.173
3.332
4.674
4.870
5.635
4.633
5.659
5.534
3.893
5.446
4.095
5.102
4.886
5.884
4.041
5.363
5.486
4.321
5.962
7.082
7.459
5.390
7.971
6.281
7.845
4.993
6.458
6.874
6.243
6.211
6.484
4.791
8.029
6.482
5.456
7.154
7.352
8.349
5.850
5.019
3.186
2.708
4.851
5.452
4.788
5.026
4.953
4.779
8.178
6.713
7.352
7.007
7.241
8.287
5.964
6.682
6.677
3.498
4.994
3.755
6.771
5.437
7.556
5.074
6.371
6.675
5.024
4.540
6.560
6.671
6.915
5.959
5.884
6.368
6.433
4.060
5.015
6.167
3.045
3.740
6.074
5.217
6.643
5.604
6.000
3.873
3.601
5.423
4.583
3.640
5.100
3.379
4.246
5.332
4.976
1.943
4.810
5.570
5.871
6.120
7.421
2.113
6.127
6.613
7.615
5.142
5.545
2.686
4.771
5.960
5.339
5.320
3.555
4.346
5.406
5.509
4.066
6.838
4.723
4.892
4.359
5.726
5.235
3.132
5.129
3.673
4.787
6.008
3.662
6.310
4.493
2.315
4.472
5.995
5.448
5.700
3.525
7.098
