-4.579
-5.047
-1.973
-4.540
-3.181
-3.658
-2.948
-4.671
-3.042
-5.420
-3.142
-3.684
-4.774
-4.617
-3.288
-6.199
-3.051
-3.091
-2.045
-3.574
-5.125
-2.748
-2.324
-2.291
-5.103
-3.274
-3.045
-3.267
-1.458
-2.839
-3.599
-3.500
-3.947
-2.338
-4.664
-3.131
-2.948
-3.040
-2.539
-4.528
-4.639
1.573
-0.579
0.317
-2.099
1.086
-1.864
1.829
-1.076
0.263
-4.764
-0.017
-1.605
-0.894
-1.531
-2.141
-0.850
-0.589
0.256
0.488
2.658
-2.043
2.230
-2.239
2.375
-2.386
1.922
-2.507
3.180
-1.419
3.006
0.407
2.162
0.113
2.332
-0.793
1.975
-1.078
0.829
-1.219
0.035
-4.590
-3.545
-1.003
1.435
-5.009
-2.610
0.695
0.595
-4.935
-5.869
-0.499
-2.087
-3.567
-3.419
-2.672
-0.781
-4.759
-4.251
1.836
-1.099
-3.752
-1.570
0.385
-1.012
-1.722
-2.633
-0.312
-0.238
-3.658
-3.430
1.148
-0.127
-4.479
-4.019
0.495
0.215
-4.496
-4.556
1.160
0.645
-3.936
-2.236
-4.378
1.495
-3.690
-3.719
-4.617
2.391
-3.971
-3.442
-4.610
2.188
-2.212
-3.208
-4.136
1.139
-3.207
-3.525
-6.155
2.874
-3.766
-3.441
-3.573
2.108
-2.581
-4.841
-4.185
1.632
-4.097
-6.066
-4.357
-0.263
-2.709
-4.542
-3.299
0.319
-2.231
-2.203
-3.485
-0.360
-2.083
-1.471
-1.879
3.656
-3.124
-1.275
-2.559
3.898
-3.398
-2.543
-2.997
4.436
-3.319
-2.649
-2.404
4.435
-4.183
-2.631
-1.997
2.592
-2.714
-2.878
-2.970
3.743
-1.773
-2.304
-2.096
1.910
-3.041
-1.022
-0.745
1.542
-1.723
-2.973
-2.272
1.436
-2.681
-1.603
-2.593
-3.559
-0.106
-0.670
-0.170
-3.686
-2.309
-1.672
1.893
-4.869
-2.758
-1.896
1.300
-4.582
-2.026
-2.747
0.888
-3.626
-3.069
-2.088
3.565
-3.823
-0.997
-2.759
1.554
-5.046
-3.412
-2.080
1.637
-2.672
-2.865
-2.413
2.903
-3.380
-2.328
-4.101
0.909
-5.347
-2.409
-2.361
0.148
-0.553
-1.012
-2.332
-5.019
1.445
-3.327
-4.112
-2.913
2.262
-0.146
-2.012
-2.208
0.310
-2.198
-1.749
-2.443
1.148
-2.613
-2.938
-2.911
2.483
-0.571
-3.603
-3.904
1.632
-3.801
-4.869
-2.618
-2.680
-1.299
-2.493
-1.229
2.791
-1.067
-3.773
-4.081
0.237
-2.500
-4.044
-4.089
-4.739
-3.392
2.929
-2.501
-2.220
-2.019
0.622
-1.950
-3.930
-2.120
0.367
-3.488
-3.206
-3.119
1.024
-1.675
-0.240
-3.457
2.157
0.217
-3.982
-3.826
2.559
-1.814
-2.595
-2.863
0.223
-3.576
-2.882
-2.268
1.960
-1.834
-1.620
-2.809
1.510
-1.954
-0.081
-1.238
-0.683
-0.361
0.734
-4.076
-3.631
-3.155
-0.303
-2.568
-1.063
-2.157
1.495
-3.592
-5.657
-1.959
0.804
-5.029
-3.227
-1.611
0.785
-5.042
-4.329
-1.165
1.034
-5.227
-4.536
-2.022
-1.982
-5.295
-1.568
-2.003
0.177
-3.969
-3.403
-0.523
0.124
-4.128
-4.003
-2.140
-1.188
-4.234
-3.060
-1.612
-1.967
3.023
-2.885
-2.584
-2.284
3.425
-3.011
-1.270
-1.870
4.092
-3.420
-2.567
-0.105
1.548
-3.424
-2.007
-1.645
3.008
-2.846
-0.036
-2.875
3.140
-2.939
-2.376
-4.076
-0.421
-3.434
-1.824
-1.756
2.047
-3.260
-1.911
-0.547
2.139
-3.238
-1.083
-2.946
1.875
-3.936
-3.194
-4.353
-2.896
-3.670
-3.505
-3.613
-4.406
-2.886
-3.473
-3.047
-3.148
-3.394
-5.118
-4.238
-3.987
-4.737
-3.383
-3.950
-4.749
-3.877
-2.753
-3.400
-5.137
-3.605
-4.688
-3.163
-1.697
-4.739
-1.977
-2.692
-5.800
0.597
-1.603
-2.290
3.218
-2.872
-4.649
1.753
-1.692
-3.257
2.406
-1.348
-3.503
-0.155
-5.247
-3.834
1.585
-3.211
-4.621
0.858
-2.289
-3.674
1.460
-4.052
-3.588
1.213
-2.688
-3.188
1.648
-1.282
-4.086
1.804
-4.375
-5.897
2.330
-1.245
-3.452
1.473
-0.576
-2.488
1.992
0.726
-3.044
0.405
-2.792
-2.878
1.294
-0.383
-1.621
-0.162
-2.073
-2.026
-1.562
-2.709
-2.131
2.333
0.189
-3.313
-0.053
-2.537
-3.526
3.107
-3.640
-1.837
2.057
-3.197
-2.316
3.237
-4.469
-2.504
4.196
-3.136
-2.296
1.487
-2.467
0.251
1.528
-3.229
-2.843
2.769
-2.457
-3.106
3.604
-4.522
-0.231
3.214
-1.257
-0.490
3.261
-3.994
-1.912
-1.035
-4.065
2.649
-2.145
-4.351
0.981
-1.191
-6.003
1.931
0.257
-5.341
2.057
-2.080
-5.187
0.607
0.711
-4.918
0.498
0.009
-5.215
1.925
-2.254
-3.426
-0.002
0.076
-5.080
1.613
-1.436
-6.023
1.962
2.147
-4.251
-2.192
3.465
-4.251
-1.476
3.008
-3.221
-0.973
2.217
-4.147
-1.617
1.747
-1.983
1.255
1.609
-2.710
-1.938
1.193
-1.874
-1.285
1.149
-2.166
-0.045
2.200
-3.370
-0.792
1.988
-1.725
-2.282
-3.129
-3.420
-4.895
-2.223
-0.268
-2.180
-1.765
-2.017
-2.854
-3.696
-3.457
-3.557
-3.365
-2.210
-1.886
-2.902
-2.313
-3.130
-2.338
-1.987
-1.951
-4.329
-3.476
-3.974
-2.266
-3.768
-3.449
-4.668
-2.434
-1.835
-1.430
-3.722
-4.175
-3.051
-1.327
-2.909
0.223
-2.089
-1.822
-3.317
-1.486
-1.636
-3.145
-2.628
-3.008
-2.762
-2.445
-4.690
-1.966
-3.005
-3.827
-3.387
-3.074
4.217
0.111
-3.681
-3.693
-3.457
3.696
-1.155
-2.818
-2.732
-4.921
4.750
0.877
-4.745
-3.967
-3.725
4.047
-0.127
-4.148
-3.439
-4.657
3.290
-0.267
-2.426
-1.881
-2.516
4.533
-1.556
-3.190
-3.376
-3.755
4.945
0.756
-1.190
-1.866
-3.706
5.853
-1.018
-2.408
-3.178
-2.203
3.581
-0.744
-3.996
-3.326
-3.180
2.859
-2.595
-3.397
-2.628
-3.739
-5.033
-1.251
-4.108
-2.793
-2.842
-3.650
-0.654
-4.209
-4.413
-3.978
-2.950
-0.018
-2.886
-2.043
-2.771
-4.633
-1.172
-0.569
-4.715
-1.092
-4.229
-0.010
-3.409
-3.399
-2.041
-3.868
0.660
-2.341
-4.220
-2.966
-3.831
-1.363
-2.701
-3.488
-1.957
-2.962
-0.226
-3.108
-2.838
-1.653
-3.631
-1.199
-3.840
-3.115
-1.781
-5.983
-0.906
-3.997
-2.322
-6.611
-0.120
1.829
-3.357
-1.499
-4.303
-0.492
3.704
-3.284
-0.166
-3.839
-0.388
1.839
-4.636
-4.528
-3.241
-1.273
1.966
-2.533
-2.468
-3.352
-0.932
1.559
-1.282
-2.192
-3.805
0.410
1.090
-3.047
-3.293
-2.398
-2.272
0.854
-3.345
-1.734
-3.835
-1.375
3.946
-3.924
-2.111
-2.915
-0.833
2.218
-3.872
-2.458
-4.564
-1.372
3.789
-1.582
-4.269
-5.753
-2.734
-4.138
0.288
-3.578
-4.372
-2.148
-5.324
-0.638
-1.999
-2.711
-0.168
-2.937
-0.734
-2.209
-5.016
-2.789
-3.404
-1.342
-2.119
-1.138
-0.166
-4.888
-1.070
-2.863
-4.526
-1.405
-3.522
-1.409
0.227
-1.941
-4.332
-5.372
-1.965
-3.597
-6.199
0.193
-3.828
-2.155
-3.405
-5.527
-2.670
-5.837
-1.699
-3.986
-5.082
-1.538
-6.127
0.057
5.407
-3.041
0.234
-1.154
-1.288
2.936
-0.984
-1.754
-2.133
-0.906
4.530
-1.630
-1.178
0.111
-1.355
3.493
-2.330
0.053
-1.482
-2.701
1.863
-4.700
-1.200
-2.027
0.419
3.129
-2.342
-2.164
-1.388
0.529
2.800
-2.324
-0.060
-2.707
-3.102
2.342
-0.690
-2.952
-1.471
0.871
1.900
-2.444
-1.174
-1.957
-2.625
1.453
-3.465
-0.708
-2.006
-3.238
-4.307
-2.939
3.315
-1.900
-4.360
-4.681
-3.887
3.479
-1.042
-3.024
-4.899
-2.424
-0.065
-3.474
-2.534
-4.511
-1.109
3.184
-1.659
-4.190
-4.980
-1.517
2.879
-2.276
-2.160
-6.130
-3.446
2.236
-2.958
-3.167
-5.040
-1.603
2.406
-1.427
-1.786
-3.578
-1.772
2.860
-2.078
-2.486
-5.143
-1.699
3.639
-1.353
-3.093
-5.441
-0.531
2.903
-3.890
2.815
-0.521
-2.971
-3.751
-4.183
4.256
-0.868
-4.068
-3.177
-4.166
3.953
-0.654
-3.254
-3.018
-2.860
2.635
-0.329
-3.847
-3.364
-3.412
3.527
0.250
-3.739
-1.844
-4.382
4.820
-0.778
-2.327
-2.536
-3.590
4.728
-0.068
-3.647
-3.119
-3.181
2.971
0.401
-3.942
-1.705
-4.021
2.970
-2.417
-3.176
-4.380
-3.359
3.552
-0.703
-2.826
-1.659
-3.750
-3.149
0.235
-0.589
-2.502
1.979
-2.509
-0.552
-2.127
-3.037
-0.597
-1.194
1.129
-1.880
-4.254
-0.682
-1.352
1.244
-3.089
-4.223
-1.423
-1.805
1.281
-1.344
-1.474
0.196
-0.609
2.499
-0.846
-2.251
-0.358
-1.339
1.751
-1.858
-1.395
0.557
-1.478
2.631
-2.863
-2.126
-0.553
-3.049
0.092
-2.936
-3.314
-1.638
-2.479
0.027
-3.257
-2.805
-0.211
0.011
2.859
-2.233
-3.429
-2.765
-0.091
0.177
-2.342
-3.022
-3.050
0.983
2.532
-1.753
-2.577
-0.357
1.299
2.131
-1.463
-3.572
-2.455
0.690
0.985
-1.424
-3.034
-3.423
-0.617
1.910
-1.448
-4.013
-2.106
1.063
1.185
-2.429
-2.679
-1.806
0.243
4.195
-0.782
-3.162
-2.513
-0.730
3.596
-0.055
-2.205
-3.088
-1.333
0.997
-0.607
-3.693
-3.042
-4.393
-2.501
-2.528
-2.003
-5.307
-4.239
-1.915
-5.988
-2.298
-2.440
-5.896
-2.569
-5.758
-3.098
-2.349
-2.016
-3.983
-2.868
-5.909
-1.693
-2.940
-4.324
-2.801
-6.703
-5.295
-3.795
-4.406
-1.323
-3.147
-4.277
-4.040
3.695
-3.176
-4.127
2.215
-2.891
-4.541
3.075
-1.701
-3.842
5.133
-0.709
-4.526
4.125
-0.469
-3.822
3.838
-0.959
-4.695
2.745
-2.421
-4.395
1.526
-2.828
-4.574
3.537
-2.889
-4.154
3.943
-0.813
-1.220
-3.865
-2.489
-3.349
-4.105
-2.393
-2.192
-4.211
-1.779
-1.536
-3.005
-0.882
-3.814
-3.501
-3.524
-2.315
-4.674
-2.286
-2.940
-3.508
-1.675
-2.703
-3.890
-3.155
-3.156
-3.121
-3.277
-2.338
-3.796
-1.081
2.438
-0.186
-3.545
2.718
-1.325
-5.458
1.482
-2.539
-3.900
3.645
-3.479
-4.273
3.528
-2.206
-5.524
4.244
-2.250
-4.805
3.132
-0.967
-3.677
3.209
-1.486
-4.571
3.189
-0.390
-4.522
3.502
-1.129
-2.121
-4.234
-1.730
0.124
-3.039
-1.043
0.956
-1.875
-1.906
-0.606
-2.508
0.070
-0.238
-4.566
0.784
0.431
-2.529
-2.856
0.118
-3.643
0.747
-0.680
-2.473
0.944
1.089
-3.882
-0.586
-1.028
-4.107
1.559
1.315
-1.450
1.623
-1.913
-0.700
-0.119
-2.829
-0.224
1.648
-3.115
-0.846
1.317
-0.067
-0.581
1.383
-3.029
-1.719
0.658
-3.337
-1.480
0.542
-1.850
-0.801
-0.207
-2.182
-2.303
0.805
-2.314
0.077
1.900
-3.109
