-6.778
-3.083
-4.517
-7.383
-2.941
-4.480
-5.676
-3.205
-3.787
-3.176
-2.657
-2.143
-3.922
-2.421
-2.546
-3.292
-4.416
-3.958
-2.625
-3.887
-0.648
-1.394
-1.566
-2.245
-2.178
1.405
-1.348
-0.520
-1.751
-1.258
0.709
0.929
0.009
-1.176
0.028
-1.332
-0.788
0.174
1.237
0.069
-0.829
0.591
-0.812
1.006
3.002
0.879
0.297
2.388
0.999
0.845
3.019
1.505
0.698
2.761
-0.231
0.176
2.238
0.292
-0.746
2.358
0.876
1.436
3.416
1.215
0.867
2.499
2.057
0.089
2.022
1.459
1.199
0.434
-0.245
2.911
2.137
3.499
2.305
-0.654
2.130
3.554
0.815
2.923
1.550
2.405
3.396
1.689
1.651
3.094
-0.361
0.013
1.904
3.902
3.007
3.418
2.053
0.647
1.853
1.811
2.904
2.349
-2.262
-0.516
0.160
-0.082
2.196
0.780
-0.112
1.393
0.528
-0.495
1.201
1.682
-0.020
2.137
0.478
-0.991
1.067
-0.251
0.253
1.890
0.986
0.838
2.410
1.839
-1.866
0.602
-0.768
1.162
2.050
1.740
1.064
-0.517
0.912
0.914
0.490
1.700
0.867
-1.252
0.243
1.165
0.789
2.425
0.397
-0.328
0.764
0.942
0.014
1.751
0.426
-0.545
0.808
0.699
-0.783
0.672
0.561
0.171
1.913
1.897
0.961
2.663
4.212
3.682
5.816
3.373
2.533
5.209
4.635
2.871
5.069
2.616
1.477
3.892
4.015
3.865
3.758
2.705
1.249
5.059
4.373
3.108
6.577
3.397
2.428
5.163
3.279
2.186
4.629
4.763
2.273
4.933
3.168
1.891
4.437
1.235
0.323
3.455
1.490
1.277
3.948
3.160
2.031
2.882
0.643
-0.452
0.145
2.000
1.205
4.255
-1.815
-1.799
1.713
1.840
1.236
3.661
1.527
1.489
4.546
1.401
1.694
4.813
3.066
1.076
0.599
2.695
0.929
0.275
3.670
1.013
2.239
3.330
1.073
0.322
3.585
1.641
1.248
2.398
0.688
0.298
4.065
2.515
2.470
4.382
3.399
3.078
2.333
1.826
0.879
2.739
1.201
-0.087
2.870
1.987
2.649
3.816
2.522
2.699
4.355
1.273
1.527
1.087
1.434
0.950
3.192
2.682
3.382
4.238
4.184
4.949
3.817
1.848
1.429
1.982
2.642
1.161
1.982
1.470
2.066
3.204
1.978
4.374
1.762
-1.312
3.037
-0.223
1.652
-0.547
3.186
0.033
0.557
-1.042
-0.298
-3.602
3.096
-0.610
-0.668
-4.594
1.614
-1.341
0.443
-2.389
2.330
-1.163
3.645
-0.800
2.733
-1.799
4.370
-1.280
3.588
-3.901
2.974
-2.483
4.795
-1.266
1.404
-4.685
1.947
-2.387
1.955
-4.889
-0.062
-2.066
-0.805
-3.079
-2.465
-1.903
1.147
-0.594
0.506
-0.672
-0.254
-2.010
-1.534
-4.238
-1.148
-1.867
-0.957
-2.510
-1.294
-2.499
2.879
1.288
2.473
1.672
1.749
0.781
0.755
0.101
0.999
-1.772
2.714
2.284
1.324
0.996
2.368
1.369
1.945
0.688
0.923
-0.708
1.272
0.565
0.620
1.289
-0.379
0.791
1.238
1.893
1.720
1.660
0.339
1.057
0.184
0.098
-2.603
-1.338
-0.948
0.172
-2.009
-1.572
0.094
1.097
-0.256
-1.559
-2.237
-1.275
0.637
-0.033
0.207
-1.113
-1.767
0.852
1.415
1.094
-0.663
-1.433
-0.136
0.143
1.114
-0.054
-3.752
-1.142
-5.585
-0.392
-4.845
-2.456
-7.865
-3.560
-5.356
-1.039
-7.377
-2.831
-5.754
-2.330
-7.312
-3.811
-6.109
-3.122
-9.315
-4.297
-5.107
-1.267
-7.937
-2.393
-6.101
-1.934
-8.469
-4.611
-5.932
-1.261
-7.379
-3.920
-4.782
-2.265
-7.697
-4.230
-2.392
0.022
-4.857
-2.105
-2.900
-5.716
-7.148
-3.228
-0.433
-4.111
-4.562
-3.744
-2.395
-3.689
-1.391
-2.583
0.580
-5.427
-3.247
-3.440
-3.320
-3.160
-5.301
-3.436
-1.574
-4.653
-4.161
-4.522
-2.650
-2.242
-6.080
-2.646
-2.010
-4.388
-3.766
-3.754
-0.467
-5.418
-4.007
-3.961
-3.128
-2.890
-6.516
-3.125
-1.267
-5.560
-1.135
-3.307
-2.633
-4.435
-2.354
-3.535
-2.565
-5.984
-2.743
-5.401
-4.828
-5.055
-3.259
-5.154
-4.629
-4.749
-2.137
-4.315
-3.906
-4.738
-2.035
-5.804
-3.930
-3.193
-1.430
-4.328
-4.261
-4.466
-1.993
-4.213
-5.775
-5.770
-2.503
-4.316
-4.054
-5.862
-2.397
-4.657
-6.233
-2.831
-1.659
-4.820
-7.852
-2.076
-1.992
-3.598
-8.356
-3.686
0.183
-4.946
-9.396
-3.443
-3.337
-5.426
-8.128
-3.530
-2.545
-4.144
-7.489
-3.519
-2.740
-4.738
-7.914
-3.116
-2.679
-5.721
-7.273
-1.988
-0.916
-4.405
-7.069
-2.463
-0.574
-4.366
-4.788
-0.998
-3.415
-4.173
-1.452
-5.604
-2.025
-0.328
-2.984
-4.395
-2.511
0.389
-3.681
-6.061
-3.312
-1.732
-2.784
-4.278
-2.141
-0.867
-0.609
-5.792
-2.607
-1.381
-2.941
-3.102
-1.856
-1.195
-3.018
-4.170
-2.368
-1.516
-1.985
-7.993
-3.856
-1.582
-4.573
-7.872
-3.167
-4.702
-0.694
-3.553
-2.715
-0.852
-0.792
-0.435
-3.544
-5.395
-2.567
-2.654
-7.127
-8.017
-3.575
-2.079
-7.492
-6.467
-1.074
-1.487
-6.299
-8.248
-2.554
-2.174
-8.231
-7.776
-2.745
-1.583
-7.425
-7.211
-3.719
-1.806
-8.841
-8.531
-1.158
-0.378
-7.967
-7.036
-1.945
-0.501
-6.153
-6.025
-2.751
-1.080
-7.168
-7.584
0.275
-6.529
-1.829
-3.491
0.073
-7.373
-1.109
-0.840
-1.481
-7.400
-1.696
-1.927
-0.761
-6.894
-2.373
-4.787
-0.537
-7.476
-1.634
-1.643
0.253
-5.868
-1.559
-1.832
-1.065
-6.121
-4.192
-2.871
-0.075
-5.874
-1.114
-1.610
0.779
-4.562
-1.772
-2.084
-0.472
-7.674
-1.064
-2.735
-4.316
-2.493
-9.783
-1.829
-5.216
-1.331
-8.457
-3.656
-4.635
-1.098
-9.930
-1.668
-5.185
-1.235
-10.075
-3.985
-4.823
-2.232
-8.356
-1.133
-3.834
-2.022
-9.708
-2.056
-3.209
-1.457
-8.646
-2.705
-2.216
-0.735
-8.963
-1.862
-3.329
-0.168
-9.548
-1.836
-5.415
-3.481
-11.461
-3.131
-0.757
-6.671
-2.178
-5.563
1.079
-2.077
-4.777
-6.239
1.270
-3.514
-3.212
-5.868
-0.258
-6.174
-4.648
-7.399
0.043
-4.575
-2.811
-4.335
0.442
-3.594
-3.381
-6.308
0.125
-2.230
-4.000
-5.867
1.582
-2.552
-2.828
-5.594
-0.669
-2.575
-3.266
-7.966
-0.186
-5.708
-1.688
-4.471
-2.435
-3.302
-11.861
-6.953
-1.083
-1.809
-11.564
-5.331
-0.660
-0.598
-8.817
-2.825
-2.179
-2.274
-10.109
-3.932
-3.056
-2.282
-11.580
-4.078
-2.515
-2.744
-11.233
-4.400
-3.176
-2.833
-11.738
-3.867
-2.306
-3.393
-11.189
-3.711
-0.667
-2.788
-10.627
-3.915
-1.651
-2.003
-10.295
-3.825
-6.256
-2.412
-3.538
-1.178
-3.378
0.088
-6.588
-3.039
-7.425
-3.342
-6.467
-2.362
-6.365
-1.500
-4.606
-0.938
-7.544
-1.244
-5.302
-1.485
-5.117
-1.193
-5.297
-4.255
-4.771
-0.712
-6.078
-0.336
-2.418
-3.230
-5.290
-1.085
-4.415
-3.353
-7.880
-1.643
-5.499
-1.243
-4.619
-0.968
-7.722
-4.218
-5.888
-2.901
-6.027
-3.136
-5.018
-2.640
-2.874
-2.251
-5.298
-1.660
-5.635
-3.056
-6.347
-3.268
-3.654
-3.360
-6.861
-2.769
-4.080
-3.639
-4.018
-4.136
-2.452
-2.231
-4.288
-5.086
-2.656
-2.841
-4.167
-5.178
-2.690
-3.368
-3.102
-3.431
-2.206
-0.482
-4.798
-3.980
-2.948
-5.044
-1.834
-1.522
-1.972
-1.724
-2.608
-3.142
-3.883
-4.429
-0.957
-3.189
-1.351
-1.030
-2.438
-2.138
-0.080
-0.945
-4.118
-3.627
-1.587
-2.959
-3.140
-2.282
-2.095
-2.438
-0.478
-1.328
-2.775
-2.877
-2.174
-1.652
-2.876
-3.399
-1.788
-0.838
-0.248
-2.095
-0.904
-3.030
