-3.364
-1.468
-2.176
-2.705
-1.676
-1.752
-4.578
-1.267
-1.060
-0.665
-0.132
-2.315
-2.060
-3.453
0.143
-1.368
-2.595
-3.660
-0.877
-0.315
1.434
0.735
-0.457
-1.423
0.351
-0.929
-0.663
1.549
-0.557
-1.155
1.264
-1.116
-1.034
-0.494
2.311
-1.465
-0.755
1.865
1.013
0.684
-3.240
-0.340
-3.447
-4.534
0.088
-2.969
-3.405
1.212
-2.081
-3.587
1.536
-4.113
-5.167
0.369
-2.618
-2.433
1.766
-4.260
-2.593
0.826
-1.906
-2.588
1.260
-3.006
-2.553
-1.349
-3.967
-3.670
-0.686
-4.408
-0.829
-1.375
-5.833
-0.830
-1.041
-4.182
-3.206
-2.143
-4.345
-0.746
-2.596
-2.269
-3.847
-2.103
-2.083
-3.480
0.243
-3.502
-3.953
-3.896
-2.733
-1.162
-1.300
-3.073
-1.429
-0.436
-3.177
-2.553
-0.429
-2.892
-3.012
-3.509
-2.413
-3.345
-3.448
-2.875
-3.344
-2.266
-3.736
-4.445
-3.455
-3.585
-2.928
-2.928
-4.396
-3.793
-4.011
-4.528
-3.450
-1.522
-2.734
-3.491
-1.672
-2.504
-4.500
-2.610
-3.330
-3.857
-2.267
-4.316
-3.159
-5.958
-4.422
-1.765
-2.911
-1.133
-4.375
-5.199
-4.371
-3.664
-3.370
-2.244
-4.436
-3.416
-3.060
-5.340
-5.225
-4.773
-3.341
-4.592
-2.179
-2.986
-3.569
-4.227
-4.797
-4.599
-3.779
-4.091
-3.960
-4.534
-0.979
-3.901
-0.104
-1.777
-4.160
0.442
-0.685
-1.705
-1.903
-0.586
-5.215
-2.556
-2.615
-2.290
-0.484
-2.353
-1.908
-0.999
-1.181
-3.613
-0.111
-3.802
-3.529
-1.263
-4.180
-3.948
-1.939
-2.964
-4.126
-2.325
-3.580
-4.596
-1.815
-3.180
-3.843
1.159
-3.381
-4.546
0.073
-2.323
-1.954
1.008
-5.222
-4.397
-0.351
-4.591
-3.856
-1.288
-4.610
-4.458
0.120
-3.987
-3.935
-2.320
-4.516
-3.969
-2.052
-3.392
-2.632
1.935
-2.592
-5.721
-3.519
-1.328
-3.466
-1.838
-0.908
-5.333
-1.350
-1.400
-3.737
-2.195
-1.078
-3.709
-3.122
-0.852
-4.704
-2.495
-1.445
-4.674
-3.198
-0.908
-3.762
-1.062
-1.793
-4.463
-1.765
-3.734
-4.516
-2.902
-0.622
-3.117
-3.098
0.656
-0.880
-0.254
-1.283
-3.626
-3.124
-0.903
-4.004
-3.846
-0.881
-2.139
-2.600
0.033
-3.854
-2.486
-0.403
-1.488
-3.373
-0.012
-2.785
-2.809
0.068
-4.149
-3.785
-1.451
-2.812
-1.206
-1.366
-2.814
-1.606
-2.369
-1.291
-3.245
-3.057
-2.463
-2.844
-0.518
-0.780
-3.274
-2.998
-1.606
-2.074
-2.450
0.453
-4.043
-1.270
-2.511
-0.759
-2.653
0.632
-2.536
-0.041
-3.906
0.400
-2.286
0.930
-2.922
0.259
-2.539
-1.049
-3.101
-0.304
-3.319
-3.549
-3.245
-3.037
-3.966
-4.802
-2.642
-3.242
-4.325
-4.689
-1.672
-3.317
-1.754
-4.489
-2.850
-4.877
-1.545
-3.851
-4.872
-3.751
-1.922
-2.664
-3.893
-5.244
-2.754
-2.685
-2.114
-1.881
0.001
-2.033
-0.741
-2.293
-1.403
-1.126
-2.228
-1.367
-1.393
-3.847
-1.661
-2.095
-1.657
-1.077
-2.620
-3.023
-2.710
-1.211
-2.973
-0.814
-1.529
-2.319
-2.682
-1.976
-0.014
0.821
-1.462
-1.979
-2.952
-2.860
-1.489
-2.528
-1.649
-2.045
-1.990
-1.115
-0.813
-0.768
-3.779
-2.707
-2.130
-5.318
-1.058
-2.645
-2.250
-1.177
-2.354
-1.921
-3.151
-2.720
-2.714
-1.145
-1.970
-2.620
-1.721
-1.154
-4.232
-1.752
-2.362
-2.215
-3.917
-1.558
-3.323
-2.625
-3.017
-3.177
-2.133
-2.465
-2.795
-2.076
-3.033
-1.536
-4.605
-2.958
-2.252
-2.986
-4.026
-1.844
-2.610
-2.762
-4.460
-3.127
-4.405
-4.509
-3.584
-2.188
-2.326
-1.899
-5.384
-3.889
-3.546
-2.891
-6.183
-2.851
-3.134
-3.159
-2.846
-4.058
-5.023
-3.209
-1.908
0.209
-2.126
-2.196
-3.625
-2.640
-2.754
-1.826
-4.750
0.253
-3.348
-2.699
-5.349
-0.419
-3.368
-2.449
-3.978
-0.586
-2.749
-0.580
-4.154
-1.296
-2.625
-2.902
-4.910
-2.092
-3.120
0.395
-5.375
0.370
-3.763
-2.435
-4.643
-2.554
-1.395
-2.974
-4.035
-1.936
-1.337
-3.246
-1.427
-1.137
-4.608
-2.691
1.833
-2.188
-5.284
-3.057
-1.493
-2.831
-2.960
-2.910
-0.746
-2.777
-3.697
-3.261
-1.067
-0.483
-4.210
-4.494
-1.889
-2.683
-3.293
-4.511
0.357
-0.926
-2.826
-4.041
-0.362
-2.759
-5.152
-3.983
0.127
-3.863
-3.060
-4.057
-1.867
-2.703
0.966
-2.003
-3.217
-3.354
-0.660
0.460
-2.029
-3.990
-1.529
0.146
-2.493
-2.654
-1.050
-0.399
-3.201
-3.079
-0.756
0.555
-1.993
-3.464
-0.193
-1.046
-1.762
-4.266
-0.273
-0.413
-1.014
-3.485
-0.238
-0.985
-3.165
-3.014
-0.124
0.093
-1.529
-2.539
-1.612
-1.369
-2.737
-0.853
-1.546
-3.355
-0.626
-1.987
-1.171
-2.135
0.046
-0.293
-2.122
-3.088
0.478
0.058
-2.346
-0.686
0.002
0.431
-2.250
-1.394
-0.801
-0.553
-1.611
-1.600
-0.652
-0.545
-1.543
-1.621
-0.415
-0.854
-6.071
-1.901
-0.587
-0.028
-2.779
-2.497
-2.938
-0.535
-2.698
-2.193
-1.042
-0.918
-3.102
-2.629
-2.373
-1.880
-4.179
-3.774
-4.319
-2.680
-2.781
-3.114
-2.651
0.858
-4.180
-2.819
-2.757
-1.259
-1.990
-2.539
-2.844
-2.100
-2.600
-2.792
-2.842
-2.874
-3.294
-4.451
-2.294
-1.540
-3.710
-2.598
-3.657
-1.020
-3.168
-2.710
-3.490
-2.488
-2.826
-1.535
-4.186
-2.047
-3.776
-1.319
-3.429
-1.702
-2.849
-1.208
-1.551
-3.079
-3.672
-0.842
-3.046
-1.654
-3.598
-0.905
-4.257
-2.915
-4.504
-2.090
-1.960
-1.723
-3.300
0.136
-1.772
-2.170
-1.686
-1.084
-1.658
-2.342
-2.515
-1.620
-3.632
-4.442
-3.279
-3.101
-1.827
-2.800
-4.130
0.592
-1.188
-2.891
-3.767
-2.574
-1.176
-3.131
-2.186
-2.154
-2.477
-2.861
-2.999
-2.056
-0.883
-3.176
-1.381
-3.976
-1.319
-2.376
-2.982
-2.096
-0.367
-2.856
-3.484
-1.940
-1.867
-2.692
-3.068
-2.543
-1.116
-3.677
-2.770
-3.511
-1.831
-3.340
-1.727
-2.192
-1.455
-2.455
-4.559
-2.492
-1.839
-1.342
-1.852
0.636
-4.794
-1.937
-0.002
-2.384
-4.502
-2.268
-1.893
0.136
-4.451
-3.942
-2.023
-1.612
-4.275
-3.095
-1.006
-1.521
-4.153
-2.546
0.543
-0.317
-2.598
-3.609
-2.800
-0.954
-5.195
-3.461
-1.987
0.364
-4.066
-3.139
-1.052
-0.352
-4.748
-3.350
-0.777
-1.638
-1.727
0.013
-2.968
-1.765
-2.718
0.048
-2.053
-3.771
-3.754
-0.729
-2.567
-2.817
-1.776
-2.124
-1.589
-4.140
-3.793
-0.393
-2.044
-3.564
-2.403
-0.863
-2.460
-3.704
-0.683
-0.090
-0.143
-3.462
-1.298
-2.497
-2.536
-3.765
-2.890
-0.391
-4.204
-2.757
-3.609
-0.480
-2.763
-2.679
-3.327
-2.384
-2.245
-2.620
-2.947
-1.802
-1.203
-3.181
-2.051
-2.156
-2.414
-2.796
-2.802
-2.055
-2.325
-3.198
-1.812
-3.368
-2.285
-4.351
-2.342
-3.071
-1.261
-2.267
-1.270
-2.436
-0.359
-3.903
0.878
-1.324
-1.797
-3.422
-0.580
-3.625
-0.584
-1.923
-0.382
-3.565
-0.641
-3.113
-0.076
-1.681
-0.203
-1.444
0.033
-1.825
-2.459
-1.451
-1.483
-0.403
-0.714
-0.802
-0.262
-1.933
-1.169
-3.517
-0.286
-1.968
-1.275
-1.951
-2.565
-2.881
-3.009
-3.903
-2.553
-3.996
-1.246
-2.494
-2.312
-3.560
-1.647
-3.250
-1.140
-1.781
-2.325
-2.285
-1.816
-2.552
-3.261
-2.124
-1.307
-3.495
-2.911
-4.735
-2.477
-3.577
-1.407
-3.200
-1.746
-1.629
-1.620
-2.595
-2.540
-2.668
-0.081
-2.457
-0.603
-4.262
-1.128
-2.817
-2.632
-3.263
-2.326
-2.724
-1.555
-1.098
-2.066
-1.098
-2.533
-3.270
-3.451
-2.553
-2.836
0.209
-3.906
-3.460
-2.068
-0.044
-2.976
-1.306
-2.365
