-24.179
-17.312
-17.940
-20.217
-20.775
-20.939
-22.333
-22.281
-22.508
-22.348
-28.340
-23.505
-24.361
-24.673
-25.245
-22.287
-24.714
-17.129
-16.656
-16.169
-20.361
-22.525
-27.347
-17.396
-29.393
-20.524
-25.645
-20.968
-16.591
-19.021
-35.451
-21.437
-18.890
-10.964
-32.304
-23.114
-19.130
-18.063
-22.267
-19.922
-13.417
-8.804
-7.785
-20.950
-15.145
-18.910
-11.675
-18.563
-15.587
-17.973
-17.000
-16.089
-22.917
-16.809
-21.569
-24.105
-15.736
-18.642
-18.082
-25.654
-12.873
-19.609
-12.015
-18.798
-12.096
-18.420
-16.445
-19.010
-11.041
-16.231
-7.684
-12.809
-9.712
-12.649
-11.340
-17.597
-13.274
-20.648
-5.674
-5.518
-16.911
-26.836
-20.787
-15.242
-9.157
-22.081
-10.321
-14.298
-10.077
-24.156
-21.286
-21.652
-10.056
-24.275
-20.093
-26.388
-16.640
-22.991
-16.451
-22.763
-8.068
-26.280
-9.213
-19.373
-8.421
-25.532
-14.399
-19.302
-16.219
-33.866
-28.523
-14.175
-12.350
-28.121
-19.248
-21.901
-12.172
-25.067
-11.470
-15.989
-13.018
-22.746
-16.717
-18.621
-9.103
-25.114
-14.991
-30.788
-7.894
-25.679
-14.691
-29.607
-10.250
-25.211
-16.971
-23.576
-7.034
-19.904
-11.402
-22.876
-6.940
-19.807
-7.710
-21.506
-6.760
-28.361
-20.372
-29.019
-9.001
-32.022
-26.476
-24.107
-16.213
-23.772
-21.479
-22.119
-7.906
-23.263
-5.811
-20.205
0.292
-21.208
-15.291
-21.910
-2.380
-16.904
-7.098
-15.892
0.301
-23.308
-9.924
-24.450
-0.144
-21.849
-15.808
-23.287
-1.706
-22.322
-19.989
-17.964
-3.194
-16.563
-11.715
-20.312
-0.931
-14.306
-9.724
-19.145
-9.975
-20.305
-21.280
-15.855
-0.254
-19.178
-17.848
-18.219
-2.486
-17.114
-11.517
-28.437
-14.209
-6.743
-10.644
-10.949
-23.650
-17.977
-19.387
-13.135
-17.887
-10.541
-13.852
-16.858
-18.294
-14.875
-24.369
-11.755
-15.329
-15.321
-13.531
-2.913
-17.923
-9.629
-14.009
-8.984
-16.143
-19.584
-19.645
-6.664
-21.568
-17.860
-18.202
-9.011
-10.418
-13.662
-15.294
-11.646
-24.044
-16.144
-16.813
-12.661
-16.931
-15.673
-19.725
-22.766
-10.166
-11.113
-17.666
-12.898
-6.460
-9.005
-19.376
-14.643
-3.687
-0.305
-8.416
-7.109
-14.260
-18.042
-14.029
-13.645
-7.849
-8.715
-19.605
-14.242
-9.785
-8.730
-15.806
-13.777
-9.736
-11.425
-19.523
-16.168
-18.300
-16.093
-16.561
-21.425
-9.080
-10.093
-12.728
-12.251
-17.855
-18.753
-6.260
-4.740
-5.442
-9.321
-3.336
-5.181
-12.496
-8.911
-6.728
-11.779
-9.033
-15.587
-4.858
-1.121
-9.383
-12.411
-7.530
-3.784
-13.170
-16.553
-6.297
-4.754
-10.101
-13.155
-14.556
-8.218
-17.676
-16.633
-9.785
-8.096
-18.864
-20.507
-12.758
-12.382
-10.837
-10.457
-11.432
-5.730
-12.496
-18.733
-13.802
-7.559
-9.450
-12.878
-11.333
-3.575
-8.785
-11.445
-13.422
-7.795
-11.374
-18.165
-14.919
-10.809
-14.915
-18.999
-13.169
-8.640
-13.824
-19.917
-14.080
-10.431
-13.923
-12.505
-4.914
-3.279
-11.375
-19.896
-14.005
-8.038
-14.490
-16.574
-10.832
-9.318
-22.947
-21.717
-14.463
-11.166
5.357
-4.056
-7.223
-4.106
7.249
1.376
-11.221
-6.227
4.882
-5.340
-14.316
-8.528
-0.248
-13.436
-14.024
-9.681
4.535
0.902
-6.358
1.485
2.698
-1.937
-8.129
-6.874
-1.468
-7.643
-10.774
-5.514
-0.848
-3.982
-15.692
-13.203
2.901
-1.331
-12.202
-6.392
-8.918
-10.295
-22.808
-20.456
-18.794
-20.067
-26.269
-16.938
-23.083
-25.135
-17.967
-23.014
-27.298
-13.294
-19.582
-29.363
-17.584
-26.321
-25.679
-22.130
-26.972
-28.585
-13.311
-18.610
-23.271
-19.237
-21.626
-22.027
-21.002
-24.221
-23.868
-14.654
-26.384
-31.888
-9.553
-10.671
-22.820
-0.504
-5.566
-28.930
-6.658
-10.998
-22.931
-1.656
-8.657
-26.920
-14.408
-17.938
-26.187
-6.551
-8.715
-21.387
-8.552
-12.539
-21.240
-7.493
-12.731
-25.244
-7.238
-7.665
-32.223
-1.786
-3.445
-28.230
2.912
-8.630
-26.126
-11.775
-16.547
-23.977
-9.296
-14.170
-26.545
-3.586
-8.519
-22.603
-11.260
-15.971
-26.848
-6.368
-2.797
-20.343
-14.183
-18.734
-28.777
-24.235
-18.533
-11.609
-5.291
-7.536
-26.559
-1.287
-7.204
-20.549
-6.380
-9.217
-15.353
-3.823
-3.156
-10.938
-5.376
-9.829
-4.937
-3.325
-5.553
-12.402
-5.174
-5.921
-3.856
-12.379
-9.497
-19.365
-5.305
-7.963
-17.125
-3.955
-12.995
-15.258
0.036
-3.114
-8.294
0.041
-7.804
-8.976
-15.769
-18.423
-5.991
-14.500
-20.158
-9.170
-20.293
-18.952
-7.781
-8.044
-15.650
-7.623
-13.825
-19.353
-8.224
-10.092
-23.235
-10.472
-7.373
-22.602
-11.187
-6.399
-20.788
-6.831
-13.356
-15.018
-6.219
-19.123
-14.487
-10.092
-5.905
-5.451
-7.881
1.400
-7.804
-11.784
-0.523
-9.018
-5.945
-4.306
-9.110
-11.583
1.077
-3.905
-6.916
-6.909
-9.447
-14.547
-1.714
-2.089
-5.789
-10.226
-1.775
-0.033
-2.264
-7.343
-5.339
-11.435
-4.034
-6.967
-18.733
-19.893
-21.314
-24.488
-21.737
-21.958
-16.747
-18.171
-28.500
-28.908
-25.376
-22.458
-17.928
-23.346
-26.328
-21.298
-18.005
-19.517
-21.761
-20.558
-19.012
-15.583
-21.299
-25.796
-21.492
-27.303
-21.251
-20.899
-24.498
-26.207
-16.083
-13.934
-18.717
-26.530
-17.968
-13.758
-8.234
-12.223
-20.302
-17.358
-16.608
-18.206
-20.990
-29.587
-21.173
-22.115
-16.319
-19.120
-19.856
-21.913
-19.096
-17.937
-16.297
-14.145
-24.138
-25.055
-18.220
-21.805
-18.293
-25.847
-21.984
-17.238
-23.989
-15.687
-18.672
-23.367
-16.922
-18.449
-17.099
-20.424
-20.516
-21.403
-21.727
-18.099
-26.029
-24.551
-21.095
-21.765
-19.741
-31.018
-23.261
-16.918
-19.551
-17.066
-19.898
-20.501
-18.357
-21.074
-12.977
-25.229
-22.016
-22.663
-18.338
-15.869
-27.399
-31.029
-21.025
-19.356
-21.932
-32.589
-20.991
-12.399
-12.055
-22.785
-18.562
-19.103
-16.897
-21.331
-31.041
-7.641
-21.816
-26.971
-23.678
-28.891
-12.105
-25.168
-20.474
-21.522
-35.071
-14.756
-14.123
-20.568
-17.499
-28.274
-9.341
-21.493
-20.285
-18.673
-29.726
-6.076
-20.427
-15.154
-16.849
-21.647
-9.807
-24.862
-18.392
-18.966
-30.687
-13.514
-19.610
-16.205
-15.889
-24.191
-12.528
-27.624
-24.966
-16.544
-30.201
-20.827
-21.342
-15.134
-19.518
-15.195
-14.559
-21.485
-12.644
-13.003
-14.619
-16.884
-18.795
-10.485
-16.373
-11.322
-17.509
-24.329
-15.448
-15.810
-19.243
-10.798
-14.434
-17.160
-15.127
-19.549
-13.977
-14.898
-10.812
-15.255
-13.858
-14.371
-19.002
-16.622
-17.753
-29.747
-25.491
-20.645
-12.933
-17.181
-16.762
-9.794
-19.442
-16.411
-14.862
-22.811
-16.318
-13.949
-13.164
-13.261
-13.238
-9.969
-19.813
-29.043
-20.437
-22.781
-29.613
-20.465
-25.706
-19.729
-23.437
-36.962
-15.761
-19.649
-16.228
-12.504
-23.268
-20.049
-25.789
-23.979
-28.836
-31.720
-13.132
-15.954
-8.680
-14.744
-24.346
-19.886
-17.765
-18.499
-20.156
-24.031
-18.449
-12.348
-11.978
-19.900
-23.584
-18.022
-21.185
-21.527
-20.441
-27.088
-24.193
-24.312
-20.342
-24.973
-31.445
-19.166
-23.150
-20.390
-21.624
-32.349
-5.826
-4.229
-20.037
-2.546
-20.531
-1.999
-5.882
-25.332
-12.454
-23.919
-4.086
-4.530
-18.008
-9.014
-20.322
-10.969
-9.627
-25.159
-7.900
-23.747
-12.336
-5.905
-25.672
-2.925
-15.824
-2.970
-6.274
-22.845
-6.520
-24.206
-0.455
-4.666
-23.377
-7.259
-21.689
-13.784
-4.539
-13.376
-9.267
-16.827
-0.700
-8.805
-23.256
-10.072
-20.669
-5.589
-3.138
-20.514
-5.142
-9.632
-25.204
-20.176
-33.781
-7.414
-14.986
-22.903
-18.814
-27.656
-10.896
-15.580
-25.586
-15.716
-30.674
-15.235
-11.698
-25.760
-23.149
-34.211
-15.217
-15.196
-25.145
-13.801
-31.865
-7.661
-17.463
-20.862
-20.350
-30.262
-14.589
-16.020
-23.057
-15.783
-27.650
-15.715
-12.559
-18.346
-15.102
-25.765
-2.336
-19.381
-22.042
-19.957
-29.195
-13.765
-15.200
-25.613
-25.043
-36.099
-18.169
-30.928
-8.558
-16.235
-22.055
-22.299
-30.515
-3.462
-12.699
-24.672
-18.034
-31.118
-6.723
-19.114
-27.085
-20.380
-28.663
-8.165
-14.960
-28.446
-22.777
-28.236
-3.344
-10.750
-33.600
-18.583
-30.806
-6.890
-23.655
-25.135
-18.699
-33.216
-6.237
-9.015
-15.913
-17.549
-20.032
-10.103
-11.543
-24.800
-18.660
-28.541
-12.061
-12.607
-28.738
-22.120
-30.551
-9.287
-9.762
-22.072
-19.164
-25.443
-19.506
-9.671
-19.629
-18.929
-12.120
-9.051
-6.281
-25.998
-19.831
-24.092
-15.672
-7.107
-25.561
-19.827
-15.691
-11.609
-10.616
-22.373
-18.865
-24.095
-8.528
-9.878
-19.661
-12.972
-13.107
-8.008
-0.100
-23.877
-16.312
-17.261
-13.033
-6.176
-21.613
-17.149
-17.224
-6.092
-11.766
-29.137
-18.186
-23.474
-14.422
-15.578
-31.616
-20.801
-21.739
-14.150
-16.454
-30.519
-18.153
-24.408
-13.137
0.794
-6.987
-19.953
-26.450
-9.879
1.113
-6.471
-19.705
-20.004
-9.877
1.657
-6.973
-21.699
-23.619
-10.825
3.077
-1.998
-18.801
-19.561
-9.711
-0.957
-11.419
-18.591
-27.933
-5.168
-3.561
-13.253
-21.910
-26.442
-6.544
-10.252
-15.891
-17.143
-21.737
-8.976
-0.792
-14.880
-18.245
-27.253
-14.210
-2.312
-14.217
-19.168
-26.972
-19.666
-3.729
-11.064
-23.167
-26.723
-18.333
-23.283
-17.857
-17.609
-28.586
-26.083
-11.692
-28.304
-21.692
-14.270
-29.643
-18.822
-27.663
-26.485
-20.975
-21.322
-24.153
-21.106
-25.148
-19.677
-17.378
-20.760
-18.757
-20.586
-24.623
-22.854
-19.766
-17.922
-21.862
-21.097
-35.468
-22.475
-17.354
-39.891
-24.712
-25.572
-35.166
-22.734
-17.084
-34.592
-20.994
-17.160
-35.971
-25.319
-18.512
-33.467
-22.777
-18.473
-36.757
-27.044
-14.940
-39.148
-28.583
-22.076
-39.522
-20.321
-21.156
-33.100
-17.190
-11.847
-23.885
-32.598
-14.961
-22.271
-35.265
-21.176
-21.768
-28.341
-15.857
-16.813
-26.232
-14.228
-23.534
-20.688
-17.409
-14.743
-29.915
-17.574
-19.378
-31.989
-18.293
-21.805
-27.009
-17.880
-21.634
-32.235
-23.699
-22.353
-31.116
-20.841
-9.686
-13.602
-27.600
-10.771
-13.371
-25.424
-15.359
-13.687
-26.220
-4.910
-15.827
-24.726
-10.252
-12.894
-28.062
-8.641
-8.942
-20.651
-10.336
-9.753
-24.258
-7.296
-11.776
-27.257
-10.110
-5.011
-23.650
-5.141
-10.043
-22.951
-20.130
-16.206
-20.251
-14.873
-11.978
-21.349
-9.027
-13.803
-22.306
-14.083
-21.288
-25.166
-17.829
-14.983
-17.167
-7.992
-19.088
-22.702
-16.256
-14.398
-13.127
-15.027
-14.039
-13.324
-15.105
-16.935
-19.523
-22.250
-10.792
-20.715
-18.533
-14.690
-19.740
-13.366
-14.709
-18.923
-17.571
-9.777
-20.906
-18.803
-11.046
-23.354
-12.912
-13.630
-24.840
-14.611
-13.417
-25.053
-17.947
-3.474
-23.408
-19.079
-3.845
-25.835
-19.421
-12.838
-23.846
-9.502
-8.591
-23.016
