-24.999
-21.145
-9.623
-25.732
-12.319
-20.702
-21.242
-18.324
-16.724
-10.598
-15.864
-18.220
-15.615
-11.086
-10.890
-16.017
-17.384
-15.624
-17.763
-13.757
-8.847
-11.677
-13.201
-9.016
-12.169
-7.251
-6.418
-8.709
-9.264
-9.916
-3.647
0.184
-2.852
2.620
-1.196
-6.547
-10.660
0.676
-2.454
-3.739
-18.849
-5.658
-24.089
-16.062
-2.419
-19.316
-17.343
-3.994
-21.682
-19.669
-2.908
-23.394
-19.733
-4.242
-21.291
-20.250
-3.753
-21.012
-18.263
-7.017
-19.344
-14.086
-5.851
-19.250
-12.444
-10.744
-18.994
-13.702
-11.501
-25.176
-10.358
-11.773
-20.961
-7.922
-7.831
-19.449
-15.382
-14.619
-17.959
-4.578
-15.956
-12.719
-15.676
-14.819
-9.228
-16.346
-7.206
-12.793
-19.097
-15.835
-12.576
-4.899
-10.104
-17.162
-13.113
-7.264
-16.809
-13.567
-10.366
-18.671
-20.315
-16.988
-16.224
-25.990
-15.576
-26.057
-23.865
-22.779
-21.257
-23.320
-13.066
-27.541
-21.214
-14.352
-23.562
-19.811
-15.346
-21.739
-27.988
-21.354
-20.223
-21.818
-17.144
-25.967
-27.121
-15.376
-29.480
-18.249
-13.912
-24.126
-26.657
-32.672
-23.447
-17.883
-19.163
-15.786
-25.873
-27.170
-20.848
-20.978
-27.047
-19.388
-15.773
-24.137
-17.805
-19.983
-30.416
-19.771
-17.028
-22.826
-13.796
-19.558
-24.723
-20.423
-19.013
-25.739
-19.443
-18.627
-28.538
-21.914
-4.814
-11.403
-1.818
-2.049
-13.697
2.650
-0.338
-11.675
-6.487
-6.193
-16.369
-5.063
-0.407
-7.349
1.355
-4.468
-12.198
-2.292
1.443
-8.409
2.509
-9.497
-16.693
0.413
-5.487
-18.733
-0.652
-3.739
-16.694
-3.158
-9.303
-10.799
0.444
-11.910
-13.927
0.620
-13.353
-17.631
3.807
-10.012
-12.410
3.114
-11.864
-15.541
5.865
-8.557
-8.898
2.448
-9.041
-12.372
7.862
-6.885
-10.725
1.141
-8.777
-6.071
-0.375
-13.748
-13.199
4.787
-7.657
-17.280
-11.322
-3.279
-13.537
-11.183
-3.501
-13.750
-7.736
-6.885
-9.382
-6.297
-5.898
-14.842
-10.539
-4.599
-18.061
-15.054
-4.337
-21.101
-16.855
-3.828
-10.431
-3.036
-7.871
-21.413
-14.289
-6.704
-21.397
-15.075
4.035
-14.200
-6.781
3.316
-10.398
-4.580
0.669
-12.508
-10.253
-6.352
-14.206
-11.437
0.054
-10.812
-8.019
-0.226
-11.047
-11.147
5.004
-6.795
-7.893
-1.621
-7.499
-7.198
-2.382
-15.947
-9.803
0.373
-4.056
-0.043
-1.046
-25.857
-12.292
-29.232
-14.823
-19.556
-5.787
-19.271
-8.891
-13.615
-6.811
-20.735
-7.713
-20.862
-5.729
-21.979
-3.449
-25.183
-5.337
-26.177
-8.612
-20.139
1.227
-26.627
-6.084
-31.567
-3.940
-25.274
-8.462
-24.617
-8.078
-26.603
-4.603
-25.810
-6.228
-23.542
-13.075
-26.898
-13.318
-28.802
-29.937
-21.392
-24.695
-22.074
-28.581
-19.071
-22.991
-18.417
-20.791
-21.473
-22.338
-15.017
-24.786
-24.584
-24.387
-17.178
-29.498
-22.990
-22.462
-25.770
-9.928
-8.792
-17.056
-10.769
-16.407
-13.772
-12.332
-17.515
-15.405
-17.026
-9.653
-10.625
-18.112
-14.467
-14.092
-7.579
-11.159
-12.607
-20.667
-17.419
-11.910
-13.270
-15.219
-6.439
-15.382
-9.434
-7.026
-5.133
-5.473
-14.981
-7.432
-5.654
-8.524
-5.914
-11.661
-12.860
-15.684
-12.988
-16.586
-9.853
-15.054
-15.481
-8.753
-7.781
-20.069
-3.620
-15.034
-15.706
-8.979
-11.608
-20.630
-14.611
-11.541
-7.580
-14.238
-11.071
-14.617
-5.057
-11.007
-11.835
-22.434
-10.784
-22.022
-22.154
-21.123
-23.391
-29.886
-24.690
-20.857
-16.626
-23.482
-17.409
-23.917
-20.787
-28.139
-26.352
-20.477
-20.067
-30.884
-20.344
-23.058
-18.092
-24.154
-24.612
-22.107
-25.388
-32.978
-25.160
-16.797
-13.543
-21.821
-21.429
-17.676
-17.746
-23.205
-19.938
-16.812
-14.225
-25.152
-20.491
-26.188
-24.387
-27.737
-28.849
-22.124
-18.810
-25.392
-32.826
-23.080
-18.459
-13.998
-27.551
-22.820
-16.879
-20.901
-29.398
-16.010
-14.919
-10.583
-23.888
-18.592
-21.378
-22.142
-30.422
-17.032
-11.028
-20.293
-25.904
-18.685
-19.015
-9.840
-30.289
-19.446
-24.148
-24.930
-33.030
-20.622
-12.027
-23.052
-24.098
-10.463
-19.665
-12.484
-19.579
-13.190
-26.227
-17.434
-12.104
-17.269
-27.830
-19.110
-24.733
-14.859
-19.016
-14.646
-20.289
-17.694
-19.954
-20.665
-19.621
-8.668
-20.059
-17.928
-23.489
-15.530
-17.741
-17.345
-16.749
-14.198
-22.917
-23.000
-20.142
-9.853
-21.320
-19.317
-12.562
-18.462
-19.600
-18.184
-21.631
-18.298
-8.750
-12.987
-16.610
-21.268
-7.792
-9.519
-9.857
-29.833
-13.730
-11.885
-18.438
-28.238
-15.029
-10.031
-21.058
-21.638
-9.461
-3.116
-12.318
-27.873
-15.923
-14.390
-18.980
-30.030
-11.287
-11.630
-19.074
-25.593
-11.791
-6.405
-16.409
-21.637
-9.806
-9.510
-17.645
-23.685
-15.636
-16.351
-18.736
-12.640
-15.985
-14.951
-13.243
-12.539
-12.829
-8.508
-11.261
-11.509
-21.692
-16.777
-12.509
-10.912
-17.818
-14.220
-13.794
-8.648
-18.081
-8.266
-15.147
-15.908
-16.171
-14.268
-16.203
-10.772
-16.111
-9.712
-18.888
-18.468
-26.480
-14.109
-16.319
-18.817
-18.976
-8.536
-26.462
-8.346
-22.327
-11.368
-16.141
-17.261
-11.123
-25.202
-20.865
-23.139
-26.490
-25.710
-27.751
-26.903
-18.553
-26.000
-23.268
-12.040
-18.889
-22.368
-26.903
-24.392
-10.411
-23.155
-17.819
-22.636
-9.036
-20.735
-17.769
-24.577
-22.322
-26.571
-27.450
-18.993
-21.605
-23.654
-23.354
-25.315
-11.085
-25.034
-21.484
-25.609
-15.358
-21.400
-14.701
-18.623
-23.697
-13.634
-17.979
-20.011
-21.707
-9.377
-9.997
-24.495
-29.354
-10.669
-21.658
-15.495
-24.043
-14.143
-16.381
-23.699
-19.864
-9.060
-14.747
-14.014
-23.443
-12.885
-21.085
-15.489
-18.246
-13.853
-19.669
-22.026
-21.460
-13.570
-19.975
-14.733
-23.607
-13.946
-22.205
-21.535
-24.301
-14.897
-16.391
-19.888
-17.962
-18.232
-14.842
-20.084
-17.576
-20.427
-16.122
-26.605
-15.733
-16.333
-10.154
-19.735
-14.779
-21.630
-11.000
-23.132
-19.570
-21.065
-10.151
-21.357
-17.198
-18.952
-11.190
-14.460
-13.203
-20.803
-11.435
-22.425
-12.516
-18.100
-16.089
-25.134
-14.225
-15.406
-13.609
-26.098
-18.512
-20.321
-17.543
-15.616
-27.174
-9.985
-30.190
-12.094
-15.352
-16.712
-25.522
-11.069
-27.690
-14.703
-31.422
-18.880
-21.799
-11.312
-30.161
-13.665
-20.896
-16.346
-24.425
-15.254
-18.565
-10.340
-28.502
-13.966
-22.179
-14.103
-27.936
-7.624
-17.956
-9.983
-32.330
-24.293
-24.187
-12.318
-29.452
-18.934
-19.565
-15.159
-21.233
-10.818
-17.308
-25.209
-23.618
-9.528
-14.140
-25.304
-22.227
-12.368
-14.734
-21.583
-23.187
-23.065
-18.955
-25.017
-24.265
-11.768
-14.659
-28.190
-22.273
-10.830
-15.923
-29.114
-13.066
-12.761
-8.737
-21.468
-15.693
-17.252
-17.083
-24.210
-23.377
-9.323
-18.822
-25.073
-21.821
-16.322
-20.019
-25.885
-25.118
-24.855
-14.399
-18.032
-10.763
-15.290
-4.340
-21.766
-12.518
-22.041
-11.063
-23.306
-14.772
-27.936
-10.947
-27.346
-11.829
-27.067
-16.735
-28.376
-12.521
-14.776
-6.610
-18.481
-12.802
-15.356
-16.725
-18.714
-5.253
-9.274
-12.152
-19.303
-14.011
-14.412
-17.527
-24.833
-16.038
-22.466
-9.538
-17.480
-14.743
-26.083
-14.245
-23.812
-11.833
-25.667
-15.770
-27.541
-18.859
-17.259
-12.456
-24.586
-14.600
-24.433
-16.251
-28.210
-12.098
-29.253
-15.100
-21.299
-17.926
-14.179
-16.860
-14.023
-19.052
-10.456
-8.777
-11.648
-16.221
-16.498
-13.209
-11.885
-15.426
-8.841
-12.378
-14.013
-10.564
-11.105
-12.724
-16.434
-12.372
-10.090
-14.494
-17.259
-14.922
-19.550
-12.307
-20.814
-18.717
-16.240
-14.820
-14.603
-15.920
-16.452
-9.939
-16.962
-16.728
-14.855
-10.977
-22.125
-21.799
-15.718
-15.548
-20.382
-17.697
-19.193
-9.804
-9.005
-15.589
-14.573
-17.231
-18.993
-16.671
-14.015
-17.974
-17.478
-12.529
-14.568
-17.466
-8.584
-8.074
