5.425
9.284
4.977
7.929
7.567
7.892
5.104
9.147
6.486
7.566
9.784
8.553
9.053
2.022
8.382
9.245
7.443
7.104
5.399
8.393
9.295
9.261
6.472
8.186
10.083
8.358
8.453
9.020
8.501
8.794
7.237
8.873
8.732
7.208
8.646
5.009
3.622
10.295
8.062
7.557
9.946
8.891
7.876
9.435
8.869
8.902
8.595
7.704
8.466
4.601
9.649
7.796
5.295
6.209
3.301
5.065
-1.066
8.962
7.507
5.586
3.472
3.570
-1.545
3.619
3.180
2.937
3.484
1.401
4.288
2.992
2.855
0.750
0.782
2.158
-2.391
4.949
-2.974
3.996
-3.895
2.575
7.070
9.183
5.357
3.664
7.872
4.937
7.292
6.497
7.527
8.177
5.889
6.783
6.640
6.381
7.852
7.539
7.371
5.025
6.528
7.313
5.744
5.620
5.781
5.429
3.091
3.833
1.610
4.576
2.776
1.359
7.043
6.893
6.401
5.041
5.995
5.664
7.231
5.403
6.416
6.868
3.980
1.722
3.578
7.210
5.778
4.087
5.633
4.774
5.650
5.315
4.300
6.396
6.625
6.327
3.862
3.368
6.522
7.319
4.718
3.731
7.329
2.869
7.505
3.365
-2.510
6.837
-5.383
6.695
-9.703
5.803
6.402
7.934
4.142
5.601
6.806
5.791
5.963
6.128
5.847
5.021
6.968
4.556
4.421
2.604
5.724
6.185
3.345
5.238
5.551
4.216
6.464
6.591
3.991
5.559
5.194
6.019
7.226
6.810
3.206
7.689
3.408
4.947
6.088
3.774
5.365
6.128
3.397
6.340
4.768
2.234
-2.975
5.492
7.097
7.030
6.491
7.283
6.544
8.946
3.243
4.325
6.202
7.407
5.056
5.176
4.493
5.391
7.079
6.029
8.244
6.700
6.677
8.210
6.503
8.541
7.980
7.174
6.917
7.398
8.137
7.449
8.610
10.864
7.807
7.930
8.475
6.585
9.404
4.847
5.143
10.069
9.163
9.247
8.899
7.597
10.056
9.204
8.469
9.175
11.502
11.824
6.797
6.206
3.239
4.507
6.035
6.137
6.911
5.934
6.391
6.924
10.744
9.314
11.661
6.928
11.232
12.284
8.435
9.213
8.849
4.640
7.439
6.240
9.085
6.775
9.146
9.237
9.113
8.201
5.817
6.221
7.561
9.751
8.816
6.510
8.289
8.504
7.672
6.465
7.109
7.981
7.913
7.000
10.136
8.944
10.210
10.373
9.494
9.213
6.660
8.766
8.437
7.875
8.153
8.281
8.901
9.628
8.247
5.343
9.947
8.425
8.842
9.161
10.400
3.922
8.414
9.127
8.358
7.955
6.459
6.478
7.004
5.705
7.054
7.247
4.344
6.972
8.670
9.049
7.649
7.742
8.474
8.500
8.247
8.192
8.290
7.464
6.144
4.825
8.429
6.065
6.690
9.683
6.632
5.665
6.304
8.034
8.110
7.741
6.499
9.735
