6.030
13.665
4.373
10.236
10.500
10.704
4.772
12.590
5.932
9.409
13.135
12.340
12.141
-5.434
9.784
11.323
9.149
6.959
2.459
9.383
13.447
12.749
7.763
11.748
15.154
12.019
11.398
13.509
11.999
12.859
11.241
13.359
8.419
8.142
13.022
4.794
2.105
17.510
11.070
8.733
14.671
11.672
10.920
15.794
11.176
13.353
11.615
9.229
11.257
2.814
15.415
10.808
4.849
7.811
0.297
4.703
-8.203
13.823
9.820
5.190
2.777
-1.110
-6.195
5.677
7.430
5.403
4.224
0.698
4.261
2.215
10.020
-0.277
7.088
4.995
-11.801
6.932
-7.516
3.731
-15.381
3.075
9.145
13.825
6.540
3.544
11.424
4.738
9.988
9.684
10.854
12.647
4.078
12.481
7.402
5.380
14.833
10.872
5.509
3.070
7.062
9.828
6.871
7.501
9.384
7.696
3.421
2.895
0.067
6.398
2.509
2.456
9.779
8.564
7.012
7.748
8.622
6.830
9.582
5.427
8.766
8.087
0.704
-4.143
2.098
9.898
7.347
3.440
5.301
5.280
6.650
3.509
3.134
9.100
11.613
9.461
9.465
6.664
12.167
14.494
8.839
9.323
9.113
-0.437
10.331
0.351
-13.957
7.792
-18.222
8.332
-27.148
6.123
12.015
13.135
6.480
6.735
14.572
7.012
9.456
9.085
9.758
14.293
10.131
8.070
6.175
0.468
7.358
13.431
3.767
11.329
10.032
5.942
7.221
7.706
1.575
4.452
5.948
5.680
7.883
8.563
1.320
11.026
6.639
9.698
12.907
10.860
11.211
14.439
9.335
13.100
11.312
4.912
-14.096
4.826
9.325
7.153
5.656
8.007
7.843
11.421
-0.103
2.500
10.759
16.446
7.978
8.832
10.167
9.940
13.642
13.254
16.161
10.951
5.868
10.638
7.459
12.588
10.888
8.671
9.239
9.025
9.070
9.276
11.909
16.763
10.175
10.701
10.609
7.007
13.117
3.350
2.726
16.033
12.638
13.488
12.426
9.410
14.612
12.183
12.018
13.679
17.750
18.270
12.592
12.254
5.897
11.083
13.123
10.605
14.324
14.801
11.359
14.067
16.580
13.066
18.624
8.554
17.542
19.933
12.161
13.873
13.297
4.071
9.332
6.439
12.449
8.218
13.418
11.855
12.924
11.269
7.200
5.979
9.886
14.386
11.616
7.252
11.536
11.222
10.351
7.269
8.482
11.234
8.592
8.263
14.549
12.013
14.402
15.107
13.762
11.096
6.328
12.351
11.265
9.319
10.201
11.902
12.021
12.622
9.846
4.120
13.089
10.617
10.871
12.024
14.460
-0.926
10.653
11.367
11.513
8.567
4.472
6.750
8.861
5.413
8.273
9.399
1.228
8.508
12.998
13.359
10.286
9.351
11.174
11.156
11.101
11.582
10.833
9.681
7.188
4.115
12.466
6.348
8.263
14.041
7.687
5.897
6.559
10.757
10.361
9.697
7.527
13.852
