-24.514
-21.092
-9.149
-25.028
-13.120
-20.643
-20.243
-19.514
-15.432
-10.178
-14.276
-17.434
-14.582
-10.262
-10.316
-15.005
-16.570
-13.877
-16.659
-13.879
-7.733
-10.604
-12.089
-7.034
-10.658
-4.831
-6.483
-7.261
-7.455
-8.891
-3.956
0.274
-2.674
3.054
-1.532
-7.324
-10.183
0.333
-2.323
-4.358
-20.224
-5.974
-24.746
-18.325
-3.330
-19.981
-18.185
-4.282
-20.777
-21.345
-3.327
-21.851
-21.017
-5.534
-22.160
-20.903
-4.976
-21.646
-19.241
-7.007
-19.378
-15.244
-7.623
-19.193
-13.790
-10.518
-18.673
-14.400
-10.733
-25.912
-11.945
-10.443
-22.327
-9.472
-7.355
-20.748
-17.287
-14.787
-19.593
-6.097
-13.776
-13.571
-15.426
-14.422
-10.031
-17.087
-7.616
-13.287
-19.262
-16.874
-14.484
-6.572
-9.361
-17.676
-15.888
-7.115
-18.024
-14.865
-11.459
-19.518
-21.509
-16.345
-18.193
-24.436
-15.219
-28.173
-25.524
-23.132
-23.112
-21.325
-12.533
-27.356
-19.863
-12.489
-24.370
-19.195
-14.816
-23.103
-28.467
-19.930
-21.194
-20.720
-15.880
-27.028
-24.300
-14.552
-29.067
-18.890
-15.227
-26.451
-26.448
-33.835
-22.888
-18.377
-21.386
-15.598
-27.408
-27.750
-19.802
-21.206
-28.485
-19.102
-17.255
-24.639
-17.469
-21.000
-31.040
-19.659
-18.309
-24.080
-13.906
-19.102
-25.934
-19.475
-19.715
-27.519
-18.495
-18.042
-29.166
-21.656
-5.146
-11.670
-2.600
-3.853
-13.971
2.241
-1.614
-12.046
-7.120
-8.104
-16.659
-5.423
-3.228
-7.505
0.695
-4.954
-12.568
-2.765
-0.416
-8.810
2.113
-10.966
-17.793
0.342
-7.472
-18.832
-1.243
-3.661
-17.503
-3.651
-11.637
-10.341
-1.382
-15.218
-13.724
0.681
-15.927
-17.239
3.220
-12.351
-12.133
2.738
-14.787
-14.650
5.510
-11.713
-8.628
0.756
-12.224
-11.838
6.798
-10.279
-11.484
-0.102
-9.703
-5.456
-2.814
-16.447
-12.739
3.994
-8.441
-17.852
-12.704
-3.921
-14.235
-13.618
-4.831
-14.630
-7.784
-7.309
-9.873
-7.476
-6.956
-15.239
-11.565
-5.390
-18.828
-16.098
-5.522
-21.941
-18.251
-4.309
-11.037
-4.606
-8.351
-22.388
-15.770
-6.491
-22.059
-16.259
-0.381
-14.975
-9.185
-0.105
-11.036
-6.664
-1.474
-13.442
-12.913
-8.520
-14.911
-13.674
-3.489
-11.309
-10.491
-1.527
-11.640
-14.163
0.982
-7.185
-10.060
-2.322
-7.891
-8.639
-4.571
-16.679
-10.403
-1.654
-4.309
-2.889
0.532
-24.310
-12.806
-29.413
-15.317
-20.419
-5.203
-20.142
-9.842
-14.093
-6.867
-21.947
-7.330
-21.293
-6.326
-22.707
-2.271
-23.654
-5.743
-25.605
-9.957
-20.386
0.093
-25.868
-7.579
-31.950
-5.221
-24.474
-8.633
-24.524
-9.345
-27.118
-5.805
-25.606
-7.669
-23.943
-14.694
-27.571
-14.049
-28.963
-30.524
-20.666
-25.687
-22.509
-29.356
-18.534
-24.470
-18.184
-21.910
-22.021
-23.074
-14.077
-25.798
-24.233
-24.378
-16.634
-29.774
-23.723
-23.845
-24.451
-10.011
-8.719
-17.432
-11.532
-16.059
-14.307
-13.570
-17.200
-15.611
-17.070
-10.459
-11.565
-17.946
-15.672
-14.451
-7.673
-11.219
-13.025
-20.010
-17.443
-13.012
-13.546
-16.237
-6.075
-16.651
-10.050
-7.505
-6.375
-7.405
-14.952
-8.951
-4.639
-10.528
-6.118
-13.181
-12.184
-16.374
-13.149
-17.480
-11.160
-15.154
-14.930
-9.482
-7.707
-20.144
-3.594
-15.966
-15.327
-8.927
-11.288
-21.006
-15.873
-12.099
-7.600
-15.174
-10.582
-14.165
-4.190
-12.398
-11.486
-21.948
-11.700
-21.140
-18.656
-20.681
-22.133
-28.534
-21.527
-20.492
-15.691
-22.148
-14.424
-23.119
-19.941
-27.225
-24.790
-20.559
-18.941
-30.063
-17.693
-22.349
-16.621
-22.914
-22.095
-21.873
-23.490
-30.140
-22.754
-16.295
-11.806
-20.880
-17.952
-17.926
-16.729
-23.337
-16.823
-17.182
-12.503
-24.702
-16.838
-26.889
-26.205
-26.418
-29.843
-21.328
-17.764
-25.458
-31.745
-21.921
-17.468
-13.729
-25.489
-22.800
-17.079
-20.150
-27.828
-16.919
-11.766
-10.514
-21.481
-18.527
-19.457
-21.319
-28.747
-17.251
-8.687
-20.296
-22.952
-18.134
-17.063
-10.205
-28.502
-20.515
-24.044
-24.309
-32.904
-20.428
-11.443
-21.858
-22.547
-11.311
-17.835
-13.078
-18.926
-13.223
-24.802
-17.797
-11.764
-17.643
-26.622
-20.840
-23.710
-14.048
-16.897
-14.179
-19.194
-18.222
-19.725
-20.953
-18.630
-8.735
-19.454
-18.923
-22.078
-16.270
-17.001
-18.343
-16.623
-14.612
-21.767
-23.529
-19.093
-9.987
-20.321
-19.746
-12.233
-19.179
-19.608
-18.844
-21.026
-18.661
-11.538
-11.013
-15.869
-20.605
-7.280
-9.792
-8.601
-29.351
-13.716
-10.429
-18.260
-27.463
-14.471
-9.518
-20.051
-21.102
-10.294
-3.048
-10.709
-26.887
-16.938
-13.913
-18.139
-27.370
-12.285
-9.791
-18.199
-24.281
-11.588
-5.330
-15.539
-21.339
-10.960
-8.094
-16.777
-23.131
-14.941
-15.976
-17.908
-11.967
-14.993
-15.976
-12.543
-12.170
-11.130
-8.495
-10.248
-11.652
-21.438
-16.964
-13.060
-11.346
-17.769
-14.682
-13.219
-9.259
-16.896
-8.975
-14.553
-15.469
-15.247
-14.860
-16.254
-10.844
-15.479
-10.353
-17.839
-19.140
-25.735
-15.336
-15.152
-17.323
-17.045
-8.970
-24.150
-9.193
-21.153
-12.406
-15.967
-17.389
-10.024
-24.985
-19.510
-22.895
-23.484
-25.409
-26.454
-26.347
-16.555
-25.367
-22.318
-11.372
-16.867
-21.898
-25.022
-24.530
-9.414
-22.670
-16.815
-21.795
-7.513
-20.101
-16.641
-24.308
-20.298
-25.732
-25.592
-18.495
-19.776
-22.911
-22.011
-24.905
-9.698
-24.230
-20.769
-24.416
-13.651
-20.899
-14.059
-18.888
-23.066
-12.105
-17.250
-20.326
-21.358
-8.480
-9.682
-25.139
-28.797
-9.222
-20.170
-15.200
-23.366
-11.765
-16.082
-24.046
-19.575
-7.956
-13.809
-14.845
-22.762
-11.050
-20.273
-16.941
-17.468
-12.650
-17.914
-22.242
-20.996
-12.280
-19.430
-14.680
-23.002
-12.054
-20.306
-22.001
-23.918
-13.031
-15.200
-19.423
-17.518
-18.701
-14.388
-19.582
-17.761
-21.266
-16.031
-26.140
-14.997
-16.469
-9.520
-18.774
-14.246
-21.494
-9.728
-22.323
-18.865
-21.222
-10.005
-21.042
-16.803
-19.342
-10.795
-14.128
-12.992
-20.706
-10.543
-21.681
-12.166
-18.318
-15.230
-25.101
-14.089
-15.242
-12.970
-24.966
-18.714
-20.247
-17.791
-13.280
-25.643
-8.296
-28.333
-10.112
-14.978
-15.781
-23.559
-8.570
-25.853
-12.831
-29.537
-15.485
-20.590
-10.729
-28.014
-11.386
-20.112
-14.975
-23.365
-12.016
-17.628
-8.561
-26.722
-11.467
-21.360
-12.181
-26.533
-4.842
-16.705
-8.622
-30.935
-20.965
-23.749
-10.872
-27.972
-16.492
-18.983
-13.864
-19.959
-10.332
-16.051
-24.373
-22.504
-8.978
-12.514
-24.815
-20.519
-11.980
-13.571
-21.199
-22.023
-22.419
-17.534
-24.501
-23.056
-11.206
-12.772
-27.082
-20.929
-10.629
-14.670
-28.293
-12.123
-12.375
-7.834
-20.634
-14.970
-16.216
-16.168
-22.869
-22.037
-9.457
-16.796
-24.565
-20.741
-15.533
-18.512
-24.843
-23.540
-23.027
-13.206
-16.645
-8.601
-13.287
-3.242
-19.676
-11.264
-20.189
-9.531
-22.738
-13.771
-24.954
-9.608
-25.564
-10.813
-26.399
-16.293
-25.394
-10.546
-14.350
-7.128
-19.393
-13.359
-14.638
-15.773
-18.504
-4.360
-10.022
-12.008
-19.156
-14.395
-14.963
-17.487
-24.552
-17.205
-21.138
-10.057
-17.260
-14.562
-25.991
-16.410
-23.577
-13.545
-25.026
-17.157
-28.504
-20.151
-16.560
-13.251
-24.164
-16.499
-23.944
-17.180
-28.023
-13.892
-28.106
-16.351
-20.598
-19.401
-13.313
-16.154
-13.264
-18.154
-9.802
-7.490
-11.497
-15.307
-15.597
-11.887
-11.406
-15.045
-8.645
-12.105
-13.492
-9.756
-10.797
-12.782
-15.347
-11.400
-9.030
-13.639
-16.391
-14.439
-19.252
-11.602
-20.732
-17.734
-16.063
-13.527
-13.682
-15.670
-14.915
-9.436
-16.178
-15.467
-13.914
-9.686
-21.384
-20.727
-15.441
-14.715
-20.491
-16.826
-19.315
-7.876
-9.270
-14.519
-14.481
-15.931
-18.563
-15.543
-14.357
-15.965
-18.239
-11.044
-13.969
-16.244
-8.901
-7.054
