-23.920
-18.440
-19.002
-21.128
-21.187
-21.899
-22.408
-23.451
-23.893
-22.734
-29.967
-22.995
-24.326
-25.880
-26.201
-22.581
-26.132
-17.661
-16.603
-16.213
-22.753
-22.778
-27.491
-18.107
-28.671
-22.441
-25.210
-21.340
-19.752
-18.546
-34.430
-22.701
-21.162
-12.068
-33.850
-22.945
-20.344
-19.172
-22.349
-20.317
-11.796
-8.993
-8.185
-20.824
-15.193
-19.364
-12.215
-17.799
-15.007
-17.217
-16.275
-16.056
-20.782
-17.307
-20.582
-24.380
-15.408
-18.621
-18.047
-25.590
-12.611
-20.012
-12.283
-19.784
-13.100
-19.085
-16.880
-19.589
-12.512
-16.308
-8.172
-12.959
-9.957
-13.084
-11.946
-17.515
-13.677
-20.792
-4.868
-5.879
-17.119
-25.259
-20.544
-16.736
-10.528
-19.678
-8.742
-15.197
-9.294
-21.309
-20.842
-22.750
-9.981
-24.670
-19.649
-29.129
-16.772
-20.733
-16.053
-24.993
-9.623
-24.660
-8.313
-20.844
-9.070
-23.240
-13.448
-20.600
-17.294
-32.232
-27.678
-16.044
-13.660
-25.280
-18.860
-22.734
-12.991
-21.886
-9.766
-15.556
-14.698
-23.580
-16.215
-20.320
-12.105
-23.253
-14.794
-32.010
-9.637
-24.763
-14.855
-30.312
-11.365
-24.505
-17.393
-25.128
-8.351
-20.848
-12.610
-24.046
-8.079
-20.600
-8.938
-23.260
-9.177
-27.077
-20.639
-30.330
-9.869
-32.681
-26.514
-25.415
-16.307
-24.273
-21.799
-26.168
-10.321
-23.491
-6.891
-20.716
-2.621
-20.353
-15.039
-23.140
-4.909
-16.484
-6.849
-16.221
-1.849
-22.545
-9.591
-26.847
-4.576
-19.411
-13.789
-23.326
-5.035
-21.097
-19.542
-18.889
-6.455
-17.618
-12.302
-23.212
-5.096
-12.911
-8.790
-20.092
-13.079
-20.004
-20.403
-18.401
-3.305
-17.570
-16.228
-19.128
-6.759
-15.241
-10.251
-29.855
-15.154
-6.814
-10.798
-11.903
-23.010
-17.740
-19.608
-13.811
-18.400
-11.238
-14.708
-16.973
-17.848
-14.601
-25.860
-11.525
-16.841
-14.479
-14.904
-4.170
-18.205
-8.799
-14.281
-9.719
-17.309
-19.276
-21.188
-6.940
-21.629
-18.496
-19.737
-9.716
-10.274
-14.108
-16.290
-11.611
-25.392
-16.174
-19.494
-14.375
-15.714
-16.742
-20.121
-23.027
-10.454
-11.477
-18.412
-15.212
-4.532
-9.853
-20.219
-16.763
-4.368
-0.526
-8.904
-8.140
-14.545
-18.182
-14.815
-14.207
-7.767
-9.303
-20.327
-16.786
-9.191
-9.853
-16.478
-14.591
-9.820
-11.970
-20.439
-17.303
-18.227
-16.521
-16.926
-22.153
-10.363
-11.314
-13.099
-12.268
-17.542
-18.268
-6.696
-4.689
-5.680
-9.575
-3.598
-6.509
-14.511
-8.857
-7.218
-12.859
-8.432
-15.629
-5.467
-2.070
-8.049
-12.720
-8.261
-4.625
-13.146
-16.254
-6.906
-6.062
-8.174
-13.596
-15.399
-10.678
-20.344
-15.701
-10.082
-8.985
-19.238
-20.258
-13.074
-13.203
-8.906
-10.761
-11.954
-5.943
-10.737
-19.644
-14.730
-7.914
-9.387
-13.150
-12.145
-3.544
-7.006
-12.283
-14.166
-8.293
-9.428
-19.170
-15.721
-10.529
-13.786
-18.883
-14.182
-8.347
-13.212
-20.278
-15.056
-9.916
-14.287
-13.406
-5.646
-3.696
-11.589
-19.956
-14.817
-9.258
-13.724
-17.350
-11.716
-8.572
-22.808
-21.897
-15.294
-9.895
1.082
-4.260
-7.964
-5.482
-0.608
1.549
-11.477
-8.543
-3.374
-4.924
-15.013
-10.033
-5.895
-12.987
-14.509
-11.669
-2.108
0.756
-6.620
-0.498
-6.119
-2.278
-8.530
-7.855
-5.766
-7.193
-11.378
-6.739
-6.900
-3.827
-16.490
-16.948
-2.069
-1.827
-12.824
-8.379
-13.346
-9.887
-23.574
-22.718
-19.566
-20.652
-26.297
-17.368
-24.353
-25.319
-18.844
-24.229
-26.497
-13.283
-21.685
-27.356
-19.003
-27.730
-26.042
-22.409
-28.189
-27.980
-13.938
-19.617
-22.089
-20.423
-22.825
-21.903
-20.941
-25.013
-23.623
-15.306
-27.118
-32.249
-10.327
-12.057
-23.349
-0.967
-8.212
-28.868
-6.540
-12.223
-23.829
-1.618
-10.842
-26.304
-14.221
-19.845
-26.509
-6.375
-10.930
-21.163
-8.553
-14.260
-21.458
-6.244
-14.537
-25.109
-8.370
-10.004
-31.892
-2.442
-5.026
-28.283
1.502
-9.763
-26.220
-13.892
-17.538
-23.843
-9.253
-15.794
-24.770
-4.187
-9.991
-21.558
-12.624
-16.196
-26.634
-8.171
-2.739
-20.063
-14.447
-20.177
-28.532
-25.012
-17.965
-11.976
-6.475
-8.640
-25.860
-3.321
-9.261
-19.853
-7.160
-10.337
-15.824
-3.444
-4.141
-11.309
-6.342
-9.918
-5.956
-2.939
-6.681
-12.810
-5.271
-5.853
-4.539
-11.715
-11.093
-20.080
-5.989
-8.485
-17.166
-4.029
-15.635
-15.847
-0.743
-3.738
-9.102
-0.394
-8.817
-9.602
-16.627
-20.309
-6.446
-13.683
-21.760
-10.714
-21.160
-19.888
-8.895
-8.126
-17.842
-7.857
-12.751
-20.375
-8.820
-9.997
-23.899
-11.185
-7.268
-23.267
-11.826
-5.960
-21.525
-8.244
-13.715
-16.302
-7.610
-19.839
-15.834
-11.394
-6.712
-6.471
-8.758
0.301
-8.941
-13.202
-0.977
-10.186
-7.127
-4.521
-9.827
-12.554
0.082
-4.955
-7.099
-6.944
-10.316
-15.344
-2.924
-2.590
-6.153
-11.303
-2.072
-1.357
-3.373
-8.576
-5.732
-11.541
-5.531
-8.647
-17.209
-19.940
-20.051
-24.468
-20.038
-23.339
-15.635
-17.107
-28.281
-27.178
-25.002
-21.948
-18.589
-22.462
-24.678
-21.336
-18.171
-18.733
-21.325
-18.257
-19.341
-14.611
-21.623
-25.126
-20.446
-26.265
-20.037
-20.623
-23.662
-24.394
-16.285
-12.710
-19.073
-25.835
-17.566
-14.184
-5.911
-11.824
-20.148
-15.484
-16.850
-17.950
-20.822
-28.588
-19.211
-22.985
-15.707
-19.965
-19.415
-21.725
-19.451
-16.405
-18.170
-12.625
-23.524
-24.684
-17.672
-22.692
-17.241
-25.273
-22.176
-16.945
-25.456
-15.222
-19.501
-22.921
-14.824
-19.303
-16.142
-19.950
-20.747
-20.864
-22.842
-17.486
-25.742
-23.639
-20.137
-22.474
-19.049
-29.841
-22.664
-15.411
-20.845
-16.452
-20.062
-19.929
-17.917
-23.215
-12.917
-24.863
-21.677
-22.144
-19.780
-14.813
-26.961
-31.171
-19.885
-20.256
-20.937
-30.971
-20.768
-10.215
-11.228
-22.034
-16.790
-20.861
-16.528
-22.820
-29.388
-6.813
-23.824
-25.598
-23.586
-27.370
-10.109
-24.482
-19.205
-22.939
-34.645
-14.348
-14.827
-20.273
-17.980
-26.874
-9.362
-21.468
-19.317
-19.358
-28.662
-5.067
-20.452
-14.136
-17.394
-19.763
-8.581
-25.431
-17.109
-20.090
-28.179
-11.447
-20.815
-13.248
-15.452
-22.974
-10.435
-28.083
-20.930
-16.962
-28.123
-20.031
-21.010
-14.655
-19.628
-15.097
-12.794
-20.760
-12.780
-14.228
-14.719
-15.196
-18.400
-10.102
-16.750
-11.581
-15.186
-23.290
-14.789
-17.226
-18.567
-8.312
-14.841
-17.151
-17.144
-19.921
-12.147
-14.967
-9.477
-15.440
-12.895
-12.213
-20.081
-16.905
-18.468
-29.143
-23.588
-19.978
-14.368
-19.121
-16.899
-9.942
-18.854
-16.324
-16.879
-21.717
-14.342
-13.583
-13.081
-13.978
-13.688
-8.413
-22.011
-30.619
-20.444
-21.753
-29.630
-20.897
-25.767
-18.283
-21.631
-35.047
-14.778
-19.915
-15.923
-12.873
-23.246
-20.359
-26.139
-22.912
-27.478
-30.722
-13.119
-16.516
-7.733
-14.956
-23.304
-19.192
-17.652
-16.343
-19.550
-23.378
-17.788
-11.835
-11.734
-19.550
-22.871
-17.234
-22.006
-20.721
-20.208
-26.667
-24.464
-26.966
-20.813
-23.996
-31.279
-19.453
-24.774
-19.063
-20.264
-31.868
-5.508
-3.573
-19.735
-1.515
-19.308
-1.639
-5.018
-24.683
-11.270
-22.411
-3.684
-3.990
-18.309
-7.643
-19.630
-10.253
-9.055
-24.440
-6.849
-22.469
-11.449
-5.115
-25.759
-1.598
-15.116
-2.905
-5.476
-22.667
-4.985
-22.884
-0.678
-3.652
-22.661
-5.758
-20.054
-12.858
-3.785
-13.309
-7.387
-16.518
-0.498
-8.150
-23.029
-8.466
-19.719
-5.200
-2.550
-20.605
-4.152
-9.306
-24.667
-18.679
-32.445
-6.829
-13.248
-23.527
-18.168
-27.131
-10.870
-13.794
-26.172
-14.681
-30.314
-15.071
-10.304
-25.960
-21.606
-34.140
-15.816
-13.999
-24.545
-12.628
-30.755
-7.082
-16.275
-21.060
-19.310
-29.758
-14.371
-14.473
-23.497
-14.807
-27.513
-14.777
-11.533
-18.809
-13.898
-24.278
-2.658
-17.930
-22.063
-18.036
-28.964
-13.569
-14.410
-25.560
-23.038
-35.284
-17.713
-28.648
-7.932
-13.848
-21.831
-21.082
-28.324
-3.390
-9.804
-23.533
-16.160
-29.378
-5.998
-16.216
-26.113
-19.320
-26.448
-7.968
-12.227
-28.215
-20.307
-26.530
-4.007
-9.068
-32.418
-16.511
-28.732
-5.333
-19.866
-24.495
-17.337
-31.680
-5.797
-7.017
-14.967
-16.537
-19.157
-9.342
-9.996
-24.558
-17.730
-27.039
-10.939
-10.511
-27.867
-20.590
-28.660
-8.588
-8.002
-21.694
-17.766
-23.241
-19.108
-8.889
-19.162
-17.411
-10.864
-9.457
-5.278
-25.215
-17.662
-21.653
-15.462
-6.685
-24.702
-17.921
-14.572
-12.252
-9.916
-22.005
-16.851
-22.964
-8.624
-9.371
-19.505
-12.052
-12.407
-7.601
-0.837
-23.406
-14.765
-16.649
-13.052
-5.890
-21.621
-16.068
-16.503
-5.737
-11.098
-27.834
-16.126
-21.758
-15.330
-15.005
-31.287
-19.681
-20.484
-13.150
-15.672
-29.140
-16.572
-23.170
-12.953
2.903
-6.873
-17.907
-24.874
-8.789
2.730
-5.768
-17.740
-18.721
-8.967
2.959
-6.739
-19.889
-22.169
-9.855
4.455
-2.280
-17.456
-18.020
-8.979
1.496
-10.631
-16.838
-26.353
-4.514
-0.861
-13.037
-20.027
-25.153
-5.105
-7.002
-15.933
-15.842
-19.879
-8.356
1.798
-14.034
-15.968
-26.059
-13.329
0.591
-12.878
-17.195
-25.704
-18.727
-2.403
-10.604
-21.310
-25.387
-17.155
-20.042
-17.339
-17.414
-27.279
-25.948
-10.609
-26.533
-21.893
-13.696
-28.734
-19.532
-26.618
-25.536
-20.165
-19.324
-23.077
-20.936
-25.346
-17.302
-16.096
-18.922
-17.093
-19.371
-23.905
-22.355
-20.775
-16.886
-22.603
-21.828
-35.358
-22.581
-16.656
-39.017
-25.576
-24.436
-34.422
-23.050
-17.351
-33.224
-21.102
-17.213
-35.991
-25.226
-17.294
-32.047
-23.297
-19.074
-35.913
-26.779
-15.086
-38.219
-30.213
-21.666
-38.521
-21.909
-21.133
-33.308
-17.584
-11.479
-21.952
-32.073
-16.609
-21.745
-34.548
-23.456
-18.684
-27.784
-17.146
-15.454
-26.630
-15.996
-21.550
-21.590
-18.540
-13.351
-28.697
-18.832
-18.401
-31.089
-20.760
-20.130
-27.061
-19.458
-21.867
-32.083
-24.099
-19.896
-30.399
-22.763
-8.911
-12.936
-26.839
-10.776
-13.544
-24.375
-14.147
-13.187
-25.102
-4.263
-16.260
-23.047
-9.835
-12.196
-27.053
-8.043
-8.560
-20.610
-10.086
-9.556
-23.802
-7.074
-11.582
-26.074
-9.373
-5.457
-22.607
-4.530
-10.319
-22.479
-19.957
-14.807
-19.082
-15.445
-10.053
-20.988
-8.727
-12.079
-22.423
-14.769
-19.639
-24.862
-18.211
-12.603
-16.297
-9.163
-17.089
-22.512
-16.899
-12.979
-12.681
-15.172
-12.146
-12.723
-15.850
-15.118
-19.472
-21.825
-9.645
-19.803
-18.400
-13.982
-18.242
-13.213
-12.987
-17.370
-17.457
-9.344
-19.561
-18.497
-10.235
-21.994
-12.606
-13.422
-23.970
-14.765
-12.373
-23.416
-17.547
-3.392
-22.364
-18.412
-3.117
-23.876
-19.192
-11.226
-22.864
-9.173
-7.532
-22.306
