4.712
5.825
4.810
5.875
3.948
4.617
2.386
6.977
5.186
4.946
2.387
2.205
3.069
-0.160
3.297
2.238
3.944
1.667
3.355
2.250
6.138
5.671
6.516
5.676
6.644
4.113
5.807
6.539
6.214
4.861
5.419
3.327
3.463
4.685
4.937
3.794
1.951
6.327
5.978
4.952
5.490
6.341
5.654
7.058
6.426
7.329
6.081
7.391
6.849
5.261
4.456
4.404
2.339
1.647
1.585
3.378
-0.720
2.397
4.970
1.781
-0.120
1.962
0.135
1.887
0.671
0.546
1.558
0.970
-0.328
2.096
5.328
4.203
4.713
0.904
3.814
5.211
3.053
3.012
5.055
3.517
3.749
5.156
4.435
3.862
3.910
4.190
2.858
5.131
4.028
4.054
2.290
6.350
5.225
1.872
3.007
4.479
4.730
4.644
5.091
3.291
2.519
1.588
4.122
3.212
1.847
1.530
2.438
1.914
2.227
2.717
4.578
2.770
2.627
2.487
2.402
2.145
3.497
4.316
1.708
2.497
4.240
3.296
2.976
4.494
3.742
2.540
3.735
2.610
3.532
3.408
3.016
2.396
3.170
0.963
1.032
2.438
2.011
2.732
1.142
0.984
4.027
4.981
5.769
0.673
4.032
3.417
3.243
5.193
4.563
4.103
5.134
6.090
4.230
5.065
5.082
2.945
5.150
5.531
4.072
5.860
5.402
4.389
4.891
3.172
4.697
7.021
4.887
3.744
4.492
5.201
6.286
4.795
0.935
4.991
4.347
4.824
4.766
5.094
1.742
3.645
3.220
5.791
6.606
6.003
6.780
7.284
6.191
6.546
4.994
0.780
-0.254
4.510
7.059
6.540
5.546
5.806
5.026
6.425
3.939
3.546
4.023
6.411
5.494
3.143
6.013
4.798
6.912
5.917
7.141
6.087
-1.569
-0.081
-1.152
-1.735
-0.504
-1.155
-0.898
-1.191
-1.673
-2.048
5.923
6.985
7.426
5.455
8.030
6.013
7.862
5.170
6.456
6.806
6.218
6.159
6.367
4.712
8.077
6.672
5.269
7.156
7.471
8.446
5.765
6.302
3.652
4.533
5.494
5.710
5.377
6.209
5.434
5.567
8.178
6.713
7.352
7.007
7.241
8.287
5.964
6.682
6.677
3.498
5.020
3.930
6.800
5.700
7.743
5.388
6.436
6.817
4.867
5.325
6.349
6.905
7.021
5.990
5.795
6.340
6.107
3.061
4.984
5.918
5.319
4.374
6.733
6.934
6.821
7.416
6.627
5.411
4.478
5.343
4.643
4.461
5.789
4.310
4.185
6.094
5.329
2.074
5.682
5.868
1.317
0.671
2.051
-0.508
1.509
1.199
1.827
2.673
0.031
-0.127
5.330
5.857
5.252
5.816
3.860
4.599
5.305
5.041
4.865
6.757
5.728
5.402
4.815
6.825
6.143
3.799
5.432
3.342
5.223
5.604
3.647
6.381
4.599
2.132
4.587
6.358
6.036
6.230
3.897
6.983
