1.413
-5.013
3.065
-4.426
2.134
-3.555
2.845
-4.555
2.126
-5.391
3.308
-3.586
1.611
-4.510
2.786
-6.088
2.148
-2.983
2.089
-3.514
-4.996
-2.679
-2.436
-2.374
-3.418
-3.458
-2.832
-3.540
-1.113
-2.772
-2.849
-3.736
-5.015
-2.430
-4.152
-3.316
-1.945
-3.213
-1.946
-4.537
-2.522
-0.680
-1.163
-4.428
-2.887
-2.266
-1.320
-1.947
-1.559
-3.540
-3.281
-1.877
-4.537
-2.867
-3.335
-4.435
-2.751
-3.906
-1.793
-3.248
-0.010
-2.886
-2.356
-2.228
-0.935
-3.217
-1.919
-3.233
-0.793
-3.126
1.252
-1.123
0.254
-1.693
0.338
-2.140
-1.399
-2.259
-0.832
-1.191
1.529
-4.590
-3.774
-3.305
2.585
-4.999
-2.135
-1.713
1.769
-4.919
-5.123
-2.737
-1.511
-3.536
-2.970
-4.544
0.985
-4.837
-2.124
-2.028
0.279
-3.783
-1.605
-1.476
0.242
-1.714
-1.270
-3.604
0.896
-3.633
-2.475
-0.376
1.430
-4.447
-3.694
-1.326
1.921
-4.475
-3.130
-1.776
0.085
-3.977
-2.627
-4.286
0.783
-3.638
-4.133
-4.820
1.479
-4.024
-3.314
-5.338
1.623
-2.178
-2.714
-5.318
0.526
-3.176
-4.459
-6.261
2.660
-3.841
-3.400
-4.962
2.010
-2.561
-4.408
-5.371
1.282
-4.127
-5.568
-4.879
-0.027
-2.605
-5.128
-3.534
0.081
-2.298
-2.521
-3.566
-0.658
-2.114
-0.873
-2.791
3.254
-3.018
-2.308
-2.681
3.156
-3.389
-2.938
-3.183
3.742
-3.275
-3.183
-2.864
3.935
-4.103
-2.818
-2.687
1.636
-2.694
-3.614
-2.583
2.850
-1.695
-2.515
-2.481
1.779
-3.175
-0.399
-1.682
0.829
-1.699
-1.898
-3.234
0.925
-2.614
-1.828
-2.757
-3.074
-0.297
1.828
-2.725
-3.223
-2.448
1.568
-0.763
-4.398
-3.064
1.046
-0.937
-4.772
-2.356
1.067
-1.415
-3.361
-3.303
1.906
1.262
-3.521
-1.207
0.086
-0.604
-5.282
-3.706
1.363
-0.186
-2.408
-3.035
1.244
1.219
-3.128
-2.462
-0.311
-1.890
-5.006
-2.636
0.433
-1.802
-0.668
-0.841
-2.528
-5.283
1.342
-3.306
-3.802
-3.115
2.237
-0.101
-2.287
-2.440
0.263
-2.175
-1.909
-2.581
1.064
-2.579
-2.387
-2.705
2.401
-0.480
-3.466
-4.199
1.487
-3.751
-4.744
-3.194
-2.591
-1.344
-3.106
-1.195
2.660
-0.944
-1.769
-4.453
0.043
-2.312
-3.460
-4.648
-4.769
-3.341
-0.757
-2.714
-2.233
-1.980
-2.269
-2.014
-3.927
-2.071
-2.997
-3.397
-3.274
-3.041
-1.277
-1.613
-0.340
-3.412
-1.413
0.468
-4.070
-3.739
-1.871
-1.567
-2.756
-2.674
-2.736
-3.440
-2.891
-2.231
-0.829
-1.539
-1.626
-2.823
-3.132
-1.957
-0.021
-1.296
-3.467
-0.302
0.592
-4.024
-2.422
-2.831
-0.460
-2.416
-2.574
-1.974
1.302
-3.474
-5.495
-2.101
0.822
-5.210
-3.610
-1.707
0.733
-5.140
-4.600
-1.388
0.936
-5.282
-4.091
-2.242
-1.976
-5.419
-2.489
-1.524
0.119
-4.003
-3.207
-0.782
0.138
-4.254
-3.266
-2.054
-1.250
-4.248
-3.339
-1.461
-1.581
2.788
-2.767
-2.837
-1.748
3.033
-2.552
-1.602
-1.487
3.904
-3.467
-3.073
0.138
1.387
-3.758
-2.498
-1.231
2.732
-2.696
-0.752
-2.590
3.049
-2.579
-2.592
-3.734
-0.705
-2.883
-1.754
-1.527
1.955
-3.442
-1.935
-0.200
1.888
-3.702
-1.513
-2.664
1.736
-4.615
-3.134
-1.252
-2.869
-3.670
0.207
-3.580
-4.406
0.793
-3.534
-3.047
0.177
-3.175
-5.118
-0.503
-3.948
-4.737
0.978
-3.904
-4.749
-0.100
-2.682
-3.400
-0.703
-3.553
-4.688
0.652
-1.828
-4.739
1.084
-2.598
-5.800
0.067
-1.652
-2.290
1.655
-2.686
-4.649
1.592
-1.648
-3.257
0.911
-1.508
-3.503
-1.423
-5.240
-3.834
1.126
-3.395
-4.621
0.910
-2.386
-3.674
0.052
-4.352
-3.588
-0.431
-2.721
-3.188
-0.046
-1.357
-4.086
0.142
-4.697
-5.897
1.858
-1.780
-3.452
-0.848
-0.990
-2.488
0.627
0.127
-3.044
-0.512
-3.083
-2.878
-0.596
-0.929
-1.621
-0.460
-2.553
-2.026
-0.996
-3.069
-2.131
0.600
-0.389
-3.313
-0.782
-3.050
-3.526
-1.437
-1.571
-1.955
-1.421
-2.059
-2.579
-0.813
-2.488
-2.834
0.403
-0.080
-2.762
-0.368
-2.257
-0.116
-3.085
-0.853
-3.517
-1.409
-1.496
-3.077
-0.426
-2.333
-1.577
0.069
-0.401
-1.532
0.325
-2.916
-3.211
-2.455
-4.925
-0.496
-4.247
-5.368
-2.916
-3.342
-6.371
-1.906
-0.964
-5.454
-1.603
-2.804
-5.968
-2.520
0.128
-4.267
-2.737
-0.999
-5.746
-1.319
-1.658
-4.966
-2.003
-1.548
-5.923
-2.595
-2.937
-6.281
-1.758
-0.509
-3.233
-2.726
0.219
-2.564
-1.839
-0.053
-1.355
-0.730
-2.172
-2.788
-2.369
-0.306
-1.715
1.440
-0.966
-1.767
-2.308
-0.443
-0.750
-1.261
-1.680
-0.902
0.503
0.261
-2.197
-1.572
-0.812
-0.939
-1.866
1.398
-3.412
-5.230
-2.439
-1.424
1.482
-1.895
-2.310
-2.382
-5.035
-0.017
-3.621
-3.039
-1.316
-2.212
0.012
-2.463
-2.864
-1.783
-3.035
-0.374
-4.111
-4.236
-3.886
-2.325
1.700
-3.450
-4.626
-2.932
-3.020
1.291
-3.638
-4.187
-3.643
-1.823
-3.012
0.156
-1.659
-0.853
-3.860
0.599
-1.532
-3.469
-3.484
-3.455
-1.386
-2.460
-4.624
-0.987
-3.621
1.918
-3.428
-2.976
-0.467
-1.451
0.846
-3.624
-3.449
-1.852
-2.262
1.615
-2.547
-4.864
-0.814
-0.181
1.405
-3.845
-3.586
-2.048
-2.225
1.749
-3.423
-4.522
-2.118
-1.154
1.237
-1.788
-2.638
-1.336
-1.788
1.716
-3.243
-3.899
-1.082
-0.668
1.660
-1.782
-3.426
0.536
-2.045
0.722
-3.067
-2.310
-1.998
-2.000
0.527
-3.273
-2.905
-1.618
-2.724
-2.863
-2.590
-4.874
-3.832
-2.859
-3.773
-2.731
-3.729
-3.170
-1.442
-2.400
-4.557
-4.683
-3.492
-0.337
-2.658
-1.888
-3.910
-4.732
-3.016
-1.807
-4.833
-2.261
-4.795
-0.668
-1.972
-3.520
-3.349
-4.040
-0.565
-2.900
-4.121
-4.058
-5.233
-3.085
-0.916
-3.417
-2.893
-3.780
-2.518
-2.212
-2.809
-2.019
-3.370
-2.787
-2.927
-3.272
-3.057
-5.078
-2.630
0.995
-2.201
-6.255
-1.178
-1.581
0.080
-1.494
-4.044
-1.680
0.266
0.770
-0.270
-3.222
-1.204
-1.915
0.384
-4.488
-3.162
-2.085
-1.094
0.428
-2.286
-3.244
-2.174
-1.928
1.073
-2.084
-3.483
-1.064
-2.024
-0.171
-3.195
-2.356
-2.472
-2.750
1.179
-1.461
-3.753
-2.217
-0.203
0.736
-2.016
-2.991
-3.437
-1.088
0.524
-2.376
-4.552
-3.196
0.002
-2.383
-4.065
-5.353
-1.534
-4.341
-4.223
-3.801
-3.316
-0.356
-3.729
-1.625
-2.035
-2.276
0.058
-2.964
-3.357
-2.430
-4.828
-2.579
-2.157
-3.616
-1.910
0.147
-0.353
-4.334
-2.481
-3.089
-3.757
-1.098
-2.633
-3.343
-0.003
-1.104
-3.416
-5.039
-2.240
-3.705
-5.100
0.189
-2.802
-3.397
-3.631
-4.710
-2.413
-4.145
-3.722
-3.936
-4.445
-1.607
-4.463
-0.247
3.018
-2.541
1.980
-1.394
-0.685
1.583
-2.713
-0.534
-2.412
-0.491
1.803
-2.599
0.146
-0.206
-0.581
1.090
-3.919
1.349
-1.806
-3.176
0.482
-3.414
-0.060
-2.322
0.143
0.798
-1.814
0.067
-1.518
0.137
0.874
-1.283
1.535
-2.853
-2.148
-0.785
-0.610
-0.982
-1.393
0.790
0.454
-2.098
0.041
-1.988
-2.125
-0.821
-2.652
0.266
-2.334
-2.613
-4.459
-2.519
0.429
-2.063
-3.420
-3.855
-3.015
-0.235
-0.944
-1.946
-3.543
-2.185
-2.832
-3.482
-2.106
-3.937
-1.879
-1.010
-1.646
-3.639
-4.784
-2.880
-0.602
-2.328
-0.931
-5.376
-2.012
-1.985
-2.890
-2.447
-4.390
-3.359
-1.172
-1.648
-0.925
-3.765
-2.359
-0.953
-2.323
-0.730
-5.273
-2.285
-0.147
-1.213
-2.035
-4.647
-2.511
-0.837
-3.985
-2.204
-1.292
-1.986
-3.458
-4.463
-0.173
-0.911
-3.591
-2.928
-4.262
0.752
-1.226
-3.526
-2.307
-3.098
-0.775
-1.667
-3.963
-2.401
-3.492
-0.086
-0.476
-3.377
-1.728
-4.644
1.156
-1.910
-2.141
-1.306
-3.653
0.095
-1.649
-2.497
-1.828
-3.112
-1.474
-0.743
-3.058
-1.185
-4.152
0.371
-2.724
-2.768
-4.274
-3.187
0.447
-1.201
-2.476
-0.855
-4.050
-2.680
-0.016
-0.957
-2.058
1.755
-3.216
-1.455
-2.054
-3.607
-1.354
-1.867
-0.433
-1.685
-3.519
-1.709
-1.739
-1.603
-2.979
-3.770
-2.486
-1.318
-0.577
-1.668
-1.159
-0.742
-0.035
0.344
-3.420
-1.114
-1.428
-0.733
-0.537
-1.482
-0.279
-0.642
-1.058
0.688
-4.116
-2.805
-1.405
-2.119
-1.413
-3.825
-2.902
-2.667
-1.880
-2.630
-2.643
-2.496
-1.298
-2.359
1.592
-1.349
-3.182
-2.993
-0.334
-1.369
-0.575
-1.940
-3.340
-0.179
0.439
1.003
-2.358
-0.626
0.212
0.272
0.155
-2.796
-2.536
-1.138
0.236
-0.703
-2.909
-3.850
-1.541
0.893
-0.373
-3.863
-2.384
-0.978
-0.965
-0.328
-2.064
-2.271
-0.595
1.984
-0.696
-1.429
-2.908
-1.199
2.198
-0.304
-1.209
-3.413
-2.526
-0.037
0.206
-2.995
-3.150
0.214
-3.095
-2.528
1.253
-5.059
-4.239
0.192
-4.988
-2.298
-0.005
-5.257
-2.569
0.518
-3.787
-2.349
1.658
-4.072
-2.868
-1.233
-2.258
-2.940
-3.685
-2.561
-6.703
-1.603
-3.288
-4.406
-1.076
-4.017
-4.277
2.047
-2.595
-3.176
-0.163
-3.191
-2.891
0.498
-3.441
-1.701
1.287
-0.835
-0.709
0.544
-1.456
-0.469
1.055
-1.855
-0.959
0.412
-2.137
-2.421
0.689
-3.674
-2.828
1.435
-2.137
-2.889
0.894
-2.245
-0.813
2.947
-4.566
-2.489
1.640
-4.539
-2.393
1.861
-4.954
-1.779
2.860
-3.800
-0.882
0.130
-4.022
-3.524
2.046
-5.421
-2.286
2.474
-3.835
-1.675
1.100
-3.625
-3.155
0.383
-2.885
-3.277
2.963
-4.108
-1.081
-1.713
0.472
-3.868
-2.119
-2.237
-5.975
-1.638
-0.221
-2.895
0.230
-2.676
-3.780
-0.132
-0.882
-6.360
0.723
-1.850
-4.299
-0.774
0.146
-3.525
-1.398
-0.202
-3.973
-0.585
-1.002
-5.469
-0.430
-1.477
-2.419
-3.695
-3.363
-1.944
-2.451
-1.929
-2.301
-1.224
-3.110
-4.008
-1.782
-2.776
-3.216
-3.933
-1.984
-1.348
-0.895
-4.259
-2.862
-2.906
-2.610
-1.477
-1.882
-1.010
-1.164
-2.626
-3.404
-2.605
-3.584
-1.381
-1.046
-2.009
-0.825
-1.957
-1.184
-1.817
-3.154
-0.294
-0.256
-2.401
-0.445
-0.857
-0.351
-1.115
-0.664
-4.508
-1.819
-0.660
-3.960
-1.479
-0.481
-1.946
-0.607
-0.839
-1.724
-2.590
-1.215
-2.122
-0.538
0.428
-2.901
