-5.492
-3.438
-3.841
-4.676
-3.043
-3.203
-4.408
-2.571
-2.917
-3.374
-0.234
-2.397
-2.257
-3.511
0.099
-1.435
-2.635
-3.564
-1.016
-0.371
1.380
0.781
-0.414
-1.139
0.429
-0.769
-0.618
1.592
-0.401
-1.106
0.753
-1.210
-1.351
-0.457
1.982
-1.477
-0.925
1.545
0.878
0.349
-3.682
-0.053
-4.125
-4.691
0.988
-3.257
-3.689
1.513
-2.989
-3.643
1.519
-5.179
-3.835
0.487
-3.696
-4.210
1.211
-4.672
-3.850
1.250
-2.630
-3.308
1.791
-4.147
-2.907
-1.438
-4.479
-3.734
-0.776
-5.150
-2.641
-1.369
-5.785
-1.808
-1.118
-4.735
-3.325
-2.036
-3.731
-0.113
-2.795
-2.182
-4.310
-2.266
-1.185
-5.024
0.073
-2.502
-3.060
-3.956
-1.812
-1.517
-1.513
-3.470
-1.289
-0.475
-3.010
-3.334
-0.659
-2.317
-3.164
-4.436
-3.110
-3.220
-4.778
-3.732
-3.447
-3.499
-2.938
-4.373
-3.467
-3.958
-2.974
-3.531
-4.581
-3.676
-3.803
-4.709
-3.421
-2.740
-3.183
-3.350
-1.301
-3.476
-4.571
-3.239
-3.328
-3.859
-2.292
-5.293
-4.363
-5.953
-3.148
-3.377
-2.881
-0.136
-3.922
-5.095
-3.010
-3.525
-3.403
-1.926
-4.230
-3.516
-2.882
-5.134
-5.401
-3.625
-4.195
-4.838
-2.760
-3.757
-3.627
-3.409
-4.725
-4.572
-2.148
-4.728
-4.044
-2.697
-1.708
-3.841
-0.877
-1.066
-3.893
1.297
0.126
-1.373
-2.376
-0.389
-3.505
-1.837
-1.270
-2.282
-0.125
-2.249
-2.173
-1.378
-0.243
-2.156
0.898
-2.556
-3.743
-0.505
-1.495
-4.158
-1.574
-2.069
-3.040
-1.995
-2.507
-3.705
1.144
-3.010
-4.203
1.765
-3.700
-4.035
1.650
-2.092
-2.397
1.813
-4.738
-3.704
0.492
-4.020
-4.499
1.546
-4.137
-3.952
2.174
-3.355
-4.927
1.244
-3.988
-4.542
0.058
-4.076
-3.454
0.155
-1.712
-5.516
-3.774
0.861
-2.315
-2.051
-1.074
-4.637
-1.356
-0.095
-3.336
-3.119
0.132
-2.832
-2.968
0.273
-3.187
-1.893
-0.622
-3.303
-2.119
-1.280
-3.866
-2.131
0.006
-3.634
-1.437
-2.667
-3.030
-1.791
-2.662
-2.920
-4.518
-1.708
-2.150
-1.380
-2.007
-4.676
-2.752
-1.705
-4.162
-3.656
-1.523
-2.656
-4.053
-1.371
-3.914
-2.146
-1.417
-1.801
-3.319
-1.398
-2.993
-3.622
-1.403
-4.223
-4.402
-1.301
-2.512
-2.170
-0.850
-2.666
-0.319
-2.433
-2.039
-3.152
-2.977
-2.314
-2.765
-0.746
-1.956
-3.148
-1.703
-1.815
-1.255
-2.418
-0.888
-3.870
-2.226
-2.652
-0.834
-2.691
0.023
-2.373
-0.117
-3.727
0.471
-2.308
0.975
-2.682
0.418
-2.374
-0.777
-2.954
-0.250
-2.932
-3.609
-2.915
-3.019
-3.797
-6.216
-2.671
-4.454
-4.379
-5.086
-1.572
-3.945
-2.259
-5.282
-3.092
-5.252
-1.940
-5.711
-4.840
-4.578
-2.172
-6.104
-3.897
-5.422
-2.945
-1.503
-2.085
-0.622
0.019
-1.627
-0.677
-1.608
-1.304
-0.361
-2.269
-0.155
-1.476
-3.007
-1.707
-0.834
-1.680
-0.883
-2.511
-2.413
-2.711
-2.428
-3.272
-1.530
-1.406
-2.712
-3.125
-2.225
0.396
0.094
-1.871
-2.743
-3.846
-3.481
-1.246
-2.003
-2.662
-2.348
-2.380
-1.866
-1.717
-1.029
-3.800
-1.177
-2.034
-4.637
-0.786
-1.286
-2.353
-0.263
-2.224
-2.795
-3.237
-2.902
-2.783
-1.358
-1.933
-2.991
-1.601
-1.019
-4.000
-0.854
-1.769
-2.373
-3.882
-2.598
-3.344
-2.690
-2.819
-3.077
-1.587
-2.318
-2.643
-3.170
-2.683
-1.521
-4.692
-3.140
-2.051
-3.119
-3.874
-2.459
-2.341
-2.731
-4.084
-3.117
-4.195
-4.629
-3.469
-2.030
-1.848
-1.926
-4.981
-4.053
-3.535
-3.136
-5.757
-2.832
-3.350
-3.148
-2.814
-4.799
-4.823
-3.588
-2.237
-1.489
-1.972
-1.972
-4.049
-5.046
-2.443
-1.683
-5.255
-4.788
-3.134
-2.471
-5.518
-2.664
-3.194
-2.499
-4.211
-2.867
-2.572
-0.550
-4.499
-4.041
-2.285
-2.737
-5.163
-4.110
-2.896
0.512
-5.728
-3.539
-3.717
-2.376
-5.297
-3.882
-1.144
-2.777
-4.637
-2.975
-1.360
-3.235
-1.133
-1.762
-4.654
-2.489
1.710
-3.440
-5.299
-3.238
-1.562
-4.088
-2.935
-2.742
-0.700
-4.162
-3.724
-3.689
-1.020
-1.940
-3.966
-5.398
-1.880
-3.064
-3.235
-4.307
0.548
-1.985
-2.987
-4.455
-0.458
-4.142
-5.181
-4.289
0.249
-3.323
-3.257
-3.918
-1.835
-2.732
1.054
-1.934
-3.295
-3.220
-0.342
0.543
-1.805
-4.281
-1.741
-0.057
-2.354
-2.817
-0.834
-0.298
-3.260
-2.893
-0.201
0.621
-2.145
-3.437
-0.707
-1.107
-1.817
-4.154
-0.440
-0.523
-1.277
-3.424
-0.920
-0.904
-3.051
-3.343
0.182
0.098
-1.391
-2.626
-1.168
-1.180
-2.710
-1.654
-1.804
-2.648
-0.436
-1.551
-1.379
-1.484
-0.040
-1.645
-2.277
-2.559
0.462
-1.089
-2.781
-0.797
-0.071
-0.183
-2.341
-0.568
-0.880
0.259
-1.977
-1.056
-0.675
-0.646
-1.913
-0.717
-0.337
0.422
-6.214
-1.021
-0.340
-0.236
-2.852
-1.651
-2.902
0.309
-2.919
-1.435
-1.176
-0.918
-2.913
-2.742
-2.373
-1.880
-4.022
-3.750
-4.319
-2.680
-2.943
-3.367
-2.651
0.858
-3.902
-3.084
-2.757
-1.259
-1.992
-2.805
-2.844
-2.100
-2.660
-3.048
-2.842
-2.874
-3.235
-4.736
-2.294
-1.540
-3.737
-3.028
-3.657
-1.020
-3.198
-2.922
-3.490
-2.488
-2.893
-1.475
-4.186
-2.047
-3.776
-1.444
-3.429
-1.702
-2.849
-1.159
-1.551
-3.079
-3.672
-0.878
-3.046
-1.654
-3.598
-0.887
-4.257
-2.915
-4.504
-2.259
-1.960
-1.723
-3.300
-0.071
-1.772
-2.170
-1.686
-1.583
-1.658
-2.342
-2.515
-1.757
-3.632
-4.442
-3.279
-3.157
-1.827
-2.800
-4.130
0.120
-1.188
-2.891
-3.905
-2.574
-1.292
-3.131
-2.384
-2.154
-2.621
-2.861
-3.132
-2.056
-1.131
-3.176
-1.594
-3.976
-1.602
-2.376
-3.228
-2.096
-0.918
-2.856
-3.731
-1.940
-1.805
-2.692
-3.108
-2.543
-1.302
-3.677
-2.636
-3.511
-1.753
-3.340
-2.041
-2.192
-1.780
-2.455
-4.394
-2.492
-2.023
-1.046
-1.852
0.189
-4.794
-1.805
-0.002
-2.546
-4.502
-2.210
-1.893
0.159
-4.451
-3.858
-2.023
-1.685
-4.275
-2.976
-1.006
-1.696
-4.153
-2.662
0.543
-0.418
-2.598
-3.574
-2.800
-1.014
-5.195
-3.271
-1.987
0.308
-4.066
-3.155
-1.052
-0.814
-4.748
-3.230
-0.777
-1.973
-1.727
0.013
-2.991
-1.765
-2.718
0.048
-1.947
-3.771
-3.754
-0.729
-2.654
-2.817
-1.776
-2.124
-1.540
-4.140
-3.793
-0.393
-1.951
-3.564
-2.403
-0.863
-2.390
-3.704
-0.683
-0.090
-0.137
-3.462
-1.298
-2.497
-2.513
-3.765
-2.890
-0.391
-3.971
-2.757
-3.609
-0.480
-2.931
-2.679
-3.327
-3.589
-2.315
-5.289
-2.957
-5.053
-1.134
-5.262
-2.103
-4.343
-2.395
-4.755
-2.774
-4.031
-2.324
-3.889
-1.854
-3.198
-2.248
-5.466
-2.358
-2.652
-1.288
-3.989
-1.258
-1.947
-0.300
-2.718
0.949
-0.688
-1.852
-3.877
-0.552
-3.743
-0.590
-3.154
-0.369
-2.874
-0.673
-3.761
-0.189
-1.655
-0.228
-1.472
0.016
-1.775
-2.510
-1.484
-1.454
-0.346
-0.637
-0.843
-0.347
-1.939
-1.201
-3.565
-0.304
-1.966
-1.260
-1.793
-2.656
-2.784
-2.882
-3.945
-2.311
-4.089
-0.987
-2.496
-2.084
-3.501
-1.567
-3.511
-0.903
-1.722
-2.329
-2.351
-1.540
-2.554
-3.113
-2.103
-1.090
-3.202
-2.810
-4.619
-2.471
-3.019
-1.392
-2.648
-1.883
-1.508
-1.544
-2.447
-2.362
-2.687
-0.084
-2.690
-0.556
-4.416
-1.203
-2.655
-2.845
-3.640
-2.262
-3.270
-1.407
-1.375
-1.827
-1.254
-2.360
-3.423
-3.395
-3.129
-2.848
-0.372
-3.919
-3.775
-2.255
-0.359
-3.079
-1.883
-2.205
