-4.594
-5.251
-1.957
-4.695
-3.289
-3.800
-2.868
-4.949
-3.029
-5.522
-3.036
-3.710
-4.700
-4.761
-3.205
-6.303
-2.911
-3.037
-1.932
-3.721
-4.995
-2.763
-2.043
-2.171
-5.209
-3.449
-3.174
-3.330
-1.294
-2.864
-3.779
-3.648
-3.891
-2.232
-4.524
-3.346
-2.993
-3.127
-2.770
-4.575
-1.776
0.837
-0.509
-2.540
-2.047
-0.526
-0.625
-0.181
-0.722
-2.129
-2.600
-0.517
-3.677
-1.836
-2.929
-3.270
-2.263
-2.085
-1.090
-1.358
-0.215
-3.268
-2.493
-2.234
-1.086
-2.917
-2.116
-3.161
-0.755
-2.575
1.082
-1.022
0.407
-1.171
0.207
-1.856
-1.379
-1.847
-1.094
-1.286
-2.413
-4.590
-2.636
-3.353
-0.965
-4.999
-1.608
-1.749
-2.267
-4.919
-4.646
-2.720
-2.680
-3.536
-3.192
-4.373
-4.126
-4.837
-3.438
-1.667
-3.000
-3.783
-1.225
-1.449
-3.216
-1.714
-1.905
-3.233
-1.810
-3.633
-2.876
-0.369
-3.313
-4.447
-3.003
-1.537
-2.090
-4.475
-3.942
-1.667
-1.785
-3.977
-1.338
-3.968
-0.909
-3.638
-2.632
-4.942
-0.984
-4.024
-2.078
-4.910
-0.866
-2.178
-2.272
-5.075
-1.467
-3.176
-3.189
-6.367
-0.491
-3.841
-2.026
-4.744
-0.906
-2.561
-3.549
-5.336
-0.827
-4.127
-5.031
-4.753
-3.132
-2.605
-4.307
-3.733
-2.403
-2.298
-2.479
-3.297
-0.918
-2.114
-0.041
-2.532
0.877
-3.018
1.588
-3.004
1.942
-3.389
0.605
-3.201
1.555
-3.275
0.528
-2.932
2.560
-4.103
0.996
-2.843
0.373
-2.694
0.201
-2.621
0.751
-1.695
0.710
-2.459
-0.322
-3.175
1.633
-1.192
0.123
-1.699
-0.333
-3.181
0.288
-2.614
0.929
-2.650
-3.187
-0.297
-1.220
-1.656
-3.384
-2.448
-2.115
0.270
-3.399
-3.064
-2.774
-0.131
-3.818
-2.356
-3.265
-0.314
-4.138
-3.303
-2.356
2.243
-3.109
-1.207
-2.917
0.033
-3.887
-3.706
-2.900
0.963
-2.534
-3.035
-2.349
2.180
-2.552
-2.462
-4.314
-1.114
-4.724
-2.636
-3.259
-1.199
-3.604
-0.729
-2.124
-4.429
-3.228
-3.140
-4.374
-2.239
-2.132
0.043
-2.129
-1.255
-3.011
-2.220
-1.712
-1.487
-2.397
-2.910
-2.363
-2.077
-1.675
-0.557
-3.554
-3.192
-2.436
-3.670
-4.904
-2.266
-1.673
-1.464
-2.891
-1.243
-1.842
-0.741
-2.848
-3.563
-4.197
-2.411
-3.609
-4.241
-4.879
-3.084
1.930
-2.070
-1.829
-2.043
-0.661
-1.746
-3.949
-1.988
-0.716
-3.017
-3.922
-2.738
0.358
-1.085
-1.353
-3.640
0.881
1.177
-3.955
-3.662
1.149
-1.303
-3.400
-2.310
-0.790
-2.824
-2.333
-2.113
1.101
-1.176
-1.497
-2.699
-0.130
-1.262
-0.855
-1.546
-1.735
0.511
-3.262
-3.829
-3.346
-2.179
-3.339
-2.319
-1.768
-1.739
-2.458
-3.190
-6.025
-1.532
-2.579
-5.440
-3.337
-0.983
-2.289
-5.260
-4.551
-1.327
-2.737
-5.233
-4.316
-1.836
-4.498
-5.466
-2.007
-1.195
-2.446
-3.732
-3.651
-0.094
-2.822
-4.267
-3.810
-1.715
-4.035
-3.953
-3.367
-0.896
0.770
2.029
-2.660
-2.688
0.440
2.140
-2.908
-1.558
0.940
2.663
-3.478
-3.077
1.904
0.971
-3.631
-2.223
0.861
2.180
-2.702
-0.489
-1.182
2.250
-2.571
-2.410
-1.962
-1.439
-3.320
-2.169
0.218
1.417
-3.508
-1.614
1.745
1.425
-3.480
-1.308
-0.699
1.075
-4.105
-2.883
-4.066
-2.861
-3.670
-3.467
-3.595
-4.406
-2.763
-3.480
-3.047
-2.220
-3.389
-5.118
-3.544
-4.024
-4.737
-3.060
-4.047
-4.749
-3.412
-2.752
-3.400
-4.877
-3.640
-4.688
-3.223
-1.647
-4.739
-1.785
-2.668
-5.800
-0.183
-1.523
-2.290
3.037
-2.825
-4.649
1.290
-1.693
-3.257
1.816
-1.273
-3.503
-0.596
-5.207
-3.834
1.123
-3.060
-4.621
0.496
-2.310
-3.674
0.146
-3.854
-3.588
0.251
-2.548
-3.188
1.117
-1.270
-4.086
1.244
-4.019
-5.897
0.881
-0.949
-3.452
0.491
-0.312
-2.488
1.079
1.025
-3.044
-0.617
-2.484
-2.878
-0.125
0.002
-1.621
-1.187
-1.749
-2.026
-2.357
-2.463
-2.131
1.080
0.578
-3.313
-1.281
-2.127
-3.526
-0.531
-0.757
-1.955
-0.748
-1.362
-2.579
0.118
-1.846
-2.834
1.171
0.733
-2.762
-0.044
-1.887
-0.116
-2.018
0.003
-3.517
-0.689
-0.665
-3.077
0.919
-1.730
-1.577
0.985
0.139
-1.532
1.003
-2.380
-3.211
-1.926
-4.838
-0.496
-3.476
-5.291
-2.916
-2.712
-6.199
-1.906
-0.025
-5.452
-1.603
-2.039
-6.023
-2.520
0.922
-4.175
-2.737
0.079
-5.677
-1.319
-1.503
-5.030
-2.003
-0.584
-5.729
-2.595
-2.157
-6.092
-1.758
0.027
-3.064
-2.726
1.344
-2.322
-1.839
0.942
-1.058
-0.730
-1.178
-2.453
-2.369
0.064
-1.511
1.440
-0.225
-1.337
-2.308
0.027
-0.897
-1.261
-1.051
-0.805
0.503
1.028
-2.003
-1.572
0.256
-0.887
-1.866
-3.329
-3.401
-5.048
-2.376
-1.537
-1.540
-1.686
-2.314
-2.697
-4.874
-3.756
-3.566
-3.199
-1.428
-2.145
-2.583
-2.126
-2.964
-1.827
-2.928
-2.842
-4.371
-4.063
-4.115
-1.919
-2.880
-3.397
-4.819
-2.895
-3.097
-1.849
-3.773
-4.385
-3.580
-1.877
-3.676
0.248
-2.105
-0.918
-3.911
-2.608
-1.523
-3.422
-3.601
-3.317
-2.027
-2.482
-4.905
-0.973
-3.733
-4.107
-3.331
-3.002
-0.126
-1.651
-3.747
-3.698
-3.456
-1.638
-2.081
-4.161
-2.768
-4.767
-0.299
-0.397
-5.531
-3.930
-3.654
-1.555
-2.393
-4.270
-3.429
-4.489
-1.617
-1.056
-3.486
-1.876
-2.540
-1.254
-1.846
-4.227
-3.392
-3.845
-0.574
-0.735
-2.433
-1.821
-3.537
0.813
-2.294
-3.585
-3.229
-2.151
-1.695
-1.702
-3.891
-3.351
-2.991
-1.457
-2.864
-4.744
-2.635
-4.575
-4.138
-1.585
-5.149
-2.910
-3.408
-3.436
-0.564
-4.400
-4.470
-4.474
-3.573
0.438
-3.137
-2.127
-3.892
-4.897
-1.667
-2.261
-4.706
-1.881
-5.126
0.470
-4.181
-3.556
-3.031
-4.300
0.357
-4.145
-4.277
-3.742
-5.252
-1.962
-3.333
-3.414
-2.717
-3.752
-1.365
-2.775
-2.930
-2.258
-3.629
-1.678
-4.351
-3.146
-2.791
-5.520
-2.005
-4.661
-2.305
-6.262
-0.318
-2.286
-4.989
-1.643
-3.842
-0.758
-0.377
-3.879
-0.270
-3.285
-0.498
-2.305
-5.349
-4.627
-3.175
-1.462
-1.176
-3.658
-2.599
-3.276
-1.711
-2.151
-2.831
-2.181
-3.587
-0.523
-2.030
-3.567
-3.314
-2.315
-1.995
-2.608
-4.664
-1.889
-3.718
-1.354
-0.765
-4.053
-2.263
-2.829
-2.804
-1.648
-5.405
-2.563
-4.250
-2.290
-0.469
-1.782
-4.133
-5.505
-1.282
-4.434
-0.134
-3.447
-3.421
-0.433
-4.253
-0.687
-2.061
-2.408
-0.038
-3.701
-2.687
-2.286
-4.696
-2.668
-2.958
-1.835
-2.192
-0.502
-0.358
-5.004
-2.292
-2.888
-4.100
-1.264
-3.429
-1.338
0.284
-1.432
-3.725
-5.555
-2.621
-3.572
-5.390
0.337
-3.886
-1.627
-3.139
-5.047
-2.655
-4.662
-2.068
-3.878
-4.602
-1.646
-5.065
0.792
3.018
-2.541
1.849
-1.394
-0.648
1.583
-2.713
-0.578
-2.412
-0.322
1.803
-2.599
0.213
-0.206
-0.740
1.090
-3.919
1.200
-1.806
-2.421
0.482
-3.414
-0.135
-2.322
1.019
0.798
-1.814
-0.490
-1.518
0.285
0.874
-1.283
1.083
-2.853
-1.688
-0.785
-0.610
-1.233
-1.393
-0.103
0.454
-2.098
-0.250
-1.988
-2.162
-0.821
-2.652
0.256
-2.334
-3.516
-4.459
-2.519
1.130
-2.063
-4.610
-3.855
-3.015
0.593
-0.944
-2.986
-3.543
-2.185
-2.400
-3.482
-2.915
-3.937
-1.879
-0.325
-1.646
-4.756
-4.784
-2.880
0.028
-2.328
-2.252
-5.376
-2.012
-0.965
-2.890
-2.665
-4.390
-3.359
-0.551
-1.648
-1.679
-3.765
-2.359
0.012
-2.323
-2.078
-5.273
-2.285
0.778
-1.213
-3.414
-4.647
-2.511
-0.171
-3.985
0.884
-1.292
-1.986
-3.723
-4.463
2.065
-0.911
-3.591
-3.203
-4.262
3.010
-1.226
-3.526
-2.422
-3.098
1.057
-1.667
-3.963
-2.729
-3.492
1.988
-0.476
-3.377
-2.027
-4.644
3.192
-1.910
-2.141
-1.523
-3.653
3.166
-1.649
-2.497
-2.072
-3.112
1.681
-0.743
-3.058
-1.348
-4.152
1.660
-2.724
-2.768
-4.297
-3.187
2.178
-1.201
-2.476
-0.848
-4.050
-2.548
-0.016
-0.957
-2.273
1.755
-2.488
-1.455
-2.054
-3.904
-1.354
-0.861
-0.433
-1.685
-3.772
-1.709
-0.981
-1.603
-2.979
-3.934
-2.486
-0.829
-0.577
-1.668
-1.103
-0.742
0.790
0.344
-3.420
-1.180
-1.428
-0.195
-0.537
-1.482
-0.464
-0.642
0.263
0.688
-4.116
-2.630
-1.405
-2.227
-1.413
-3.825
-3.079
-2.667
-2.136
-2.630
-2.643
-2.940
-1.298
1.606
1.592
-1.349
-3.103
-2.993
2.174
-1.369
-0.575
-2.180
-3.340
3.196
0.439
1.003
-2.135
-0.626
3.128
0.272
0.155
-2.855
-2.536
2.201
0.236
-0.703
-2.790
-3.850
1.596
0.893
-0.373
-4.070
-2.384
2.027
-0.965
-0.328
-2.052
-2.271
2.942
1.984
-0.696
-1.612
-2.908
2.141
2.198
-0.304
-1.215
-3.413
-0.042
-0.037
0.206
-3.046
-3.150
-4.393
-3.095
-2.528
-2.003
-5.059
-4.239
-1.915
-4.988
-2.298
-2.440
-5.257
-2.569
-5.758
-3.787
-2.349
-2.016
-4.072
-2.868
-5.909
-2.258
-2.940
-4.324
-2.561
-6.703
-5.295
-3.288
-4.406
-1.323
-4.017
-4.277
-4.040
-2.595
-3.176
-4.127
-3.191
-2.891
-4.541
-3.441
-1.701
-3.842
-0.835
-0.709
-4.526
-1.456
-0.469
-3.822
-1.855
-0.959
-4.695
-2.137
-2.421
-4.395
-3.674
-2.828
-4.574
-2.137
-2.889
-4.154
-2.245
-0.813
-1.220
-4.566
-2.489
-3.349
-4.539
-2.393
-2.192
-4.954
-1.779
-1.536
-3.800
-0.882
-3.814
-4.022
-3.524
-2.315
-5.421
-2.286
-2.940
-3.835
-1.675
-2.703
-3.625
-3.155
-3.156
-2.885
-3.277
-2.338
-4.108
-1.081
-1.131
0.495
-3.868
-1.394
-2.173
-5.975
-1.160
-0.501
-2.895
0.974
-2.783
-3.780
0.387
-0.788
-6.360
1.245
-1.926
-4.299
-0.193
-0.103
-3.525
-0.716
-0.341
-3.973
0.084
-0.908
-5.469
0.196
-1.487
-2.419
-3.734
-2.974
-1.944
-2.445
-1.092
-2.301
-1.145
-2.865
-4.008
-1.765
-2.279
-3.216
-3.953
-1.366
-1.348
-0.963
-3.734
-2.862
-2.894
-1.876
-1.477
-1.887
-0.324
-1.164
-2.689
-2.924
-2.605
-3.486
-0.779
-1.046
-2.090
0.186
-1.957
-1.072
-1.068
-3.154
-0.266
0.544
-2.401
-0.574
-0.020
-0.351
-1.146
0.263
-4.508
-1.848
0.227
-3.960
-1.584
0.276
-1.946
-0.569
-0.055
-1.724
-2.664
-0.248
-2.122
-0.521
1.210
-2.901
