-3.364
-1.468
-2.176
-2.705
-1.676
-1.752
-4.578
-1.267
-1.060
-0.665
-0.132
-2.315
-2.060
-3.453
0.143
-1.368
-2.595
-3.660
-0.877
-0.315
1.694
0.706
-0.345
-1.193
0.346
-0.913
-0.649
1.615
-0.343
-1.126
1.670
-0.699
-1.055
-0.375
2.383
-1.199
-0.264
1.950
1.294
0.664
-3.382
0.799
-3.875
-4.787
0.152
-2.811
-3.546
0.381
-2.452
-3.885
1.032
-4.633
-5.492
1.031
-3.378
-3.771
0.830
-4.302
-3.311
-0.147
-2.175
-3.391
0.341
-3.524
-2.342
-1.170
-4.292
-3.874
-0.799
-4.912
-2.173
-1.369
-5.314
-1.609
-1.118
-4.565
-3.945
-2.036
-3.596
0.116
-2.795
-1.950
-4.090
-2.266
-1.129
-5.079
0.073
-1.999
-4.540
-3.956
-1.537
-2.287
-1.513
-3.286
-2.417
-0.475
-2.360
-3.233
-0.659
-2.061
-3.164
-2.905
-3.414
-3.220
-1.428
-4.479
-3.447
-2.727
-3.172
-4.373
-2.140
-4.025
-2.974
-1.451
-4.887
-3.676
-2.484
-4.757
-3.421
-1.556
-3.392
-3.350
-0.806
-3.234
-4.571
-1.055
-3.997
-3.859
-0.125
-5.253
-3.889
-5.953
-4.657
-1.348
-2.881
-1.669
-4.265
-5.095
-4.495
-4.207
-3.403
-1.571
-3.993
-3.516
-3.095
-4.772
-5.401
-5.136
-4.305
-4.838
-3.326
-3.128
-3.627
-3.835
-4.277
-4.572
-3.288
-3.806
-4.044
-4.886
-1.067
-3.776
-0.753
-0.947
-4.284
1.532
0.879
-1.596
-2.111
0.036
-4.137
-1.525
-1.164
-2.771
-1.002
-1.962
-2.330
-1.382
-1.251
-2.454
1.038
-2.712
-4.028
-0.085
-2.520
-4.568
-1.692
-1.510
-3.434
-1.707
-3.895
-3.929
1.556
-3.825
-4.043
1.755
-3.930
-4.437
1.463
-1.683
-2.319
1.769
-5.460
-3.771
0.511
-4.140
-4.528
1.216
-5.332
-4.248
2.246
-4.236
-4.996
1.391
-5.278
-4.492
0.074
-5.068
-3.075
0.104
-1.961
-5.073
-3.210
0.172
-2.239
-1.603
-1.068
-4.898
-1.244
-0.478
-3.434
-2.599
0.591
-2.579
-2.354
-0.074
-2.496
-1.611
-0.456
-2.817
-1.735
-0.782
-3.975
-1.723
0.244
-2.879
-1.223
-2.559
-2.576
-1.430
-0.596
-3.832
-4.494
-0.009
-3.001
-1.309
-1.100
-4.321
-2.392
-0.461
-3.885
-3.652
-0.605
-3.070
-3.892
0.300
-4.052
-2.311
-0.723
-2.276
-3.215
1.042
-2.809
-3.442
-0.809
-4.653
-4.206
-1.034
-3.114
-1.969
-1.120
-2.666
-0.727
-2.433
-1.854
-3.152
-3.403
-2.314
-2.918
-0.746
-0.851
-3.148
-2.420
-1.815
-1.533
-2.418
0.286
-3.870
-0.796
-2.652
-0.509
-2.691
0.286
-2.373
0.057
-3.727
0.610
-2.308
0.711
-2.682
0.382
-2.374
-0.593
-2.954
-0.175
-2.932
-3.671
-2.915
-3.086
-3.797
-5.041
-2.653
-3.363
-4.133
-4.639
-1.295
-3.481
-2.088
-4.544
-3.097
-5.163
-1.860
-4.732
-4.853
-4.002
-2.249
-4.020
-3.937
-5.440
-2.958
-1.416
-2.085
-0.716
0.019
-1.656
-0.677
-1.420
-1.304
-0.271
-2.269
0.048
-1.476
-2.950
-1.707
-0.852
-1.680
-0.920
-2.511
-2.424
-2.711
-2.342
-3.249
-1.427
-1.358
-2.663
-3.008
-2.254
0.367
0.412
-1.722
-2.738
-3.784
-3.270
-1.276
-1.995
-2.499
-2.505
-2.362
-1.604
-1.630
-1.036
-3.800
-1.550
-2.034
-4.490
-0.786
-1.234
-2.353
-0.352
-2.224
-3.192
-3.237
-2.704
-2.783
-1.061
-1.933
-3.187
-1.601
-1.351
-4.000
-1.510
-1.832
-2.096
-3.543
-1.373
-3.395
-2.593
-2.978
-2.797
-1.866
-2.342
-2.680
-1.752
-3.047
-1.707
-4.811
-2.818
-2.201
-3.008
-3.640
-1.596
-2.515
-2.926
-4.071
-2.938
-4.413
-4.508
-3.340
-1.399
-2.234
-2.009
-5.029
-3.172
-3.560
-2.966
-5.641
-3.267
-3.465
-3.204
-2.782
-5.139
-4.977
-3.134
-1.820
0.216
-1.989
-2.294
-3.827
-2.298
-2.602
-2.208
-5.216
-0.837
-3.167
-2.938
-5.616
-1.966
-3.302
-2.650
-3.843
0.262
-2.645
-0.913
-4.631
-1.931
-2.548
-3.088
-4.919
-2.388
-2.947
0.083
-5.398
-0.533
-3.625
-2.704
-5.518
-3.061
-1.280
-3.137
-4.750
-4.419
-1.271
-3.084
-1.144
-3.479
-4.588
-2.159
2.010
-4.048
-5.271
-3.032
-1.204
-3.729
-2.911
-2.335
-0.668
-4.303
-3.650
-3.651
-0.957
-3.487
-4.218
-4.891
-1.600
-4.582
-3.269
-4.032
0.641
-3.054
-2.787
-4.396
-0.095
-5.389
-5.137
-4.193
0.272
-6.436
-3.070
-3.620
-1.597
-2.689
1.239
-2.297
-3.347
-3.195
-0.275
0.281
-1.491
-3.986
-1.551
-0.023
-2.444
-2.630
-0.580
-0.640
-3.045
-2.949
-0.039
0.372
-2.140
-3.383
-0.218
-1.246
-1.751
-4.211
-0.344
-0.632
-1.231
-3.387
-0.942
-1.277
-3.159
-2.990
0.376
-0.032
-1.391
-2.488
-1.197
-1.643
-2.805
-2.674
-1.576
-2.903
-0.604
-2.552
-1.199
-1.724
-0.359
-1.020
-2.218
-2.845
-0.111
-0.388
-2.392
-0.820
-0.336
0.201
-2.244
-0.810
-1.043
-0.525
-1.591
-1.105
-0.933
-0.496
-1.600
-1.009
-0.635
-1.911
-6.141
-1.187
-0.404
0.693
-2.780
-1.991
-3.081
-1.129
-2.765
-1.923
-1.363
-1.820
-2.913
-2.749
-2.373
-2.151
-4.022
-3.685
-4.319
-2.164
-2.943
-3.072
-2.651
-0.404
-3.902
-2.823
-2.757
-0.738
-1.992
-2.769
-2.844
-0.930
-2.660
-2.850
-2.842
-1.730
-3.235
-4.361
-2.294
-0.842
-3.737
-2.650
-3.657
-0.512
-3.198
-2.787
-3.490
-2.170
-2.893
-1.711
-4.186
0.267
-3.776
-1.369
-3.429
0.243
-2.849
-1.129
-1.551
-0.910
-3.672
-1.016
-3.046
-1.233
-3.598
-1.022
-4.257
-0.861
-4.504
-2.036
-1.960
-0.434
-3.300
0.114
-1.772
0.258
-1.686
-1.210
-1.658
-0.192
-2.515
-1.855
-3.632
-2.235
-3.279
-3.051
-1.827
-1.019
-4.130
0.577
-1.188
-4.102
-3.905
-2.574
-1.087
-3.562
-2.384
-2.154
-2.383
-3.243
-3.132
-2.056
-0.756
-3.062
-1.594
-3.976
-1.112
-2.289
-3.228
-2.096
-0.292
-3.367
-3.731
-1.940
-1.714
-2.558
-3.108
-2.543
-1.030
-3.239
-2.636
-3.511
-1.772
-3.317
-2.041
-2.192
-1.433
-3.517
-4.394
-2.492
-1.669
-1.046
-1.852
0.347
-4.794
-1.805
-0.002
-2.501
-4.502
-2.210
-1.893
0.025
-4.451
-3.858
-2.023
-1.684
-4.275
-2.976
-1.006
-1.696
-4.153
-2.662
0.543
-0.293
-2.598
-3.574
-2.800
-1.146
-5.195
-3.271
-1.987
0.270
-4.066
-3.155
-1.052
-0.485
-4.748
-3.230
-0.777
-1.506
-1.727
-1.066
-2.991
-1.765
-2.718
-0.390
-1.947
-3.771
-3.754
-1.229
-2.654
-2.817
-1.776
-3.044
-1.540
-4.140
-3.793
-0.311
-1.951
-3.564
-2.403
-1.964
-2.390
-3.704
-0.683
0.096
-0.137
-3.462
-1.298
-2.838
-2.513
-3.765
-2.890
-1.672
-3.971
-2.757
-3.609
-0.381
-2.931
-2.679
-3.327
-2.384
-2.315
-2.620
-2.957
-1.802
-1.134
-3.181
-2.103
-2.156
-2.395
-2.796
-2.774
-2.055
-2.324
-3.198
-1.854
-3.368
-2.248
-4.351
-2.358
-3.071
-1.288
-2.267
-1.258
-2.436
-0.300
-3.903
0.949
-1.324
-1.852
-3.422
-0.552
-3.625
-0.590
-1.923
-0.369
-3.565
-0.673
-3.113
-0.189
-1.655
-0.228
-1.472
0.016
-1.775
-2.510
-1.484
-1.454
-0.346
-0.637
-0.843
-0.347
-1.939
-1.201
-3.565
-0.304
-1.966
-1.260
-1.793
-2.656
-2.560
-2.882
-3.997
-2.311
-4.187
-0.987
-2.689
-2.084
-3.472
-1.567
-3.416
-0.903
-1.766
-2.329
-2.506
-1.540
-2.712
-3.113
-2.069
-1.090
-2.943
-2.810
-4.714
-2.471
-2.879
-1.392
-2.721
-1.883
-1.468
-1.544
-2.278
-2.362
-2.608
-0.084
-2.889
-0.556
-4.496
-1.203
-2.645
-2.845
-3.539
-2.557
-3.015
-1.613
-1.226
-1.731
-1.091
-2.175
-3.295
-3.389
-2.990
-2.902
-0.458
-3.883
-3.726
-2.138
-0.316
-3.247
-1.855
-2.512
