4.891
5.943
4.753
6.125
3.981
4.796
2.280
7.047
5.368
5.077
6.233
6.105
7.139
1.381
6.240
5.568
6.856
4.271
5.402
4.310
6.573
5.454
6.510
5.485
6.866
4.057
5.665
6.701
6.592
4.658
5.508
3.350
3.427
4.658
5.014
3.749
2.085
6.434
5.963
5.032
5.490
6.341
5.654
7.058
6.426
7.329
6.081
7.391
6.849
5.261
5.609
6.451
2.583
2.926
1.619
2.764
-1.045
4.267
5.203
1.767
3.014
3.724
2.285
3.557
3.987
3.822
2.011
3.516
2.775
2.798
4.802
4.278
4.574
0.846
3.641
4.912
2.747
2.660
5.017
3.365
3.295
4.788
4.093
3.279
3.161
3.865
2.807
4.712
3.988
3.575
2.160
5.125
5.040
1.413
3.069
3.163
4.595
3.782
4.456
3.007
4.096
3.673
5.942
4.790
3.102
3.850
4.405
2.763
4.924
3.613
4.844
3.287
3.072
2.999
3.189
2.725
3.637
4.753
2.184
3.009
4.374
3.311
2.926
4.237
3.957
2.332
3.781
2.880
3.806
3.212
4.419
3.961
6.930
4.346
4.946
4.818
3.948
6.142
3.566
4.039
4.027
4.981
5.769
0.673
4.032
3.417
3.243
5.193
4.563
4.103
5.206
6.005
4.165
5.111
4.691
3.381
5.075
5.502
4.024
5.681
5.402
4.389
4.891
3.172
4.697
7.021
4.887
3.744
4.492
5.201
5.952
4.595
1.013
5.073
4.184
4.504
4.660
4.815
1.541
3.447
3.253
5.924
6.592
5.982
6.797
7.205
6.214
6.602
4.955
0.719
-0.317
4.910
6.928
6.523
5.610
5.833
5.133
6.547
4.100
3.902
3.712
6.349
5.418
3.516
5.625
4.632
6.683
5.888
7.098
6.090
3.308
3.951
1.716
3.476
4.164
4.053
3.215
3.637
3.062
2.113
6.169
7.235
7.419
5.422
7.941
6.177
7.737
5.184
6.282
6.824
6.218
6.159
6.367
4.712
8.077
6.672
5.269
7.156
7.471
8.446
5.765
6.302
3.652
4.533
5.494
5.710
5.377
6.209
5.434
5.567
8.178
6.713
7.352
7.007
7.241
8.287
5.964
6.682
6.677
3.498
4.570
4.282
5.807
5.137
6.324
4.574
5.895
5.977
4.727
4.947
6.318
6.827
7.097
6.164
5.740
6.449
5.839
3.321
5.069
5.877
5.319
4.374
6.733
6.934
6.821
7.416
6.627
5.411
4.478
5.343
4.643
4.461
5.789
4.310
4.185
6.094
5.329
2.074
5.682
5.868
5.697
6.273
7.463
2.226
6.807
6.772
7.723
5.660
5.593
2.345
5.306
5.574
5.245
5.761
3.939
4.462
5.198
5.092
4.726
6.717
5.376
5.202
4.862
6.921
6.024
3.799
5.263
3.196
5.152
5.343
3.647
6.381
4.599
2.132
4.587
6.358
6.036
6.230
3.897
6.983
