3.764
4.692
3.751
4.924
3.331
3.848
1.811
5.120
3.930
4.396
5.293
5.068
5.983
0.266
4.572
4.455
5.358
3.115
5.300
2.822
5.134
3.834
5.047
4.488
5.987
4.563
4.440
5.599
6.185
3.226
4.379
3.464
2.792
3.922
4.088
3.116
1.946
5.847
5.404
4.764
4.674
5.675
5.296
5.375
6.240
5.819
4.885
6.006
6.031
3.587
4.862
5.693
1.800
1.360
1.205
3.591
-1.524
3.082
5.042
2.928
2.105
2.531
1.597
3.055
2.423
2.465
1.909
2.025
2.322
1.581
4.042
3.640
4.379
0.399
4.032
4.474
2.894
2.348
4.413
2.812
0.665
2.562
1.892
-0.159
1.657
3.377
1.377
2.181
3.174
2.936
0.421
3.287
3.512
1.617
3.123
2.757
1.323
1.291
3.032
2.869
2.582
2.521
4.344
3.312
2.962
3.060
3.305
3.608
4.577
2.826
3.467
3.513
2.389
2.456
3.702
2.915
2.706
3.562
2.354
3.188
2.795
2.260
1.728
2.886
3.080
0.570
2.579
1.197
2.184
1.673
3.775
2.809
6.739
3.778
5.329
3.618
3.799
6.078
3.178
3.676
2.852
2.930
4.773
-0.350
3.317
2.511
2.254
4.458
3.316
3.383
4.784
3.716
2.825
2.507
3.713
3.145
3.179
3.313
2.778
3.643
4.122
2.853
3.117
1.153
3.978
5.904
3.470
2.257
3.374
4.195
5.593
3.325
1.620
2.320
3.107
3.336
2.989
4.869
-0.022
2.753
2.166
6.104
5.050
4.285
5.101
4.581
4.284
5.054
3.257
-0.696
-0.663
4.481
5.800
4.910
3.746
5.242
3.980
4.756
3.621
2.544
2.326
5.026
3.485
2.884
3.871
4.550
5.119
3.939
5.098
5.313
3.426
5.273
3.764
5.012
4.621
5.545
3.520
5.315
5.339
4.544
5.313
7.197
6.469
5.444
6.795
6.049
7.181
4.971
5.070
6.337
6.133
5.074
5.907
4.243
7.714
6.080
4.692
5.779
6.528
7.495
5.735
5.015
3.235
2.384
4.932
5.131
4.307
4.780
4.825
4.362
7.623
7.092
6.422
7.535
6.219
7.515
5.649
6.310
6.037
3.517
5.126
4.156
6.407
5.389
7.331
5.277
6.258
6.621
4.513
4.134
5.896
5.880
6.627
5.241
5.600
6.199
5.959
3.799
4.178
6.191
2.466
3.321
5.877
4.550
5.707
4.654
5.823
3.809
3.233
4.834
4.068
3.526
4.743
2.901
3.551
5.347
4.476
1.023
4.115
5.122
5.274
5.327
6.675
1.466
5.350
5.698
6.483
4.263
5.351
1.936
4.568
5.605
5.016
5.275
3.795
4.118
5.114
5.588
3.929
6.699
4.115
4.202
3.505
4.922
4.718
2.480
4.809
3.256
4.297
5.694
2.853
5.673
3.207
1.681
3.379
5.290
3.894
4.542
2.895
6.182
