-7.812
-4.578
-5.212
-5.701
-6.422
-6.216
-7.180
-6.954
-6.799
-6.684
-9.526
-7.488
-8.124
-7.729
-8.165
-6.865
-7.908
-4.692
-4.553
-4.296
-6.143
-7.838
-9.392
-5.266
-10.005
-5.972
-8.358
-6.608
-3.545
-5.428
-12.834
-6.606
-5.017
-1.707
-10.954
-7.338
-5.316
-5.503
-7.167
-6.008
-4.117
-1.056
-1.967
-7.124
-4.625
-5.406
-3.070
-5.785
-4.851
-5.801
-5.390
-4.168
-8.088
-4.330
-7.438
-8.058
-5.170
-5.669
-6.278
-8.746
-3.318
-5.871
-3.116
-5.739
-3.167
-5.459
-4.950
-6.128
-2.443
-4.896
-1.323
-3.210
-1.806
-2.922
-2.934
-5.659
-3.471
-6.716
-0.282
0.530
-5.786
-9.433
-6.505
-4.631
-1.469
-7.486
-1.652
-4.473
-2.127
-8.471
-7.004
-7.779
-2.280
-8.230
-6.271
-10.498
-5.143
-7.870
-4.780
-8.290
-1.625
-8.856
-0.976
-6.747
-1.210
-9.151
-3.907
-6.709
-5.954
-13.123
-10.121
-3.971
-2.632
-10.341
-6.104
-8.075
-2.907
-9.545
-2.524
-5.617
-2.362
-7.098
-5.093
-6.744
0.195
-8.384
-4.053
-12.533
0.220
-8.503
-4.127
-12.209
-1.619
-8.114
-4.739
-9.160
-0.278
-5.644
-2.416
-8.755
-0.019
-5.289
-0.314
-8.043
0.440
-9.329
-6.434
-11.598
-1.198
-11.449
-9.246
-9.930
-5.016
-6.976
-6.871
-7.807
-0.780
-6.860
0.192
-7.471
3.822
-7.615
-4.011
-9.078
2.441
-5.632
-0.688
-5.958
4.327
-7.721
-1.806
-9.625
4.119
-7.720
-4.546
-9.140
3.241
-7.816
-6.233
-6.594
2.623
-4.766
-2.451
-7.603
3.678
-4.477
-1.583
-7.086
-0.918
-6.649
-7.303
-5.759
3.498
-6.337
-5.262
-6.544
4.161
-5.228
-2.861
-11.674
-3.993
-0.348
-1.894
-3.009
-8.386
-5.803
-6.247
-4.299
-5.745
-2.080
-3.414
-6.118
-5.691
-4.145
-8.618
-3.438
-4.170
-4.228
-3.400
0.719
-5.521
-2.273
-3.839
-2.443
-4.413
-6.124
-6.362
-0.778
-7.018
-5.196
-6.028
-2.271
-2.636
-3.452
-4.149
-3.602
-8.164
-4.359
-4.829
-3.975
-5.580
-5.406
-8.178
-9.247
-2.483
-3.473
-6.610
-3.943
-0.460
-2.417
-7.448
-4.486
1.002
2.260
-1.981
-1.521
-4.053
-6.752
-5.717
-5.292
-1.480
-1.867
-8.092
-4.823
-2.192
-1.187
-5.995
-4.566
-2.094
-3.580
-7.942
-6.376
-5.739
-5.553
-7.068
-9.526
-1.745
-2.196
-4.662
-3.226
-6.276
-6.699
-1.038
-0.144
-0.006
-1.570
1.215
-0.579
-3.486
-2.390
-0.796
-3.222
-2.139
-5.841
0.273
1.218
-2.658
-3.752
-0.997
0.868
-4.094
-4.996
-0.601
0.189
-2.603
-4.198
-4.739
-1.362
-6.837
-5.972
-2.317
-1.522
-7.228
-7.846
-3.900
-2.817
-2.852
-2.873
-3.548
-0.296
-3.411
-6.342
-4.936
-1.958
-2.388
-3.641
-3.585
0.693
-1.896
-3.225
-4.297
-2.429
-2.837
-6.250
-5.379
-2.300
-4.522
-6.829
-5.890
-2.647
-4.394
-7.198
-4.990
-2.893
-3.836
-3.353
-1.261
0.566
-2.928
-7.589
-4.995
-2.301
-4.199
-5.951
-3.631
-2.441
-8.712
-7.914
-5.792
-2.867
4.885
-0.010
-1.769
-0.209
5.540
2.626
-4.003
-0.775
4.324
-1.657
-5.880
-4.864
2.299
-4.651
-5.615
-4.323
4.331
2.910
-1.062
2.192
3.673
0.815
-2.489
-2.014
1.937
-2.536
-4.132
-2.255
1.257
-0.790
-5.341
-4.316
3.936
1.542
-3.706
-1.747
-2.073
-3.434
-9.941
-8.387
-6.285
-7.132
-9.434
-5.410
-8.430
-9.154
-6.140
-8.147
-10.223
-4.350
-6.669
-10.984
-5.720
-9.657
-9.279
-8.021
-10.261
-10.633
-3.960
-6.308
-8.052
-6.681
-7.267
-7.012
-6.821
-9.081
-8.238
-4.121
-9.820
-12.496
-1.929
-2.357
-7.866
2.470
-0.319
-10.807
-0.812
-2.625
-8.242
1.939
-1.348
-9.536
-4.323
-5.606
-9.299
-0.209
-1.393
-7.093
-1.814
-2.982
-6.947
-0.514
-3.077
-8.965
-1.112
-0.799
-12.087
1.891
0.680
-10.084
3.862
-1.629
-9.219
-2.699
-5.582
-8.044
-1.656
-4.443
-9.450
1.266
-1.671
-7.597
-2.041
-5.213
-9.195
0.146
0.520
-6.486
-3.803
-6.200
-10.191
-7.974
-6.549
-1.931
0.677
-0.946
-9.351
2.831
-0.841
-6.451
-0.364
-3.166
-4.222
1.555
0.024
-2.688
1.647
-4.121
0.125
1.053
-1.851
-3.737
0.827
-1.598
0.379
-3.145
-3.206
-6.796
0.805
-3.029
-5.942
0.454
-4.622
-4.339
3.127
0.232
-2.176
3.686
-2.689
-2.029
-4.370
-7.014
-0.200
-5.279
-7.507
-1.519
-6.587
-7.228
-0.810
-1.537
-5.385
-0.880
-5.105
-6.915
-0.796
-2.776
-9.555
-2.311
-2.469
-8.407
-2.719
-1.690
-8.213
0.008
-3.771
-4.672
0.239
-6.103
-5.594
-1.704
0.884
-1.009
-1.281
3.925
-2.604
-3.239
3.384
-3.803
-0.451
0.521
-3.887
-3.256
2.654
-0.145
-1.664
0.144
-2.453
-4.825
2.360
0.666
-0.795
-1.534
0.339
2.440
2.129
-2.131
-0.219
-3.384
-0.245
-0.389
-5.393
-5.495
-6.749
-7.134
-6.561
-6.623
-4.712
-4.991
-8.581
-9.748
-8.653
-7.113
-4.684
-6.514
-8.321
-6.781
-5.009
-5.669
-5.802
-5.590
-5.506
-4.548
-7.175
-7.513
-6.502
-9.054
-6.435
-6.119
-7.183
-8.667
-3.961
-2.865
-5.380
-8.132
-4.867
-3.175
-1.231
-2.271
-5.528
-4.578
-4.675
-5.269
-6.320
-9.154
-6.103
-7.327
-4.578
-5.494
-4.855
-6.613
-5.608
-4.856
-4.444
-2.488
-7.802
-8.258
-4.663
-7.391
-3.991
-7.934
-6.911
-4.304
-8.578
-2.445
-4.764
-7.528
-4.731
-5.434
-3.880
-6.283
-6.070
-6.276
-6.995
-3.674
-8.187
-7.871
-6.222
-7.532
-4.603
-10.227
-7.624
-4.315
-6.227
-3.528
-5.496
-6.324
-4.900
-7.192
-1.587
-8.056
-6.620
-6.422
-6.117
-2.624
-8.669
-11.023
-6.211
-5.981
-5.366
-11.405
-6.227
-2.874
-2.375
-6.711
-5.177
-5.735
-4.725
-6.146
-9.632
-0.320
-6.999
-9.482
-7.692
-8.582
-2.163
-8.525
-6.646
-7.424
-11.032
-2.951
-3.655
-6.259
-5.075
-8.502
-0.984
-6.740
-5.989
-4.453
-9.387
0.087
-6.051
-3.949
-4.545
-5.752
-1.210
-8.323
-5.525
-5.555
-9.519
-2.529
-5.498
-4.872
-3.927
-7.164
-2.443
-9.034
-8.590
-3.640
-9.707
-5.983
-6.910
-3.180
-5.563
-3.347
-3.140
-6.820
-1.931
-2.953
-2.743
-3.798
-5.656
-1.256
-4.055
-1.371
-4.480
-8.005
-3.690
-3.510
-4.948
-1.314
-3.588
-4.650
-3.988
-5.110
-3.014
-3.652
-1.854
-4.001
-2.853
-3.030
-5.534
-4.427
-5.541
-8.908
-7.946
-6.554
-1.854
-4.927
-3.552
-0.546
-5.918
-3.806
-3.096
-6.373
-3.767
-3.419
-2.104
-2.664
-2.432
-0.901
-6.145
-9.534
-7.008
-5.819
-9.444
-6.148
-8.370
-6.870
-6.314
-12.807
-4.530
-4.992
-4.717
-1.956
-7.039
-5.914
-7.929
-8.371
-8.801
-10.747
-3.228
-3.889
-1.183
-3.019
-7.338
-5.691
-4.250
-5.592
-5.094
-7.604
-5.420
-2.336
-2.176
-4.767
-7.564
-5.366
-5.946
-7.532
-5.356
-8.798
-8.189
-7.143
-7.441
-6.480
-10.387
-5.639
-6.655
-7.016
-5.714
-11.036
0.770
1.816
-6.292
1.349
-6.438
2.366
1.101
-9.437
-2.870
-7.519
1.629
2.006
-5.287
-1.386
-6.075
-2.108
0.023
-8.690
-0.825
-8.144
-2.735
0.400
-8.224
0.971
-4.088
1.542
0.859
-7.214
-0.104
-8.020
2.451
1.529
-8.278
-0.887
-6.650
-3.341
1.812
-3.468
-1.961
-4.740
2.546
0.364
-7.423
-1.985
-6.280
0.327
2.137
-6.374
0.160
-1.216
-8.656
-7.449
-12.894
-0.464
-4.612
-7.296
-6.607
-9.785
-1.832
-4.569
-8.607
-5.442
-10.501
-3.763
-2.611
-8.830
-9.340
-11.932
-3.589
-4.037
-9.025
-3.985
-11.816
-0.666
-5.273
-6.779
-7.823
-10.768
-3.210
-4.989
-7.484
-4.500
-8.973
-4.120
-2.282
-5.794
-5.223
-9.240
2.545
-6.264
-7.004
-7.453
-10.121
-2.606
-3.889
-8.553
-9.873
-13.242
-4.580
-11.087
-0.577
-4.875
-7.524
-6.927
-10.583
1.144
-3.864
-9.152
-5.442
-11.029
-0.699
-6.063
-9.842
-6.287
-9.337
-1.315
-4.573
-10.061
-7.967
-9.807
1.455
-2.574
-12.878
-5.725
-10.898
-0.609
-7.259
-8.857
-5.163
-11.530
-0.709
-0.961
-5.055
-5.296
-5.817
-1.940
-2.369
-8.516
-5.366
-9.644
-3.306
-3.720
-10.703
-7.528
-10.962
-1.743
-1.036
-7.441
-6.002
-8.406
-5.297
-0.825
-5.729
-5.590
-2.124
-1.266
0.693
-8.892
-6.795
-8.111
-4.498
0.707
-8.600
-6.278
-3.401
-2.288
-0.807
-6.675
-6.137
-7.623
-1.042
-1.540
-5.672
-3.736
-3.144
-0.709
4.109
-7.246
-4.216
-4.188
-2.811
0.831
-6.046
-4.822
-4.189
-0.539
-1.643
-10.246
-5.971
-7.532
-3.295
-3.392
-11.417
-6.428
-6.628
-3.792
-3.894
-11.021
-5.657
-7.470
-3.606
3.417
-0.351
-6.158
-9.190
-2.451
3.307
-0.598
-6.637
-6.250
-2.241
3.580
-0.992
-7.109
-7.555
-2.084
4.748
1.551
-5.607
-5.670
-1.878
2.074
-2.659
-5.560
-9.389
-0.064
1.645
-2.948
-7.190
-8.447
-0.465
-1.113
-4.381
-4.870
-6.397
-1.917
2.664
-4.832
-5.516
-9.197
-3.710
1.171
-4.209
-6.011
-9.055
-6.186
1.892
-1.898
-7.681
-8.703
-5.266
-8.221
-4.833
-4.500
-10.361
-8.305
-2.111
-10.113
-6.342
-3.380
-10.720
-5.003
-9.760
-8.860
-6.635
-6.671
-8.251
-6.184
-8.338
-6.459
-4.967
-6.652
-6.415
-6.030
-7.888
-7.735
-5.940
-5.500
-6.874
-6.249
-13.232
-6.591
-5.160
-15.398
-7.486
-8.901
-13.065
-6.485
-4.616
-12.877
-6.094
-4.636
-13.666
-7.838
-5.736
-12.308
-6.381
-5.371
-13.582
-8.584
-3.821
-14.948
-9.131
-7.461
-15.153
-5.245
-6.697
-12.164
-4.164
-2.551
-8.347
-11.376
-3.590
-7.497
-12.285
-6.494
-7.509
-10.000
-3.835
-4.839
-8.799
-2.934
-8.107
-6.017
-4.813
-4.114
-10.657
-4.520
-5.629
-11.276
-5.096
-7.253
-9.031
-4.727
-6.960
-10.906
-7.782
-7.487
-10.896
-6.258
-2.297
-4.734
-10.603
-2.529
-3.722
-9.476
-4.986
-4.444
-9.984
-0.428
-4.452
-9.123
-2.686
-4.209
-10.708
-1.781
-1.585
-7.013
-2.035
-2.510
-9.204
-1.398
-3.048
-10.065
-2.470
-0.331
-8.912
0.065
-2.816
-8.316
-7.025
-5.292
-7.028
-4.625
-3.013
-7.074
-1.710
-3.839
-7.297
-4.265
-7.666
-8.533
-5.853
-4.856
-5.841
-1.165
-6.519
-7.387
-4.930
-3.758
-2.898
-4.689
-4.693
-3.947
-4.598
-4.930
-5.852
-8.087
-2.923
-7.295
-5.178
-4.143
-6.417
-2.910
-4.299
-5.782
-5.143
-1.809
-7.171
-5.536
-2.931
-8.909
-3.051
-3.820
-8.324
-3.743
-3.420
-8.457
-5.375
0.748
-8.276
-5.825
1.044
-9.723
-5.961
-3.452
-8.353
-1.396
-1.488
-8.049
