-8.060
-6.123
-1.514
-8.619
-2.328
-6.113
-6.571
-4.882
-4.449
-1.799
-5.344
-5.246
-4.150
-2.992
-2.235
-4.272
-5.134
-4.607
-5.296
-3.573
-2.112
-2.580
-4.066
-1.475
-3.144
-1.338
-0.769
-2.090
-1.870
-2.790
1.306
3.455
1.787
4.187
1.902
0.381
-1.827
3.359
1.047
1.824
-5.782
0.259
-9.411
-4.384
1.990
-7.338
-5.380
1.020
-8.436
-5.758
1.398
-8.955
-6.577
1.141
-8.109
-6.323
0.787
-7.911
-5.941
-0.236
-6.927
-3.785
0.308
-6.744
-3.636
-1.886
-6.919
-3.818
-2.504
-9.840
-1.997
-2.582
-8.053
-0.521
-0.554
-6.930
-4.419
-3.781
-6.587
0.887
-4.815
-3.755
-4.967
-3.762
-2.545
-5.404
-0.689
-4.776
-6.913
-4.363
-4.666
1.352
-2.068
-6.504
-2.384
-0.267
-6.120
-3.526
-1.212
-7.162
-6.905
-5.035
-5.351
-9.347
-4.116
-9.928
-8.219
-7.665
-7.543
-8.231
-3.059
-10.930
-7.387
-3.384
-8.877
-6.433
-3.785
-7.588
-10.531
-6.812
-7.020
-7.428
-5.304
-9.502
-10.117
-4.120
-11.876
-5.851
-3.554
-9.240
-11.673
-12.348
-8.062
-7.177
-6.286
-4.106
-10.658
-9.971
-6.849
-7.824
-9.982
-6.226
-5.609
-8.436
-5.293
-8.035
-11.199
-6.708
-6.176
-7.342
-3.247
-7.358
-9.555
-7.482
-7.882
-9.278
-6.371
-7.530
-10.526
-6.815
0.385
-3.675
2.310
1.983
-4.470
3.049
2.757
-3.812
-1.859
0.088
-5.772
-2.331
2.197
-1.507
2.074
0.684
-3.949
0.473
3.425
-2.220
3.140
-1.562
-5.620
1.400
0.007
-6.952
1.337
1.269
-6.153
-0.097
-2.140
-3.203
1.825
-2.538
-5.211
1.625
-3.535
-6.659
3.199
-2.091
-4.089
3.140
-2.517
-5.888
4.417
-1.136
-2.526
3.283
-2.221
-4.303
5.217
-0.795
-2.550
1.630
-1.512
-0.430
2.487
-3.643
-4.229
4.951
-2.175
-5.777
-3.741
0.751
-3.896
-2.694
0.361
-4.244
-1.125
-2.031
-2.916
-0.926
-0.023
-4.494
-2.614
-0.656
-6.923
-5.212
0.677
-7.972
-4.884
0.416
-2.684
-0.109
-1.870
-8.388
-5.102
-1.584
-8.906
-5.933
4.315
-4.916
0.125
3.595
-2.383
1.450
2.994
-3.813
-2.992
-1.182
-3.872
-2.218
2.193
-2.789
-0.882
2.469
-2.677
-2.114
4.979
-1.201
-1.027
1.945
-1.339
0.254
1.429
-5.868
-1.531
2.760
0.542
3.583
1.690
-9.869
-3.006
-10.993
-4.564
-6.140
0.549
-6.345
-1.246
-3.390
-0.599
-7.080
-0.918
-7.316
0.340
-7.865
1.385
-9.193
-0.169
-9.739
-1.456
-6.885
3.436
-9.986
-0.629
-11.955
0.672
-9.455
-1.497
-8.968
-1.209
-10.224
0.316
-9.346
-0.569
-8.535
-3.400
-10.093
-3.055
-11.244
-11.788
-8.316
-8.777
-8.234
-11.008
-7.036
-8.434
-6.451
-7.341
-7.419
-8.193
-5.016
-8.898
-9.025
-9.038
-6.443
-11.202
-8.061
-7.913
-10.154
-4.620
-2.488
-6.846
-2.648
-7.287
-4.513
-4.568
-5.402
-6.368
-6.111
-3.280
-2.686
-7.950
-4.581
-6.440
-1.027
-3.817
-3.706
-8.945
-6.989
-2.366
-4.533
-3.671
-1.606
-3.604
-3.519
-0.379
-1.486
0.714
-6.641
-0.208
-1.677
-0.309
-1.840
-1.872
-4.979
-4.145
-4.619
-3.913
-3.209
-3.814
-5.605
-1.252
-2.008
-6.457
0.165
-4.360
-4.952
-1.857
-4.191
-6.374
-4.123
-1.962
-1.535
-3.305
-3.884
-4.624
-0.749
-1.495
-4.188
-6.987
-1.922
-6.025
-6.829
-6.269
-7.994
-8.837
-7.854
-6.183
-4.951
-6.523
-4.940
-7.444
-7.481
-8.133
-8.468
-6.071
-6.965
-9.467
-6.064
-6.801
-5.559
-6.445
-7.981
-6.453
-9.453
-10.381
-8.306
-4.686
-3.648
-5.878
-6.658
-4.677
-5.345
-6.158
-5.791
-4.542
-3.292
-7.484
-6.395
-9.066
-7.915
-7.874
-9.407
-7.190
-6.031
-7.083
-11.621
-7.430
-5.845
-2.507
-8.907
-7.495
-4.557
-5.126
-9.589
-4.247
-4.635
-1.135
-8.152
-5.281
-7.011
-5.990
-10.403
-4.827
-2.696
-5.388
-8.637
-5.562
-6.112
-0.637
-10.387
-5.997
-8.097
-6.891
-11.522
-6.318
-2.503
-6.306
-7.597
-1.773
-5.480
-1.733
-5.535
-3.296
-8.766
-4.721
-2.273
-5.111
-8.953
-5.427
-7.205
-3.982
-5.611
-3.478
-5.702
-5.080
-5.142
-5.985
-5.001
-1.129
-5.447
-4.690
-6.709
-4.345
-4.752
-4.636
-3.988
-3.849
-6.965
-7.367
-5.597
-1.638
-6.197
-5.293
-2.228
-5.806
-5.167
-5.318
-6.205
-4.508
-1.500
-1.736
-3.909
-6.446
-0.905
-0.762
-1.496
-9.957
-4.165
-1.481
-4.662
-9.359
-4.357
-0.623
-5.764
-6.664
-1.980
2.266
-2.269
-9.404
-4.511
-2.522
-5.158
-10.920
-2.625
-1.655
-5.357
-7.979
-2.728
0.359
-3.911
-6.352
-2.109
-0.502
-4.515
-7.497
-4.721
-3.048
-4.793
-3.163
-4.216
-5.378
-3.036
-2.958
-2.756
-1.685
-2.200
-2.470
-6.305
-5.078
-2.322
-2.371
-4.727
-4.303
-3.334
-1.359
-5.268
-1.502
-4.034
-4.676
-4.445
-4.582
-4.333
-2.259
-4.330
-2.065
-5.425
-5.644
-8.835
-3.140
-4.207
-5.399
-5.858
-1.312
-8.802
-1.084
-6.663
-3.163
-4.241
-5.101
-2.258
-8.432
-6.615
-8.194
-9.346
-8.806
-9.115
-10.023
-5.541
-8.742
-7.547
-2.890
-5.184
-7.008
-9.394
-8.150
-1.976
-7.692
-5.781
-7.790
-1.641
-6.561
-4.997
-9.001
-7.048
-9.191
-9.415
-6.404
-6.892
-7.895
-7.604
-9.381
-2.528
-8.876
-6.996
-9.484
-4.128
-7.285
-3.819
-5.757
-8.290
-3.526
-5.875
-5.403
-7.176
-1.403
-1.974
-7.474
-10.723
-1.904
-7.654
-3.992
-8.302
-3.704
-4.263
-7.637
-6.729
-1.571
-4.349
-2.909
-8.279
-2.884
-6.848
-3.604
-5.955
-3.453
-7.116
-6.957
-6.717
-3.230
-6.546
-3.474
-8.574
-3.331
-7.740
-6.986
-8.499
-4.159
-5.078
-6.891
-4.927
-4.921
-4.991
-6.552
-4.352
-5.237
-4.990
-9.935
-3.897
-4.116
-2.831
-7.005
-3.577
-6.759
-2.624
-8.444
-5.633
-5.924
-2.773
-7.374
-4.651
-5.148
-3.263
-3.680
-2.188
-6.399
-3.139
-7.989
-2.040
-5.261
-4.974
-9.117
-2.944
-4.263
-3.956
-9.058
-5.346
-6.109
-4.689
-3.629
-9.797
-1.496
-10.768
-2.019
-4.129
-4.793
-8.612
-2.214
-10.340
-3.930
-11.181
-5.912
-7.279
-1.988
-10.693
-2.730
-6.460
-4.735
-8.126
-4.297
-5.877
-1.909
-10.289
-2.993
-7.767
-3.183
-9.701
-1.104
-5.412
-1.408
-11.419
-7.571
-7.859
-2.588
-10.390
-5.639
-6.152
-4.084
-6.822
-1.875
-5.495
-7.956
-8.027
-1.354
-4.188
-8.285
-7.807
-2.607
-4.611
-6.409
-7.669
-7.005
-6.752
-7.938
-8.255
-2.218
-4.638
-9.917
-7.598
-2.144
-4.801
-10.055
-3.332
-2.512
-1.360
-6.816
-4.457
-4.689
-4.601
-8.234
-7.999
-1.193
-6.227
-7.804
-6.955
-4.432
-6.974
-8.589
-9.101
-8.643
-3.684
-5.607
-2.243
-4.635
0.970
-7.351
-2.678
-7.456
-1.925
-7.804
-3.912
-10.086
-2.105
-9.637
-2.270
-9.260
-4.668
-10.224
-2.735
-3.785
0.150
-5.246
-2.708
-4.447
-4.633
-5.832
0.909
-1.389
-2.202
-5.810
-3.170
-3.907
-4.557
-8.737
-3.578
-7.598
-1.202
-5.221
-3.423
-9.195
-3.123
-8.199
-1.835
-9.028
-3.583
-9.457
-4.949
-5.084
-2.707
-8.031
-3.088
-8.335
-4.166
-9.977
-1.922
-10.842
-3.466
-6.980
-4.686
-4.231
-4.948
-4.502
-6.146
-2.423
-1.857
-2.959
-5.307
-4.889
-3.428
-2.724
-4.388
-1.222
-2.787
-3.877
-2.466
-2.474
-3.209
-4.935
-3.108
-2.782
-4.990
-6.041
-4.607
-6.702
-3.510
-7.317
-6.628
-5.172
-5.193
-4.496
-4.995
-5.306
-2.157
-5.371
-5.569
-4.574
-3.154
-8.319
-7.050
-4.207
-4.519
-6.622
-5.586
-6.303
-2.751
-0.821
-5.181
-3.649
-5.658
-5.856
-4.617
-4.333
-5.457
-5.017
-4.066
-3.990
-5.647
-0.984
-1.613
