4.536
8.859
4.612
7.256
7.094
7.556
4.690
8.706
6.006
7.201
9.993
8.654
9.215
2.618
8.580
9.675
6.961
7.346
6.297
8.526
8.114
7.695
5.037
6.770
9.348
8.679
7.550
7.965
7.975
7.717
6.962
8.505
6.213
6.022
8.181
4.147
3.697
10.588
8.079
6.516
9.788
8.708
7.303
9.007
8.733
8.327
8.303
7.723
8.027
4.340
9.141
7.730
5.352
6.340
3.272
4.921
-1.166
8.791
7.484
5.635
3.255
2.670
-1.657
4.298
4.777
4.710
3.548
2.024
4.956
2.733
7.064
2.835
6.339
5.405
-1.649
6.483
-0.793
4.726
-4.306
5.320
7.115
7.706
3.035
1.533
6.759
4.328
5.770
4.113
6.809
6.811
4.945
8.301
6.290
4.548
9.288
7.670
5.004
3.941
6.760
7.363
5.600
5.105
5.481
5.663
3.492
3.613
1.995
4.768
3.017
1.720
6.718
7.252
6.036
5.838
6.510
5.308
7.412
4.639
7.200
6.895
4.193
1.463
3.359
6.797
5.425
3.588
5.352
3.993
5.880
5.278
4.286
7.025
8.032
6.642
7.656
4.802
8.018
9.410
6.697
6.025
6.917
2.713
7.271
3.185
-2.820
6.321
-6.025
6.145
-9.506
5.664
8.525
7.793
4.848
4.087
8.865
6.758
6.786
6.205
6.252
8.134
6.521
5.946
5.498
2.405
5.371
8.733
3.769
7.329
6.672
5.079
6.597
4.976
2.888
3.225
3.527
5.225
5.313
5.440
1.946
7.245
5.106
7.723
8.600
7.448
8.353
8.302
6.301
8.066
7.239
4.663
-3.536
4.502
6.760
6.432
6.630
6.646
6.549
7.856
2.577
3.593
7.102
10.591
7.964
6.979
7.881
7.987
9.733
9.181
10.364
8.771
6.432
8.161
6.454
8.536
7.465
7.212
6.527
7.266
8.136
7.624
8.628
10.968
7.968
7.802
8.263
6.486
9.672
5.207
5.060
10.108
8.392
9.228
8.891
7.226
9.575
8.895
7.724
8.074
10.734
11.529
7.383
7.304
4.523
6.523
7.906
7.857
8.505
8.715
7.112
9.047
10.212
9.630
10.968
6.176
10.492
11.387
8.219
8.766
7.830
4.213
7.572
5.367
8.413
5.861
9.170
8.473
9.063
7.597
5.562
4.954
8.043
9.529
9.008
6.749
8.495
8.409
7.949
6.927
7.386
7.788
7.442
6.436
9.666
8.017
10.411
9.911
9.032
9.410
7.047
8.280
8.515
7.733
7.806
7.745
8.830
9.256
8.347
5.028
9.517
8.414
9.332
9.289
10.731
4.513
8.364
9.525
7.660
8.011
7.389
6.635
6.271
5.803
7.531
7.684
5.487
7.138
8.325
9.330
7.224
8.389
8.158
7.766
7.285
7.124
7.720
7.021
5.679
5.203
7.793
6.683
6.272
9.518
5.825
6.028
6.342
7.590
8.184
7.268
6.281
9.207
