2.368
7.705
4.184
3.507
4.721
3.247
0.058
6.238
7.978
8.630
3.930
6.736
4.283
-1.742
1.088
2.335
5.521
0.322
-1.292
1.575
7.441
3.484
7.819
6.027
6.387
8.209
6.608
7.696
8.225
5.881
-1.510
-1.043
0.533
-0.380
1.791
0.923
1.864
0.561
-0.608
-1.039
10.200
8.154
11.286
11.171
9.585
13.032
11.648
10.289
11.574
9.878
8.176
9.279
5.963
7.181
6.182
6.427
2.401
11.635
6.594
10.637
-3.347
-0.671
-3.503
-1.288
-3.365
-2.394
-1.975
1.802
-2.435
-0.752
7.563
9.629
6.822
5.533
3.993
7.811
6.460
7.635
7.103
9.820
6.497
5.700
5.803
4.023
4.926
5.185
6.114
5.625
6.006
5.021
4.605
3.509
3.593
4.198
1.657
3.377
-1.634
4.398
3.879
2.503
8.307
6.977
8.562
8.031
8.428
8.772
10.341
10.306
8.092
8.737
4.262
3.989
4.154
2.903
5.606
7.995
3.468
5.031
2.915
4.895
5.526
4.386
2.747
3.160
5.181
-2.247
6.374
0.832
4.603
2.804
2.984
2.405
3.934
2.698
2.154
1.947
3.651
0.769
1.160
0.850
-2.601
-3.541
-7.334
-1.072
-1.737
-3.173
-4.391
-6.254
-4.576
-5.541
4.021
4.488
2.851
0.477
-0.686
5.497
3.558
4.719
3.516
2.364
4.876
5.334
3.627
4.558
4.910
5.144
3.173
0.701
2.466
-0.352
2.016
2.558
-0.847
5.272
1.479
-2.280
4.717
0.376
1.807
3.908
-0.995
8.088
6.664
6.057
6.626
6.281
3.652
5.038
4.078
0.041
-8.498
-8.813
-5.804
-9.036
-9.960
-7.583
-4.594
-9.612
-8.458
-6.715
-4.212
-4.966
-8.864
-8.977
-5.898
-5.049
-5.009
-4.064
-5.228
-4.805
2.897
5.284
4.047
6.035
5.076
4.952
3.616
7.129
4.845
6.679
3.385
4.603
5.016
0.586
5.895
4.375
1.686
2.534
3.315
3.401
-2.455
-1.796
-3.882
-0.699
-0.816
-0.999
-2.205
0.494
-0.603
-0.540
1.446
1.468
-0.023
-1.392
-0.948
2.332
-1.313
-0.886
2.744
1.013
8.008
6.667
8.282
5.903
8.879
10.395
3.753
5.020
5.777
2.473
-0.405
3.684
2.237
0.994
1.418
3.368
1.298
4.237
3.562
-2.899
0.339
1.630
3.989
2.432
-2.604
-1.880
0.698
0.257
1.451
2.318
6.783
3.967
5.501
6.673
4.436
7.190
6.350
6.234
3.036
3.496
-4.008
-3.455
-5.503
-5.062
-6.044
-4.843
-4.268
-7.948
-4.929
-4.345
3.370
7.714
5.384
-3.160
4.395
0.408
3.691
1.364
0.704
2.689
0.430
-2.020
-1.135
-2.268
0.450
-1.774
-2.848
-0.723
1.108
0.302
6.085
5.565
6.002
3.997
4.995
1.918
5.372
4.743
4.424
2.455
2.841
6.759
1.552
1.927
4.524
8.785
1.672
4.338
2.193
5.525
