-9.645
-5.440
-6.659
-10.096
-5.686
-6.445
-8.995
-5.893
-7.027
-5.566
-4.788
-3.886
-6.541
-4.040
-4.882
-4.971
-6.762
-6.550
-5.206
-7.127
-2.934
-2.723
-3.153
-2.667
-3.951
0.769
-2.885
-0.862
-2.323
-3.291
-0.435
0.038
-0.714
-2.594
-0.646
-2.065
-1.131
0.057
0.498
-1.081
-1.206
1.847
-0.308
-1.813
3.854
0.769
0.269
3.476
1.647
2.439
5.132
2.138
-3.338
2.821
-0.980
1.304
3.813
-0.509
1.266
4.092
0.941
0.623
4.835
1.188
2.898
4.529
2.188
1.314
2.394
-0.276
-2.842
0.631
-0.766
3.605
2.546
3.511
1.159
-0.271
2.116
1.093
1.839
6.118
2.316
3.626
5.251
0.357
2.147
4.003
-1.109
-0.899
2.232
2.015
4.245
5.695
-0.421
0.754
0.857
1.864
3.908
4.086
-1.400
0.351
0.561
1.140
5.035
3.581
-0.208
2.543
1.639
0.778
3.079
3.805
0.062
3.800
1.054
-0.463
2.626
-0.009
0.793
3.853
3.132
2.545
5.306
4.184
-1.602
2.218
0.708
2.007
3.525
3.387
1.758
-0.850
1.639
0.693
0.600
2.496
-0.072
-1.188
1.416
-0.442
1.204
3.873
-2.724
-0.434
2.220
-1.543
-0.073
3.239
0.550
-1.216
1.727
-0.249
-1.346
1.499
1.768
-0.284
3.746
4.438
1.515
4.671
7.167
8.686
8.227
5.839
7.147
4.214
7.289
7.961
6.334
5.094
5.089
3.263
5.638
5.197
7.247
5.991
6.767
3.330
7.940
10.358
7.181
7.186
8.181
6.374
6.235
5.858
4.731
7.464
7.397
5.761
5.801
8.519
4.707
4.201
7.796
3.851
2.614
7.939
4.248
5.176
5.346
3.119
1.469
6.612
1.089
3.236
5.717
4.429
-3.095
5.490
2.239
4.573
6.917
3.785
2.744
6.049
4.641
2.317
4.881
4.977
4.135
4.602
1.632
5.000
4.528
1.293
3.990
7.118
3.059
4.390
5.854
1.703
5.045
6.248
2.349
4.642
4.486
1.390
7.586
8.126
3.422
7.571
9.324
3.844
5.084
4.721
1.987
4.360
6.342
1.211
2.839
6.434
3.117
5.578
7.426
3.204
7.132
7.106
2.242
1.507
2.769
1.613
5.115
7.259
3.914
5.862
8.411
5.261
5.681
4.946
1.978
2.046
4.026
1.921
2.219
3.745
2.527
4.503
7.311
4.579
1.391
-3.985
3.953
-1.793
2.164
-3.667
4.486
-1.472
-0.521
-5.848
-2.288
-7.217
5.194
-0.491
-1.266
-7.506
0.724
-5.099
0.304
-4.145
1.856
-3.323
1.419
-1.465
1.839
-0.544
2.934
-2.138
3.767
-3.445
1.628
-2.561
3.768
0.194
0.283
-5.203
0.948
-3.342
0.828
-3.490
-1.635
-3.041
-1.415
-4.132
-2.829
-2.353
-0.378
-0.863
-0.368
-2.023
-2.451
-3.508
-3.703
-5.249
-1.776
-3.443
-2.213
-3.799
-3.249
-2.119
4.328
6.272
4.702
6.859
2.566
5.947
0.803
1.574
1.194
1.787
5.062
6.079
1.956
5.025
4.895
4.769
3.937
4.086
1.426
3.455
4.514
-0.832
1.525
1.634
1.830
-0.160
2.558
1.853
2.097
1.955
2.428
0.814
2.751
-2.686
-0.459
-3.895
1.120
-1.277
-2.544
-4.984
1.115
2.259
-2.549
0.824
-4.011
-0.105
1.861
5.129
-0.886
-0.155
0.637
0.500
1.711
4.870
-3.245
-0.484
-1.105
1.099
-0.421
3.046
-6.066
-4.597
-9.035
-3.954
-7.495
-6.232
-10.632
-6.215
-8.602
-5.799
-10.821
-6.002
-9.622
-6.614
-11.278
-7.592
-9.124
-6.097
-13.161
-6.896
-8.649
-5.392
-11.588
-5.551
-9.222
-5.954
-11.722
-7.985
-9.653
-4.531
-11.064
-7.130
-8.425
-5.868
-11.197
-8.482
-4.858
-3.883
-7.648
-6.258
-5.989
-8.745
-12.223
-9.289
-1.785
-6.968
-8.118
-7.078
-5.688
-6.251
-4.124
-7.627
-1.009
-8.184
-7.137
-6.375
-7.102
-5.154
-10.003
-9.214
-3.733
-6.298
-7.882
-9.425
-4.787
-4.427
-10.973
-6.091
-3.940
-7.318
-7.470
-8.981
-2.232
-8.789
-7.658
-8.526
-5.542
-5.180
-11.325
-8.264
-3.916
-9.489
-7.248
-6.294
-5.466
-6.167
-8.562
-6.772
-6.041
-9.017
-9.064
-9.463
-9.122
-9.275
-10.294
-9.306
-8.454
-7.954
-8.403
-7.254
-7.320
-8.344
-6.631
-9.768
-6.514
-4.711
-7.597
-6.046
-7.402
-6.426
-8.554
-6.643
-10.240
-8.636
-9.075
-6.925
-7.211
-8.285
-6.705
-6.820
-8.219
-6.874
-5.606
-10.658
-10.003
-5.930
-5.654
-8.360
-12.007
-9.668
-2.279
-9.204
-12.172
-8.435
-7.917
-9.551
-10.996
-9.661
-6.356
-7.207
-10.594
-9.743
-6.977
-8.865
-10.617
-10.122
-7.328
-11.068
-9.442
-7.588
-4.061
-8.679
-9.942
-7.812
-4.000
-8.621
-6.707
-6.282
-8.431
-9.631
-5.178
-8.413
-8.768
-3.307
-7.487
-7.452
-9.438
-2.028
-8.022
-8.597
-10.237
-6.607
-7.608
-7.906
-8.966
-4.938
-3.996
-8.796
-9.011
-5.135
-6.223
-6.033
-9.194
-4.178
-6.898
-7.524
-10.680
-3.782
-5.427
-11.290
-8.487
-3.875
-8.485
-10.869
-7.773
-6.646
-3.589
-5.245
-10.393
-6.783
-2.758
-2.978
-5.754
-7.298
-4.223
-4.605
-7.066
-9.410
-3.548
-3.812
-5.994
-7.551
-1.721
-4.381
-6.177
-9.925
-2.827
-5.774
-5.852
-9.064
-2.980
-4.882
-6.556
-8.323
-3.646
-5.474
-6.236
-10.601
2.027
-3.352
-6.778
-8.016
-0.091
-2.602
-5.466
-6.788
-1.713
-4.133
-7.162
-8.321
1.326
-2.891
-2.729
-4.106
1.260
-2.582
-1.220
-1.455
-3.298
-1.465
-2.891
-1.727
-1.654
-1.604
-2.751
-5.405
-0.908
-2.981
-2.146
-2.616
1.728
-1.756
-0.112
-1.757
-1.960
-1.807
-4.807
-3.100
1.177
-2.489
-2.449
-1.629
2.454
-0.481
-0.866
-1.735
-3.319
-1.385
-2.214
-3.283
-5.803
-1.209
-6.463
-2.200
-3.188
-3.102
-8.224
-6.220
-3.672
-1.107
-7.481
-3.579
-4.672
-2.959
-9.495
-6.641
-5.423
-1.792
-5.272
-1.951
-4.425
-1.314
-5.578
-1.756
-3.279
-1.689
-4.186
-4.172
-2.583
-0.452
-4.999
-2.708
-1.787
-0.848
-5.665
-3.761
-9.481
-3.885
-9.171
-5.202
-2.113
-3.480
-3.776
-6.438
-2.954
-2.633
-5.916
-7.914
1.026
1.218
-2.916
-5.702
-0.046
-3.733
-4.409
-8.893
0.827
-0.628
-3.081
-5.059
0.970
-0.125
-2.727
-6.796
0.654
2.278
-4.229
-5.314
0.155
0.528
-2.611
-6.100
-1.383
-2.187
-4.223
-9.484
1.938
-1.752
-2.774
-4.964
-6.721
-3.424
-7.528
-8.944
-4.832
-2.507
-5.154
-6.817
-3.312
-1.661
-3.943
-3.760
-5.027
-4.091
-5.946
-5.277
-6.082
-4.974
-7.627
-5.749
-7.377
-4.773
-7.109
-7.068
-7.252
-3.561
-6.673
-5.201
-7.507
-2.834
-4.868
-4.479
-5.436
-3.108
-5.566
-4.591
-3.881
-3.114
-4.223
-5.000
-7.818
-8.112
-5.018
-6.227
-4.065
-2.808
-8.250
-8.909
-9.299
-8.632
-7.803
-9.103
-7.995
-6.753
-5.691
-6.747
-10.030
-5.669
-6.826
-7.548
-7.811
-3.731
-7.110
-6.854
-6.765
-1.220
-8.186
-2.684
-3.831
-5.459
-7.329
-2.569
-6.954
-5.794
-10.261
-3.860
-7.421
-3.684
-7.700
-1.960
-11.401
-7.919
-8.085
-6.853
-8.792
-8.431
-9.126
-7.905
-4.854
-5.587
-7.719
-7.303
-6.288
-8.454
-8.066
-2.523
-5.139
-7.813
-9.965
-8.420
-5.083
-5.034
-5.782
-5.879
-3.058
-3.245
-5.421
-6.173
-3.078
-4.058
-6.166
-6.645
-4.176
-4.394
-3.727
-4.750
-2.260
-0.711
-6.146
-5.097
-4.650
-6.997
-4.247
-3.254
-3.727
-3.142
-4.997
-4.801
-4.611
-5.878
-3.967
-4.351
-2.762
-2.662
-2.673
-3.586
-1.601
-2.104
-5.398
-5.221
-4.974
-3.912
-7.132
-2.958
-6.060
-3.937
-3.831
-2.265
-6.544
-4.458
-3.298
-2.203
-5.661
-4.171
-4.407
-1.689
-3.351
-2.104
-2.994
-4.420
