-7.982
-8.457
-8.424
-7.835
-4.953
-7.395
-6.561
-7.216
-10.072
-11.031
-8.450
-7.436
-9.261
-8.910
-8.098
-8.426
-10.215
-6.509
-7.074
-6.208
-7.473
-8.335
-8.449
-5.257
-10.947
-7.373
-10.728
-8.199
-8.433
-5.663
-7.949
-7.259
-4.103
-2.809
-7.674
-5.683
-8.815
-5.226
-5.357
-6.095
6.258
-3.752
4.662
-5.886
6.201
-6.388
5.233
-6.655
5.141
-8.101
0.771
-6.797
4.062
-4.434
3.787
-8.189
5.456
-3.969
3.185
-8.900
-2.748
-4.956
-3.464
-6.094
-1.019
-4.204
-0.441
-6.345
-0.988
-7.044
0.064
-2.367
-0.395
-4.999
-1.630
-6.568
-0.142
-6.336
-4.773
-5.195
2.082
-1.135
3.965
5.555
-2.193
0.069
2.671
1.821
3.732
1.644
5.756
5.372
1.473
2.104
2.968
4.351
6.930
2.108
3.828
5.288
-0.395
0.404
4.024
3.256
1.318
-0.506
3.440
1.518
-2.320
-3.173
1.179
2.342
4.930
2.520
5.570
4.953
4.623
1.837
6.228
6.606
0.540
1.217
5.054
5.619
-1.226
0.573
2.522
1.127
-1.689
0.779
3.594
0.358
2.583
2.509
3.874
2.523
-2.461
-0.135
2.583
0.535
-0.549
-0.788
3.165
1.624
-2.843
0.471
0.793
-1.122
0.171
1.406
4.037
3.949
-1.753
1.536
3.330
0.900
-0.016
0.370
4.071
2.826
-1.590
-0.719
3.302
1.515
-1.716
0.212
2.633
1.245
0.545
1.271
5.959
4.310
-1.095
0.163
3.511
3.036
-0.632
0.893
4.447
4.202
-3.196
0.451
4.077
2.980
-1.781
1.359
4.895
2.891
-3.439
-1.072
2.347
1.166
-1.728
-0.340
2.500
2.399
-7.016
-0.866
1.982
-3.693
6.696
2.197
2.199
0.661
9.451
0.990
3.094
4.625
6.800
0.578
3.287
4.758
8.451
0.890
2.138
4.989
9.557
1.049
3.706
3.899
5.018
0.737
0.559
2.262
3.753
-4.042
-0.734
1.818
6.566
-0.567
1.727
1.244
6.029
-1.719
-1.414
1.960
5.047
0.341
2.062
-0.270
7.444
3.868
13.762
2.108
7.341
3.877
9.679
3.958
8.796
4.261
12.109
1.988
8.749
5.170
9.670
2.524
7.715
2.498
11.248
1.575
9.343
2.789
12.409
1.903
8.163
4.817
11.887
3.071
6.557
2.077
8.255
0.827
6.381
3.635
12.188
3.001
7.953
4.401
12.796
2.926
1.792
10.913
1.998
2.648
4.132
11.414
3.593
2.883
3.413
8.182
3.424
2.124
7.013
11.136
4.540
3.271
7.129
9.625
6.697
4.037
2.449
10.913
1.933
2.335
7.609
10.834
7.062
4.341
5.688
12.786
4.304
2.061
4.934
8.215
2.278
2.401
7.747
10.888
7.180
3.896
9.048
3.951
10.424
2.312
8.067
4.903
7.007
1.754
10.046
3.952
8.946
1.670
9.586
3.695
8.585
0.797
4.273
-0.979
4.744
0.031
9.511
3.954
10.045
1.872
10.004
3.890
7.577
2.617
5.377
1.649
5.995
2.114
9.380
2.336
9.024
1.180
7.153
2.397
7.470
2.107
5.825
6.391
6.271
2.791
4.471
3.972
2.571
2.414
5.550
6.033
4.642
2.834
4.855
5.450
3.795
2.846
4.047
5.574
3.638
3.845
2.572
2.849
2.631
1.316
6.738
3.753
2.207
1.447
4.262
2.060
3.383
2.137
3.830
3.560
3.647
2.371
3.197
4.049
3.053
2.501
-0.899
-2.181
9.642
-1.898
-4.286
7.762
-1.444
-2.027
7.176
-0.328
-2.913
9.404
-1.988
-2.977
7.757
-2.750
-4.608
11.320
-0.943
-3.373
10.673
0.001
-1.420
9.662
-0.121
-1.463
10.551
-0.244
-1.762
7.283
5.397
0.587
-3.313
7.412
-0.597
-1.792
5.929
-0.426
-1.021
7.882
1.435
-1.822
6.436
-1.111
-2.817
6.067
1.149
-3.197
3.762
-0.551
-3.649
3.680
-2.295
-4.535
9.998
1.637
-1.410
7.134
0.903
-4.302
2.162
-0.484
-0.852
1.728
-0.056
0.634
2.695
0.367
-2.364
-0.649
-0.241
-4.169
-0.113
-4.249
-0.951
4.756
-1.480
-0.205
-0.639
-3.582
0.710
-1.727
-1.873
-4.232
4.139
0.896
-0.524
-0.762
-1.613
-0.805
-1.582
7.430
2.412
1.742
6.295
5.310
-0.665
4.316
3.045
-2.854
3.357
-0.253
0.697
4.627
3.502
-0.629
6.816
2.063
-1.818
5.470
1.613
4.878
9.343
6.924
0.955
5.614
4.119
4.102
7.831
5.742
3.556
-4.666
-1.334
5.898
-1.824
2.893
7.699
-1.913
2.056
4.241
-3.763
-1.147
6.307
-2.276
1.386
3.492
-3.117
0.134
6.150
-3.434
-0.106
3.998
-3.952
-0.189
8.459
0.596
3.475
9.472
1.906
5.129
0.814
2.303
5.635
7.140
4.847
9.252
0.134
2.890
6.085
1.121
2.751
5.356
1.178
2.696
4.753
0.496
2.601
2.937
5.410
3.978
8.332
3.479
3.363
8.261
3.444
2.483
4.043
0.226
-0.418
4.767
-8.575
-6.290
8.747
-10.565
-4.674
-10.437
-6.477
2.360
-11.901
-7.404
-11.153
-10.103
2.497
-10.982
-9.250
-9.436
-7.964
2.539
-12.130
-8.002
-8.279
-8.604
5.100
-12.590
-8.548
-12.452
-8.595
8.169
-11.880
-5.441
-7.310
-6.124
7.292
-9.015
-5.648
-7.741
-5.149
2.400
-8.244
-3.539
-7.166
-5.201
9.563
-12.803
-7.043
-8.283
-6.231
3.901
-10.300
-5.557
-10.813
-8.824
-7.134
-9.689
-5.830
-14.391
-9.097
-11.524
-8.438
-6.390
-12.067
-7.336
-8.985
-7.401
-4.447
-11.744
-7.438
-8.958
-7.560
-3.204
-13.552
-8.658
-10.696
-10.882
-5.209
-13.898
-8.526
-11.206
-9.490
-4.320
-10.163
-10.212
-9.981
-10.037
-4.091
-8.310
-7.291
-8.744
-7.437
-2.134
-8.561
-8.035
-9.375
-7.696
-3.966
-11.696
-6.830
-9.482
-8.521
-4.335
-6.717
-2.806
0.343
-9.466
-4.868
-8.441
-6.150
-2.100
-10.674
-8.338
-8.478
-6.582
-6.360
-11.821
-9.367
-6.403
-2.161
-4.065
-11.433
-7.381
-4.216
-7.732
-5.848
-11.579
-9.890
-8.569
-4.231
-4.775
-9.489
-8.433
-5.692
-5.788
-4.600
-10.855
-7.638
-7.176
-4.982
-2.418
-9.411
-7.337
-5.373
-4.446
-2.623
-9.718
-7.945
-11.647
-7.218
-7.344
-16.219
-12.922
-12.112
-7.743
-5.182
-7.272
6.778
-7.403
-6.942
-7.103
-8.266
6.054
-6.678
-6.432
-5.782
-6.405
2.135
-10.227
-5.991
-7.148
-8.299
0.331
-7.210
-6.863
-4.901
-7.463
3.474
-6.026
-5.440
-4.395
-3.962
0.913
-7.942
-11.404
-6.767
-13.274
-3.625
-7.599
-6.101
-5.523
-6.411
6.673
-9.277
-6.369
-7.475
-10.757
5.297
-10.118
-6.174
-5.409
-8.434
6.886
-5.673
-9.051
-7.015
-7.995
-7.876
-3.369
-5.922
-4.875
-4.045
-5.154
-6.143
-7.833
-2.946
-6.026
-5.526
-5.909
-6.370
-6.008
-7.900
-5.568
-5.556
-7.619
-5.182
-4.778
-5.059
-5.357
-9.185
-3.690
-4.833
-3.707
-6.706
-4.181
-2.115
-7.448
-4.155
-7.835
-8.445
-3.986
-5.037
-5.445
-5.395
-5.484
-6.319
-6.251
-6.869
-6.383
-7.073
-6.851
-10.901
-6.458
1.402
2.634
-0.643
-3.066
-2.230
0.165
0.584
-1.674
-2.430
-8.350
2.359
3.490
-1.142
-1.487
-5.073
-1.212
1.637
-3.790
-2.018
-6.579
-2.896
-0.221
-2.495
-2.121
-3.528
-1.141
2.504
-1.586
-2.131
-5.535
-2.278
-0.758
-0.528
-1.489
-5.944
0.747
2.408
-1.646
-2.399
-3.328
-0.077
0.324
-1.749
-2.886
-6.199
-1.969
1.460
-1.370
-4.370
-5.131
-9.080
-7.290
-7.243
1.690
-6.341
-7.865
-5.903
-5.752
4.928
-3.382
-6.330
-5.524
-7.145
2.016
-6.796
-7.851
-5.099
-4.509
4.364
-6.275
-5.780
-2.760
-5.087
2.409
-1.819
-7.858
-5.119
-6.322
2.261
-6.593
-8.949
-5.879
-7.294
2.585
-5.079
-8.197
-5.979
-5.979
2.392
-7.389
-7.497
-6.555
-7.472
2.828
-4.013
-8.556
-5.925
-7.461
2.599
-7.623
-0.349
-2.826
3.314
-6.345
-7.066
-0.600
-4.110
3.428
-4.990
-10.935
-2.605
-3.315
4.153
-7.677
-9.727
1.871
-0.225
3.988
-4.096
-6.465
0.410
-2.056
5.246
-4.308
-6.717
-2.435
-3.085
3.304
-7.081
-9.563
-1.358
-4.100
4.732
-6.931
-7.411
-0.247
-1.618
5.775
-3.281
-6.393
-0.175
-1.279
1.704
-2.341
-6.002
-2.769
-0.795
4.327
-3.572
-6.209
-3.320
0.918
-5.719
-5.889
-2.660
-0.815
0.519
-2.678
-3.743
-5.563
-0.328
3.891
-4.311
-4.876
-3.633
-0.730
5.355
-2.744
-4.187
-5.617
-5.576
1.829
-8.828
-4.201
-5.149
0.436
3.372
-2.999
-4.664
-2.680
-2.499
5.286
-3.470
-4.874
-3.201
1.551
5.752
-3.564
-2.662
-4.275
-0.242
5.912
-2.881
-4.763
-3.101
-4.233
5.573
-4.127
-2.750
-3.722
6.918
-2.083
0.230
-5.145
-5.412
4.855
-1.980
-1.947
-5.657
-4.529
4.933
-0.266
0.181
-5.614
-4.753
2.932
-3.367
-0.083
-5.327
-5.746
3.724
-1.794
1.429
-4.003
-4.402
0.589
-0.310
-3.557
-2.611
-3.833
0.009
-0.419
-1.820
-3.778
-4.986
6.477
1.447
1.760
-5.372
-1.793
3.861
0.130
-1.776
-5.056
-5.569
4.891
-2.492
-2.866
-7.107
-6.360
-4.588
-6.933
-4.349
-7.278
-9.565
-5.567
-5.257
-12.650
-7.634
-6.100
-10.432
-4.099
-6.299
-7.554
-4.255
-5.284
-9.611
-7.799
-8.392
-8.087
-6.013
-5.561
-7.465
-4.713
-4.329
-7.303
-3.279
-3.890
-7.601
-6.313
-15.000
-8.349
-10.895
-9.877
-4.990
-6.211
-11.438
-6.533
-10.497
-14.025
-6.778
-12.352
-13.039
-4.218
-9.243
-13.835
-5.921
-11.344
-12.414
-5.208
-7.935
-10.959
-7.994
-8.077
-12.543
-7.243
-10.870
-13.813
-6.195
-11.788
-7.054
-9.056
6.679
-9.179
-8.074
5.171
-6.892
-6.589
7.947
-7.168
-5.786
8.379
-5.924
-7.586
6.764
-7.650
-9.322
7.916
-6.036
-7.386
7.876
-8.124
-9.020
7.080
-5.850
-5.830
5.193
-7.154
-6.340
6.578
2.923
-2.569
-4.694
3.489
-2.991
-4.216
1.382
-2.498
-5.115
1.940
-2.678
-5.977
2.115
-3.943
-5.750
4.903
-1.811
-4.086
0.668
-4.034
-6.711
2.642
-1.339
-4.254
2.817
0.159
-2.352
0.119
-4.213
-5.364
-5.406
-7.914
-8.168
-1.124
-5.182
-6.581
-4.377
-5.966
-6.817
-4.244
-4.444
-7.067
-1.881
-2.777
-5.527
-5.746
-6.622
-7.494
-4.762
-5.278
-6.028
-4.176
-5.626
-7.773
-4.599
-6.323
-7.676
-4.824
-5.364
-5.513
5.523
-5.198
-8.787
4.938
-1.622
-7.662
4.104
-2.555
-5.498
3.446
-4.006
-7.734
3.969
-2.383
-8.793
7.070
-3.699
-8.643
3.897
-1.631
-6.893
5.800
-3.166
-7.762
4.356
-4.806
-7.488
5.204
-3.390
-7.686
