2.368
7.705
4.184
3.507
4.721
3.247
0.058
6.238
7.978
8.630
3.972
6.750
4.340
-1.665
1.207
2.413
5.508
0.387
-1.139
1.586
4.418
1.609
4.337
2.681
3.180
4.642
3.420
3.669
4.653
2.105
5.528
5.308
4.229
4.116
2.678
2.774
2.284
7.574
3.894
4.496
10.200
8.154
11.286
11.171
9.585
13.032
11.648
10.289
11.574
9.878
8.028
9.339
5.964
7.176
6.162
6.247
2.439
11.825
6.293
10.648
-3.062
-0.393
-3.195
-0.918
-3.048
-2.137
-1.667
2.050
-2.152
-0.456
7.563
9.629
6.822
5.533
3.993
7.811
6.460
7.635
7.103
9.820
6.497
5.700
5.803
4.023
4.926
5.185
6.114
5.625
6.006
5.021
8.781
7.824
8.382
5.983
6.517
6.325
4.860
7.177
6.392
5.306
8.307
6.977
8.562
8.031
8.428
8.772
10.341
10.306
8.092
8.737
7.725
8.520
7.556
4.214
8.270
9.886
5.539
5.077
5.121
8.907
5.526
4.386
2.747
3.160
5.181
-2.247
6.374
0.832
4.603
2.804
2.769
5.033
3.879
6.284
4.490
3.690
7.326
1.682
1.580
2.608
4.978
7.154
5.040
2.793
4.511
5.016
3.922
4.219
6.364
2.897
8.849
9.051
9.236
6.813
6.758
9.502
6.832
9.109
8.135
8.631
9.179
7.785
6.351
6.564
6.507
9.450
8.188
7.742
6.168
5.418
4.040
2.692
2.370
3.780
2.189
1.895
3.943
3.363
1.454
3.026
-0.995
8.088
6.664
6.057
6.626
6.281
3.652
5.038
4.078
0.041
-1.223
2.793
4.180
3.974
3.311
6.261
3.016
4.880
2.492
1.811
3.059
8.235
1.158
-0.441
4.914
1.231
8.278
9.571
6.484
8.597
2.897
5.284
4.047
6.035
5.076
4.952
3.616
7.129
4.845
6.679
3.385
4.603
5.016
0.586
5.895
4.375
1.686
2.534
3.315
3.401
-1.532
2.348
1.936
3.660
5.828
5.917
4.207
5.548
5.025
7.516
8.245
5.964
6.426
5.948
6.954
9.723
4.787
7.637
7.425
4.636
8.008
6.667
8.282
5.903
8.879
10.395
3.753
5.020
5.777
2.473
6.182
4.397
5.308
7.537
6.762
8.976
6.046
6.649
5.886
2.045
3.902
7.584
5.889
6.346
3.491
2.983
6.416
4.017
5.778
6.835
6.783
3.967
5.501
6.673
4.436
7.190
6.350
6.234
3.036
3.496
5.253
7.292
5.809
4.739
6.598
7.821
4.270
3.009
7.487
5.228
3.370
7.714
5.384
-3.160
4.395
0.408
3.691
1.364
0.704
2.689
6.861
4.415
2.771
2.448
2.828
5.532
4.181
5.298
3.614
6.447
3.750
2.374
3.040
0.364
2.166
0.758
2.854
3.048
1.195
2.192
2.820
6.430
1.496
1.829
4.563
8.592
1.561
4.112
2.309
5.527
