-9.545
-5.333
-6.583
-9.969
-5.519
-6.353
-8.845
-5.769
-6.910
-5.415
-4.788
-3.886
-6.541
-4.040
-4.882
-4.971
-6.762
-6.550
-5.206
-7.127
-1.301
-3.231
-2.572
-3.617
-2.819
2.892
-2.109
0.686
-2.953
-1.329
-0.415
0.373
0.251
-0.856
0.694
-0.978
-1.359
0.161
0.384
1.170
-0.985
1.838
-0.308
-1.638
3.750
0.769
0.472
3.353
1.647
2.611
5.055
2.138
-3.103
2.823
-0.980
1.528
3.654
-0.509
1.471
3.842
0.941
0.836
4.707
1.188
3.068
4.421
2.188
1.488
2.367
-0.276
-2.625
0.631
-0.766
3.824
2.546
3.511
1.385
-0.271
2.116
1.342
1.839
6.118
2.493
3.626
5.251
0.516
2.147
4.003
-0.916
-0.899
2.232
2.282
4.245
5.695
-0.220
0.754
0.857
2.062
3.908
4.086
-1.400
0.282
0.561
1.140
5.142
3.581
-0.208
2.523
1.639
0.778
3.082
3.805
0.062
3.632
1.054
-0.463
2.531
-0.009
0.793
3.733
3.132
2.545
5.311
4.184
-1.602
2.114
0.708
2.007
3.471
3.387
2.024
-0.850
1.665
0.901
0.600
2.632
0.241
-1.188
1.312
-0.194
1.204
3.879
-2.462
-0.434
2.243
-1.202
-0.073
3.308
0.779
-1.216
1.816
0.025
-1.346
1.581
2.008
-0.284
3.927
4.672
1.515
4.829
7.167
7.603
9.357
5.839
3.714
7.829
7.289
5.421
8.932
5.094
2.852
5.924
5.638
6.840
6.339
5.991
2.434
7.402
7.940
6.462
10.905
7.186
5.816
8.899
6.235
3.856
6.870
7.464
4.760
8.218
5.801
3.830
4.707
4.201
2.581
3.851
2.614
2.860
4.248
5.176
3.701
3.119
1.469
0.719
1.089
3.236
2.511
4.429
-3.095
-2.333
2.239
4.573
3.494
3.785
2.744
3.349
4.641
2.317
2.586
4.977
5.028
5.288
1.632
4.938
6.073
1.293
7.040
5.160
3.059
6.246
5.455
1.703
6.673
6.043
2.349
4.270
5.880
1.390
7.946
8.602
3.422
8.651
8.481
3.844
4.325
6.535
1.987
6.224
5.345
1.211
2.839
5.185
3.117
5.578
4.753
3.204
7.132
5.013
2.242
1.507
3.432
1.613
5.115
6.173
3.914
5.862
8.946
5.261
5.681
4.767
1.978
2.046
5.562
1.921
2.219
3.841
2.527
4.503
5.769
4.579
6.941
-0.562
7.181
1.026
4.925
-0.787
7.697
1.722
5.023
-1.108
-0.215
-4.977
8.091
0.771
0.796
-5.973
6.571
-0.579
5.053
-1.951
1.856
-0.504
1.419
0.573
1.839
-1.480
2.934
0.034
3.767
-4.571
1.628
-2.131
3.768
0.124
0.283
-5.408
0.948
-2.940
0.828
-6.352
-2.863
-3.041
-2.820
-4.132
-2.569
-2.353
-1.234
-0.863
-0.465
-2.023
-2.301
-3.508
-5.358
-5.249
-2.152
-3.443
-2.843
-3.799
-3.249
-2.119
1.352
1.578
1.017
2.879
0.651
2.580
-0.589
0.061
-0.185
-1.944
0.637
3.771
0.380
1.867
1.368
2.856
1.174
1.195
-0.698
-0.444
2.151
0.594
1.727
1.248
0.372
1.048
2.095
2.296
2.829
1.068
1.632
1.643
0.708
1.170
-2.875
0.546
-0.686
0.743
-2.668
-0.435
0.738
0.582
0.413
0.281
-1.326
-0.313
1.807
0.775
1.485
-0.907
-1.476
-0.777
3.384
3.264
-0.420
-1.624
0.069
0.943
1.357
-0.019
-6.066
-4.012
-9.035
-5.167
-7.495
-4.021
-10.632
-6.408
-8.602
-2.989
-10.821
-7.796
-9.622
-4.974
-11.278
-8.492
-9.124
-5.804
-13.161
-7.152
-8.649
-4.714
-11.588
-7.181
-9.222
-4.811
-11.722
-9.176
-9.653
-3.989
-11.064
-8.867
-8.425
-4.851
-11.197
-7.672
-4.858
-2.259
-7.648
-5.013
-5.989
-8.745
-12.223
-8.989
-1.785
-6.968
-8.118
-8.788
-5.688
-6.251
-4.124
-6.782
-1.009
-8.184
-7.137
-7.826
-7.102
-5.154
-10.003
-8.732
-3.733
-6.298
-7.882
-8.070
-4.787
-4.427
-10.973
-7.674
-3.940
-7.318
-7.470
-8.219
-2.232
-8.789
-7.658
-9.275
-5.542
-5.180
-11.325
-7.651
-3.916
-9.489
-2.711
-6.294
-5.466
-6.167
-3.054
-6.772
-6.041
-9.017
-2.747
-9.463
-9.122
-9.275
-5.182
-9.306
-8.454
-7.954
-4.478
-7.254
-7.320
-8.344
-4.087
-9.768
-6.514
-4.711
-3.245
-6.046
-7.402
-6.426
-3.481
-6.643
-10.240
-8.636
-4.032
-6.925
-7.211
-8.285
-4.513
-6.820
-8.219
-0.812
-5.606
-8.675
-10.003
-2.676
-5.654
-6.366
-12.007
-3.367
-2.279
-8.491
-12.172
-2.915
-7.917
-9.694
-10.996
-2.127
-6.356
-7.771
-10.594
-3.186
-6.977
-9.797
-10.617
-2.163
-7.328
-8.774
-9.442
-2.801
-4.061
-7.917
-9.942
-2.105
-4.000
-10.800
-6.707
-1.872
-8.431
-7.584
-5.178
-8.413
-2.837
-6.346
-7.487
-7.452
-3.100
-3.743
-8.022
-8.597
-4.614
-6.829
-7.608
-7.906
-2.866
-5.616
-3.996
-8.796
-2.813
-5.441
-6.223
-6.033
-2.980
-7.116
-6.898
-7.524
-2.357
-8.806
-5.427
-11.290
-4.537
-8.331
-8.485
-10.869
-4.054
-12.423
-3.589
-5.245
-2.261
-6.216
-3.506
-3.322
-5.671
-7.298
-6.773
-7.316
-8.901
-9.410
-7.454
-5.113
-9.311
-7.551
-5.111
-5.302
-8.149
-9.925
-6.526
-6.571
-9.976
-9.064
-8.047
-5.215
-9.003
-8.323
-8.199
-5.142
-10.639
-10.601
-4.235
-5.445
-9.829
-8.016
-5.103
-4.465
-7.275
-6.788
-7.122
-4.530
-8.104
-8.321
-2.508
-9.032
-2.844
-4.106
-2.848
-9.981
-2.535
-1.455
-6.744
-10.072
-2.555
-1.727
-3.852
-9.171
-3.095
-5.405
-3.319
-10.145
-3.047
-2.616
-2.464
-7.698
-2.244
-1.757
-4.844
-8.299
-6.106
-3.100
-1.599
-8.086
-1.442
-1.629
-1.655
-6.969
-2.375
-1.735
-5.111
-10.878
-2.727
-3.283
-7.407
-5.743
-11.023
-3.984
-7.148
-2.463
-10.297
-5.758
-8.452
-2.027
-11.332
-3.416
-8.010
-2.552
-12.913
-6.868
-10.177
-5.520
-9.883
-2.969
-6.037
-4.014
-11.044
-3.472
-7.520
-4.119
-11.032
-4.994
-4.485
-1.348
-10.325
-4.070
-7.098
-1.451
-11.516
-3.715
-10.165
-4.458
-13.615
-5.869
-2.930
-9.027
-3.617
-6.438
-1.630
-3.824
-6.539
-7.914
-1.613
-6.053
-4.117
-5.702
-4.660
-8.658
-6.962
-8.893
-3.764
-7.043
-3.794
-5.059
-4.013
-5.063
-4.281
-6.796
-3.628
-3.967
-5.092
-5.314
-1.409
-4.038
-3.499
-6.100
-6.021
-4.220
-5.129
-9.484
-4.195
-8.398
-2.873
-4.964
-4.761
-5.748
-14.378
-8.944
-4.575
-2.933
-14.673
-6.817
-3.624
-1.025
-10.913
-3.760
-5.149
-1.898
-12.200
-5.277
-7.798
-4.439
-14.656
-5.749
-7.147
-4.370
-13.429
-7.068
-7.308
-3.783
-13.641
-5.201
-6.292
-4.792
-13.248
-4.479
-2.526
-4.634
-13.202
-4.591
-4.480
-2.246
-12.051
-5.000
-7.818
-3.395
-5.018
-1.727
-4.065
-0.285
-8.250
-4.964
-9.299
-5.338
-7.803
-4.439
-7.995
-2.097
-5.691
-2.129
-10.030
-2.049
-6.826
-3.918
-7.811
-3.731
-7.110
-6.854
-6.765
-1.220
-8.186
-2.684
-3.831
-5.459
-7.329
-2.569
-6.954
-5.794
-10.261
-3.860
-7.421
-3.684
-7.700
-1.960
-11.401
-7.579
-8.085
-5.324
-8.792
-5.321
-9.126
-4.383
-4.854
-3.939
-7.719
-3.902
-6.288
-5.524
-8.066
-4.897
-5.139
-6.569
-9.965
-4.381
-2.715
-4.899
-2.507
-5.772
0.031
-3.132
-3.142
-6.026
-1.441
-3.980
-2.455
-6.751
-0.991
-4.371
-1.014
-4.572
-0.907
-0.629
-2.479
-4.999
-5.970
-6.802
-4.921
-3.073
-5.922
-2.969
-5.032
-4.573
-6.030
-6.119
-3.213
-4.402
-5.336
-2.588
-5.573
-3.554
-1.728
-2.039
-7.954
-5.201
-3.920
-2.185
-5.723
-1.300
-4.292
-1.514
-0.266
-1.101
-6.015
-2.319
-3.176
-1.102
-3.977
-3.104
-4.924
-0.780
-0.599
-1.694
-1.380
-2.199
