-7.862
-8.457
-8.342
-7.835
-4.779
-7.395
-6.519
-7.216
-9.916
-11.031
-8.358
-7.436
-9.174
-8.910
-7.942
-8.426
-10.127
-6.509
-6.932
-6.208
-7.404
-8.335
-8.355
-5.257
-10.726
-7.373
-10.448
-8.199
-8.234
-5.663
-7.815
-7.259
-3.987
-2.809
-7.473
-5.683
-8.602
-5.226
-5.201
-6.095
-2.982
-2.493
-2.589
-3.744
-3.600
-4.040
-2.667
-5.752
-3.113
-7.080
-6.513
-4.218
-4.110
-3.026
-2.974
-4.549
-1.679
-2.827
-4.565
-5.722
-2.152
-2.913
-3.171
-2.137
1.898
-2.034
-1.032
-2.696
-1.106
-3.542
1.964
-0.342
-0.106
-2.901
-1.647
-2.995
-1.103
-2.965
-1.573
-1.787
2.445
-1.135
4.077
5.555
-1.854
0.069
2.862
1.821
4.108
1.644
5.869
5.372
1.834
2.104
2.918
4.351
7.231
2.108
3.824
5.288
-0.040
0.404
4.239
3.256
1.649
-0.506
3.693
1.518
-1.967
-3.173
1.347
2.342
5.277
2.520
5.698
4.953
5.056
1.837
6.418
6.606
0.850
1.217
5.382
5.619
-0.908
0.573
2.393
1.127
-1.306
0.779
3.385
0.358
2.850
2.509
3.768
2.523
-2.150
-0.135
2.571
0.535
-0.207
-0.788
3.196
1.624
-2.480
0.471
0.589
-1.122
0.471
1.406
4.110
3.949
-1.407
1.536
3.236
0.900
0.292
0.370
4.068
2.826
-1.335
-0.719
3.325
1.515
-1.477
0.212
2.602
1.245
0.809
1.271
6.029
4.310
-0.834
0.163
3.453
3.036
-0.347
0.893
4.361
4.202
-2.879
0.451
4.249
2.980
-1.485
1.359
4.877
2.891
-3.124
-1.072
2.397
1.166
-1.469
-0.340
2.507
2.399
-6.738
-0.866
1.806
-3.693
6.740
2.197
1.833
0.661
9.535
0.990
2.852
4.625
6.920
0.578
2.912
4.758
8.522
0.890
1.960
4.989
9.638
1.049
3.316
3.899
5.158
0.737
0.240
2.262
3.913
-4.042
-0.825
1.818
6.612
-0.567
1.374
1.244
6.123
-1.719
-1.664
1.960
5.149
0.341
1.797
-0.270
7.444
13.380
4.656
2.108
7.341
9.013
4.477
3.958
8.796
11.825
5.044
1.988
8.749
9.252
5.429
2.524
7.715
10.158
3.127
1.575
9.343
11.969
3.663
1.903
8.163
11.371
5.247
3.071
6.557
7.105
2.491
0.827
6.381
11.692
4.273
3.001
7.953
11.844
4.871
2.926
1.792
1.577
9.911
2.648
4.132
3.250
11.015
2.883
3.413
3.763
7.559
2.124
7.013
3.669
10.762
3.271
7.129
5.967
9.456
4.037
2.449
2.109
9.928
2.335
7.609
6.382
10.082
4.341
5.688
3.936
11.850
2.061
4.934
2.304
7.367
2.401
7.747
6.571
10.403
3.896
9.048
9.620
4.569
2.312
8.067
7.008
5.090
1.754
10.046
7.586
4.697
1.670
9.586
7.519
4.450
0.797
4.273
3.697
-0.518
0.031
9.511
8.771
4.478
1.872
10.004
7.088
4.607
2.617
5.377
5.194
2.293
2.114
9.380
7.820
2.912
1.180
7.153
6.776
2.987
2.107
5.825
6.407
7.562
2.791
4.471
3.121
6.244
2.414
5.550
4.719
7.676
2.834
4.855
3.571
7.075
2.846
4.047
4.093
6.706
3.845
2.572
2.928
4.536
1.316
6.738
2.100
5.474
1.447
4.262
3.088
3.354
2.137
3.830
3.691
5.245
2.371
3.197
3.023
5.769
2.501
-1.299
-2.181
-2.638
-3.402
-4.286
-2.701
-3.053
-2.027
-3.718
-2.886
-2.913
-2.268
-4.052
-2.977
-2.601
-5.429
-4.608
-6.661
-3.507
-3.373
-0.711
-0.797
-1.420
-1.061
-1.397
-1.463
-2.383
-3.279
-1.762
-5.793
0.883
0.587
-1.740
2.561
-0.597
-1.747
0.120
-0.426
-1.044
3.944
1.435
1.655
-0.285
-1.111
-2.477
2.863
1.149
0.046
-0.260
-0.551
-2.329
-3.487
-2.295
-5.135
2.274
1.637
-0.730
0.839
0.903
-5.355
0.818
-0.484
-0.031
0.823
-0.056
2.583
1.744
0.367
0.483
-1.014
-0.241
-2.523
-2.263
-4.249
-1.706
0.719
-1.480
-1.316
-2.958
-3.582
-2.096
-2.639
-1.873
-2.370
2.069
0.896
1.918
-2.830
-1.613
-2.376
1.271
-0.575
-1.247
2.350
0.495
0.267
-0.372
-0.823
-0.776
-3.256
-0.360
-3.451
0.441
-0.023
0.527
1.577
0.747
-1.438
1.618
0.157
-1.711
4.322
1.150
1.233
2.207
0.105
0.198
4.197
1.557
1.420
-3.968
-1.285
0.163
-0.636
-0.228
0.529
-1.038
-0.063
0.471
-0.855
-2.472
-1.348
-1.301
0.041
-0.182
0.570
-2.415
-1.740
-1.198
-0.676
-0.687
-1.000
-1.809
-3.603
3.805
0.890
2.244
1.663
1.418
2.818
2.749
1.337
-0.897
5.274
2.679
2.505
3.315
0.230
0.300
2.065
0.125
-1.314
3.989
1.766
0.164
2.453
0.414
0.958
5.245
2.247
3.446
2.334
1.063
2.527
3.518
0.682
0.557
0.853
1.337
-1.986
-8.575
-6.290
-3.955
-10.565
-8.027
-10.437
-6.477
-4.760
-11.901
-10.792
-11.153
-10.103
-5.167
-10.982
-11.297
-9.436
-7.964
-4.000
-12.130
-10.008
-8.279
-8.604
-3.837
-12.590
-8.832
-12.452
-8.595
-7.173
-11.880
-11.637
-7.310
-6.124
-3.972
-9.015
-6.847
-7.741
-5.149
-2.381
-8.244
-6.719
-7.166
-5.201
-3.852
-12.803
-7.375
-8.283
-6.231
-3.313
-10.300
-9.557
-10.813
-8.824
-6.452
-9.689
-10.682
-14.391
-9.097
-7.490
-8.438
-10.792
-12.067
-7.336
-5.035
-7.401
-9.585
-11.744
-7.438
-5.507
-7.560
-8.249
-13.552
-8.658
-6.987
-10.882
-11.756
-13.898
-8.526
-5.569
-9.490
-9.834
-10.163
-10.212
-6.031
-10.037
-8.208
-8.310
-7.291
-5.799
-7.437
-9.034
-8.561
-8.035
-4.442
-7.696
-6.028
-11.696
-6.830
-5.455
-8.521
-10.692
-6.717
-2.806
-1.948
-9.466
-4.870
-8.441
-6.150
-2.387
-10.674
-4.323
-8.478
-6.582
-2.585
-11.821
-3.101
-6.403
-2.161
-2.304
-11.433
-2.566
-4.216
-7.732
-0.299
-11.579
-4.448
-8.569
-4.231
-1.605
-9.489
-5.007
-5.692
-5.788
-1.335
-10.855
-3.361
-7.176
-4.982
-3.234
-9.411
-5.288
-5.373
-4.446
-1.253
-9.718
-2.335
-11.647
-7.218
-3.347
-16.219
-8.985
-12.112
-7.743
-6.297
-7.272
-6.166
-7.403
-6.942
-4.956
-8.266
-5.644
-6.678
-6.432
-4.971
-6.405
-7.181
-10.227
-5.991
-4.843
-8.299
-6.229
-7.210
-6.863
-4.894
-7.463
-5.845
-6.026
-5.440
-3.726
-3.962
-3.991
-7.942
-11.404
-6.342
-13.274
-9.469
-7.599
-6.101
-4.124
-6.411
-4.062
-9.277
-6.369
-4.126
-10.757
-5.191
-10.118
-6.174
-4.865
-8.434
-4.168
-5.673
-9.051
-5.563
-7.995
-8.939
-3.369
-5.922
-3.923
-4.045
-6.437
-6.143
-7.833
-1.846
-6.026
-8.833
-5.909
-6.370
-3.331
-7.900
-9.321
-5.556
-7.619
-0.719
-4.778
-5.769
-5.357
-9.185
-3.425
-4.833
-7.342
-6.706
-4.181
-1.533
-7.448
-7.841
-7.835
-8.445
-4.720
-5.037
-8.110
-5.395
-5.484
-2.852
-6.251
-6.998
-6.383
-7.073
-2.372
-10.901
-9.959
-0.518
1.250
-8.527
-1.227
-2.230
-0.271
0.187
-7.611
-2.897
-8.350
-0.839
3.134
-8.540
-0.829
-5.073
-3.376
-1.186
-11.847
-1.511
-6.579
-4.562
-0.653
-10.641
-0.018
-3.528
-1.648
-0.985
-8.419
-0.704
-5.535
-1.621
-0.764
-9.949
-0.360
-5.944
-1.512
1.067
-7.735
-1.234
-3.328
-0.180
0.763
-8.968
-1.842
-6.199
-1.302
-3.094
-9.160
-1.886
-5.131
-10.102
-6.982
-11.533
-6.475
-6.341
-6.839
-4.971
-10.896
-3.128
-3.382
-8.135
-7.508
-10.815
-7.933
-6.796
-7.325
-7.702
-11.061
-6.219
-6.275
-7.742
-3.917
-10.232
-3.561
-1.819
-5.683
-6.946
-10.915
-5.976
-6.593
-9.966
-7.508
-11.047
-5.934
-5.079
-5.808
-6.838
-11.762
-4.631
-7.389
-8.214
-5.077
-11.289
-5.767
-4.013
-8.791
-4.863
-13.668
-6.976
-7.623
-2.212
-2.305
-2.249
-9.052
-7.066
-2.994
-2.299
-4.458
-8.024
-10.935
-3.261
-6.287
-2.759
-9.093
-9.727
-0.887
-2.997
-6.044
-4.769
-6.465
-0.713
-2.595
-5.867
-4.073
-6.717
-5.016
-6.818
-4.662
-7.029
-9.563
-4.425
-4.116
-2.994
-9.007
-7.411
-3.425
-0.968
-1.830
-4.635
-6.393
1.191
-1.421
-5.103
-4.675
-6.002
-2.990
-4.315
-5.569
-3.572
-6.209
-4.799
-2.429
-11.114
-6.445
-2.660
-0.758
-0.543
-9.333
-6.689
-5.563
-3.563
-1.148
-11.092
-5.700
-3.633
-2.814
-3.989
-10.284
-5.603
-5.617
-9.228
-3.315
-14.110
-4.687
-5.149
-2.319
-0.961
-8.776
-6.766
-2.680
-5.607
-3.633
-10.477
-4.989
-3.201
-1.830
-0.779
-9.114
-5.147
-4.275
-4.694
-1.273
-7.183
-6.460
-3.101
-5.859
-4.042
-9.643
-5.085
-3.722
-1.936
-0.441
-2.360
-5.669
-5.412
-2.631
-1.312
-3.039
-3.695
-4.529
-0.575
-0.014
-4.308
-5.256
-4.753
-1.180
-2.120
-1.020
-7.010
-5.746
-1.078
-0.604
-1.497
-5.565
-4.402
-1.727
-3.546
-8.213
-5.575
-3.833
-2.685
-2.752
-8.671
-4.102
-4.986
-1.066
0.070
-3.064
-4.474
-1.793
-2.886
-0.234
-7.248
-4.345
-5.569
-3.670
-1.549
-6.017
-6.536
-6.360
-4.588
-6.933
-5.245
-7.278
-9.565
-8.665
-5.257
-12.650
-8.145
-6.100
-10.432
-5.851
-6.299
-7.554
-7.213
-5.284
-9.611
-8.575
-8.392
-8.087
-4.356
-5.561
-7.465
-6.966
-4.329
-7.303
-7.341
-3.890
-7.601
-7.585
-15.000
-8.349
-8.322
-9.877
-4.990
-3.713
-11.438
-6.533
-4.248
-14.025
-6.778
-6.656
-13.039
-4.218
-2.626
-13.835
-5.921
-6.708
-12.414
-5.208
-2.514
-10.959
-7.994
-4.529
-12.543
-7.243
-6.872
-13.813
-6.195
-3.435
-7.054
-9.056
-5.454
-9.179
-8.074
-4.671
-6.892
-6.589
-3.141
-7.168
-5.786
-2.637
-5.924
-7.586
-4.304
-7.650
-9.322
-4.751
-6.036
-7.386
-2.247
-8.124
-9.020
-3.914
-5.850
-5.830
-4.786
-7.154
-6.340
-2.673
-2.370
-1.881
-4.530
-2.682
-1.618
-4.137
-3.468
-1.933
-5.230
-1.400
-1.962
-5.912
-2.401
-2.777
-5.610
-0.366
-1.369
-3.968
-2.674
-2.504
-6.633
-2.514
-1.247
-4.107
-2.394
0.206
-2.067
-3.382
-1.576
-5.246
-4.238
-5.203
-8.018
-3.348
-3.982
-6.433
-4.228
-2.923
-6.775
-5.219
-3.530
-6.988
-5.751
-2.198
-5.223
-3.124
-4.360
-7.214
-5.085
-3.323
-5.989
-5.649
-4.921
-7.693
-5.305
-3.907
-7.389
-7.816
-3.261
-5.213
-6.043
-2.811
-8.783
-3.741
-2.157
-7.604
-7.504
-1.303
-5.590
-6.535
-1.755
-7.570
-5.359
-1.954
-8.466
-7.068
-2.753
-8.400
-8.668
0.334
-6.729
-9.491
-2.701
-7.724
-9.295
-2.748
-7.543
-6.071
-1.290
-7.578
