-3.553
-1.766
-2.453
-2.841
-1.851
-2.042
-4.704
-1.523
-1.141
-1.034
-0.163
-2.317
-2.128
-3.590
0.063
-1.428
-2.677
-3.667
-0.924
-0.393
-2.240
-1.904
-1.814
-1.965
-2.544
-2.647
-3.014
-1.982
-2.269
-3.679
4.027
1.790
1.669
1.788
3.914
0.907
1.132
3.715
4.245
3.244
-3.142
1.243
-4.384
-3.961
0.639
-2.491
-3.059
0.858
-1.935
-3.572
1.630
-4.033
-4.395
1.324
-3.466
-3.504
1.489
-4.133
-3.425
0.807
-2.021
-3.168
0.934
-2.499
-2.292
-1.120
-4.510
-2.991
-0.867
-4.407
-1.656
-1.491
-4.689
-0.602
-1.214
-4.135
-3.498
-2.080
-2.934
0.894
-2.893
-1.566
-3.543
-2.211
-1.194
-4.779
0.236
-2.165
-3.666
-3.803
-1.005
-1.520
-1.605
-3.503
-1.514
-0.345
-1.566
-3.595
-0.605
-2.541
-3.523
-3.282
-4.010
-3.634
-2.876
-4.916
-3.554
-3.410
-2.978
-4.417
-3.039
-4.128
-3.275
-2.100
-5.284
-3.785
-3.970
-4.382
-3.474
-2.232
-2.984
-3.434
-1.302
-2.802
-4.844
-1.559
-4.539
-4.050
-1.805
-4.576
-4.594
-5.755
-3.939
-1.973
-2.585
-1.129
-5.020
-5.019
-3.583
-4.172
-3.429
-0.928
-4.056
-3.477
-2.512
-4.851
-5.289
-4.559
-4.567
-4.910
-2.523
-3.427
-3.504
-3.608
-4.328
-4.446
-2.794
-4.309
-3.899
-4.126
-1.778
-3.647
-3.920
-1.153
-3.819
-4.158
0.011
-1.217
-3.351
-0.642
-3.149
-3.954
-1.375
-2.164
-2.899
-2.556
-2.010
-3.310
-0.243
-2.168
-3.591
-2.744
-3.551
-3.047
-1.606
-4.015
-3.763
-2.174
-2.974
-5.132
-2.460
-3.744
2.329
-2.965
-4.348
3.471
-3.825
-4.133
3.762
-2.258
-2.309
1.725
-4.786
-3.758
1.933
-3.942
-4.596
2.409
-3.937
-4.166
4.309
-3.338
-5.010
2.987
-4.184
-4.553
2.613
-4.236
-3.376
1.795
-1.469
-2.820
-4.044
0.841
-3.006
-1.670
-0.919
-4.277
-3.064
0.238
-3.453
-3.397
0.229
-2.695
-2.522
0.577
-3.341
-1.384
-0.407
-4.581
-2.037
-1.070
-2.141
-2.972
0.485
-2.966
-1.537
-2.412
-3.739
-1.660
-2.951
-3.272
-4.804
-1.905
-2.592
-2.664
-2.214
-3.437
-3.401
-1.729
-3.291
-3.669
-1.547
-1.720
-4.035
-1.527
-3.391
-3.216
-1.596
-2.741
-2.717
-1.545
-3.289
-3.342
-1.704
-2.613
-4.831
-1.483
-2.428
-2.598
-0.969
-2.666
-0.684
-2.433
-2.114
-3.152
-3.408
-2.314
-3.037
-0.746
-1.632
-3.148
-2.196
-1.815
-1.334
-2.418
-0.058
-3.870
-1.225
-2.652
-0.775
-2.691
0.103
-2.373
-0.109
-3.727
0.558
-2.308
0.856
-2.682
0.400
-2.374
-0.753
-2.954
-0.261
-2.932
-3.686
-2.915
-2.967
-3.797
-4.984
-2.649
-3.034
-4.211
-3.730
-1.421
-2.893
-2.209
-4.494
-3.073
-4.664
-1.885
-4.744
-4.875
-3.960
-2.259
-4.361
-3.886
-4.898
-2.969
-0.239
-2.949
0.092
-1.445
-0.565
-2.658
0.231
-2.376
0.386
-1.735
1.012
-2.508
-1.674
-2.773
0.042
-2.593
-0.758
-2.612
-1.884
-3.374
2.303
-2.973
1.655
-0.203
1.635
-1.702
0.697
0.204
3.325
-0.354
2.117
-3.145
0.908
-1.271
1.209
-1.682
1.521
-2.650
2.356
-0.831
-2.922
-3.292
-2.447
-1.229
-2.916
-2.231
-2.259
-2.643
-1.248
-3.225
-3.962
-3.260
-3.489
-4.374
-2.196
-2.026
-2.706
-4.886
-2.867
-2.729
-2.158
-2.049
-2.474
-2.822
-1.516
-3.679
-3.116
-3.065
-2.889
-1.740
-3.294
-2.593
-2.103
-3.077
-2.149
-4.158
-3.150
-2.344
-4.062
-3.235
-1.727
-2.523
-2.964
-3.987
-3.155
-4.509
-5.126
-2.822
-1.975
-2.324
-2.784
-3.829
-3.849
-3.723
-3.938
-5.229
-2.802
-3.589
-4.036
-1.760
-4.174
-4.631
-2.425
-4.385
0.074
-1.916
-1.779
-4.017
-2.485
-2.360
-2.825
-6.344
0.221
-3.056
-3.385
-6.683
-0.772
-2.977
-2.643
-4.734
-0.696
-2.589
-2.079
-4.796
-1.478
-2.338
-2.734
-6.012
-2.080
-2.892
0.045
-6.703
-0.203
-3.687
-1.781
-6.595
-2.573
-1.214
-2.883
-6.006
-1.965
-1.308
-3.068
-1.578
-1.457
-4.545
-2.363
1.114
-2.067
-5.329
-2.978
-1.894
-2.973
-3.048
-2.353
-1.811
-2.688
-3.800
-3.491
-1.636
-0.757
-4.132
-4.805
-1.310
-2.461
-3.235
-3.913
0.006
-1.021
-2.976
-4.391
0.427
-2.647
-5.170
-4.179
-0.192
-3.952
-3.251
-3.661
-1.070
-2.931
1.170
-3.145
-5.024
-3.200
-0.387
-1.332
-2.348
-4.422
-1.623
-0.928
-2.896
-3.072
-0.575
-2.312
-4.084
-2.963
-0.102
-0.293
-3.118
-3.569
-0.403
-2.341
-3.522
-4.240
-0.503
-1.610
-3.131
-3.541
-0.858
-2.092
-3.730
-3.464
0.309
-2.252
-2.875
-2.714
-1.194
-1.988
-3.391
-1.138
-1.638
-2.984
0.042
-1.912
-1.196
-1.807
0.089
-0.085
-2.276
-2.844
0.311
-0.156
-2.656
-0.834
-0.712
0.409
-2.246
-0.812
-0.805
-0.452
-1.792
-1.310
-0.402
-0.518
-1.851
-0.940
-0.413
-0.802
-5.955
-1.110
0.556
0.303
-2.953
-1.894
-2.327
-0.436
-2.683
-1.944
-0.507
-2.343
-1.560
-2.050
-2.533
-2.809
-1.981
-3.592
-4.327
-2.541
-1.889
-3.051
-2.494
-1.624
-3.094
-2.796
-3.019
-1.407
-0.704
-2.389
-3.058
-1.054
-1.059
-2.635
-2.806
-1.737
-2.234
-4.435
-2.413
-1.677
-2.986
-2.974
-3.760
-1.701
-1.795
-2.501
-3.621
-2.704
-1.416
-1.643
-4.193
1.014
-3.773
-0.047
-2.954
0.794
-2.943
0.278
-1.282
-0.246
-3.944
-0.678
-2.796
-0.846
-3.471
-0.452
-4.066
-0.321
-4.415
-0.666
-1.801
0.004
-3.473
0.927
-1.442
0.336
-1.802
-0.759
-1.406
0.455
-2.623
-1.260
-3.401
-1.293
-3.374
-2.024
-1.541
-0.469
-4.042
1.367
-0.884
-3.517
-2.733
-2.520
-0.628
-3.263
-2.467
-2.198
-1.867
-2.930
-3.456
-2.037
-1.145
-3.110
-1.703
-3.924
-1.022
-1.915
-2.794
-2.040
-0.648
-3.033
-3.071
-1.905
-1.482
-1.426
-2.857
-2.479
-0.445
-2.622
-2.661
-3.617
-2.136
-3.113
-1.833
-2.403
-1.366
-3.535
-3.888
-2.977
-1.224
-1.994
-1.972
-0.756
-4.515
-2.277
-0.499
-2.839
-4.520
-1.948
-2.382
-0.568
-4.148
-3.216
-2.252
-1.465
-4.023
-3.114
-1.404
-2.125
-4.049
-2.627
0.080
-0.249
-2.379
-3.061
-3.337
-1.545
-5.170
-3.723
-2.173
-0.701
-4.023
-2.878
-1.275
-0.528
-4.610
-3.514
-0.767
-1.498
-1.463
-0.731
-2.344
-1.928
-2.589
-0.154
-1.577
-3.339
-3.712
-1.067
-2.310
-2.408
-1.668
-2.954
-1.201
-3.991
-3.902
0.147
-1.562
-3.397
-2.353
-1.594
-1.687
-3.323
-0.754
0.397
-0.567
-3.528
-1.241
-2.454
-1.961
-3.588
-2.945
-1.818
-3.136
-2.833
-3.696
-0.714
-2.628
-2.856
-3.480
-2.384
-2.295
-2.620
-2.712
-1.802
-2.409
-3.181
-2.197
-2.156
-2.734
-2.796
-2.435
-2.055
-2.559
-3.198
-1.810
-3.368
-2.049
-4.351
-1.804
-3.071
-1.442
-2.267
-1.433
-2.436
-0.500
-3.903
0.748
-1.324
-2.029
-3.422
-0.700
-3.625
-0.675
-1.923
-0.490
-3.565
-0.810
-3.113
-0.366
-1.688
-1.784
-1.485
-1.375
-1.846
-2.663
-1.501
-1.749
-0.376
-1.111
-1.005
-1.718
-1.939
-2.086
-3.637
-1.224
-1.946
-2.422
-1.853
-3.231
-2.482
-2.882
-4.284
-2.311
-2.591
-0.987
-2.520
-2.084
-2.578
-1.567
-3.284
-0.903
-2.236
-2.329
-1.188
-1.540
-2.324
-3.113
-1.431
-1.090
-3.646
-2.810
-4.231
-2.471
-2.597
-1.392
-1.491
-1.883
-1.488
-1.544
-3.106
-2.362
-1.452
-0.084
-3.705
-0.556
-3.139
-1.203
-3.023
-2.845
-4.481
-2.005
-2.951
-2.229
-1.490
-2.522
-2.134
-2.772
-2.871
-3.229
-2.438
-2.614
-1.861
-4.224
-3.599
-2.939
-2.275
-3.512
-3.007
-3.322
