4.820
5.915
4.827
5.934
4.026
4.665
2.389
7.028
5.307
5.061
6.067
5.934
7.032
1.265
5.930
5.303
6.714
3.811
5.154
4.132
5.360
3.652
3.997
2.601
4.628
2.530
3.811
4.820
3.590
2.585
-0.510
-1.066
-2.045
-0.188
-0.346
-2.238
-1.067
-0.799
-0.073
-1.426
5.327
6.319
5.661
6.916
6.320
7.171
6.037
7.298
6.732
5.244
6.260
6.856
3.271
2.423
2.251
4.120
-1.015
4.438
5.594
3.183
1.825
3.527
1.757
2.415
3.017
3.356
1.593
2.519
1.928
3.157
3.378
2.778
3.087
-0.549
1.835
3.622
1.650
1.066
3.287
2.776
2.020
4.460
1.820
1.922
1.644
1.948
2.417
3.463
1.784
1.901
-2.228
-3.510
-2.812
-2.346
-3.645
-3.056
-1.957
-2.215
-3.470
-3.130
2.487
1.634
4.256
3.022
1.897
1.220
2.420
1.927
1.929
2.718
4.591
2.716
2.601
2.314
2.307
2.005
3.422
4.172
1.726
2.562
4.237
3.241
2.944
4.327
3.753
2.516
3.722
2.625
3.605
3.391
4.014
3.333
5.993
3.807
3.459
3.766
3.025
5.078
2.612
2.917
4.027
4.981
5.769
0.673
4.032
3.417
3.243
5.193
4.563
4.103
2.452
4.657
2.287
2.941
2.146
1.672
3.412
2.980
1.325
2.987
-1.432
-0.943
-1.828
-2.661
-2.184
-1.078
-1.447
-0.567
-1.759
-3.123
2.730
2.016
0.070
3.201
2.230
1.991
2.481
2.529
-0.616
0.701
3.222
5.762
6.583
5.900
6.768
7.246
6.212
6.654
4.930
0.793
-0.649
4.772
6.883
6.661
5.353
5.812
5.181
6.422
4.099
3.961
2.569
3.519
2.622
0.036
2.925
3.135
3.699
2.337
3.655
2.835
5.135
6.009
4.070
6.543
6.516
5.903
5.078
5.848
5.691
5.505
4.448
5.822
4.554
4.333
6.272
5.370
5.973
4.324
4.508
6.090
5.939
6.264
6.334
4.346
7.584
6.150
5.085
6.791
6.874
7.958
3.009
2.386
0.981
1.568
2.383
2.367
3.201
3.468
2.662
3.128
7.884
6.414
7.156
6.733
6.960
7.932
5.988
6.405
6.274
3.178
3.763
2.905
5.033
3.695
4.730
3.444
4.379
4.311
3.579
3.727
5.670
5.906
5.932
5.244
5.169
5.559
4.984
2.413
4.083
4.938
5.192
4.327
6.605
6.774
6.764
7.342
6.561
5.331
4.413
5.221
2.435
1.718
4.459
1.749
2.494
3.954
3.044
1.454
3.993
4.018
5.697
6.273
7.463
2.226
6.807
6.772
7.723
5.660
5.593
2.345
0.854
0.064
-0.421
0.663
-1.347
0.342
0.790
0.098
-1.844
1.475
1.784
0.516
1.879
2.217
1.477
0.589
1.167
-0.390
0.738
0.896
3.647
6.381
4.599
2.132
4.587
6.358
6.036
6.230
3.897
6.983
