-4.598
-5.047
-2.059
-4.540
-3.429
-3.658
-3.007
-4.671
-3.036
-5.420
-3.217
-3.684
-4.801
-4.617
-3.278
-6.199
-3.060
-3.091
-2.175
-3.574
-5.050
-2.748
-2.193
-2.291
-5.219
-3.274
-3.179
-3.267
-1.544
-2.839
-3.738
-3.500
-3.757
-2.338
-4.526
-3.131
-2.670
-3.040
-2.564
-4.528
-3.680
0.497
-0.489
-0.048
-1.901
0.737
-1.709
1.359
-1.174
0.122
-3.784
-1.147
-2.259
-0.345
-2.389
-1.315
-0.926
-0.604
-0.552
1.048
-1.257
1.275
-1.176
0.759
-1.314
0.878
-1.914
0.810
-0.614
1.809
-1.100
3.664
-1.452
3.014
-1.992
2.699
-1.599
1.924
-2.195
1.281
-1.705
-4.581
-3.545
-2.360
-0.353
-4.955
-2.610
-0.279
-2.001
-4.937
-5.869
-1.462
-2.405
-3.616
-3.419
-3.223
-3.288
-4.655
-4.251
0.618
-2.357
-3.808
-1.570
-0.367
-2.309
-1.685
-2.633
-1.158
-1.474
-3.777
-3.430
0.816
-2.354
-4.518
-4.019
-0.499
-2.006
-4.552
-4.556
0.511
-1.657
-3.893
-2.236
-4.281
-0.916
-3.684
-3.719
-4.653
-0.806
-3.969
-3.442
-4.429
-1.115
-2.200
-3.208
-4.103
-2.405
-3.302
-3.525
-6.150
-0.400
-3.874
-3.441
-3.893
-1.111
-2.689
-4.841
-4.313
-1.185
-4.142
-6.066
-4.398
-3.385
-2.756
-4.542
-3.640
-3.205
-2.202
-2.203
-3.468
0.488
-2.008
-1.471
-1.984
2.996
-3.202
-1.275
-2.823
3.843
-3.463
-2.543
-3.086
3.591
-3.291
-2.649
-2.863
4.935
-4.147
-2.631
-2.247
2.615
-2.833
-2.878
-3.078
2.887
-1.781
-2.304
-2.389
2.095
-2.963
-1.022
-0.828
2.026
-1.646
-2.973
-2.149
2.294
-2.616
-1.603
-2.647
-3.200
0.004
-0.670
-0.350
-3.574
-2.174
-1.672
1.899
-3.852
-2.582
-1.896
1.239
-4.064
-1.740
-2.747
1.036
-4.161
-2.854
-2.088
3.934
-3.040
-0.894
-2.759
1.340
-4.274
-3.107
-2.080
1.889
-2.738
-2.500
-2.413
3.049
-2.991
-2.143
-4.101
0.951
-4.966
-2.168
-2.361
0.068
-0.746
-0.758
-2.024
-3.837
1.272
-3.033
-0.347
-4.075
2.020
0.215
-1.337
-2.345
0.096
-2.028
-2.238
-2.039
1.022
-2.426
-2.706
-3.054
2.347
-0.320
-2.308
-4.242
1.463
-3.389
-1.745
-4.339
-2.770
-1.253
-1.895
-1.935
2.599
-0.722
-0.882
-4.517
-0.018
-2.057
-1.631
-4.501
-4.836
-3.393
-2.508
1.311
-2.183
-2.043
-0.968
-0.169
-4.003
-2.100
-3.614
-0.899
-3.303
-3.088
-2.755
0.265
-0.299
-3.403
-3.123
2.523
-4.043
-3.865
-2.781
1.767
-2.623
-2.820
-3.319
-0.869
-2.941
-2.188
-1.651
1.009
-1.465
-2.934
-2.658
0.858
-0.131
-1.174
-3.393
-0.058
0.629
-3.894
-2.937
-3.765
-0.386
-2.430
-2.748
-1.297
1.522
-3.428
-1.708
-4.338
0.845
-4.928
-2.588
-2.626
0.661
-4.803
-1.896
-3.165
0.898
-4.889
-1.860
-3.607
-1.940
-5.361
-2.873
-1.476
0.009
-3.751
-2.851
-2.057
0.179
-4.014
-2.591
-3.598
-1.265
-4.096
-2.170
-2.269
-1.836
2.804
-3.335
-2.809
-2.279
3.311
-2.124
-2.208
-1.848
3.904
-2.427
-3.094
0.101
1.415
-1.192
-2.840
-1.604
2.918
-1.191
-1.581
-3.018
3.074
-1.899
-2.645
-4.034
-0.563
-1.879
-2.714
-1.782
1.926
-3.236
-2.436
-0.466
2.163
-1.641
-2.419
-2.968
1.768
-4.124
-3.399
-4.364
-2.843
-3.670
-3.539
-3.555
-4.406
-2.892
-3.474
-3.047
-3.176
-3.349
-5.118
-4.261
-3.938
-4.737
-3.414
-3.906
-4.749
-3.873
-2.735
-3.400
-5.130
-3.578
-4.688
-3.120
-1.744
-4.739
-2.041
-2.597
-5.800
0.642
-1.737
-2.290
3.088
-2.786
-4.649
1.717
-1.714
-3.257
2.384
-1.404
-3.503
-0.214
-5.254
-3.834
1.569
-3.295
-4.621
0.809
-2.277
-3.674
1.459
-4.174
-3.588
1.179
-2.721
-3.188
1.601
-1.274
-4.086
1.791
-4.491
-5.897
2.411
-1.475
-3.452
1.528
-0.728
-2.488
2.097
0.501
-3.044
0.437
-2.923
-2.878
1.424
-0.657
-1.621
-0.048
-2.320
-2.026
-1.467
-2.902
-2.131
2.495
-0.154
-3.313
0.115
-2.888
-3.526
-1.436
3.269
-4.263
-1.484
1.785
-3.664
-1.231
2.468
-4.970
-0.371
4.064
-4.744
0.841
0.479
-2.330
-2.805
2.864
-4.552
-2.204
2.925
-3.130
0.663
2.488
-4.724
0.770
2.901
-2.096
0.064
1.516
-4.190
1.693
-2.684
-2.574
-0.404
-2.982
-3.063
0.744
-3.044
-4.255
2.560
-2.634
-4.020
0.309
-4.228
-3.649
2.146
-2.159
-4.358
2.453
-3.132
-3.612
0.135
-4.293
-2.022
1.901
-2.694
-3.542
1.049
-3.573
-4.269
-0.811
0.710
-4.222
0.154
1.905
-4.421
0.235
2.303
-3.835
-1.531
2.053
-4.279
1.352
1.044
-1.784
-1.007
1.140
-3.083
-0.077
0.960
-2.792
-0.450
1.751
-2.662
0.645
0.780
-3.550
-1.069
1.857
-2.486
-3.142
-3.379
-5.103
-2.134
4.235
-2.039
-1.768
-2.266
-2.873
0.379
-3.357
-3.614
-3.274
-2.226
2.371
-2.934
-2.169
-3.208
-2.301
0.905
-1.915
-4.171
-3.987
-4.061
1.135
-3.708
-3.237
-4.881
-2.311
2.746
-1.475
-3.676
-4.296
-3.055
2.633
-2.717
0.044
-2.078
-1.895
-2.038
-1.537
-1.368
-3.532
-2.657
0.712
-2.752
-2.602
-4.854
-1.948
-1.015
-3.890
-3.298
-3.026
4.330
0.234
-3.778
-3.498
-3.550
3.881
-2.275
-3.077
-2.368
-4.901
4.898
0.541
-4.870
-3.508
-3.802
4.201
-0.568
-4.393
-3.351
-4.591
3.400
-0.176
-2.542
-1.704
-2.622
4.542
-1.771
-3.321
-3.079
-3.896
5.036
-0.366
-1.244
-1.586
-3.593
5.923
-1.693
-2.591
-3.026
-2.304
3.669
-2.259
-4.083
-3.221
-3.070
2.838
-2.088
-3.442
-2.685
-4.703
-4.995
-2.945
-4.049
-2.721
-3.641
-3.750
-3.510
-4.217
-4.513
-4.476
-3.051
-2.039
-2.750
-1.985
-3.837
-4.726
-4.933
-0.613
-4.709
-1.929
-4.343
-2.565
-3.398
-3.428
-3.042
-3.884
-2.326
-2.369
-4.215
-3.885
-3.988
-4.481
-2.866
-3.251
-2.950
-2.845
-3.144
-2.955
-2.740
-2.377
-3.604
-3.882
-3.795
-3.356
-2.684
-5.985
-2.077
-3.966
-1.865
-6.371
0.325
3.211
-3.524
-0.983
-3.889
-0.046
3.827
-3.429
0.205
-3.475
0.016
2.649
-4.647
-3.955
-3.187
-0.950
2.028
-2.445
-1.836
-3.154
-0.590
0.782
-1.295
-1.669
-3.616
0.620
0.817
-3.186
-2.773
-2.464
-1.863
0.161
-3.316
-0.971
-3.694
-0.900
4.574
-4.112
-1.538
-2.855
-0.382
2.392
-4.010
-1.955
-4.412
-0.815
3.890
-1.472
-4.218
-5.509
-2.652
-2.635
0.373
-3.802
-3.507
-2.263
-3.235
-0.399
-2.098
-2.136
-0.046
-0.603
-0.579
-2.454
-4.452
-2.829
-0.242
-1.063
-1.889
-0.535
-0.254
-3.671
-0.855
-2.862
-3.929
-1.395
-0.364
-1.176
-0.095
-1.379
-4.343
-3.658
-1.788
-3.676
-5.407
0.115
0.039
-1.898
-3.692
-5.017
-2.903
-4.246
-1.559
-4.132
-4.511
-1.665
-4.532
1.642
1.819
-2.625
3.583
-1.010
-0.495
0.300
-2.709
1.102
-2.303
0.407
0.959
-2.508
2.544
0.187
-0.354
-1.157
-4.003
3.392
-1.474
-1.558
0.236
-3.329
1.071
-1.851
1.443
-1.003
-2.321
0.881
-1.231
0.748
-0.128
-1.463
2.866
-2.697
-1.730
-1.492
-1.174
0.733
-1.265
0.299
-0.463
-2.187
1.829
-1.900
-1.710
-0.603
-2.777
1.866
-2.162
-3.496
-4.025
-2.215
1.332
-2.009
-4.902
-2.891
-2.369
1.521
-1.202
-3.708
-3.395
-1.692
-2.172
-3.707
-3.128
-3.642
-1.055
0.630
-1.699
-4.737
-3.502
-2.312
1.004
-2.466
-3.233
-4.821
-1.545
-0.450
-3.024
-3.056
-4.247
-2.592
-0.393
-1.733
-2.017
-2.632
-1.721
1.032
-2.372
-3.364
-4.868
-1.714
1.723
-1.601
-3.908
-3.565
-1.888
0.638
-4.140
2.535
-2.446
-2.204
-3.747
-4.111
3.232
-3.060
-3.742
-3.309
-4.005
3.717
-2.183
-3.619
-3.451
-2.990
2.073
-2.173
-3.883
-2.392
-3.232
3.304
-1.638
-3.319
-1.994
-4.295
4.129
-1.823
-2.434
-2.213
-3.600
4.403
-3.018
-2.789
-2.457
-3.126
3.174
-1.514
-3.200
-1.562
-4.031
1.892
-3.429
-3.289
-4.488
-3.233
3.252
-1.979
-2.476
-1.845
-3.859
-1.915
-1.526
-1.024
-1.797
1.943
-1.055
-2.516
-1.833
-3.005
-0.536
0.812
-1.586
-1.642
-3.680
-0.716
0.941
-3.411
-3.016
-3.119
-1.271
0.383
-1.366
-1.569
-0.892
0.124
1.650
-2.485
-3.558
-0.864
-0.592
1.221
-1.610
-1.449
-0.627
0.303
1.304
-1.852
-3.530
-1.766
-0.492
-1.035
-1.851
-3.897
-3.022
-1.567
-0.510
-2.943
-2.133
-1.979
-0.191
2.017
-0.562
-1.655
-2.615
-2.615
1.671
-1.903
-1.032
-3.097
-3.277
3.028
-0.469
0.916
-2.032
-0.240
2.751
-0.400
-0.320
-2.296
-2.360
2.191
-1.798
-0.874
-3.191
-3.540
1.510
-0.645
-0.580
-3.906
-2.128
2.535
-1.846
-0.373
-1.996
-1.936
2.789
0.385
-0.951
-1.442
-2.546
1.806
-0.670
-0.649
-1.133
-3.089
0.317
-1.421
-0.084
-2.953
-2.945
-4.393
-3.279
-2.173
-2.003
-5.156
-4.706
-1.915
-5.237
-4.230
-2.440
-5.344
-4.087
-5.758
-3.963
-2.168
-2.016
-4.249
-3.183
-5.909
-2.442
-2.226
-4.324
-2.502
-5.646
-5.295
-3.429
-4.637
-1.323
-4.001
-3.292
-4.040
-2.589
3.408
-4.127
-3.189
2.522
-4.541
-3.484
4.410
-3.842
-0.894
5.325
-4.526
-1.479
4.896
-3.822
-1.909
4.562
-4.695
-2.168
2.673
-4.395
-3.642
2.222
-4.574
-2.166
3.093
-4.154
-2.298
5.058
-1.220
-4.616
-2.513
-3.349
-4.629
-2.590
-2.192
-5.037
-2.105
-1.536
-3.888
-1.026
-3.814
-4.168
-3.237
-2.315
-5.591
-2.545
-2.940
-4.047
-2.163
-2.703
-3.744
-3.606
-3.156
-3.031
-3.470
-2.338
-4.217
-1.704
-1.786
1.935
-3.868
-2.884
1.175
-5.975
-3.528
0.084
-2.895
-2.535
-0.847
-3.780
-2.075
-0.144
-6.360
-2.208
0.256
-4.299
-2.231
1.767
-3.525
-3.040
1.479
-3.973
-1.704
1.878
-5.469
-0.863
1.287
-2.419
0.339
-3.647
-1.944
2.475
-3.651
-2.301
1.215
-3.007
-4.008
1.896
-2.151
-3.216
0.849
-1.738
-1.348
1.860
-5.087
-2.862
0.591
-2.028
-1.477
2.471
-1.530
-1.164
0.323
-3.041
-2.605
1.526
-0.674
-1.046
1.590
-1.902
-1.957
0.606
-2.580
-3.154
0.855
-1.301
-2.401
2.501
-1.799
-0.351
1.894
-1.839
-4.508
0.853
-2.773
-3.960
0.952
-2.293
-1.946
0.738
-2.883
-1.724
0.623
-2.507
-2.122
1.218
-0.937
-2.901
