4.024
4.970
3.901
5.134
3.207
3.939
1.678
5.962
4.453
4.191
5.227
5.112
6.041
0.869
5.234
4.630
5.787
3.465
4.481
3.499
5.590
5.236
5.990
5.455
6.090
3.789
5.306
6.256
5.866
4.510
4.628
2.716
2.840
3.957
4.187
3.142
1.457
5.457
5.138
4.201
4.354
5.098
4.498
5.725
5.172
5.962
4.871
6.016
5.542
4.154
4.751
5.411
2.252
1.538
1.420
2.698
-1.622
3.080
4.130
2.121
2.557
2.726
1.604
2.688
3.220
2.689
1.008
2.408
1.936
1.664
3.676
2.886
3.438
0.049
2.743
3.712
2.004
2.009
3.597
2.236
2.071
3.335
2.950
1.423
2.305
3.369
2.167
3.513
2.859
3.114
0.754
3.526
2.714
1.066
1.725
2.844
2.453
2.798
3.093
1.637
2.989
2.205
4.814
3.068
2.363
2.289
2.866
2.107
3.539
2.358
3.013
2.719
2.412
1.922
2.955
1.988
2.643
3.622
1.561
2.300
2.734
2.119
1.801
2.877
2.620
1.492
2.319
1.398
2.437
2.268
3.506
2.836
5.789
3.128
4.694
3.917
3.478
5.438
3.469
3.139
2.861
3.665
4.329
0.034
2.865
2.346
2.200
3.844
3.313
2.925
3.905
4.724
3.130
3.846
3.860
2.030
3.919
4.245
2.995
4.527
4.503
3.590
4.042
2.493
3.867
5.961
4.039
3.009
3.683
4.322
4.789
3.370
0.597
2.586
2.801
3.422
2.869
4.030
0.168
2.555
2.584
4.998
5.602
5.051
5.787
6.155
5.260
5.611
4.122
0.294
-0.810
3.450
5.295
4.981
4.144
4.373
3.661
4.927
2.929
2.601
3.153
5.223
4.347
2.431
4.861
3.783
5.561
4.825
5.900
4.911
3.945
4.627
3.099
5.180
5.111
4.787
3.822
4.639
4.417
4.191
5.785
6.756
6.999
5.144
7.528
5.785
7.397
4.701
5.999
6.561
5.879
5.821
6.024
4.416
7.684
6.320
4.957
6.790
7.096
8.043
5.174
5.679
3.186
4.015
4.919
5.122
4.809
5.592
4.862
4.987
7.994
6.544
7.177
6.835
7.066
8.102
5.802
6.513
6.508
3.360
4.421
3.402
6.083
5.056
6.964
4.764
5.743
6.099
4.278
4.705
5.786
6.262
6.450
5.504
5.108
5.708
5.367
2.866
4.695
5.367
4.231
3.402
5.472
5.647
5.549
6.070
5.379
4.312
3.494
4.253
3.521
3.364
4.508
3.234
3.127
4.771
4.112
1.308
4.416
4.576
4.986
5.520
6.622
1.771
6.014
5.982
6.863
4.952
4.890
1.881
4.299
4.764
4.230
4.729
3.000
3.653
4.277
4.044
3.888
5.560
4.834
4.539
4.008
5.827
5.210
3.087
4.566
2.674
4.377
4.722
3.053
5.571
3.930
1.658
3.919
5.550
5.254
5.432
3.283
6.126
