-4.498
-5.090
-2.130
-4.590
-3.326
-3.785
-2.948
-4.818
-3.093
-5.333
-3.099
-3.705
-4.594
-4.650
-3.251
-6.035
-2.987
-3.100
-2.108
-3.714
-4.859
-2.854
-2.207
-2.322
-5.051
-3.470
-3.223
-3.363
-1.534
-2.944
-3.767
-3.649
-3.867
-2.377
-4.436
-3.378
-3.061
-3.181
-2.860
-4.482
-2.631
-0.827
-1.389
-4.313
-2.965
-2.648
-1.532
-2.207
-1.751
-3.660
-3.325
-1.854
-4.474
-3.322
-3.375
-4.388
-2.840
-3.983
-1.965
-3.151
-0.335
-3.120
-2.479
-2.487
-1.181
-3.108
-2.080
-3.563
-1.051
-3.216
0.819
-1.657
-0.093
-1.789
-0.017
-2.229
-1.605
-2.480
-1.087
-1.333
-2.619
-4.454
-3.478
-3.301
-1.563
-4.811
-2.725
-2.069
-2.626
-4.741
-5.562
-2.797
-3.033
-3.532
-3.337
-4.222
-4.243
-4.670
-4.113
-2.129
-3.710
-3.749
-1.841
-1.642
-3.526
-1.940
-2.865
-3.422
-2.555
-3.617
-3.389
-1.010
-3.503
-4.329
-4.045
-1.834
-2.751
-4.354
-4.310
-1.857
-2.490
-3.919
-2.428
-4.005
-1.725
-3.622
-3.745
-4.519
-2.176
-3.959
-3.426
-4.899
-1.453
-2.346
-3.369
-4.785
-2.172
-3.218
-3.428
-5.652
-1.314
-3.799
-3.327
-4.668
-1.975
-2.681
-4.401
-4.999
-1.384
-4.049
-5.472
-4.660
-3.088
-2.719
-4.228
-3.450
-2.823
-2.451
-2.333
-3.579
-1.416
-2.290
-1.890
-2.819
-1.026
-3.080
-1.527
-3.003
0.168
-3.404
-2.857
-3.238
-0.248
-3.305
-2.695
-2.941
0.305
-4.029
-2.891
-2.855
-1.095
-2.797
-3.109
-2.702
-0.503
-1.924
-2.686
-2.450
-2.052
-3.217
-1.667
-2.040
-1.139
-1.927
-3.230
-3.321
-1.039
-2.727
-2.038
-2.964
-2.581
-0.702
-1.239
-2.898
-3.421
-2.582
-2.207
-1.253
-3.364
-3.121
-2.378
-1.370
-3.336
-2.502
-3.255
-1.856
-4.153
-3.329
-2.516
0.569
-3.226
-1.497
-3.114
-1.171
-3.740
-3.682
-2.711
-0.530
-2.762
-3.095
-2.890
0.343
-2.355
-2.595
-4.279
-1.987
-4.527
-2.747
-2.953
-2.050
-3.688
-1.074
-2.571
-4.829
-2.852
-2.616
-3.072
-3.168
-2.269
-0.143
-2.168
-2.158
-3.153
-2.051
-2.443
-2.666
-2.683
-3.328
-3.073
-2.693
-1.786
-0.906
-3.684
-3.598
-2.189
-3.290
-4.600
-1.845
-1.952
-1.983
-2.704
-2.109
-1.826
-0.805
-2.870
-3.446
-3.909
-2.451
-3.949
-4.130
-4.628
-3.076
-1.590
-2.095
-1.926
-2.208
-2.255
-3.238
-3.900
-2.349
-2.856
-2.812
-3.713
-2.867
-0.837
-1.335
-1.506
-3.631
-2.003
-0.013
-3.594
-3.376
-2.187
-1.935
-3.275
-2.144
-2.756
-3.039
-2.383
-2.037
-0.785
-2.419
-1.671
-2.744
-2.844
-2.037
-1.206
-2.042
-2.096
-0.402
-3.237
-3.322
-2.027
-2.293
-3.402
-2.312
-2.099
-1.986
-2.447
-2.697
-4.257
-2.302
-2.932
-5.172
-2.994
-2.056
-2.167
-5.295
-3.689
-2.222
-2.768
-4.901
-3.574
-2.590
-4.423
-5.129
-1.587
-2.076
-2.424
-3.386
-3.179
-1.384
-2.947
-3.838
-2.009
-1.810
-3.916
-3.475
-2.601
-1.305
-0.817
0.095
-3.090
-3.578
-1.280
0.064
-3.623
-2.098
-0.676
0.380
-4.653
-4.409
0.803
-0.318
-4.068
-3.989
-0.545
0.385
-3.573
-1.221
-2.215
0.615
-3.399
-3.155
-2.874
-2.623
-3.095
-3.608
-0.980
-0.039
-3.824
-2.903
0.500
-0.304
-3.438
-2.483
-1.951
-0.893
-4.476
-3.550
-3.827
-2.978
-3.626
-3.194
-3.556
-4.246
-2.701
-3.488
-3.101
-1.594
-3.037
-4.846
-2.553
-3.852
-4.525
-3.289
-3.754
-4.535
-2.669
-2.714
-3.399
-4.511
-3.561
-4.484
-3.482
-2.157
-4.527
-1.992
-2.722
-5.421
-2.404
-2.028
-2.463
0.737
-2.876
-4.451
-1.393
-1.862
-3.278
-0.619
-1.826
-3.485
-2.700
-5.087
-3.764
-1.249
-3.450
-4.427
-1.980
-2.415
-3.629
-2.991
-4.166
-3.557
-2.406
-3.099
-3.220
-1.638
-1.929
-3.977
-0.182
-4.510
-5.503
-0.613
-2.065
-3.442
-0.224
-1.382
-2.630
-0.331
-0.423
-3.099
-2.568
-3.007
-2.959
-1.695
-1.403
-1.899
-1.971
-2.728
-2.240
-2.507
-3.213
-2.329
-0.820
-0.858
-3.325
-1.807
-3.173
-3.504
-1.724
-2.465
-2.125
-1.710
-2.535
-2.688
-1.189
-3.004
-2.918
-0.148
-1.098
-2.852
-0.808
-2.839
-0.469
-3.135
-1.489
-3.532
-1.700
-2.062
-3.137
-0.858
-2.435
-1.785
-0.433
-1.296
-1.744
-0.214
-3.170
-3.257
-2.596
-3.917
-0.811
-4.131
-4.382
-2.992
-3.356
-5.770
-2.081
-1.319
-4.637
-1.808
-2.895
-5.594
-2.634
-0.383
-3.998
-2.830
-1.348
-5.303
-1.552
-1.913
-3.727
-2.169
-1.819
-4.992
-2.702
-3.009
-5.365
-1.948
-0.929
-3.433
-2.820
-0.306
-3.205
-2.021
-0.538
-1.680
-1.022
-2.353
-3.197
-2.498
-0.755
-2.060
0.933
-1.320
-1.240
-2.444
-0.872
-1.328
-1.501
-1.932
-1.554
0.089
-0.269
-2.616
-1.780
-1.188
-1.885
-2.045
-3.124
-3.430
-4.814
-2.758
-1.739
-2.381
-1.880
-2.482
-2.723
-5.021
-3.422
-3.579
-3.231
-1.546
-2.449
-2.976
-2.278
-3.104
-1.945
-3.092
-2.107
-4.306
-4.021
-4.036
-2.488
-3.693
-3.426
-4.535
-3.176
-3.229
-1.687
-3.765
-4.172
-3.708
-2.137
-2.925
-0.132
-2.422
-0.969
-3.725
-1.629
-1.732
-3.573
-3.662
-3.568
-2.712
-2.599
-4.560
-1.125
-3.692
-3.861
-3.366
-3.034
-0.514
-1.874
-3.729
-3.698
-3.455
-1.859
-2.395
-2.988
-2.857
-4.594
-0.761
-0.581
-4.582
-3.908
-3.651
-2.000
-2.418
-4.162
-3.455
-4.279
-1.949
-1.490
-2.613
-2.051
-2.742
-1.432
-2.074
-3.289
-3.421
-3.751
-1.077
-1.056
-1.604
-2.002
-3.578
0.476
-2.236
-2.638
-3.275
-2.400
-1.938
-2.149
-4.031
-3.384
-3.063
-1.664
-2.914
-3.426
-2.737
-4.634
-3.846
-2.822
-4.074
-2.986
-3.683
-3.241
-1.631
-4.143
-4.396
-4.495
-3.660
-0.671
-3.060
-2.278
-4.051
-4.737
-2.913
-0.938
-4.609
-2.347
-4.955
-0.953
-3.527
-3.570
-3.301
-4.187
-0.946
-2.530
-4.221
-3.858
-4.947
-3.039
-2.819
-3.441
-3.094
-3.733
-2.588
-3.218
-3.004
-2.500
-3.360
-2.731
-3.701
-3.199
-3.071
-5.331
-2.774
-3.893
-2.440
-5.869
-1.281
-1.908
-3.410
-1.841
-3.786
-1.857
-0.285
-3.355
-0.600
-3.304
-1.259
-2.190
-4.482
-4.538
-3.203
-2.156
-1.398
-2.771
-2.705
-3.282
-2.429
-2.130
-1.538
-2.327
-3.548
-1.109
-2.214
-3.129
-3.351
-2.501
-2.654
-2.804
-3.375
-2.063
-3.673
-2.475
-0.707
-3.831
-2.401
-2.931
-3.626
-1.499
-3.824
-2.672
-4.208
-3.318
-0.513
-1.773
-4.092
-4.985
-1.531
-4.241
-0.223
-3.471
-3.145
-0.481
-3.573
-0.992
-2.219
-2.219
-0.407
-3.136
-0.983
-2.422
-4.304
-2.966
-2.484
-1.529
-2.337
-0.708
-0.552
-4.218
-1.331
-2.966
-3.754
-1.589
-2.766
-1.681
-0.100
-1.679
-3.565
-4.857
-2.023
-3.584
-4.753
-0.056
-2.995
-2.361
-3.193
-4.730
-2.535
-4.212
-1.923
-3.861
-4.216
-1.665
-4.351
-0.499
2.590
-2.628
1.632
-1.485
-0.908
1.240
-2.795
-0.708
-2.494
-0.726
1.447
-2.685
0.064
-0.309
-0.811
0.776
-3.966
0.906
-1.893
-3.234
0.205
-3.476
-0.160
-2.404
-0.135
0.501
-1.922
-0.432
-1.608
-0.141
0.573
-1.406
0.961
-2.930
-2.274
-0.987
-0.752
-1.287
-1.484
0.470
0.178
-2.198
-0.388
-2.074
-2.253
-1.021
-2.736
0.143
-2.416
-2.709
-4.444
-2.607
0.277
-2.148
-3.462
-3.875
-3.089
-0.333
-1.040
-2.086
-3.582
-2.282
-2.901
-3.553
-2.235
-3.952
-1.985
-1.292
-1.735
-3.667
-4.749
-2.957
-0.872
-2.410
-1.137
-5.306
-2.114
-1.736
-2.966
-2.553
-4.379
-3.423
-1.525
-1.736
-1.132
-3.791
-2.452
-0.933
-2.405
-0.950
-5.209
-2.379
-0.367
-1.306
-2.169
-4.620
-2.599
-1.074
-4.051
-2.327
-1.464
-2.089
-3.681
-4.524
-0.430
-1.106
-3.648
-3.203
-4.326
0.434
-1.402
-3.585
-2.464
-3.172
-0.992
-1.817
-4.010
-2.610
-3.563
-0.348
-0.697
-3.440
-2.045
-4.704
0.811
-2.046
-2.240
-1.521
-3.723
-0.180
-1.800
-2.585
-2.049
-3.187
-1.645
-0.948
-3.130
-1.446
-4.216
0.078
-2.811
-2.849
-4.224
-3.261
0.149
-1.379
-2.565
-0.883
-4.116
-2.771
-0.264
-1.090
-2.337
1.633
-3.272
-1.618
-2.155
-3.898
-1.446
-2.012
-0.656
-1.797
-3.808
-1.797
-1.893
-1.757
-3.054
-3.817
-2.567
-1.499
-0.792
-1.780
-1.333
-0.839
-0.301
0.075
-3.481
-1.366
-1.519
-0.952
-0.754
-1.600
-0.651
-0.740
-1.256
0.398
-4.158
-2.789
-1.496
-2.247
-1.578
-3.875
-3.065
-2.746
-2.024
-2.722
-2.727
-2.970
-1.390
-2.471
1.249
-1.470
-3.171
-3.068
-0.580
-1.536
-0.719
-2.168
-3.412
-0.436
0.164
0.814
-2.301
-0.725
-0.070
0.007
-0.009
-2.857
-2.616
-1.331
-0.027
-0.843
-2.946
-3.918
-1.707
0.591
-0.523
-4.058
-2.466
-1.181
-1.157
-0.479
-2.151
-2.354
-0.824
1.617
-0.836
-1.696
-2.984
-1.388
1.819
-0.455
-1.383
-3.484
-2.628
-0.283
0.040
-2.968
-3.224
-4.360
-3.148
-2.657
-2.146
-4.870
-4.131
-2.064
-4.808
-2.458
-2.550
-5.045
-2.692
-5.624
-3.755
-2.503
-2.158
-4.005
-2.949
-5.764
-2.414
-3.012
-4.296
-2.679
-6.253
-5.195
-3.317
-4.275
-1.516
-3.957
-4.163
-4.032
-2.710
-3.215
-4.113
-3.232
-2.969
-4.497
-3.452
-1.944
-3.850
-1.166
-1.090
-4.483
-1.710
-0.883
-3.831
-2.060
-1.305
-4.639
-2.308
-2.564
-4.362
-3.656
-2.915
-4.528
-2.308
-2.968
-4.138
-2.402
-1.179
-1.421
-4.438
-2.623
-3.393
-4.414
-2.540
-2.321
-4.778
-2.012
-1.713
-3.767
-1.238
-3.823
-3.961
-3.515
-2.435
-5.188
-2.448
-3.014
-3.797
-1.922
-2.795
-3.613
-3.196
-3.214
-2.964
-3.302
-2.457
-4.036
-1.410
-1.927
0.076
-3.869
-2.286
-2.376
-5.809
-1.861
-0.552
-2.972
-0.210
-2.774
-3.787
-0.530
-1.150
-6.164
0.226
-2.026
-4.266
-1.097
-0.219
-3.553
-1.649
-0.534
-3.965
-0.930
-1.259
-5.343
-0.794
-1.688
-2.534
-3.680
-3.396
-2.096
-2.580
-2.098
-2.425
-1.495
-3.167
-3.998
-1.988
-2.865
-3.267
-3.891
-2.148
-1.547
-1.205
-4.207
-2.942
-2.982
-2.715
-1.666
-2.077
-1.266
-1.377
-2.735
-3.433
-2.705
-3.582
-1.602
-1.269
-2.189
-1.099
-2.109
-1.459
-1.997
-3.211
-0.673
-0.583
-2.518
-0.806
-1.127
-0.629
-1.398
-0.952
-4.458
-2.022
-0.949
-3.953
-1.721
-0.787
-2.098
-0.950
-1.111
-1.893
-2.703
-1.452
-2.260
-0.889
0.036
-2.978
