-3.393
-1.690
-2.327
-2.801
-1.878
-1.946
-4.484
-1.510
-1.324
-0.970
-0.489
-2.451
-2.222
-3.474
-0.242
-1.600
-2.702
-3.659
-1.159
-0.654
0.936
0.388
-0.705
-1.367
0.066
-1.029
-0.891
1.130
-0.692
-1.337
0.958
-1.291
-1.214
-0.704
1.948
-1.621
-0.950
1.526
0.721
0.410
-4.039
0.524
-3.850
-4.586
-0.325
-3.275
-3.249
0.081
-2.863
-3.924
0.708
-4.778
-5.481
0.382
-3.464
-3.632
0.363
-4.497
-3.088
-0.109
-2.625
-3.476
-0.091
-3.881
-2.579
-1.675
-4.200
-3.569
-1.530
-4.728
-2.139
-1.639
-5.312
-1.966
-1.420
-4.471
-3.445
-2.222
-3.722
-0.495
-2.886
-2.398
-4.143
-2.423
-1.922
-4.657
-0.379
-2.832
-4.163
-3.900
-1.968
-2.352
-1.765
-3.457
-2.273
-0.858
-3.016
-2.998
-1.018
-2.558
-3.207
-3.486
-3.169
-3.257
-2.909
-3.807
-3.455
-3.432
-3.178
-4.264
-3.147
-3.695
-3.041
-2.210
-4.403
-3.655
-3.956
-4.286
-3.432
-2.290
-3.133
-3.370
-1.448
-3.323
-4.437
-1.598
-3.442
-3.815
-2.140
-4.857
-3.579
-5.645
-3.873
-1.781
-2.961
-1.653
-4.113
-4.895
-3.522
-4.154
-3.416
-1.487
-4.328
-3.515
-2.733
-4.668
-5.162
-4.524
-3.671
-4.671
-2.713
-3.188
-3.612
-3.911
-4.398
-4.438
-3.028
-3.486
-3.977
-4.061
-1.189
-3.878
-0.855
-1.198
-4.361
0.388
0.386
-2.205
-1.747
-0.388
-4.731
-1.883
-1.596
-3.306
-1.217
-2.333
-2.565
-1.721
-1.160
-3.244
0.266
-2.784
-3.986
-1.307
-2.705
-4.580
-1.775
-1.775
-3.865
-1.991
-4.085
-4.262
-0.593
-3.569
-3.775
0.916
-3.825
-4.440
0.339
-2.148
-2.377
0.775
-5.302
-4.057
-0.367
-4.132
-4.122
-0.073
-5.101
-4.286
0.386
-4.206
-4.329
-0.453
-4.911
-4.266
-0.635
-4.852
-2.862
0.786
-2.246
-5.240
-3.300
-1.092
-3.171
-2.309
-1.326
-4.993
-1.567
-1.397
-3.565
-2.688
-0.140
-3.317
-2.811
-0.690
-3.666
-2.642
-0.902
-4.006
-2.626
-0.882
-3.746
-1.848
-0.731
-3.456
-1.946
-2.942
-3.214
-2.734
-1.548
-3.636
-3.949
-0.582
-2.338
-0.993
-1.583
-3.837
-3.003
-0.620
-4.589
-3.900
-0.767
-2.805
-3.602
-0.076
-4.280
-2.758
-1.244
-2.604
-3.406
0.092
-3.229
-3.708
-0.913
-4.017
-3.969
-1.344
-2.902
-2.328
-1.264
-2.780
-1.928
-2.583
-1.827
-3.190
-3.006
-2.484
-2.771
-1.162
-1.296
-3.186
-2.660
-2.062
-2.275
-2.571
0.182
-3.795
-1.165
-2.768
-1.403
-2.801
-0.464
-2.533
-0.762
-3.674
-0.248
-2.479
0.116
-2.793
-0.368
-2.534
-1.299
-3.022
-0.762
-3.004
-3.541
-2.990
-3.332
-3.733
-4.697
-2.754
-3.479
-4.141
-4.522
-1.834
-3.182
-2.315
-4.348
-2.900
-4.624
-1.940
-4.022
-4.348
-3.879
-2.107
-3.056
-3.619
-4.938
-3.041
-2.173
-2.243
-0.991
-0.347
-1.922
-0.974
-1.935
-1.539
-0.973
-2.409
-1.117
-1.694
-2.929
-1.902
-1.836
-1.878
-0.987
-2.627
-2.507
-2.806
-2.573
-3.300
-1.803
-1.693
-2.816
-2.874
-2.399
-0.031
-0.413
-1.757
-2.843
-3.561
-3.475
-1.529
-2.209
-2.194
-2.504
-1.939
-2.091
-1.469
-1.374
-3.787
-1.501
-2.197
-4.465
-1.072
-1.594
-2.484
-0.718
-2.368
-2.887
-3.281
-2.979
-2.872
-1.656
-2.105
-3.055
-1.807
-1.366
-3.968
-2.310
-2.174
-2.315
-3.745
-1.826
-3.497
-2.710
-2.972
-3.182
-2.105
-2.556
-2.780
-2.345
-3.153
-1.657
-4.516
-3.140
-2.447
-3.059
-3.796
-2.057
-2.687
-2.844
-3.992
-3.234
-4.325
-4.532
-3.539
-2.324
-2.465
-2.009
-4.802
-3.878
-3.619
-2.968
-5.516
-3.039
-3.394
-3.227
-2.904
-3.926
-4.854
-3.276
-2.258
-0.469
-2.154
-2.296
-3.883
-2.714
-2.708
-1.938
-4.972
-0.337
-3.218
-2.782
-5.213
-1.174
-3.340
-2.541
-4.071
-1.085
-2.746
-0.733
-4.466
-1.801
-2.659
-2.978
-4.873
-2.312
-3.019
0.209
-5.303
-0.313
-3.632
-2.527
-5.007
-2.801
-1.512
-3.048
-4.525
-2.289
-1.504
-3.170
-1.553
-1.485
-4.502
-2.456
1.600
-2.188
-5.119
-3.195
-1.616
-2.896
-2.987
-2.590
-0.894
-2.697
-3.654
-3.586
-1.204
-0.860
-4.168
-4.676
-1.999
-2.580
-3.310
-4.001
0.173
-1.258
-2.874
-4.378
-0.523
-2.737
-4.999
-4.136
-0.049
-3.716
-3.130
-3.755
-1.978
-2.787
0.410
-2.110
-3.281
-3.244
-0.865
0.273
-1.807
-3.959
-1.746
-0.031
-2.380
-2.733
-1.058
-0.558
-3.075
-3.021
-0.644
0.364
-2.089
-3.413
-0.808
-1.184
-1.889
-4.161
-0.831
-0.572
-1.400
-3.417
-1.259
-1.125
-2.984
-3.058
-0.258
-0.082
-1.532
-2.605
-1.569
-1.496
-2.662
-1.500
-1.780
-2.843
-0.676
-2.230
-1.439
-1.875
-0.339
-0.716
-2.361
-2.789
0.007
-0.507
-2.517
-1.215
-0.455
-0.222
-2.384
-1.177
-1.126
-0.911
-1.794
-1.558
-0.967
-1.120
-1.802
-1.253
-0.711
-1.370
-5.906
-1.510
-0.671
-0.518
-2.869
-2.018
-2.944
-1.059
-2.855
-2.051
-1.452
-1.126
-2.989
-2.723
-2.455
-2.024
-4.032
-3.795
-4.382
-2.772
-3.017
-3.177
-2.730
0.533
-3.920
-2.901
-2.835
-1.444
-2.122
-2.639
-2.921
-2.230
-2.751
-2.876
-2.920
-2.953
-3.291
-4.429
-2.376
-1.707
-3.764
-2.694
-3.727
-1.221
-3.257
-2.799
-3.561
-2.592
-2.971
-1.699
-4.250
-2.180
-3.828
-1.496
-3.501
-1.858
-2.927
-1.393
-1.640
-3.144
-3.726
-1.050
-3.121
-1.813
-3.654
-1.110
-4.321
-2.991
-4.534
-2.219
-2.046
-1.877
-3.365
-0.135
-1.859
-2.295
-1.798
-1.277
-1.747
-2.456
-2.603
-1.778
-3.702
-4.417
-3.345
-3.165
-1.914
-2.883
-4.171
0.292
-1.281
-2.968
-3.922
-2.660
-1.363
-3.193
-2.491
-2.253
-2.581
-2.941
-3.195
-2.157
-1.088
-3.234
-1.749
-4.022
-1.497
-2.487
-3.285
-2.196
-0.606
-2.936
-3.759
-2.045
-2.009
-2.782
-3.172
-2.630
-1.306
-3.703
-2.729
-3.570
-1.977
-3.388
-2.169
-2.289
-1.624
-2.561
-4.382
-2.581
-1.984
-1.233
-1.959
0.333
-4.852
-1.947
-0.162
-2.493
-4.563
-2.328
-1.999
-0.134
-4.513
-3.878
-2.124
-1.771
-4.338
-3.049
-1.138
-1.686
-4.217
-2.753
0.367
-0.559
-2.677
-3.611
-2.880
-1.155
-5.250
-3.326
-2.090
0.079
-4.131
-3.217
-1.181
-0.592
-4.807
-3.288
-0.915
-1.795
-1.815
-0.256
-3.062
-1.875
-2.797
-0.224
-2.080
-3.823
-3.822
-0.949
-2.745
-2.896
-1.864
-2.252
-1.697
-4.181
-3.861
-0.635
-2.084
-3.621
-2.484
-1.075
-2.497
-3.757
-0.781
-0.353
-0.377
-3.523
-1.390
-2.601
-2.612
-3.817
-2.967
-0.633
-3.984
-2.837
-3.678
-0.716
-3.006
-2.762
-3.399
-2.499
-2.473
-2.717
-3.026
-1.960
-1.455
-3.237
-2.290
-2.288
-2.542
-2.881
-2.869
-2.194
-2.481
-3.253
-2.076
-3.410
-2.415
-4.321
-2.510
-3.135
-1.563
-2.390
-1.537
-2.547
-0.696
-3.906
0.399
-1.517
-2.058
-3.460
-0.918
-3.648
-0.951
-2.072
-0.757
-3.593
-1.024
-3.174
-0.600
-1.886
-0.676
-1.724
-0.465
-1.991
-2.641
-1.735
-1.731
-0.737
-1.028
-1.173
-0.778
-2.134
-1.514
-3.560
-0.741
-2.158
-1.565
-2.006
-2.767
-2.872
-2.960
-3.923
-2.435
-4.053
-1.215
-2.611
-2.225
-3.521
-1.749
-3.530
-1.138
-1.911
-2.451
-2.480
-1.724
-2.663
-3.173
-2.255
-1.310
-3.244
-2.894
-4.497
-2.582
-3.082
-1.588
-2.754
-2.040
-1.746
-1.728
-2.576
-2.482
-2.789
-0.383
-2.791
-0.818
-4.318
-1.414
-2.760
-2.926
-3.631
-2.399
-3.304
-1.625
-1.629
-2.005
-1.522
-2.488
-3.439
-3.425
-3.180
-2.930
-0.742
-3.900
-3.751
-2.393
-0.730
-3.139
-2.078
-2.348
