3.716
4.648
3.703
4.881
3.281
3.800
1.754
5.078
3.883
4.351
5.172
4.948
5.858
0.172
4.455
4.338
5.237
3.005
5.179
2.715
5.499
4.128
5.408
4.818
6.399
4.897
4.768
5.991
6.608
3.487
4.738
3.768
3.055
4.253
4.429
3.399
2.159
6.294
5.824
5.145
4.715
5.732
5.347
5.427
6.306
5.878
4.930
6.068
6.093
3.611
3.887
4.623
1.180
0.790
0.654
2.763
-1.760
2.313
4.047
2.177
1.530
1.914
1.072
2.385
1.816
1.854
1.354
1.458
1.725
1.058
3.848
3.453
4.179
0.267
3.839
4.273
2.719
2.183
4.213
2.638
0.346
2.114
1.490
-0.422
1.271
2.874
1.009
1.760
2.685
2.463
-0.090
2.402
2.597
0.950
2.259
1.941
0.694
0.666
2.180
2.038
2.299
2.241
3.995
3.002
2.666
2.760
2.995
3.287
4.220
2.535
3.069
3.112
2.044
2.109
3.292
2.544
2.346
3.159
2.011
2.803
2.574
2.053
1.534
2.662
2.852
0.405
2.363
1.016
1.978
1.480
3.482
2.547
6.349
3.484
4.985
3.330
3.505
5.710
2.904
3.386
2.597
2.672
4.458
-0.506
3.047
2.267
2.017
4.154
3.047
3.111
4.438
3.407
2.547
2.241
3.405
2.857
2.889
3.018
2.502
3.337
3.671
2.469
2.719
0.860
3.535
5.358
3.054
1.906
2.963
3.740
4.865
2.770
1.196
1.843
2.570
2.781
2.461
4.197
-0.319
2.243
2.061
5.977
4.929
4.169
4.979
4.463
4.167
4.933
3.146
-0.785
-0.959
3.681
4.871
4.068
3.019
4.367
3.229
3.929
2.906
1.934
2.159
4.812
3.298
2.707
3.677
4.344
4.904
3.744
4.882
5.094
3.264
5.087
3.598
4.829
4.444
5.356
3.358
5.129
5.152
4.367
5.602
7.570
6.809
5.738
7.150
6.371
7.553
5.245
5.348
6.671
6.394
5.295
6.160
4.433
8.034
6.339
4.899
6.027
6.804
7.807
6.109
5.352
3.478
2.584
5.264
5.474
4.607
5.105
5.152
4.665
8.108
7.548
6.843
8.015
6.629
7.994
6.028
6.725
6.437
3.783
5.141
4.160
6.436
5.407
7.371
5.294
6.286
6.653
4.521
4.138
6.180
6.164
6.942
5.498
5.873
6.496
6.246
3.998
4.391
6.488
2.346
3.194
5.730
4.413
5.560
4.516
5.676
3.678
3.107
4.695
3.940
3.402
4.610
2.782
3.427
5.210
4.345
0.918
3.986
4.986
5.502
5.557
6.955
1.552
5.581
5.942
6.756
4.454
5.582
2.040
4.665
5.726
5.123
5.388
3.874
4.204
5.224
5.709
4.011
6.845
4.170
4.260
3.549
4.993
4.785
2.505
4.877
3.296
4.357
5.780
2.918
5.806
3.280
1.717
3.456
5.414
3.984
4.648
2.960
6.328
