5.462
13.485
4.328
9.305
10.063
11.140
4.528
12.569
6.159
9.676
15.504
12.093
13.685
-1.159
11.812
14.293
9.501
9.410
5.478
12.166
12.928
12.175
6.625
10.666
14.712
12.119
12.144
12.772
11.354
11.887
10.055
14.011
8.721
8.443
13.261
3.932
2.176
17.931
11.808
8.292
14.588
12.330
9.407
12.567
11.012
11.837
10.581
9.083
9.470
2.126
14.195
10.248
4.731
6.861
0.208
3.524
-8.745
11.934
9.750
5.721
-0.542
-2.796
-5.609
1.231
3.511
3.866
1.489
-1.906
2.305
-0.871
6.735
0.283
7.052
4.326
-5.300
6.198
-4.683
2.657
-10.501
5.799
8.112
8.161
0.046
-2.192
6.533
3.527
4.907
1.623
7.026
6.263
4.108
11.880
7.310
4.719
13.677
9.713
4.518
2.877
8.201
8.872
7.119
6.394
7.621
8.167
4.036
2.339
1.693
7.110
2.683
1.202
7.323
9.135
6.804
6.388
7.440
5.242
9.178
4.293
8.753
8.612
4.341
-0.799
1.434
5.689
3.941
0.654
4.596
0.624
6.060
5.042
1.551
6.914
10.900
6.920
9.638
3.700
9.665
13.787
6.649
7.329
8.768
0.253
9.529
0.849
-11.098
7.930
-18.473
8.174
-26.129
6.152
10.146
7.372
3.366
1.285
9.598
7.956
6.498
5.287
5.271
7.759
6.699
6.362
6.123
0.971
5.095
10.487
2.698
7.859
7.102
4.978
8.156
4.301
1.533
0.577
1.705
5.521
4.243
5.209
-0.059
8.477
4.414
10.533
11.828
9.863
12.045
12.507
7.774
11.541
9.658
3.692
-9.034
1.485
5.734
5.663
7.260
5.398
6.418
6.171
-0.437
0.619
8.939
17.961
10.251
8.499
10.239
11.290
15.862
14.929
16.980
12.442
7.984
11.094
7.194
11.184
10.462
8.593
8.292
9.174
11.115
9.198
12.038
17.334
10.152
10.440
11.721
7.280
13.904
3.196
3.892
15.467
13.432
13.620
12.846
9.957
15.415
13.523
11.892
13.460
18.626
19.342
7.573
7.259
2.909
5.751
8.784
9.162
10.784
9.577
7.803
11.157
16.759
13.646
18.670
8.320
17.575
20.166
11.361
12.823
12.190
2.635
9.743
6.953
12.840
7.642
14.620
12.682
13.935
10.967
6.652
6.196
9.639
14.571
12.753
7.631
11.153
11.723
10.067
7.679
8.966
10.572
10.564
8.253
15.447
12.563
15.883
15.719
13.769
13.123
7.948
12.234
11.951
10.024
11.159
10.971
13.067
14.109
11.657
4.900
14.239
11.604
12.266
13.068
16.376
2.107
11.457
13.360
11.183
10.748
8.011
7.262
8.806
5.629
8.884
9.329
3.585
8.491
12.434
13.302
9.923
10.681
12.419
11.829
11.215
9.660
11.532
9.087
6.440
2.835
10.064
6.601
8.507
14.520
7.537
6.427
7.176
11.074
11.272
10.407
7.697
14.383
