-24.249
-20.170
-9.976
-24.689
-11.466
-19.740
-21.695
-17.145
-15.747
-9.624
-16.202
-16.667
-14.535
-11.449
-10.980
-14.485
-16.204
-14.532
-17.111
-13.970
-8.869
-11.599
-13.279
-9.654
-12.326
-7.898
-5.859
-8.753
-9.940
-9.471
-2.740
1.596
-2.085
3.236
-0.311
-6.041
-9.705
1.294
-1.797
-2.103
-11.094
-5.584
-18.758
-11.448
-3.426
-16.304
-12.642
-3.667
-18.222
-15.467
-2.958
-18.372
-15.137
-4.422
-16.869
-14.172
-4.643
-16.702
-11.837
-7.021
-14.659
-9.161
-7.713
-14.006
-9.655
-11.384
-15.082
-11.758
-11.256
-19.346
-9.734
-9.211
-17.340
-6.492
-6.012
-14.755
-12.629
-12.894
-14.918
-5.200
-14.141
-9.986
-12.545
-13.189
-9.264
-12.493
-6.761
-13.987
-15.569
-14.157
-13.664
-5.025
-9.657
-15.810
-10.870
-5.108
-14.641
-9.947
-7.846
-16.450
-19.600
-17.845
-11.691
-22.788
-16.588
-18.368
-22.152
-23.127
-14.567
-21.342
-12.667
-21.060
-20.810
-14.594
-17.345
-18.188
-15.944
-14.213
-27.092
-21.767
-14.031
-18.833
-16.612
-16.935
-24.579
-15.142
-22.513
-16.895
-15.113
-17.776
-21.446
-30.250
-25.357
-13.985
-18.754
-16.728
-19.644
-25.646
-22.161
-15.191
-26.626
-21.514
-14.778
-22.565
-17.761
-16.887
-27.674
-22.183
-14.329
-20.032
-13.768
-15.588
-26.168
-23.499
-15.076
-25.462
-20.207
-14.951
-27.812
-22.965
-3.056
-8.758
-0.405
-1.047
-9.565
1.869
1.207
-8.973
-6.896
-5.351
-11.579
-8.360
-2.425
-5.198
-0.668
-3.210
-9.027
-2.544
1.822
-6.505
2.251
-6.165
-10.856
-0.451
-5.912
-13.458
-1.710
-1.966
-12.379
-4.286
-9.772
-7.902
0.455
-10.889
-11.550
-0.554
-12.131
-13.342
2.194
-9.375
-9.347
2.217
-10.765
-12.560
4.229
-7.513
-7.134
3.003
-11.085
-10.007
5.344
-6.606
-5.961
-0.354
-7.658
-3.061
2.620
-12.727
-9.299
5.770
-6.771
-14.295
-8.124
-1.295
-11.930
-5.410
-2.172
-12.054
-4.109
-6.868
-9.164
-3.304
-1.815
-12.072
-5.607
-4.383
-16.819
-9.954
-0.789
-18.667
-8.405
-1.920
-8.881
-3.111
-5.856
-20.028
-10.143
-5.837
-20.372
-11.999
-0.382
-14.135
-0.769
-0.253
-9.130
1.151
0.019
-11.958
-6.630
-9.389
-12.179
-4.342
-2.426
-9.903
-2.316
-1.990
-9.839
-4.018
3.324
-6.286
-2.787
-1.896
-6.635
-0.368
-3.173
-15.626
-3.758
-0.329
-3.493
4.647
-1.856
-25.409
-11.704
-28.560
-14.283
-19.327
-3.506
-18.429
-6.847
-13.229
-5.545
-20.973
-6.318
-20.527
-3.416
-21.407
-3.329
-24.614
-5.273
-26.300
-4.742
-20.512
2.656
-26.716
-4.537
-31.277
-1.863
-26.064
-5.352
-24.778
-4.482
-26.463
-2.578
-25.778
-4.145
-24.286
-6.869
-27.025
-5.514
-29.174
-28.720
-17.140
-22.271
-15.483
-26.419
-14.689
-22.294
-13.119
-18.291
-13.078
-21.811
-11.668
-22.896
-16.001
-23.389
-14.738
-26.210
-13.750
-20.286
-19.317
-11.276
-7.148
-13.154
-6.296
-14.669
-9.676
-9.785
-10.002
-12.836
-12.210
-7.911
-6.462
-15.464
-9.361
-13.674
-3.808
-8.516
-8.157
-16.636
-14.418
-5.178
-9.135
-6.821
-5.278
-6.509
-8.616
-2.722
-5.609
-0.424
-13.758
-1.849
-5.865
-1.415
-6.063
-3.914
-10.559
-7.901
-9.492
-6.672
-7.540
-7.431
-11.832
-4.062
-6.430
-11.730
-2.904
-8.875
-9.853
-5.714
-10.213
-11.137
-8.021
-4.370
-5.222
-6.420
-9.702
-10.036
-4.682
-3.274
-10.066
-22.602
-4.999
-22.022
-23.152
-21.234
-14.814
-29.886
-26.085
-20.969
-10.624
-23.482
-18.524
-24.097
-15.589
-28.139
-27.283
-20.399
-14.395
-30.884
-21.641
-23.228
-11.687
-24.154
-25.575
-22.046
-18.358
-32.978
-26.201
-17.053
-9.259
-21.821
-22.102
-17.897
-10.940
-23.205
-20.801
-16.918
-7.426
-25.152
-21.432
-26.061
-25.689
-27.737
-29.613
-22.477
-20.553
-25.392
-33.545
-23.563
-20.582
-13.998
-27.971
-22.893
-17.300
-20.901
-30.322
-16.069
-17.399
-10.583
-24.681
-18.880
-22.289
-22.142
-31.372
-16.849
-12.491
-20.293
-26.700
-18.755
-20.185
-9.840
-31.027
-19.427
-25.878
-24.930
-33.800
-20.628
-13.903
-23.052
-24.555
-10.420
-19.941
-2.688
-19.579
-12.943
-26.358
-8.683
-12.104
-17.027
-27.810
-8.779
-24.733
-14.998
-19.588
-6.889
-20.289
-17.592
-19.509
-9.599
-19.621
-8.491
-20.421
-7.513
-23.489
-15.333
-18.160
-7.946
-16.749
-13.730
-23.648
-12.341
-20.142
-9.921
-20.862
-8.847
-12.562
-18.282
-19.132
-9.469
-21.631
-17.735
-4.958
-12.987
-17.286
-21.859
-4.999
-9.519
-10.615
-29.482
-10.598
-11.885
-18.790
-28.289
-10.123
-10.031
-21.516
-22.111
-6.793
-3.116
-12.667
-28.195
-9.277
-14.390
-19.332
-31.512
-7.422
-11.630
-19.638
-25.434
-7.477
-6.405
-16.615
-21.815
-6.691
-9.510
-18.030
-24.217
-10.896
-16.351
-19.484
-12.713
-15.943
-13.524
-13.922
-12.586
-12.488
-6.898
-11.945
-11.629
-21.975
-10.664
-12.930
-10.793
-17.812
-10.179
-14.205
-8.631
-18.656
-6.273
-15.394
-15.763
-16.461
-11.258
-16.258
-11.144
-16.760
-6.853
-19.313
-18.519
-26.427
-6.027
-16.984
-19.166
-20.110
-5.482
-26.745
-8.236
-22.626
-9.139
-16.732
-17.261
-8.979
-24.991
-21.546
-23.139
-22.428
-25.279
-28.201
-26.903
-14.921
-25.917
-23.652
-12.040
-14.302
-22.430
-27.774
-24.392
-9.165
-23.012
-17.921
-22.636
-8.726
-20.527
-18.407
-24.577
-17.013
-26.551
-28.207
-18.993
-17.437
-23.813
-23.588
-25.315
-9.808
-25.100
-21.767
-25.609
-12.576
-21.165
-15.095
-18.623
-23.697
-14.448
-17.781
-20.011
-21.707
-10.016
-10.344
-24.495
-29.354
-11.448
-22.154
-15.495
-24.043
-15.558
-16.426
-23.699
-19.864
-9.617
-15.213
-14.014
-23.443
-14.244
-20.952
-15.489
-18.246
-14.736
-20.494
-22.026
-21.460
-14.217
-19.884
-14.733
-23.607
-15.052
-22.641
-21.535
-24.301
-15.744
-16.562
-19.888
-11.826
-18.232
-15.130
-20.084
-10.998
-20.427
-16.052
-26.605
-10.598
-16.333
-10.423
-19.735
-10.410
-21.630
-11.786
-23.132
-13.336
-21.065
-10.279
-21.357
-11.696
-18.952
-11.277
-14.460
-7.057
-20.803
-12.049
-22.425
-6.288
-18.100
-16.433
-25.134
-7.534
-15.406
-13.734
-26.098
-12.480
-20.321
-17.538
-12.362
-27.174
-11.453
-30.763
-8.122
-15.352
-17.431
-26.221
-9.065
-27.690
-16.066
-32.226
-15.310
-21.799
-11.954
-31.354
-9.491
-20.896
-17.443
-24.634
-14.408
-18.565
-11.433
-28.779
-11.102
-22.179
-15.322
-28.464
-8.614
-17.956
-10.850
-32.959
-18.873
-24.187
-13.531
-29.775
-15.271
-19.565
-16.127
-21.727
-10.818
-15.540
-25.209
-24.398
-9.528
-13.039
-25.304
-23.362
-12.368
-13.244
-21.583
-24.199
-23.065
-17.982
-25.017
-25.095
-11.768
-14.628
-28.190
-23.204
-10.830
-13.327
-29.114
-13.928
-12.761
-8.324
-21.468
-16.452
-17.252
-13.127
-24.210
-24.411
-9.323
-16.618
-25.073
-22.589
-16.322
-18.229
-25.885
-25.820
-24.105
-14.427
-17.531
-10.913
-14.926
-4.519
-21.682
-12.454
-21.628
-10.916
-22.926
-15.056
-28.141
-11.175
-26.827
-12.488
-26.563
-16.815
-28.260
-12.587
-14.466
-7.184
-17.575
-13.142
-15.531
-17.209
-18.685
-5.753
-8.563
-12.820
-18.873
-14.929
-14.356
-17.935
-24.452
-16.582
-22.499
-10.639
-17.333
-15.670
-26.761
-14.035
-24.401
-10.891
-26.157
-14.966
-28.196
-18.911
-17.738
-12.532
-24.625
-14.259
-24.694
-15.913
-28.580
-11.887
-29.779
-14.622
-21.414
-17.781
-15.167
-16.671
-14.724
-18.941
-10.654
-8.970
-11.898
-16.307
-16.453
-12.910
-11.784
-14.560
-8.649
-11.862
-13.886
-10.790
-11.802
-12.917
-16.677
-12.231
-10.689
-14.205
-17.919
-14.299
-20.279
-11.596
-21.600
-18.387
-16.667
-14.347
-14.874
-15.263
-16.845
-9.749
-16.544
-16.754
-15.114
-11.259
-22.367
-20.874
-15.716
-15.770
-20.354
-17.586
-19.615
-10.376
-9.154
-15.123
-15.022
-16.325
-18.661
-15.386
-14.237
-17.237
-17.661
-12.247
-14.825
-17.517
-8.878
-7.811
