-24.315
-16.357
-18.217
-18.751
-20.856
-19.623
-22.241
-21.466
-22.612
-20.899
-28.079
-22.050
-23.918
-23.072
-24.806
-20.925
-24.222
-16.256
-16.968
-15.108
-19.681
-22.816
-27.244
-18.081
-28.985
-20.108
-24.703
-20.223
-15.952
-16.903
-35.016
-21.231
-18.539
-10.076
-31.482
-22.121
-18.616
-18.309
-22.072
-19.049
-13.738
-9.217
-7.495
-20.836
-14.722
-18.514
-10.939
-17.844
-15.465
-17.118
-17.114
-15.443
-23.970
-16.575
-22.179
-23.708
-15.679
-18.500
-17.568
-24.575
-13.028
-18.863
-12.058
-18.346
-11.814
-17.450
-16.171
-18.244
-10.276
-15.106
-7.118
-11.810
-9.569
-11.192
-11.089
-16.559
-12.969
-19.950
-5.955
-4.385
-18.694
-23.895
-21.927
-10.432
-9.065
-20.835
-11.924
-10.894
-10.981
-21.113
-22.405
-15.644
-11.654
-21.681
-20.658
-20.247
-17.926
-20.403
-17.594
-16.216
-11.717
-22.631
-8.848
-14.080
-10.033
-22.996
-15.187
-14.118
-17.283
-31.675
-28.634
-8.891
-11.684
-24.983
-20.523
-16.496
-11.645
-24.399
-12.097
-14.120
-9.901
-19.383
-17.701
-14.520
-7.943
-20.323
-16.129
-23.435
-6.953
-20.945
-14.715
-23.501
-8.063
-21.006
-17.227
-18.586
-5.945
-16.809
-12.936
-17.483
-5.302
-16.117
-8.624
-15.930
-6.960
-23.141
-20.678
-21.846
-8.113
-28.008
-27.740
-20.707
-10.984
-18.357
-22.694
-14.281
-6.878
-19.030
-7.026
-15.879
-2.586
-19.955
-15.886
-19.929
-6.416
-17.409
-8.030
-15.008
-0.128
-20.408
-10.551
-19.215
-5.647
-20.745
-15.681
-18.887
-4.598
-20.257
-20.082
-14.658
-6.670
-14.941
-12.355
-15.679
-5.842
-14.587
-10.070
-15.442
-12.246
-18.754
-22.288
-13.701
-3.384
-17.803
-17.928
-14.080
-3.897
-15.154
-12.141
-22.624
-9.459
-6.179
-12.284
-8.724
-18.377
-17.614
-21.561
-12.180
-13.473
-9.570
-15.828
-14.479
-11.813
-12.042
-26.092
-9.592
-11.328
-13.346
-15.909
-3.357
-14.271
-9.860
-16.578
-8.994
-9.786
-15.753
-21.203
-4.985
-13.125
-15.138
-20.536
-8.193
-9.410
-11.832
-17.558
-10.196
-15.552
-13.648
-19.409
-10.677
-16.463
-10.893
-18.257
-16.958
-9.532
-8.369
-16.182
-8.322
-5.383
-6.653
-17.458
-8.943
-4.312
1.031
-7.525
-4.813
-12.821
-13.329
-14.912
-11.513
-7.465
-5.331
-18.594
-9.741
-9.253
-3.365
-15.413
-9.416
-9.293
-8.454
-18.884
-12.756
-16.743
-11.131
-16.469
-17.942
-8.898
-5.309
-12.497
-7.050
-16.734
-12.803
-6.290
-2.782
-4.310
-4.141
-1.380
-3.139
-12.410
-6.710
-5.786
-6.757
-8.751
-12.262
-4.340
-0.930
-9.338
-8.316
-7.363
-0.662
-12.049
-9.370
-6.248
-1.540
-8.314
-9.139
-13.579
-4.063
-19.862
-12.145
-8.227
-4.525
-19.131
-14.912
-11.271
-5.840
-8.508
-7.103
-10.573
-2.859
-9.694
-11.677
-13.721
-6.348
-9.463
-7.769
-11.332
-1.464
-7.399
-7.425
-12.346
-6.972
-7.765
-11.743
-14.083
-5.979
-12.532
-13.011
-15.789
-7.754
-13.109
-13.406
-14.040
-7.578
-12.020
-7.119
-6.574
-2.170
-10.756
-14.559
-13.596
-6.672
-11.986
-11.912
-10.944
-6.777
-21.349
-14.326
-14.565
-7.164
2.046
-3.018
-7.699
-3.002
1.004
1.004
-10.944
-2.944
-2.226
-6.888
-15.085
-11.987
-2.729
-10.340
-13.627
-10.265
-0.374
2.102
-5.524
0.740
-3.551
-1.971
-8.240
-6.125
-4.595
-7.951
-11.295
-6.971
-7.291
-5.288
-14.307
-8.326
0.417
-0.318
-11.067
-5.909
-12.598
-8.851
-21.932
-15.620
-18.774
-13.726
-26.607
-16.700
-15.100
-25.790
-17.971
-13.951
-27.865
-15.285
-12.132
-29.639
-16.469
-15.904
-26.420
-21.396
-17.675
-29.413
-14.851
-12.162
-23.591
-19.530
-12.163
-21.823
-18.930
-16.318
-23.663
-12.925
-16.746
-32.386
-10.054
-5.581
-22.457
0.378
-3.611
-29.763
-6.635
-6.261
-23.179
-1.387
-3.835
-26.833
-11.512
-9.542
-26.140
-4.645
-3.977
-21.297
-10.501
-5.595
-21.082
-3.805
-5.823
-25.408
-7.805
-2.876
-32.293
0.641
-2.365
-28.039
1.537
-5.660
-25.872
-11.489
-11.797
-23.197
-8.543
-9.878
-25.993
-2.875
-5.668
-21.907
-9.317
-11.219
-25.713
-5.240
-4.339
-20.090
-12.346
-11.491
-28.233
-20.414
-13.597
-10.310
-4.778
-4.055
-26.074
-0.178
-3.681
-19.629
-3.053
-7.806
-7.931
0.594
-2.741
-6.357
1.963
-9.975
-2.083
-1.122
-6.414
-8.367
-0.543
-5.572
-2.072
-7.307
-7.732
-12.627
-0.445
-8.243
-11.684
-2.319
-9.567
-8.295
2.772
-2.329
-6.459
4.268
-7.271
-5.667
-8.433
-12.827
-2.418
-11.952
-13.156
-4.025
-11.858
-13.096
-2.949
-5.357
-10.094
-3.356
-11.920
-12.111
-2.711
-7.593
-16.804
-5.546
-8.383
-14.179
-6.247
-6.850
-14.678
-1.210
-8.303
-8.514
-0.954
-11.256
-11.272
-4.013
0.166
-4.314
-4.231
4.213
-7.181
-7.237
3.789
-9.638
-3.063
-1.880
-9.854
-7.470
0.863
-2.895
-5.973
-1.364
-5.826
-10.050
1.752
-1.792
-4.215
-3.895
-2.859
1.412
1.452
-6.233
-2.879
-8.432
-3.106
-2.205
-19.122
-20.064
-12.431
-24.488
-22.780
-21.801
-18.476
-9.126
-28.500
-29.786
-25.484
-24.403
-7.755
-23.346
-27.158
-21.212
-19.013
-10.082
-21.761
-21.399
-18.641
-17.497
-13.646
-25.796
-22.173
-27.487
-22.128
-10.346
-24.498
-27.389
-15.869
-14.869
-9.548
-26.530
-18.880
-13.808
-9.776
-5.054
-20.302
-18.182
-16.445
-19.625
-10.728
-29.587
-22.129
-21.719
-18.232
-9.287
-19.856
-22.512
-18.941
-18.362
-8.273
-14.145
-24.678
-25.034
-17.853
-13.608
-18.293
-26.621
-21.768
-17.424
-15.558
-15.687
-19.109
-23.421
-17.580
-9.987
-17.099
-20.848
-20.580
-22.040
-12.105
-18.099
-26.460
-24.645
-20.830
-14.329
-19.741
-31.645
-23.222
-16.845
-11.598
-17.066
-20.386
-20.585
-18.820
-13.175
-12.977
-25.660
-22.186
-21.828
-12.439
-15.869
-28.250
-31.016
-21.985
-11.108
-21.932
-33.627
-21.244
-13.307
-5.905
-22.785
-19.301
-19.094
-18.415
-9.238
-31.041
-8.322
-21.356
-28.371
-13.058
-28.891
-12.855
-25.285
-21.345
-13.711
-35.071
-15.094
-14.228
-21.280
-9.554
-28.274
-9.977
-21.479
-21.395
-6.217
-29.726
-6.727
-20.553
-16.364
-8.596
-21.647
-10.554
-24.889
-20.427
-9.373
-30.687
-14.146
-19.594
-17.903
-7.723
-24.191
-12.851
-27.491
-26.966
-5.787
-30.201
-21.429
-21.218
-14.945
-9.227
-15.195
-15.351
-21.545
-12.101
-5.955
-14.619
-17.709
-18.785
-10.464
-7.037
-11.322
-18.350
-24.550
-15.531
-5.341
-19.243
-11.502
-14.461
-17.828
-7.359
-19.549
-14.604
-14.852
-11.382
-7.943
-13.858
-15.000
-19.051
-17.936
-10.818
-29.747
-26.534
-20.698
-12.207
-8.476
-16.762
-10.290
-19.491
-16.790
-4.256
-22.811
-17.324
-14.073
-12.903
-5.023
-13.238
-10.459
-19.488
-29.203
-14.000
-22.781
-30.127
-20.765
-25.917
-14.924
-23.437
-37.966
-15.908
-18.915
-10.095
-12.504
-23.919
-19.930
-25.389
-15.626
-28.836
-32.755
-13.130
-16.946
-5.206
-14.744
-24.680
-20.065
-17.067
-11.618
-20.156
-24.805
-18.421
-12.942
-5.099
-19.900
-24.601
-17.971
-21.093
-15.092
-20.441
-27.799
-24.380
-23.878
-15.497
-24.973
-32.465
-19.189
-23.387
-14.375
-21.624
-32.895
-5.826
-1.613
-20.037
-3.183
-21.391
-1.999
-2.286
-25.332
-13.307
-24.622
-4.086
-0.823
-18.008
-9.861
-20.781
-10.969
-3.140
-25.159
-8.679
-24.422
-12.336
-4.336
-25.672
-3.741
-16.374
-2.970
-2.949
-22.845
-7.039
-25.008
-0.455
-1.571
-23.377
-7.976
-22.655
-13.784
-1.679
-13.376
-10.036
-16.869
-0.700
-4.271
-23.256
-10.919
-21.108
-5.589
-0.768
-20.514
-5.640
-9.879
-25.204
-17.040
-33.781
-8.152
-15.980
-22.903
-14.967
-27.656
-11.008
-17.070
-25.586
-13.994
-30.674
-15.374
-12.875
-25.760
-21.777
-34.211
-14.921
-16.176
-25.145
-9.876
-31.865
-8.401
-18.213
-20.862
-18.880
-30.262
-14.872
-17.046
-23.057
-11.540
-27.650
-16.111
-13.393
-18.346
-13.664
-25.765
-2.544
-20.208
-22.042
-18.858
-29.195
-13.857
-15.712
-25.613
-21.842
-36.099
-18.412
-32.340
-8.558
-14.534
-22.055
-22.820
-31.205
-3.462
-13.404
-24.672
-18.932
-31.692
-6.723
-15.912
-27.085
-20.997
-29.766
-8.165
-14.482
-28.446
-23.979
-28.911
-3.344
-9.436
-33.600
-19.581
-31.598
-6.890
-17.916
-25.135
-19.488
-34.015
-6.237
-7.629
-15.913
-17.977
-20.556
-10.103
-9.524
-24.800
-19.000
-29.035
-12.061
-11.695
-28.738
-22.776
-31.360
-9.287
-6.708
-22.072
-19.438
-26.435
-19.506
-5.461
-19.629
-19.429
-12.699
-9.051
-2.205
-25.998
-21.026
-25.233
-15.672
-1.403
-25.561
-20.699
-16.193
-11.609
-5.082
-22.373
-20.050
-24.345
-8.528
-7.043
-19.661
-13.603
-13.690
-8.008
3.685
-23.877
-17.228
-17.641
-13.033
-1.896
-21.613
-17.456
-17.688
-6.092
-5.639
-29.137
-19.606
-24.455
-14.422
-8.758
-31.616
-21.531
-22.278
-14.150
-9.596
-30.519
-19.115
-25.152
-13.137
0.370
-6.987
-20.867
-26.847
-9.879
0.050
-6.471
-20.630
-20.402
-9.877
0.473
-6.973
-22.570
-24.250
-10.825
3.430
-1.998
-19.362
-20.301
-9.711
-2.276
-11.419
-19.620
-28.585
-5.168
-2.686
-13.253
-23.024
-27.094
-6.544
-7.094
-15.891
-17.767
-22.759
-8.976
-0.469
-14.880
-19.293
-27.473
-14.210
-4.109
-14.217
-20.117
-27.654
-19.666
-1.923
-11.064
-23.833
-27.345
-18.124
-23.388
-17.226
-17.687
-28.759
-25.602
-11.794
-28.482
-20.957
-13.979
-30.070
-18.244
-27.106
-26.855
-20.904
-21.196
-24.206
-20.644
-25.057
-20.364
-16.953
-21.083
-19.644
-20.160
-24.649
-23.623
-19.971
-18.055
-22.229
-20.932
-34.477
-23.179
-16.334
-38.702
-24.759
-25.241
-34.039
-23.286
-16.148
-33.505
-21.882
-16.475
-34.711
-25.993
-17.238
-32.922
-22.984
-18.035
-35.882
-27.770
-14.251
-37.941
-29.405
-21.893
-38.939
-21.071
-20.481
-31.767
-17.877
-11.314
-25.013
-32.856
-15.428
-23.550
-35.580
-21.617
-22.889
-28.567
-16.405
-17.717
-26.736
-14.644
-24.244
-21.002
-17.764
-15.556
-30.493
-17.560
-20.196
-31.996
-18.954
-22.500
-27.341
-18.006
-22.014
-32.465
-23.933
-23.669
-31.303
-21.388
-9.956
-14.354
-27.519
-11.012
-13.507
-24.614
-15.299
-13.703
-25.411
-5.419
-15.678
-23.922
-10.807
-13.778
-27.412
-9.295
-9.274
-20.454
-10.683
-9.277
-23.204
-7.388
-12.351
-26.501
-10.618
-5.084
-23.195
-5.317
-10.344
-22.685
-20.615
-17.006
-19.962
-15.658
-12.878
-20.539
-9.203
-14.356
-21.466
-14.468
-21.763
-24.442
-18.496
-15.782
-16.982
-8.964
-19.642
-22.107
-16.856
-13.750
-12.355
-15.401
-15.571
-13.363
-15.654
-17.596
-18.903
-23.072
-11.521
-20.142
-17.868
-15.899
-19.982
-13.144
-15.884
-18.750
-17.040
-10.939
-21.452
-18.263
-12.911
-23.668
-12.427
-14.404
-23.967
-14.256
-14.645
-24.745
-18.178
-3.727
-23.146
-18.936
-4.600
-25.693
-19.258
-13.922
-24.605
-9.181
-9.200
-23.153
