5.335
13.783
4.356
10.817
10.025
10.736
4.634
13.484
7.659
10.022
14.882
12.164
13.268
-2.264
11.784
13.692
9.712
8.961
5.196
11.809
13.452
12.747
7.471
11.147
15.394
11.807
11.929
13.470
11.859
12.525
10.696
13.778
8.544
8.118
13.310
4.245
2.059
18.113
11.676
8.484
15.224
12.930
10.722
14.113
12.882
12.954
12.285
10.348
12.006
3.598
14.535
10.565
4.869
6.957
0.453
3.686
-9.058
12.621
10.136
6.422
1.042
-2.427
-6.647
3.829
4.713
4.510
3.106
-1.972
2.273
-1.041
9.664
0.425
7.541
6.156
-9.524
8.199
-7.555
4.046
-14.314
3.727
9.640
13.752
5.642
2.523
11.173
4.704
9.103
8.772
11.290
12.717
4.843
12.278
7.729
5.294
14.393
10.281
5.435
3.629
7.631
9.642
7.075
7.139
9.091
8.520
3.677
2.660
1.206
6.573
2.241
1.763
8.420
8.254
6.678
6.257
7.240
6.574
10.024
5.292
8.559
8.062
3.297
-3.457
0.827
9.520
5.785
3.161
5.348
4.348
7.180
5.094
3.319
9.409
11.637
9.456
10.339
5.606
12.026
15.092
9.005
8.191
9.531
0.519
9.808
1.306
-11.115
8.755
-18.077
8.343
-26.567
6.505
12.734
12.876
5.986
5.994
14.609
8.146
10.805
10.103
9.634
14.216
9.596
7.500
5.877
0.221
7.017
13.667
3.639
11.520
9.622
5.909
7.839
5.873
0.700
3.191
3.728
5.116
5.786
6.524
-0.277
9.864
5.520
10.047
12.399
10.862
11.903
12.693
8.762
12.420
10.300
4.559
-12.943
4.944
9.360
8.578
8.270
8.731
7.991
12.538
-0.165
3.112
8.939
17.961
10.251
8.499
10.239
11.290
15.862
14.929
16.980
12.442
7.987
11.388
7.600
12.124
10.878
9.090
8.518
9.586
11.228
9.699
12.038
17.334
10.152
10.440
11.721
7.280
13.904
3.196
3.892
15.467
13.432
13.620
12.846
9.957
15.415
13.523
11.892
13.460
18.626
19.342
11.924
11.582
6.118
10.105
14.340
10.455
14.587
15.721
10.569
15.654
16.941
13.774
18.974
8.489
18.024
20.352
11.828
13.550
12.744
3.421
9.743
6.953
12.840
7.642
14.620
12.682
13.935
10.967
6.652
6.196
9.918
14.748
12.687
7.599
11.523
11.998
10.164
7.500
8.921
10.845
10.878
8.730
15.667
12.719
15.984
16.045
14.004
13.272
8.151
12.460
11.914
10.675
11.288
11.570
12.937
14.537
11.495
5.097
15.241
11.888
12.797
13.502
16.248
1.899
11.849
13.427
11.724
10.831
7.518
7.560
8.877
6.091
8.985
9.398
3.172
8.808
12.449
13.261
10.259
10.459
11.985
11.797
11.270
10.941
11.606
10.076
6.796
3.745
11.498
7.070
8.143
14.619
8.017
5.925
7.307
11.051
11.215
10.418
7.730
14.731
