-24.999
-21.145
-9.623
-25.732
-12.319
-20.702
-21.242
-18.324
-16.724
-10.598
-15.864
-18.220
-15.615
-11.086
-10.890
-16.017
-17.384
-15.624
-17.763
-13.757
-8.847
-11.677
-13.201
-9.016
-12.169
-7.251
-6.418
-8.709
-9.264
-9.916
-3.346
0.976
-2.621
2.913
-0.948
-6.840
-10.574
0.865
-2.339
-3.285
-12.700
-5.665
-25.417
-13.308
-3.564
-21.309
-14.548
-4.516
-22.382
-16.875
-3.234
-24.282
-15.983
-4.605
-23.181
-15.740
-4.762
-22.855
-13.378
-7.339
-20.225
-10.749
-7.620
-19.719
-10.388
-11.236
-20.103
-12.566
-11.862
-26.362
-11.178
-11.773
-23.088
-7.360
-7.831
-21.445
-15.386
-14.619
-20.936
-6.491
-15.956
-14.032
-14.301
-14.819
-12.212
-13.873
-7.206
-15.012
-16.965
-15.835
-16.325
-6.234
-10.104
-19.130
-12.634
-7.264
-19.079
-12.367
-10.366
-21.178
-20.315
-18.006
-17.231
-25.990
-16.626
-27.324
-23.865
-23.950
-21.969
-23.320
-13.622
-26.984
-21.214
-14.867
-23.511
-19.811
-16.466
-21.398
-27.988
-22.385
-20.464
-21.818
-17.738
-25.895
-27.121
-16.018
-28.949
-18.249
-15.715
-25.440
-23.533
-32.672
-24.331
-16.242
-19.163
-16.585
-21.792
-27.170
-21.541
-16.295
-27.047
-20.399
-16.032
-24.137
-18.292
-18.106
-30.416
-21.576
-15.644
-22.826
-13.819
-16.371
-24.723
-22.578
-17.237
-25.739
-20.346
-16.009
-28.538
-22.524
-4.581
-12.257
-1.223
-2.901
-13.446
2.270
-0.264
-11.811
-6.613
-7.058
-15.978
-6.850
-3.478
-7.160
0.967
-4.697
-11.134
-1.971
0.155
-9.010
3.000
-9.362
-16.215
-0.116
-7.092
-18.000
-1.085
-3.172
-16.776
-3.938
-11.145
-10.969
-1.500
-14.170
-13.053
-0.201
-14.850
-17.861
3.129
-11.214
-11.740
2.620
-13.668
-15.428
5.057
-10.295
-7.900
1.372
-12.723
-12.434
6.248
-8.792
-10.252
-0.469
-9.657
-5.686
-2.059
-16.018
-12.623
4.574
-9.048
-16.770
-12.593
-4.058
-13.143
-13.118
-4.376
-13.259
-7.324
-7.389
-8.938
-7.529
-6.202
-14.043
-11.516
-5.479
-17.448
-16.132
-4.347
-19.645
-17.255
-4.252
-9.740
-4.585
-9.793
-20.639
-15.687
-7.427
-21.607
-15.898
-0.606
-14.262
-8.636
-0.032
-10.145
-5.962
-0.852
-11.862
-12.454
-9.427
-13.661
-12.435
-3.729
-10.651
-9.626
-1.699
-10.844
-13.381
1.422
-6.384
-9.636
-2.131
-7.586
-8.051
-3.870
-15.907
-9.641
-1.591
-4.616
-1.658
-0.518
-25.722
-12.860
-29.033
-16.194
-19.681
-5.723
-19.288
-9.365
-13.462
-6.905
-20.807
-7.642
-20.763
-6.500
-21.877
-2.769
-25.346
-5.888
-26.573
-8.087
-20.187
1.710
-26.883
-5.554
-31.375
-3.090
-25.241
-7.363
-24.735
-7.305
-26.670
-3.541
-25.449
-5.296
-23.411
-11.907
-26.539
-11.927
-28.817
-31.530
-22.815
-25.978
-22.917
-30.011
-19.706
-24.822
-19.814
-22.068
-20.971
-22.692
-15.827
-26.454
-24.920
-24.849
-18.478
-30.070
-22.644
-23.460
-26.273
-10.221
-8.792
-15.010
-10.769
-15.635
-13.772
-12.108
-17.515
-14.183
-17.026
-9.395
-10.625
-16.831
-14.467
-15.056
-7.579
-9.835
-12.607
-18.279
-17.419
-11.963
-12.043
-14.751
-5.744
-14.962
-8.952
-6.219
-5.756
-5.186
-14.791
-7.106
-5.529
-7.130
-6.936
-10.827
-12.350
-15.380
-12.049
-15.983
-9.920
-15.688
-15.481
-8.175
-7.781
-19.938
-3.620
-13.693
-15.706
-8.354
-11.608
-19.884
-14.611
-11.076
-7.580
-12.924
-11.071
-14.688
-5.057
-9.667
-11.835
-22.434
-10.512
-22.022
-23.152
-21.123
-23.351
-29.886
-26.085
-20.857
-16.569
-23.482
-18.524
-23.917
-21.108
-28.139
-27.283
-20.477
-20.430
-30.884
-21.641
-23.058
-17.687
-24.154
-25.575
-22.107
-25.017
-32.978
-26.201
-16.797
-13.379
-21.821
-22.102
-17.676
-17.413
-23.205
-20.801
-16.812
-13.939
-25.152
-21.432
-26.188
-24.264
-27.737
-29.613
-22.124
-18.749
-25.392
-33.545
-23.080
-18.795
-13.998
-27.971
-22.820
-16.626
-20.901
-30.322
-16.010
-15.625
-10.583
-24.681
-18.592
-21.570
-22.142
-31.372
-17.032
-11.341
-20.293
-26.700
-18.685
-19.128
-9.840
-31.027
-19.446
-24.074
-24.930
-33.800
-20.622
-12.060
-23.052
-24.555
-10.463
-19.992
-11.285
-19.579
-13.190
-26.431
-16.460
-12.104
-17.269
-27.553
-18.539
-24.733
-14.859
-19.317
-13.751
-20.289
-17.694
-19.729
-19.906
-19.621
-8.668
-19.789
-17.299
-23.489
-15.530
-17.880
-16.885
-16.749
-14.198
-23.043
-22.365
-20.142
-9.853
-21.281
-18.328
-12.562
-18.462
-19.581
-17.903
-21.631
-17.892
-9.462
-12.987
-17.286
-21.328
-7.833
-9.519
-10.615
-29.720
-13.785
-11.885
-18.790
-28.033
-14.868
-10.031
-21.516
-21.638
-9.434
-3.116
-12.667
-27.811
-16.031
-14.390
-19.332
-30.233
-10.896
-11.630
-19.638
-25.418
-11.795
-6.405
-16.615
-21.552
-10.077
-9.510
-18.030
-23.660
-15.715
-16.351
-19.484
-12.640
-16.072
-15.447
-13.922
-12.539
-12.837
-8.603
-11.945
-11.509
-21.619
-16.416
-12.930
-10.912
-17.755
-14.696
-14.205
-8.648
-18.181
-8.891
-15.394
-15.908
-16.162
-14.875
-16.258
-10.772
-16.112
-9.819
-19.313
-18.468
-26.386
-13.811
-16.984
-18.817
-19.302
-8.966
-26.745
-8.346
-22.369
-11.464
-16.732
-17.261
-11.329
-25.202
-20.865
-23.139
-28.050
-25.710
-27.751
-26.903
-19.436
-26.000
-23.268
-12.040
-19.828
-22.368
-26.903
-24.392
-10.586
-23.155
-17.819
-22.636
-9.796
-20.735
-17.769
-24.577
-23.236
-26.571
-27.450
-18.993
-22.145
-23.654
-23.354
-25.315
-11.542
-25.034
-21.484
-25.609
-15.814
-21.400
-14.701
-18.623
-23.697
-13.634
-17.979
-20.011
-21.707
-9.377
-9.997
-24.495
-29.354
-10.669
-21.658
-15.495
-24.043
-14.143
-16.381
-23.699
-19.864
-9.060
-14.747
-14.014
-23.443
-12.885
-21.085
-15.489
-18.246
-13.853
-19.669
-22.026
-21.460
-13.570
-19.975
-14.733
-23.607
-13.946
-22.205
-21.535
-24.301
-14.897
-16.391
-19.888
-18.226
-18.232
-14.842
-20.084
-17.280
-20.427
-16.122
-26.605
-16.257
-16.333
-10.154
-19.735
-14.898
-21.630
-11.000
-23.132
-19.996
-21.065
-10.151
-21.357
-17.371
-18.952
-11.190
-14.460
-13.559
-20.803
-11.435
-22.425
-12.698
-18.100
-16.089
-25.134
-14.267
-15.406
-13.609
-26.098
-17.908
-20.321
-17.543
-16.771
-27.174
-9.985
-30.190
-13.449
-15.352
-16.712
-25.522
-12.420
-27.690
-14.703
-31.422
-20.853
-21.799
-11.312
-30.161
-15.117
-20.896
-16.346
-24.425
-17.157
-18.565
-10.340
-28.502
-15.115
-22.179
-14.103
-27.936
-9.439
-17.956
-9.983
-32.330
-25.895
-24.187
-12.318
-29.452
-20.244
-19.565
-15.159
-21.233
-10.818
-17.410
-25.209
-23.618
-9.528
-14.551
-25.304
-22.227
-12.368
-14.667
-21.583
-23.187
-23.065
-18.919
-25.017
-24.265
-11.768
-15.021
-28.190
-22.273
-10.830
-16.288
-29.114
-13.066
-12.761
-8.738
-21.468
-15.693
-17.252
-16.723
-24.210
-23.377
-9.323
-19.447
-25.073
-21.821
-16.322
-20.096
-25.885
-25.118
-24.855
-14.399
-18.032
-10.763
-15.290
-4.340
-21.766
-12.518
-22.041
-11.063
-23.306
-14.772
-27.936
-10.947
-27.346
-11.829
-27.067
-16.735
-28.376
-12.521
-14.776
-6.813
-18.481
-13.052
-15.356
-16.941
-18.714
-5.464
-9.274
-12.428
-19.303
-14.470
-14.412
-17.747
-24.833
-16.333
-22.466
-9.985
-17.480
-15.041
-26.461
-14.245
-24.045
-11.833
-25.936
-15.770
-27.904
-18.859
-17.484
-12.456
-24.443
-14.600
-24.673
-16.251
-28.504
-12.098
-29.543
-15.100
-21.326
-17.926
-14.404
-16.860
-14.408
-19.052
-10.792
-8.777
-11.776
-16.221
-16.788
-13.209
-11.874
-15.426
-9.112
-12.378
-14.301
-10.564
-11.552
-12.724
-16.689
-12.372
-10.090
-14.494
-17.259
-14.922
-19.550
-12.307
-20.814
-18.717
-16.240
-14.820
-14.603
-15.920
-16.452
-9.939
-16.962
-16.728
-14.855
-10.977
-22.125
-21.799
-15.718
-15.601
-20.382
-17.752
-19.193
-9.923
-9.005
-15.856
-14.573
-16.781
-18.993
-16.171
-14.015
-17.293
-17.478
-12.295
-14.568
-17.536
-8.584
-8.040
