-24.179
-17.312
-17.940
-20.217
-20.775
-20.939
-22.333
-22.281
-22.508
-22.348
-28.340
-23.505
-24.361
-24.673
-25.245
-22.287
-24.714
-17.129
-16.656
-16.169
-20.361
-22.525
-27.347
-17.396
-29.393
-20.524
-25.645
-20.968
-16.591
-19.021
-35.451
-21.437
-18.890
-10.964
-32.304
-23.114
-19.130
-18.063
-22.267
-19.922
-13.417
-9.331
-7.785
-20.879
-15.145
-19.238
-11.675
-18.179
-15.587
-17.814
-17.000
-16.070
-22.917
-17.479
-21.569
-24.466
-15.736
-18.972
-18.082
-25.451
-12.873
-19.950
-12.015
-18.989
-12.096
-18.483
-16.445
-19.423
-11.041
-16.065
-7.684
-12.677
-9.712
-12.640
-11.340
-17.415
-13.274
-20.715
-5.674
-5.290
-18.439
-26.836
-21.770
-15.601
-8.442
-22.081
-11.038
-14.893
-10.234
-24.156
-22.773
-21.875
-10.670
-24.275
-20.823
-27.750
-17.767
-22.991
-17.435
-24.406
-10.844
-26.280
-9.000
-20.413
-9.383
-25.532
-14.929
-19.363
-17.216
-33.866
-29.122
-14.736
-12.596
-28.121
-19.871
-22.365
-10.974
-25.067
-11.818
-16.475
-12.233
-22.746
-17.084
-20.896
-9.761
-25.114
-16.018
-31.443
-8.877
-25.679
-15.268
-30.630
-10.482
-25.211
-16.998
-25.414
-7.902
-19.904
-12.958
-24.310
-7.930
-19.807
-7.971
-23.245
-8.916
-28.361
-20.955
-29.753
-10.123
-32.022
-27.438
-25.931
-14.210
-23.772
-22.427
-25.268
-8.288
-23.263
-6.415
-21.509
-2.456
-21.208
-16.035
-23.446
-6.375
-16.904
-7.191
-17.714
-0.994
-23.308
-10.031
-26.940
-4.504
-21.849
-15.814
-23.817
-5.141
-22.322
-20.050
-19.031
-7.092
-16.563
-12.192
-22.288
-5.562
-14.306
-9.591
-20.147
-12.317
-20.305
-22.385
-18.327
-2.941
-19.178
-18.477
-18.607
-4.379
-17.114
-11.741
-29.427
-11.230
-6.743
-12.122
-11.432
-19.343
-17.977
-21.746
-14.643
-15.103
-10.541
-16.145
-18.079
-13.607
-14.875
-27.085
-11.381
-12.449
-15.321
-15.964
-3.123
-15.447
-9.629
-16.400
-9.964
-11.448
-19.584
-22.263
-7.066
-15.700
-17.860
-20.750
-9.631
-9.432
-13.662
-17.702
-11.347
-18.073
-16.144
-20.185
-14.198
-16.570
-14.520
-19.988
-22.660
-11.415
-12.251
-17.081
-14.247
-5.578
-10.452
-18.772
-15.544
-5.104
-0.456
-7.693
-8.036
-14.698
-17.426
-14.714
-13.760
-8.859
-9.915
-19.308
-15.541
-10.195
-8.389
-16.042
-14.439
-10.038
-11.657
-19.358
-17.046
-18.274
-14.679
-17.046
-22.255
-10.526
-8.695
-13.438
-11.691
-18.340
-16.770
-6.977
-4.079
-5.551
-8.172
-2.803
-6.330
-13.975
-8.001
-7.081
-12.118
-9.588
-15.614
-4.881
-1.396
-9.212
-11.249
-8.196
-3.307
-13.592
-14.106
-6.987
-4.929
-9.566
-14.150
-14.344
-9.528
-21.208
-14.949
-10.156
-8.552
-21.091
-18.671
-13.406
-11.916
-9.873
-10.532
-11.892
-4.893
-11.929
-17.554
-13.815
-7.527
-10.875
-12.292
-11.504
-3.145
-8.244
-11.641
-13.231
-8.467
-10.142
-16.815
-15.038
-9.658
-15.070
-17.461
-14.529
-7.903
-14.514
-18.724
-14.105
-9.708
-14.388
-10.970
-6.037
-2.381
-12.572
-19.583
-13.901
-8.975
-14.718
-16.336
-10.772
-8.217
-24.095
-19.185
-14.566
-9.183
1.271
-3.816
-7.414
-5.721
0.532
1.033
-11.127
-8.892
-2.521
-5.874
-14.428
-11.637
-5.821
-13.167
-13.956
-12.339
-1.547
0.561
-5.902
-1.014
-4.840
-2.875
-8.104
-8.536
-5.456
-8.274
-10.457
-7.591
-7.193
-4.271
-14.759
-16.931
-1.293
-1.474
-12.219
-8.468
-13.612
-9.267
-22.772
-22.111
-20.177
-19.884
-26.121
-18.050
-23.049
-24.859
-19.310
-22.575
-27.316
-13.744
-18.884
-29.586
-19.143
-26.237
-25.772
-23.078
-27.124
-28.681
-14.424
-17.943
-23.339
-20.840
-21.323
-22.006
-22.178
-24.636
-23.585
-15.880
-25.805
-31.917
-10.388
-11.474
-22.495
0.219
-5.320
-29.170
-7.965
-11.030
-22.547
-1.318
-8.370
-26.953
-14.102
-17.434
-26.231
-5.553
-8.318
-20.972
-9.374
-13.141
-20.963
-6.670
-12.042
-24.943
-7.925
-7.128
-32.383
-1.252
-2.196
-28.314
2.097
-7.620
-26.266
-13.373
-16.467
-24.013
-9.765
-13.425
-26.640
-4.484
-8.419
-22.618
-11.655
-14.781
-26.637
-6.630
-3.222
-20.065
-14.940
-17.620
-28.766
-25.175
-19.021
-11.347
-6.017
-7.311
-26.535
-1.712
-7.494
-20.305
-5.449
-9.425
-15.353
-3.838
-4.585
-10.938
-5.139
-10.071
-4.937
-3.547
-7.081
-12.402
-5.339
-5.112
-3.856
-12.838
-9.872
-19.365
-5.929
-7.765
-17.125
-4.585
-13.206
-15.258
0.155
-3.428
-8.294
0.041
-8.335
-8.976
-14.802
-17.608
-5.991
-14.684
-17.903
-9.170
-19.112
-17.636
-7.781
-7.718
-14.794
-7.623
-14.131
-16.636
-8.224
-9.945
-20.937
-10.472
-7.409
-19.496
-11.187
-7.020
-18.339
-6.831
-13.183
-11.998
-6.219
-18.028
-13.869
-10.092
-5.980
-4.696
-7.881
1.190
-8.226
-11.784
-0.851
-10.681
-5.945
-4.960
-9.092
-11.583
1.162
-3.743
-6.916
-7.255
-7.697
-14.547
-1.398
-2.127
-5.789
-10.512
-2.255
-0.033
-2.687
-7.124
-5.339
-12.116
-4.414
-6.967
-18.733
-19.751
-21.243
-24.488
-22.780
-21.958
-16.948
-17.964
-28.500
-29.786
-25.376
-22.712
-17.623
-23.346
-27.158
-21.298
-18.290
-19.453
-21.761
-21.399
-19.012
-15.918
-21.370
-25.796
-22.173
-27.303
-21.418
-20.707
-24.498
-27.389
-16.083
-13.845
-18.701
-26.530
-18.880
-13.758
-8.564
-12.081
-20.302
-18.182
-16.608
-18.440
-20.710
-29.587
-22.129
-22.115
-16.398
-19.448
-19.856
-22.512
-19.096
-17.838
-16.420
-14.145
-24.678
-25.055
-17.903
-22.017
-18.293
-26.621
-21.984
-16.999
-24.270
-15.687
-19.109
-23.367
-16.983
-18.230
-17.099
-20.848
-20.516
-21.021
-21.970
-18.099
-26.460
-24.551
-20.720
-21.933
-19.741
-31.645
-23.261
-16.643
-19.559
-17.066
-20.386
-20.501
-18.140
-21.649
-12.977
-25.660
-22.016
-22.158
-18.597
-15.869
-28.250
-31.029
-20.914
-19.247
-21.932
-33.627
-20.991
-12.456
-12.299
-22.785
-19.301
-19.103
-17.136
-21.256
-31.041
-8.322
-21.816
-27.411
-23.739
-28.891
-12.855
-25.168
-20.817
-22.178
-35.071
-15.094
-14.123
-20.571
-17.626
-28.274
-9.977
-21.493
-20.739
-18.262
-29.726
-6.727
-20.427
-15.473
-16.923
-21.647
-10.554
-24.862
-19.032
-19.025
-30.687
-14.146
-19.610
-16.918
-15.650
-24.191
-12.851
-27.624
-25.591
-15.670
-30.201
-21.429
-21.342
-14.825
-19.535
-15.195
-15.351
-21.485
-12.224
-13.351
-14.619
-17.709
-18.795
-10.309
-16.560
-11.322
-18.350
-24.329
-15.480
-15.373
-19.243
-11.502
-14.434
-17.193
-15.669
-19.549
-14.604
-14.898
-10.911
-15.104
-13.858
-15.000
-19.002
-16.675
-18.133
-29.747
-26.534
-20.645
-12.360
-17.611
-16.762
-10.290
-19.442
-16.110
-14.646
-22.811
-17.324
-13.949
-12.941
-13.017
-13.238
-10.459
-19.813
-28.645
-20.725
-22.781
-30.127
-20.465
-25.329
-20.011
-23.437
-37.966
-15.761
-19.069
-16.462
-12.504
-23.919
-20.049
-25.236
-23.941
-28.836
-32.755
-13.132
-15.803
-8.766
-14.744
-24.680
-19.886
-17.297
-18.326
-20.156
-24.805
-18.449
-11.871
-11.951
-19.900
-24.601
-18.022
-20.768
-21.745
-20.441
-27.799
-24.193
-23.707
-21.229
-24.973
-32.465
-19.166
-22.611
-20.905
-21.624
-32.895
-5.826
-4.549
-20.037
-2.546
-20.531
-1.999
-6.079
-25.332
-12.454
-23.919
-4.086
-4.589
-18.008
-9.014
-20.322
-10.969
-9.807
-25.159
-7.900
-23.747
-12.336
-6.284
-25.672
-2.925
-15.824
-2.970
-6.709
-22.845
-6.520
-24.206
-0.455
-5.290
-23.377
-7.259
-21.689
-13.784
-4.623
-13.376
-9.267
-16.827
-0.700
-9.095
-23.256
-10.072
-20.669
-5.589
-3.589
-20.514
-5.142
-9.632
-25.204
-20.745
-33.781
-7.414
-14.986
-22.903
-19.074
-27.656
-10.896
-15.580
-25.586
-16.566
-30.674
-15.235
-11.698
-25.760
-23.891
-34.211
-15.217
-15.196
-25.145
-14.451
-31.865
-7.661
-17.463
-20.862
-20.870
-30.262
-14.589
-16.020
-23.057
-16.374
-27.650
-15.715
-12.559
-18.346
-15.683
-25.765
-2.336
-19.381
-22.042
-20.980
-29.195
-13.765
-15.200
-25.613
-25.967
-36.099
-18.169
-30.928
-8.558
-17.675
-22.055
-22.299
-30.515
-3.462
-14.337
-24.672
-18.034
-31.118
-6.723
-20.814
-27.085
-20.380
-28.663
-8.165
-16.961
-28.446
-22.777
-28.236
-3.344
-11.673
-33.600
-18.583
-30.806
-6.890
-25.858
-25.135
-18.699
-33.216
-6.237
-10.438
-15.913
-17.549
-20.032
-10.103
-12.639
-24.800
-18.660
-28.541
-12.061
-14.044
-28.738
-22.120
-30.551
-9.287
-11.115
-22.072
-19.164
-25.443
-19.506
-10.288
-19.629
-18.929
-12.120
-9.051
-7.199
-25.998
-19.831
-24.092
-15.672
-7.598
-25.561
-19.827
-15.691
-11.609
-11.397
-22.373
-18.865
-24.095
-8.528
-10.213
-19.661
-12.972
-13.107
-8.008
-0.312
-23.877
-16.312
-17.261
-13.033
-6.746
-21.613
-17.149
-17.224
-6.092
-12.339
-29.137
-18.186
-23.474
-14.422
-16.041
-31.616
-20.801
-21.739
-14.150
-17.059
-30.519
-18.153
-24.408
-13.137
-0.807
-6.987
-19.953
-26.450
-9.879
0.055
-6.471
-19.705
-20.004
-9.877
0.696
-6.973
-21.699
-23.619
-10.825
2.160
-1.998
-18.801
-19.561
-9.711
-2.953
-11.419
-18.591
-27.933
-5.168
-5.685
-13.253
-21.910
-26.442
-6.544
-12.427
-15.891
-17.143
-21.737
-8.976
-2.542
-14.880
-18.245
-27.253
-14.210
-4.242
-14.217
-19.168
-26.972
-19.666
-4.847
-11.064
-23.167
-26.723
-18.333
-23.461
-17.857
-17.609
-28.766
-26.083
-11.692
-28.380
-21.692
-14.270
-29.850
-18.822
-27.663
-26.728
-20.975
-21.322
-24.431
-21.106
-25.148
-20.030
-17.378
-20.760
-19.154
-20.586
-24.623
-23.323
-19.766
-17.922
-22.089
-21.097
-35.468
-23.041
-17.354
-39.891
-24.933
-25.572
-35.166
-23.068
-17.084
-34.592
-21.421
-17.160
-35.971
-25.707
-18.512
-33.467
-23.015
-18.473
-36.757
-27.309
-14.940
-39.148
-28.938
-22.076
-39.522
-20.793
-21.156
-33.100
-17.705
-11.847
-23.885
-32.798
-14.961
-22.271
-35.388
-21.176
-21.768
-28.590
-15.857
-16.813
-26.630
-14.228
-23.534
-20.840
-17.409
-14.743
-30.156
-17.574
-19.378
-32.071
-18.293
-21.805
-27.261
-17.880
-21.634
-32.498
-23.699
-22.353
-31.229
-20.841
-9.686
-13.760
-27.600
-10.771
-13.409
-25.424
-15.359
-13.932
-26.220
-4.910
-15.861
-24.726
-10.252
-13.315
-28.062
-8.641
-9.267
-20.651
-10.336
-9.765
-24.258
-7.296
-12.144
-27.257
-10.110
-5.229
-23.650
-5.141
-10.546
-22.951
-20.130
-16.544
-20.251
-14.873
-11.915
-21.349
-9.027
-13.441
-22.306
-14.083
-20.987
-25.166
-17.829
-14.807
-17.167
-7.992
-18.937
-22.702
-16.256
-13.877
-13.127
-15.027
-14.441
-13.324
-15.105
-16.638
-19.523
-22.250
-10.780
-20.715
-18.533
-15.332
-19.740
-13.366
-15.141
-18.923
-17.571
-10.314
-20.906
-18.803
-12.062
-23.354
-12.912
-13.835
-24.840
-14.611
-13.802
-25.053
-17.947
-3.893
-23.408
-19.079
-3.751
-25.835
-19.421
-12.952
-23.846
-9.502
-8.968
-23.016
