4.891
5.943
4.753
6.125
3.981
4.796
2.280
7.047
5.368
5.077
6.233
6.105
7.139
1.381
6.240
5.568
6.856
4.271
5.402
4.310
6.166
5.791
6.589
6.023
6.695
4.260
5.865
6.871
6.458
5.023
-0.830
-1.316
-2.265
-0.510
-0.748
-2.387
-1.200
-1.194
-0.539
-1.839
5.490
6.341
5.654
7.058
6.426
7.329
6.081
7.391
6.849
5.261
6.260
6.856
3.271
2.423
2.251
4.120
-1.015
4.438
5.594
3.183
1.825
3.527
1.757
2.415
3.017
3.356
1.593
2.519
1.928
3.157
5.244
4.145
4.824
0.955
3.923
5.255
3.232
3.018
5.195
3.541
-3.826
-3.124
-2.273
-3.131
-2.417
-1.883
-3.291
-1.668
-1.347
-2.727
2.519
3.869
4.426
1.848
2.423
2.977
4.410
3.730
3.649
2.136
4.156
3.187
6.283
4.416
3.211
3.311
4.204
2.919
4.554
3.517
4.552
2.690
2.516
2.280
2.293
1.993
3.411
4.302
1.579
2.362
4.240
3.296
2.976
4.494
3.742
2.540
3.735
2.610
3.532
3.408
3.916
3.224
6.394
3.808
4.577
4.305
3.489
5.598
3.057
3.618
4.027
4.981
5.769
0.673
4.032
3.417
3.243
5.193
4.563
4.103
-1.617
-0.623
-1.956
-1.516
-0.542
-1.687
-1.831
-1.678
-1.535
-2.097
5.402
4.389
4.891
3.172
4.697
7.021
4.887
3.744
4.492
5.201
6.286
4.795
0.935
4.991
4.347
4.824
4.766
5.094
1.742
3.645
3.253
5.924
6.592
5.982
6.797
7.205
6.214
6.602
4.955
0.719
-0.404
4.887
7.019
6.658
5.535
5.884
5.092
6.554
4.193
3.844
2.020
4.562
3.851
2.406
3.040
2.947
4.398
4.190
5.188
4.790
5.098
5.983
4.154
6.696
6.720
6.169
5.029
5.847
5.671
5.483
6.160
7.165
7.416
5.498
7.963
6.160
7.827
5.039
6.382
6.963
6.218
6.159
6.367
4.712
8.077
6.672
5.269
7.156
7.471
8.446
5.024
4.807
2.618
1.873
4.174
4.456
4.789
4.310
3.702
4.356
8.178
6.713
7.352
7.007
7.241
8.287
5.964
6.682
6.677
3.498
4.266
3.767
6.352
4.824
6.567
4.433
5.708
5.867
4.401
4.354
5.258
6.173
6.295
5.105
4.715
5.293
4.439
2.358
4.412
4.728
5.319
4.374
6.733
6.934
6.821
7.416
6.627
5.411
4.478
5.343
2.459
1.719
4.553
1.870
2.570
4.104
3.152
1.518
4.091
4.101
5.697
6.273
7.463
2.226
6.807
6.772
7.723
5.660
5.593
2.345
-1.479
-1.473
-1.832
-1.336
-3.957
-1.602
-0.754
-1.629
-3.559
-0.988
2.472
0.359
2.398
3.384
3.068
1.443
2.051
-0.206
0.865
2.661
3.647
6.381
4.599
2.132
4.587
6.358
6.036
6.230
3.897
6.983
