-7.899
6.113
-5.074
4.837
-6.358
4.221
-7.063
4.887
-7.142
4.870
-9.783
5.332
-7.981
2.964
-8.381
4.977
-8.141
4.988
-4.493
3.767
-6.170
-0.026
-9.333
2.002
-10.259
2.719
-8.563
2.012
-4.464
2.033
-13.001
1.830
-5.505
4.769
-11.577
1.987
-5.613
0.095
-7.033
2.926
-1.271
4.463
2.283
0.263
-1.169
1.221
0.467
1.504
-2.094
0.935
-2.533
1.261
-3.475
0.151
-2.404
-3.646
-0.119
0.497
-2.031
-3.264
3.968
-4.466
3.383
-4.365
4.573
-4.628
2.803
-5.433
4.013
-3.855
6.006
-1.409
5.145
-2.122
5.379
-4.030
3.574
-5.514
5.379
1.170
-3.128
-9.391
2.493
-4.100
0.634
-7.205
5.401
-3.027
-0.149
-8.159
1.896
-4.809
0.359
-8.214
-1.122
-7.845
-2.104
-7.624
2.884
-6.015
0.835
-9.136
5.301
-6.697
0.661
-8.792
4.502
-4.929
-3.928
-12.624
-2.633
-4.740
-0.943
-9.983
2.062
-6.381
-1.851
-8.579
4.988
-3.918
2.585
-7.511
-3.684
-4.339
4.059
-8.600
-1.291
-9.366
4.332
-8.860
-1.969
-7.779
2.936
-8.645
-1.586
-6.246
4.337
-6.205
-0.286
-7.291
4.873
-6.160
1.608
-5.754
4.542
-10.093
-1.444
-9.859
2.616
-11.776
-5.743
-7.427
-1.172
-7.983
-3.503
-8.233
3.480
-7.749
1.696
-6.501
4.055
-6.804
-2.816
-6.845
4.927
-4.825
2.356
-4.333
5.298
-7.770
0.072
-8.424
5.527
-7.099
-0.034
-6.979
3.552
-7.316
-4.498
-5.547
4.633
-4.668
-0.193
-5.608
4.808
-3.631
0.834
-5.565
-0.139
-6.389
-4.414
-4.773
4.232
-5.871
-2.696
-5.371
3.791
-4.922
-1.942
-8.329
-3.184
-0.154
-0.970
3.095
-7.067
-5.318
-3.890
1.682
-5.759
-1.900
-2.650
0.196
-5.286
-3.892
-7.300
2.794
-2.785
-4.097
-1.293
6.471
-4.060
-1.480
-2.377
4.080
-3.874
-6.057
-5.304
3.642
-5.802
-5.265
-5.505
3.821
-1.235
-3.335
-1.660
1.943
-6.130
-4.476
-2.779
2.439
-0.818
-1.160
-7.795
-8.160
-0.940
-2.647
-4.870
-3.737
2.620
0.655
-7.811
-3.914
3.114
4.219
-1.856
-0.533
0.662
-3.205
-5.781
-3.389
1.717
0.119
-6.859
-3.757
2.641
1.243
-5.412
-3.230
0.190
-1.278
-6.279
-4.926
-0.708
-1.376
-8.065
-7.597
2.937
1.282
-3.668
-3.024
-3.804
-5.596
5.269
-0.260
0.878
-0.981
5.373
-0.250
-2.518
-1.347
4.009
-3.890
-1.375
-4.552
4.249
1.410
-0.250
-2.246
4.719
0.468
-2.283
-5.288
6.029
-0.300
-1.378
-3.407
-1.226
-1.690
-4.866
-5.318
5.022
-2.115
-4.439
-6.396
3.151
-4.303
-0.054
-1.686
2.130
0.040
1.952
-3.937
-2.417
0.163
2.597
-1.452
-0.502
1.808
3.441
-0.630
-2.206
-0.062
1.875
-4.337
-3.782
-1.265
0.680
-4.911
-3.679
-0.667
1.273
-4.448
-2.685
-1.463
0.713
-1.583
0.818
1.730
0.788
-4.864
-2.001
-0.787
1.026
-2.994
-3.138
-0.907
-2.744
-6.161
-3.291
-1.838
5.088
1.256
0.743
0.426
3.388
3.314
-1.663
-1.284
2.364
0.027
-4.391
-2.229
1.159
-3.919
-5.357
-2.351
3.429
3.103
-0.539
3.002
1.481
1.695
-1.422
-1.533
-0.058
-1.331
-3.637
-0.736
0.467
0.636
-2.879
-4.772
3.535
2.250
-3.502
-0.447
-2.431
-2.540
-8.284
-7.673
0.916
-7.024
-9.362
2.646
-8.479
-8.834
1.165
-8.446
-9.840
1.827
-6.790
-10.802
0.814
-10.042
-9.087
0.560
-10.356
-10.440
3.275
-6.321
-7.966
1.130
-7.776
-7.387
0.161
-9.028
-8.244
1.782
-10.072
-11.978
0.606
-2.490
-7.756
3.802
-0.027
-10.600
2.727
-2.648
-7.808
3.302
-1.518
-9.664
-1.852
-5.997
-9.323
2.178
-1.546
-7.089
1.330
-3.391
-7.020
1.740
-3.484
-8.884
1.870
-1.039
-12.133
3.404
0.997
-10.274
5.748
-1.505
-9.295
3.029
-5.325
-8.295
1.915
-4.178
-9.490
4.957
-1.452
-7.655
2.257
-5.047
-9.631
3.750
1.309
-6.603
1.918
-6.380
-10.529
-2.965
-6.284
-2.537
3.587
-0.977
-9.497
6.107
-0.817
-6.698
5.486
-1.933
-2.701
5.229
1.504
-1.021
6.226
-1.909
1.108
6.045
0.117
-1.417
4.752
-0.527
1.521
2.531
-2.443
-3.835
5.900
-1.268
-4.545
5.824
-4.049
-0.391
6.216
0.941
-0.497
7.045
-0.895
-0.506
-4.073
-6.584
5.585
-2.847
-7.186
4.852
-4.471
-6.693
5.705
0.648
-5.459
5.686
-2.624
-7.281
4.863
-1.352
-8.706
3.359
-0.704
-9.074
3.410
-0.113
-7.808
3.921
-2.267
-4.785
5.243
-4.218
-4.562
4.130
4.665
0.203
-0.658
6.789
-1.318
-0.922
6.796
-1.181
1.493
5.048
-1.701
-1.535
5.303
0.808
-0.877
2.742
-1.517
-3.112
4.841
1.547
1.176
3.271
2.036
2.203
4.109
-0.453
0.271
1.959
0.774
0.458
-5.360
-1.071
4.684
-5.461
-3.170
-6.812
-0.202
3.877
-6.921
-6.296
-8.352
-2.377
4.845
-5.958
-5.116
-6.515
-2.339
3.428
-5.323
-3.480
-5.485
-2.565
3.511
-7.033
-2.806
-9.220
-2.933
4.789
-6.073
-4.311
-4.166
0.193
3.496
-5.446
-1.092
-3.118
1.942
4.721
-4.397
-1.191
-4.402
-2.129
4.419
-6.868
-2.776
-6.883
0.159
1.180
-4.729
-3.568
-5.523
0.164
-3.329
7.158
-5.673
-8.207
-0.726
-5.796
5.754
-7.493
-6.824
-0.659
-7.029
6.376
-5.415
-7.447
-0.134
-4.425
6.412
-5.566
-6.163
-0.076
-4.760
5.833
-7.486
-7.980
-1.262
-6.244
6.753
-9.558
-7.399
1.344
-4.572
6.065
-5.053
-6.156
0.145
-5.476
7.211
-6.938
-6.838
-1.957
-5.290
6.363
-7.787
-10.899
-2.865
-4.933
2.386
-10.196
-6.377
-1.022
-0.583
-5.349
2.341
-5.526
-3.145
-2.243
-7.639
4.047
-6.748
-7.308
-6.324
-8.495
1.687
-8.258
-7.196
-5.768
-10.239
3.371
-3.283
-4.218
-1.666
-7.659
4.992
-6.603
-5.218
-1.067
-8.618
5.170
-6.123
-2.425
-1.876
-4.745
5.689
-8.121
-4.485
-2.956
-7.204
3.039
-5.755
-4.997
-2.658
-6.259
4.666
-9.365
-6.763
-1.194
-7.956
2.048
-6.535
6.389
-2.083
0.307
-3.325
-6.599
7.236
-0.745
1.753
-3.656
-5.387
6.891
-1.312
1.242
-3.750
-7.880
3.377
-2.484
-1.893
-0.968
-3.423
2.956
-2.339
-2.445
-2.466
-3.632
5.093
-2.515
1.067
-2.399
-5.481
0.939
-2.298
-4.803
-5.630
-6.221
6.701
-2.685
-0.789
-2.367
-5.679
4.216
-0.667
-1.220
-5.203
-3.204
7.536
0.137
1.339
-1.236
-5.846
-1.981
-5.047
-4.450
-8.434
-6.140
-0.163
-4.441
-5.633
-10.718
-4.021
5.047
-1.883
0.071
-6.367
-5.952
1.179
-3.765
-6.294
-9.562
-2.836
3.399
-0.693
-1.018
-7.040
-5.879
4.260
-2.504
-3.390
-6.070
-5.232
5.201
0.426
-2.089
-4.870
-5.039
2.734
-3.475
-2.257
-7.947
-7.819
-0.832
-5.314
-5.579
-10.250
-5.554
1.786
-5.718
-3.034
-9.903
0.733
6.361
-5.911
0.277
-6.174
1.067
4.424
-8.295
-3.275
-7.704
-0.500
6.029
-4.997
-2.945
-6.080
-3.718
2.346
-8.218
-1.977
-7.626
-2.921
3.638
-8.448
-0.208
-4.049
1.933
5.738
-7.175
-1.649
-7.833
4.096
5.484
-7.415
-0.830
-6.697
-4.790
4.909
-2.911
-3.648
-4.502
2.525
4.124
-7.360
-3.036
-6.237
-0.072
5.806
-6.126
-0.578
-1.254
-8.234
-6.325
-12.101
4.897
-3.671
-7.363
-6.490
-9.342
4.916
-3.939
-8.666
-5.198
-10.701
2.861
-2.186
-9.185
-9.267
-12.294
3.198
-3.766
-8.412
-4.068
-11.238
5.642
-4.789
-7.624
-7.593
-10.516
3.478
-4.137
-7.563
-4.960
-9.340
2.331
-2.575
-5.495
-4.227
-8.491
6.779
-5.655
-8.200
-6.733
-10.035
3.983
-3.767
-7.758
-9.434
-13.145
1.852
-10.868
5.364
-0.927
-6.819
-5.824
-10.682
6.792
-0.055
-7.998
-4.733
-10.954
4.883
-2.048
-9.085
-4.952
-9.845
4.677
-0.401
-9.698
-5.691
-9.653
6.333
0.527
-12.019
-3.947
-10.813
5.266
-3.585
-8.207
-6.301
-11.901
5.971
2.422
-4.053
-5.210
-5.949
4.386
0.879
-8.056
-5.534
-9.790
1.708
-2.102
-9.829
-3.996
-10.698
4.459
1.617
-6.827
-5.647
-8.392
-6.669
1.363
-5.727
-5.820
-2.377
0.735
4.172
-8.595
-4.918
-7.782
-2.935
3.596
-8.398
-5.312
-3.989
-1.313
3.872
-6.963
-4.595
-7.783
-1.646
2.477
-5.741
-2.474
-2.823
-0.863
4.781
-7.640
-3.341
-4.698
-3.393
4.253
-6.620
-3.558
-4.681
-0.349
2.131
-10.009
-3.461
-7.503
-4.044
-0.113
-11.126
-4.143
-6.720
-2.492
1.897
-10.631
-4.729
-7.925
-0.268
5.882
-0.034
-6.225
-8.846
-1.237
5.329
0.199
-6.868
-5.936
-0.255
5.837
-0.027
-7.114
-7.568
-2.347
5.114
2.214
-5.749
-5.736
1.579
4.235
-2.030
-5.378
-9.516
1.174
3.482
-2.855
-6.713
-8.843
2.365
2.740
-4.044
-3.843
-6.718
-0.712
6.614
-3.588
-6.411
-9.209
-2.457
4.345
-3.290
-5.765
-9.082
-4.718
3.362
-1.869
-8.095
-8.970
1.073
-7.287
0.327
0.156
-9.659
-2.700
3.008
-9.533
-1.559
1.491
-10.132
0.157
-3.429
-8.719
1.645
-0.362
-7.676
0.443
-2.696
-5.674
0.024
-1.304
-5.263
-0.246
-1.788
-7.095
0.762
-0.796
-6.652
-1.468
-10.548
-6.926
1.825
-13.347
-7.926
-2.160
-11.406
-7.042
0.836
-11.156
-6.264
1.525
-11.262
-8.198
-0.206
-10.401
-7.061
1.333
-11.439
-8.969
2.063
-11.638
-9.658
-0.270
-12.289
-5.962
1.181
-10.793
-4.562
2.452
-6.993
-11.454
3.180
-6.048
-12.647
1.354
-5.454
-9.550
4.217
-3.846
-8.606
3.278
-7.088
-6.126
1.870
-1.359
-10.254
1.854
-3.547
-11.182
3.087
-4.855
-8.954
2.708
-5.815
-11.292
-0.860
-5.303
-10.791
2.236
4.013
-3.561
-9.832
3.993
-3.452
-8.826
0.813
-3.601
-9.194
4.011
-4.605
-8.503
4.314
-3.228
-10.045
3.374
-1.374
-6.620
4.429
-1.754
-8.287
6.158
-2.704
-9.673
3.750
0.471
-8.006
5.218
-1.890
-7.682
0.041
-4.782
-6.435
1.887
-2.798
-6.942
3.895
-3.655
-7.384
0.996
-7.167
-8.707
1.791
-4.209
-5.009
2.332
-6.135
-7.567
1.952
-3.934
-3.142
2.491
-3.765
-3.233
1.592
-5.124
-6.098
-1.744
-2.242
-6.649
1.040
-4.071
-6.198
0.793
-4.080
-5.821
1.165
-1.766
-6.737
0.521
-2.361
-7.869
2.591
-3.574
-8.556
2.837
-3.473
-8.654
1.680
1.192
-7.894
1.694
1.018
-9.015
0.199
-3.202
-8.096
3.070
-1.209
-7.712
