-8.270
-6.525
-1.309
-8.602
-2.530
-6.325
-6.569
-5.248
-4.524
-1.751
-4.452
-4.947
-4.159
-2.492
-2.055
-3.726
-5.545
-1.729
-2.215
-2.278
-0.922
-1.860
-2.653
-2.114
-2.270
-0.352
0.288
-0.864
-2.137
-0.897
3.035
3.734
3.219
5.034
4.339
1.830
0.581
5.114
2.990
3.045
-6.215
-1.927
-7.189
-4.384
-0.600
-5.016
-5.285
-0.274
-4.199
-5.406
0.983
-4.696
-5.667
-0.991
-6.516
-5.464
-0.457
-3.600
-5.781
-2.346
-3.990
-3.091
-0.160
-3.597
-2.645
-2.110
-5.016
-3.225
-1.565
-6.997
-0.066
-2.466
-5.324
0.981
-0.654
-5.214
-1.566
-3.775
-4.399
1.953
-4.389
-2.565
-2.369
-3.867
-1.544
-3.470
-0.366
-2.138
-5.128
-4.334
-1.884
3.324
-1.699
-4.224
-0.238
-0.393
-3.192
-0.146
-1.820
-5.684
-6.393
-2.455
-5.843
-9.003
-1.221
-9.192
-8.026
-5.540
-6.583
-7.775
0.537
-9.389
-6.807
-1.379
-7.549
-6.162
-2.925
-6.728
-9.921
-4.275
-7.504
-7.084
-3.922
-8.345
-9.523
-2.539
-10.187
-5.444
-1.203
-7.215
-10.234
-12.075
-8.214
-6.375
-5.864
-5.187
-9.612
-9.545
-5.956
-6.321
-9.489
-5.096
-4.397
-8.151
-3.592
-7.510
-11.038
-4.389
-4.404
-7.548
-2.622
-7.446
-8.420
-5.874
-6.860
-8.887
-5.867
-5.438
-10.174
-5.203
0.574
-3.010
1.570
1.869
-3.722
3.233
3.680
-2.494
-2.330
1.443
-4.164
-1.413
4.063
-0.431
1.939
2.848
-1.967
0.333
3.298
-1.184
2.539
-0.188
-4.818
0.764
1.144
-5.483
1.542
1.643
-4.903
-0.100
-1.403
-2.416
2.551
-3.040
-3.261
1.711
-4.923
-5.933
3.225
-1.833
-3.245
3.115
-2.698
-4.714
4.864
-1.451
-1.318
2.738
-2.053
-3.176
5.021
-0.846
-2.246
2.399
-1.205
0.068
1.709
-2.810
-3.492
4.018
-1.206
-4.969
-3.053
1.162
-3.152
-3.050
1.801
-3.748
-0.563
0.202
-1.685
-0.750
-0.212
-4.295
-2.611
-0.053
-4.871
-4.927
-0.328
-5.877
-5.840
0.775
-0.969
1.279
-1.011
-6.270
-4.364
-0.839
-6.450
-4.312
3.715
-3.446
-1.153
3.987
-1.092
0.196
3.594
-3.112
-2.452
-1.541
-1.883
-3.631
0.967
-0.766
-2.332
2.031
-0.999
-3.585
4.164
-0.211
-1.642
2.513
0.345
-1.159
0.872
-4.821
-2.522
3.217
1.186
2.104
0.418
-9.170
-1.903
-10.741
-2.564
-6.236
0.727
-6.104
-1.771
-3.471
-1.384
-6.785
0.732
-6.844
0.679
-7.364
-0.719
-8.856
-0.746
-9.319
-1.496
-6.508
3.251
-9.528
-0.276
-11.828
0.758
-8.898
-1.424
-8.592
-1.239
-9.517
0.438
-9.148
-0.346
-8.092
-3.650
-9.654
-3.767
-10.541
-9.152
-7.663
-6.941
-7.992
-8.422
-6.543
-5.622
-6.228
-5.355
-7.702
-6.523
-4.587
-5.907
-9.203
-7.767
-5.630
-7.147
-8.434
-7.153
-9.776
-1.783
-1.168
-5.700
-1.466
-5.620
-4.233
-4.127
-3.496
-5.186
-4.634
-2.240
0.043
-6.063
-1.952
-4.585
-0.302
-3.204
-2.324
-7.923
-4.401
-2.276
-3.899
-1.431
-0.489
-3.477
-1.727
0.101
0.387
1.271
-4.728
0.067
-0.281
-1.676
0.505
-2.948
-3.125
-3.899
-3.941
-3.158
-2.091
-2.051
-3.646
-0.768
-2.438
-3.884
0.438
-1.343
-4.689
-0.650
-4.951
-4.922
-3.882
0.149
-0.751
-2.568
-4.308
-4.216
-1.244
-0.017
-3.095
-7.027
-1.994
-4.777
-5.661
-6.436
-6.838
-7.776
-7.486
-6.316
-3.724
-4.620
-3.583
-7.695
-5.827
-7.456
-6.648
-6.145
-5.286
-9.140
-5.051
-7.308
-4.083
-3.529
-5.725
-6.880
-6.606
-8.210
-5.576
-4.487
-1.356
-4.754
-4.366
-4.883
-4.001
-5.710
-4.131
-4.494
0.165
-7.636
-2.660
-8.718
-5.096
-5.690
-8.042
-6.887
-4.980
-5.999
-9.550
-7.318
-3.785
-2.319
-8.109
-7.201
-1.967
-4.588
-8.420
-4.133
-3.706
-0.386
-5.279
-5.296
-5.320
-5.752
-6.384
-4.593
-1.690
-3.853
-6.586
-5.338
-5.101
-1.381
-8.123
-5.681
-4.852
-5.483
-10.749
-6.211
-1.715
-3.407
-6.362
-1.634
-1.246
-1.116
-4.618
-2.863
-5.531
-5.066
-3.210
-4.700
-7.635
-5.782
-9.267
-3.615
-5.491
-4.008
-6.393
-4.892
-4.074
-4.481
-5.336
-0.826
-2.109
-3.820
-4.675
-3.917
-3.486
-4.472
-5.100
-3.317
-5.642
-6.907
-5.064
-1.359
-3.354
-4.590
-3.762
-5.238
-3.919
-5.280
-4.140
-4.409
-3.195
-2.979
-4.588
-3.591
-0.109
-2.651
-0.152
-7.726
-3.982
-2.610
-4.367
-6.727
-2.489
-2.855
-5.280
-5.171
-2.677
1.108
-2.963
-7.135
-4.314
-5.136
-4.747
-9.095
-2.817
-4.354
-4.887
-4.507
-2.617
-2.453
-4.111
-3.594
-1.395
-2.556
-3.717
-4.892
-2.494
-4.749
-4.010
-2.615
-1.209
-4.079
-2.325
-2.569
1.059
-0.629
-2.726
-2.105
-3.556
-4.847
-3.969
-1.836
-2.391
-4.736
-5.146
-0.817
-1.620
-1.470
-3.325
-4.087
-1.324
-4.663
-4.378
-1.773
-0.964
-2.062
-5.639
-5.240
-5.666
-4.700
-5.456
-5.397
-3.919
-2.403
-7.693
-0.680
-1.204
-2.528
-3.871
-5.333
-1.915
-8.715
-6.325
-6.529
-7.276
-8.023
-9.434
-8.418
-4.358
-8.339
-7.410
-1.761
-2.383
-6.971
-9.051
-7.511
-0.874
-7.494
-4.950
-5.981
-0.219
-6.446
-4.927
-5.379
-4.571
-8.065
-9.298
-4.109
-4.794
-7.411
-7.448
-8.437
-1.619
-9.116
-6.605
-9.118
-3.326
-7.645
-3.542
-5.679
-7.559
-2.481
-5.022
-5.964
-6.663
-0.448
-1.418
-7.421
-10.107
-1.571
-6.683
-3.114
-7.715
-2.551
-4.300
-7.085
-5.833
-0.588
-3.563
-3.514
-7.445
-1.791
-6.424
-4.186
-5.104
-2.303
-5.785
-6.474
-6.552
-1.381
-5.923
-2.360
-7.518
-1.486
-6.930
-5.306
-7.831
-3.385
-4.305
-7.915
-3.378
-5.098
-2.687
-8.673
-4.021
-6.087
-4.167
-9.783
-1.731
-4.242
-1.325
-7.812
-1.660
-6.628
-2.839
-7.973
-4.127
-6.374
-1.050
-7.686
-3.368
-5.422
-1.210
-4.537
-0.385
-6.256
-2.517
-6.724
-1.937
-5.038
-4.161
-8.981
-1.706
-3.825
-2.716
-10.754
-5.631
-6.039
-3.292
-0.009
-9.125
-2.908
-10.535
0.475
-3.801
-3.790
-8.427
2.496
-9.357
-3.292
-11.091
-0.383
-6.704
-1.389
-10.522
1.042
-6.297
-5.557
-7.932
0.433
-5.248
-2.382
-9.773
0.920
-6.876
-4.841
-9.517
3.511
-4.973
-2.279
-11.501
-1.374
-7.780
-3.194
-10.202
-0.896
-5.698
-3.897
-6.491
-3.216
-2.022
-8.240
-7.568
-1.341
-0.216
-8.283
-6.940
-2.888
-2.122
-6.607
-7.373
-8.322
-5.371
-8.154
-7.860
-2.406
-0.770
-9.583
-6.960
-3.131
-1.654
-9.999
-2.804
-1.927
1.679
-6.555
-3.990
-4.246
-1.479
-7.790
-7.459
-2.391
-2.647
-8.179
-6.756
-4.094
-2.717
-8.545
-8.245
-6.578
-4.083
-4.346
-2.978
-3.203
-0.490
-5.662
-2.802
-6.082
-3.058
-7.045
-4.425
-7.855
-1.809
-8.795
-3.838
-9.005
-6.129
-8.515
-3.286
-2.844
0.171
-4.732
-2.599
-3.718
-4.354
-4.743
0.778
-0.322
-2.308
-5.695
-3.140
-3.318
-4.713
-8.815
-4.046
-6.608
-1.139
-3.306
-3.467
-8.540
-4.068
-7.524
-3.943
-8.354
-3.100
-9.192
-4.631
-4.593
-3.549
-7.870
-4.042
-7.802
-3.385
-9.491
-2.054
-9.957
-4.491
-6.400
-3.747
-3.831
-4.867
-3.758
-5.880
-2.084
-1.131
-2.643
-4.572
-4.919
-3.180
-2.755
-4.204
-1.326
-2.795
-3.753
-1.957
-2.389
-2.956
-4.889
-2.793
-0.160
-3.774
-3.912
-3.972
-3.563
-2.762
-3.460
-5.725
-2.367
-3.924
-1.799
-4.433
-1.864
-1.668
-3.836
-4.806
-0.875
-2.148
-6.014
-7.150
-5.590
-4.474
-7.170
-5.482
-4.809
-1.778
-1.260
-4.493
-3.992
-5.263
-6.629
-5.000
-4.048
-5.612
-4.330
-3.057
-2.883
-5.373
-1.759
-0.966
