1.008
3.130
-0.228
2.882
3.256
3.067
0.675
6.018
1.634
1.795
9.784
8.553
9.053
2.022
8.382
9.245
7.443
7.104
5.399
8.393
9.094
7.847
6.317
6.305
8.766
8.849
7.935
8.751
7.724
8.384
7.546
8.914
9.201
7.337
8.832
5.399
4.310
10.361
8.052
7.787
9.946
8.891
7.876
9.435
8.869
8.902
8.595
7.704
8.466
4.601
6.308
5.818
4.503
6.393
2.792
3.239
-0.419
7.771
6.673
4.401
3.157
3.559
-1.738
3.054
2.604
2.530
3.241
1.247
3.978
3.050
2.855
0.750
0.782
2.158
-2.391
4.949
-2.974
3.996
-3.895
2.575
7.440
9.304
5.760
3.996
8.229
5.423
7.512
7.025
7.644
8.274
5.305
5.273
6.019
6.102
6.165
6.797
6.798
4.448
5.507
5.674
4.440
4.865
6.306
5.791
2.793
2.401
1.287
4.555
2.207
2.071
6.714
7.154
6.250
4.614
5.843
5.668
7.160
4.741
5.573
6.208
3.980
1.722
3.578
7.210
5.778
4.087
5.633
4.774
5.650
5.315
3.855
5.705
5.006
4.840
2.486
3.216
6.323
6.010
4.394
3.598
7.329
2.869
7.505
3.365
-2.510
6.837
-5.383
6.695
-9.703
5.803
6.402
7.934
4.142
5.601
6.806
5.791
5.963
6.128
5.847
5.021
6.968
4.556
4.421
2.604
5.724
6.185
3.345
5.238
5.551
4.216
6.250
6.308
4.289
5.382
5.414
5.675
7.082
6.459
2.749
7.831
0.407
2.576
3.352
1.459
2.382
3.642
0.752
3.743
1.928
1.784
-4.775
1.626
2.492
2.372
2.013
2.569
2.247
2.702
-0.649
0.738
6.202
7.407
5.056
5.176
4.493
5.391
7.079
6.029
8.244
6.700
6.677
8.210
6.503
8.541
7.980
7.174
6.917
7.398
8.137
7.449
6.815
9.091
4.976
5.639
6.040
5.109
7.848
4.790
1.870
9.341
9.163
9.247
8.899
7.597
10.056
9.204
8.469
9.175
11.502
11.824
6.659
6.089
3.066
4.359
5.822
6.016
6.839
5.762
6.321
6.765
10.744
9.314
11.661
6.928
11.232
12.284
8.435
9.213
8.849
4.640
6.387
5.391
8.207
6.503
7.320
8.688
7.679
7.426
4.668
5.204
5.241
8.059
7.026
5.182
6.835
6.877
5.446
4.547
5.770
5.168
7.913
7.000
10.136
8.944
10.210
10.373
9.494
9.213
6.660
8.766
3.172
2.880
3.893
4.806
3.866
5.246
3.552
1.434
5.632
5.228
7.977
8.057
10.398
2.997
8.037
8.220
7.215
7.734
6.653
6.938
5.919
4.068
5.788
5.645
3.719
4.248
5.823
5.995
4.645
6.682
8.474
8.500
8.247
8.192
8.290
7.464
6.144
4.825
8.429
6.065
6.690
9.683
6.632
5.665
6.304
8.034
8.110
7.741
6.499
9.735
