3.076
7.088
2.914
5.423
5.558
6.159
2.425
7.356
3.063
5.530
9.200
7.204
8.431
1.850
7.533
9.273
5.563
6.628
5.078
7.728
8.110
7.374
4.359
6.555
9.180
7.744
7.374
7.328
7.509
7.271
7.179
9.260
6.478
6.332
8.866
3.959
3.036
11.322
8.101
6.252
7.047
5.990
3.462
5.271
6.243
4.508
5.238
5.249
4.669
1.206
9.017
7.012
4.422
5.547
1.926
3.501
-3.606
8.201
6.598
4.943
-0.055
-1.633
-3.604
1.187
2.784
3.033
1.368
-1.010
1.940
-0.285
4.428
-0.091
4.650
2.741
-4.001
4.052
-3.570
1.572
-7.644
3.772
5.117
5.151
-0.533
-2.100
4.011
1.906
2.872
0.572
4.356
3.821
3.055
8.015
5.098
3.445
9.161
6.632
3.317
2.270
5.667
6.095
2.844
1.818
2.907
3.691
1.485
0.659
-0.173
2.980
0.616
-0.144
4.643
5.912
4.280
3.988
4.725
3.186
5.942
2.521
5.645
5.546
2.279
-1.321
0.243
3.223
1.998
-0.304
2.457
-0.324
3.483
2.770
0.906
4.363
5.409
3.343
6.064
0.915
5.140
7.340
3.816
1.931
4.310
0.323
4.760
0.795
-5.456
3.564
-9.968
3.096
-12.157
3.334
6.930
4.987
2.181
0.724
6.546
5.396
4.375
3.526
3.515
5.258
3.976
3.740
3.572
-0.036
2.853
6.629
1.173
4.788
4.258
2.771
4.895
2.194
0.255
-0.414
0.376
3.049
2.154
2.830
-0.859
5.119
3.580
6.925
7.439
6.391
7.761
7.775
5.656
7.367
6.416
3.525
-7.183
0.186
3.161
3.112
4.230
2.926
3.640
3.467
-1.161
-0.422
6.241
10.829
7.149
6.057
7.023
7.594
9.887
9.428
10.334
8.117
4.936
7.661
5.829
7.967
6.925
6.835
6.732
6.495
7.412
6.731
8.482
11.080
7.557
7.698
8.326
6.148
9.397
4.145
4.486
10.164
9.123
9.220
8.818
7.319
10.153
9.170
8.323
9.137
11.819
12.191
5.726
5.526
2.750
4.563
6.499
6.741
7.775
7.005
5.873
8.013
11.148
9.511
12.154
6.710
11.578
12.940
8.310
9.078
8.745
3.720
6.876
5.110
8.434
5.319
9.549
8.588
9.233
7.397
4.904
4.678
7.312
9.906
8.950
6.256
8.109
8.408
7.537
6.281
6.958
7.803
4.994
2.964
7.297
4.619
8.841
7.610
6.280
7.925
5.419
5.551
7.765
6.056
6.852
6.359
7.825
8.309
7.352
3.824
8.311
7.280
7.531
8.127
10.096
2.945
6.846
8.751
6.490
7.341
5.724
5.076
5.862
4.215
6.069
6.256
3.396
5.794
7.789
8.186
6.487
6.946
8.378
8.057
7.722
6.875
7.895
6.563
5.121
3.158
7.095
5.209
6.312
9.870
5.941
5.167
5.659
7.612
7.752
7.337
5.826
9.710
