-10.740
-6.984
-7.805
-7.929
-9.374
-8.309
-10.290
-9.663
-9.520
-9.266
-12.243
-10.352
-10.938
-10.451
-10.775
-9.770
-10.128
-7.199
-7.471
-6.981
-7.803
-10.485
-11.982
-8.579
-12.846
-8.253
-10.942
-9.102
-5.096
-8.076
-16.208
-9.599
-6.337
-4.351
-13.355
-10.349
-7.085
-8.133
-9.650
-8.813
-5.334
-3.899
-2.051
-10.077
-5.852
-8.349
-3.862
-8.437
-6.243
-8.158
-7.110
-6.842
-10.716
-7.255
-9.774
-11.583
-6.355
-8.670
-7.349
-12.329
-4.961
-8.510
-4.451
-8.180
-4.322
-7.748
-6.614
-8.353
-3.514
-6.769
-1.853
-5.011
-3.142
-4.653
-3.941
-7.426
-4.930
-9.167
-1.241
-0.985
-12.768
-13.100
-9.720
-7.596
-6.024
-11.652
-4.500
-7.920
-7.366
-12.883
-10.173
-11.247
-7.837
-11.391
-8.863
-14.471
-12.231
-12.006
-8.017
-11.647
-7.882
-11.794
-2.594
-10.151
-6.702
-13.538
-6.625
-10.178
-11.780
-17.836
-13.634
-6.517
-7.858
-14.887
-9.023
-11.844
-7.831
-15.273
-5.070
-10.179
-6.609
-9.305
-7.578
-10.460
-5.238
-11.559
-6.384
-16.704
-4.545
-11.209
-5.818
-16.750
-5.322
-10.418
-7.037
-13.307
-3.839
-7.556
-5.092
-12.535
-3.389
-6.500
-2.411
-11.447
-4.550
-11.327
-8.905
-15.591
-5.358
-13.994
-12.891
-14.793
-7.368
-8.061
-10.171
-10.292
-4.493
-8.204
-1.695
-11.411
-1.486
-12.597
-6.890
-14.248
-4.169
-10.339
-2.858
-10.801
0.236
-10.995
-4.085
-13.748
-3.630
-12.612
-6.769
-13.518
-2.895
-12.295
-9.604
-10.556
-4.346
-7.852
-4.728
-11.271
-3.767
-9.520
-3.716
-11.105
-8.252
-10.358
-11.333
-9.886
-2.045
-10.719
-7.922
-10.151
-2.405
-9.395
-5.530
-16.135
-6.300
-3.629
-5.871
-6.400
-12.547
-9.916
-10.386
-8.820
-9.112
-5.272
-6.956
-10.430
-7.949
-7.716
-13.118
-7.008
-7.609
-7.736
-7.526
-2.640
-9.670
-7.010
-7.872
-6.589
-6.529
-9.525
-10.198
-3.781
-8.868
-8.001
-9.782
-6.028
-6.265
-6.695
-7.698
-7.431
-10.568
-7.246
-8.759
-7.768
-8.297
-8.116
-11.216
-12.443
-5.809
-6.348
-9.892
-6.394
-2.955
-5.146
-10.706
-6.829
-1.492
0.236
-4.368
-3.936
-6.664
-9.822
-9.081
-8.629
-4.892
-4.220
-11.431
-7.388
-5.077
-2.843
-9.402
-7.160
-4.864
-6.408
-11.616
-9.500
-7.789
-8.282
-10.075
-13.132
-4.436
-4.205
-7.540
-5.503
-9.563
-9.453
-3.580
-2.514
-2.410
-3.386
-0.447
-2.764
-6.523
-5.186
-3.258
-5.298
-5.453
-9.075
-2.336
-1.217
-6.440
-6.311
-4.264
-1.029
-7.392
-7.049
-3.553
-1.644
-5.798
-6.887
-8.231
-3.411
-11.837
-8.993
-4.816
-3.735
-11.639
-10.931
-6.759
-4.655
-5.754
-5.462
-6.313
-2.567
-5.941
-8.665
-8.322
-5.011
-5.893
-5.928
-6.797
-1.591
-4.711
-5.686
-7.444
-5.449
-5.093
-8.711
-8.553
-4.753
-7.269
-9.599
-9.641
-5.996
-7.760
-9.876
-8.525
-5.873
-6.242
-5.473
-3.761
-2.085
-6.001
-10.684
-8.242
-5.238
-6.650
-8.829
-6.550
-5.312
-12.250
-10.520
-8.860
-5.583
1.065
-2.600
-4.479
-2.668
0.753
0.217
-6.550
-2.627
-0.803
-5.311
-9.192
-8.961
-1.692
-7.729
-8.262
-7.755
-0.217
0.986
-3.091
-0.047
-0.637
-1.866
-4.824
-4.855
-1.689
-6.055
-6.774
-5.448
-4.177
-4.190
-8.696
-6.397
0.432
-0.709
-6.628
-4.704
-6.699
-6.685
-13.561
-11.506
-9.689
-10.375
-12.538
-8.654
-11.338
-12.648
-9.821
-10.533
-14.120
-8.910
-9.259
-14.833
-8.866
-11.901
-12.590
-11.933
-13.142
-14.213
-7.665
-9.281
-11.357
-10.472
-9.281
-9.195
-9.284
-12.191
-11.139
-6.816
-12.491
-16.535
-4.712
-4.671
-10.854
0.344
-3.291
-14.369
-4.270
-5.147
-11.769
-0.091
-3.448
-12.484
-7.228
-7.445
-12.243
-1.896
-3.548
-10.028
-5.408
-4.680
-9.619
-2.318
-4.841
-12.131
-4.280
-2.776
-15.327
-0.125
-2.418
-12.858
1.181
-4.726
-12.105
-4.901
-9.025
-10.549
-4.202
-7.681
-12.710
-0.644
-4.732
-10.578
-3.298
-8.620
-11.428
-1.089
-3.801
-9.154
-6.476
-8.810
-12.690
-9.458
-10.285
-3.278
-0.714
-3.602
-12.230
2.401
-3.340
-8.918
-2.315
-6.285
-6.271
0.239
-2.738
-5.169
1.198
-7.805
-2.175
-0.962
-5.310
-6.577
-0.557
-4.721
-2.168
-5.294
-6.234
-9.560
-0.488
-6.592
-8.900
-1.801
-7.519
-6.526
1.765
-2.449
-5.240
2.813
-5.911
-4.686
-6.083
-9.802
-2.409
-8.548
-10.033
-3.536
-8.482
-9.991
-2.782
-3.929
-7.888
-3.067
-8.526
-9.301
-2.615
-5.495
-12.588
-4.601
-6.048
-10.750
-5.092
-4.975
-11.099
-1.564
-5.992
-6.781
-1.384
-8.060
-8.713
-3.527
-0.060
-3.839
-3.680
2.774
-5.848
-5.785
2.478
-7.568
-2.861
-1.493
-7.720
-5.948
0.428
-2.846
-4.900
-1.132
-4.898
-7.756
1.051
-2.073
-3.668
-2.905
-2.821
0.273
0.840
-5.184
-2.733
-6.082
-2.993
-2.261
-8.596
-8.476
-9.562
-9.435
-9.530
-10.003
-7.983
-7.247
-11.403
-12.942
-12.186
-10.955
-6.287
-8.874
-11.564
-10.287
-8.199
-7.917
-8.097
-8.744
-8.401
-7.474
-10.413
-10.076
-9.185
-12.961
-9.722
-8.101
-9.440
-11.742
-6.327
-6.207
-7.543
-10.436
-7.558
-5.836
-3.639
-4.395
-7.381
-7.213
-7.700
-8.364
-8.369
-11.936
-9.196
-10.485
-8.014
-7.360
-7.162
-9.167
-8.787
-7.867
-6.649
-4.361
-10.426
-11.929
-7.525
-10.386
-6.396
-11.445
-10.118
-7.334
-11.752
-5.118
-7.699
-10.693
-7.335
-7.850
-5.810
-8.608
-9.456
-9.629
-9.333
-6.301
-11.388
-11.479
-8.987
-10.891
-7.106
-14.041
-10.734
-6.958
-8.978
-5.794
-8.385
-9.514
-8.015
-10.083
-3.788
-11.091
-10.248
-9.415
-9.567
-5.207
-12.258
-14.477
-9.693
-8.635
-8.181
-14.873
-8.827
-5.189
-4.991
-8.599
-8.034
-8.602
-7.989
-7.325
-12.649
-2.258
-10.038
-13.169
-10.001
-11.595
-4.622
-11.666
-9.443
-10.458
-14.626
-5.900
-6.428
-9.346
-7.546
-11.292
-3.108
-9.523
-9.356
-5.209
-12.004
-1.531
-9.130
-6.782
-6.875
-8.041
-3.617
-11.679
-9.060
-7.420
-12.475
-5.323
-8.255
-7.611
-6.264
-9.289
-4.724
-11.698
-12.619
-4.908
-12.237
-8.764
-10.266
-5.933
-7.317
-4.876
-5.853
-9.887
-4.616
-5.026
-4.594
-7.122
-8.735
-3.718
-5.784
-2.977
-7.443
-11.113
-6.234
-4.596
-6.862
-3.982
-6.216
-7.496
-6.009
-7.012
-5.548
-6.167
-4.258
-6.418
-4.221
-5.629
-8.738
-7.766
-8.432
-12.015
-11.373
-9.469
-4.546
-6.792
-5.645
-3.142
-8.851
-7.011
-3.836
-8.612
-6.760
-6.045
-4.893
-4.373
-3.917
-3.458
-9.511
-13.106
-10.661
-8.597
-12.963
-9.810
-11.540
-11.308
-8.919
-17.018
-7.246
-7.979
-7.926
-3.556
-9.948
-9.123
-11.291
-11.800
-11.568
-14.341
-5.429
-7.136
-4.501
-4.655
-10.383
-8.754
-7.138
-8.992
-7.310
-10.411
-8.126
-4.998
-4.426
-7.184
-10.456
-8.252
-9.159
-11.426
-7.450
-11.913
-11.858
-10.418
-11.709
-9.673
-14.163
-8.594
-10.317
-10.923
-8.030
-14.500
-1.847
-0.135
-8.252
0.568
-8.916
0.311
-0.565
-11.001
-4.756
-10.616
-0.838
0.369
-7.199
-2.944
-8.595
-4.377
-1.110
-10.912
-2.322
-10.510
-5.377
-1.873
-11.177
0.275
-6.277
-0.110
-0.988
-9.710
-1.460
-10.819
1.058
-0.109
-9.986
-1.952
-9.581
-6.088
-0.177
-4.794
-3.036
-6.538
0.857
-1.831
-9.923
-3.500
-8.767
-1.674
0.404
-8.500
-0.724
-2.861
-11.558
-9.979
-15.388
-2.045
-6.070
-10.123
-8.657
-12.208
-3.547
-6.643
-11.718
-8.036
-13.774
-5.843
-4.437
-11.981
-13.002
-15.611
-5.605
-6.173
-11.987
-5.408
-14.393
-2.176
-7.245
-9.406
-11.154
-13.560
-5.579
-6.631
-10.657
-6.470
-12.205
-6.231
-4.709
-7.902
-7.825
-11.226
0.905
-8.294
-10.212
-11.139
-13.007
-5.046
-5.929
-11.831
-13.044
-16.591
-7.441
-14.674
-2.621
-8.380
-9.300
-9.760
-14.078
0.081
-7.659
-10.659
-7.715
-14.334
-1.840
-9.260
-11.911
-8.800
-13.321
-2.807
-8.347
-12.618
-10.369
-12.871
0.185
-5.127
-15.294
-8.056
-14.284
-2.072
-10.539
-10.899
-8.007
-15.556
-1.600
-3.974
-6.111
-7.212
-8.477
-3.632
-5.183
-10.725
-7.751
-12.937
-4.966
-6.569
-12.769
-9.736
-14.159
-3.422
-3.386
-9.309
-7.981
-11.569
-8.736
-2.591
-8.041
-7.976
-4.344
-3.112
-0.513
-11.347
-8.816
-10.937
-6.736
-0.001
-11.120
-8.644
-6.182
-4.480
-2.349
-9.465
-8.303
-10.470
-3.022
-3.601
-8.057
-4.912
-4.866
-2.828
3.245
-10.246
-6.819
-6.944
-5.419
-0.316
-9.070
-6.938
-6.969
-1.987
-2.704
-12.976
-8.069
-10.528
-5.760
-4.695
-14.264
-9.082
-9.382
-6.278
-5.229
-13.694
-7.811
-10.894
-5.506
1.130
-1.478
-8.732
-11.786
-3.988
0.926
-1.209
-8.608
-8.396
-3.967
1.196
-1.470
-9.628
-10.420
-4.367
3.083
1.113
-7.941
-8.343
-3.769
-0.558
-3.778
-8.076
-12.700
-1.691
-0.820
-4.730
-9.867
-11.916
-2.469
-3.633
-6.100
-7.102
-9.636
-3.306
0.594
-5.575
-7.904
-12.115
-6.225
-1.728
-5.231
-8.338
-12.210
-9.166
-0.333
-3.594
-10.292
-12.048
-7.501
-12.749
-8.081
-6.562
-14.741
-11.906
-3.736
-14.170
-9.546
-5.501
-15.222
-8.651
-12.126
-12.213
-10.718
-9.162
-12.300
-9.818
-10.948
-10.878
-8.212
-8.896
-11.274
-9.074
-10.925
-11.715
-9.311
-7.395
-10.588
-9.657
-16.123
-8.937
-6.497
-18.130
-9.679
-11.734
-15.833
-8.079
-5.861
-15.580
-8.503
-6.030
-16.643
-10.322
-7.381
-15.411
-7.841
-7.438
-16.973
-11.120
-5.823
-18.030
-11.332
-10.388
-18.451
-6.742
-8.578
-15.041
-6.293
-4.218
-11.540
-14.997
-7.102
-10.938
-15.241
-9.474
-10.672
-13.973
-6.875
-7.785
-12.520
-6.158
-11.262
-9.176
-8.414
-6.695
-14.673
-7.340
-8.665
-14.976
-8.404
-10.514
-12.616
-8.142
-9.966
-13.921
-11.497
-11.080
-14.449
-9.675
-4.135
-6.204
-13.279
-4.478
-5.742
-11.992
-6.800
-5.849
-12.151
-1.871
-6.925
-11.522
-4.387
-5.890
-13.190
-3.773
-3.437
-9.237
-4.211
-3.439
-10.756
-2.727
-5.113
-12.858
-4.253
-1.155
-10.876
-1.828
-4.020
-10.485
-9.314
-7.648
-9.438
-6.326
-5.400
-9.316
-3.189
-6.205
-9.816
-5.908
-10.239
-11.809
-8.193
-6.982
-7.741
-2.856
-9.084
-10.304
-7.179
-5.875
-5.175
-6.451
-6.866
-5.811
-6.510
-7.969
-8.620
-10.298
-4.661
-9.233
-8.386
-7.045
-9.613
-5.686
-7.037
-8.631
-7.867
-4.344
-10.267
-8.320
-5.418
-11.212
-5.298
-6.231
-11.524
-6.189
-6.362
-11.967
-8.067
-0.416
-10.788
-8.729
-0.891
-12.474
-9.035
-5.969
-11.461
-3.739
-3.397
-10.790
