-10.659
-8.434
-3.743
-11.611
-3.961
-8.253
-9.232
-6.755
-7.040
-3.616
-8.271
-7.635
-7.083
-5.579
-5.021
-6.648
-7.488
-7.442
-7.732
-6.384
-2.773
-4.209
-5.093
-3.187
-4.592
-2.263
-1.190
-2.713
-3.337
-3.090
0.092
2.416
0.235
2.920
0.798
-1.538
-3.932
2.422
0.368
0.435
-7.445
-2.677
-13.428
-7.693
-1.102
-11.709
-8.529
-1.708
-13.052
-10.508
-0.631
-13.157
-10.277
-1.844
-12.105
-9.601
-1.959
-11.988
-7.966
-3.052
-10.557
-6.091
-3.030
-10.100
-6.438
-5.147
-10.853
-7.911
-5.483
-13.840
-6.493
-6.082
-12.435
-4.222
-3.294
-10.624
-8.521
-6.768
-10.739
-3.317
-9.118
-7.284
-8.462
-6.585
-6.778
-8.425
-4.135
-10.086
-10.580
-7.217
-9.860
-3.194
-5.908
-11.363
-7.288
-2.991
-10.544
-6.642
-2.657
-11.811
-10.779
-8.198
-8.478
-13.635
-6.874
-13.155
-11.447
-11.237
-10.493
-12.688
-5.346
-15.040
-11.972
-6.409
-12.438
-10.237
-7.207
-10.244
-14.879
-9.428
-10.117
-11.617
-8.299
-12.151
-15.142
-6.379
-16.058
-9.747
-7.109
-12.740
-14.696
-15.952
-12.022
-9.470
-9.712
-8.128
-13.434
-13.877
-10.438
-10.315
-13.820
-10.044
-10.026
-12.096
-8.864
-11.503
-14.632
-10.819
-9.711
-9.845
-6.663
-10.593
-14.668
-11.873
-10.235
-12.874
-9.962
-10.147
-14.287
-10.410
-1.909
-6.621
0.175
-0.129
-7.186
1.626
0.859
-6.771
-3.967
-1.884
-8.597
-4.901
-1.229
-4.127
0.008
-1.722
-6.809
-1.189
0.987
-5.042
1.870
-3.453
-8.090
0.146
-2.800
-9.912
-0.657
-0.333
-9.157
-2.301
-5.548
-6.021
-0.247
-4.754
-8.576
-0.953
-5.943
-9.831
0.972
-4.903
-7.033
0.987
-4.625
-9.283
2.397
-3.571
-5.483
1.538
-6.375
-7.495
3.178
-3.886
-4.661
-0.813
-4.124
-2.630
1.270
-6.210
-6.999
3.477
-5.229
-8.688
-6.255
-1.393
-7.179
-4.355
-2.007
-7.258
-3.443
-5.296
-5.414
-2.879
-1.757
-7.270
-4.492
-3.556
-10.299
-7.537
-1.039
-11.478
-6.452
-1.831
-5.234
-2.744
-4.588
-12.346
-7.669
-4.575
-12.565
-8.970
0.454
-8.586
-1.104
-0.382
-5.392
0.241
0.218
-7.197
-5.209
-5.560
-7.338
-3.606
-1.679
-5.885
-2.187
-0.439
-5.845
-3.379
2.009
-3.578
-2.517
-0.536
-3.800
-0.823
-1.434
-9.537
-3.197
-0.217
-1.795
2.690
-1.762
-14.513
-5.301
-14.576
-7.887
-8.650
-1.042
-9.446
-3.075
-5.846
-3.197
-10.272
-3.161
-10.958
-1.347
-11.566
-0.667
-13.146
-3.598
-13.757
-4.083
-10.430
1.099
-14.065
-3.939
-15.297
-2.067
-13.679
-4.510
-12.690
-3.901
-14.493
-2.567
-12.761
-3.665
-12.225
-5.573
-13.792
-4.624
-15.623
-15.867
-12.767
-11.373
-11.606
-14.593
-11.050
-11.820
-9.950
-10.755
-9.922
-11.683
-8.935
-11.910
-11.969
-12.576
-11.085
-14.440
-10.392
-10.716
-14.292
-8.716
-5.723
-10.032
-5.126
-11.093
-7.494
-7.672
-7.722
-9.808
-9.268
-6.359
-5.242
-11.650
-7.273
-10.396
-3.383
-6.783
-6.429
-12.470
-10.815
-3.803
-7.216
-4.954
-4.515
-4.735
-6.853
-2.083
-4.746
-0.473
-10.454
-1.472
-4.926
-1.168
-5.065
-2.918
-8.214
-5.710
-7.466
-4.850
-6.099
-5.381
-9.004
-3.022
-5.220
-8.393
-2.750
-6.393
-7.617
-4.179
-7.869
-7.977
-6.334
-3.237
-4.373
-4.674
-7.512
-7.206
-3.995
-2.470
-7.767
-10.103
-4.356
-8.225
-9.769
-9.679
-11.231
-12.083
-11.206
-9.308
-8.296
-8.941
-7.513
-10.608
-11.773
-11.225
-11.796
-9.255
-10.937
-12.572
-9.122
-9.941
-9.040
-9.271
-11.054
-9.553
-13.713
-13.599
-11.391
-7.496
-7.340
-8.126
-9.347
-7.582
-8.518
-8.805
-8.653
-7.567
-6.056
-9.761
-9.053
-12.462
-11.313
-11.028
-12.793
-9.989
-9.260
-9.878
-14.803
-10.515
-9.010
-4.289
-12.059
-10.807
-7.417
-7.675
-13.175
-6.702
-7.535
-2.614
-10.448
-8.652
-10.037
-8.284
-13.765
-7.402
-5.108
-7.377
-11.426
-8.057
-8.894
-2.249
-13.509
-8.591
-11.727
-9.652
-14.933
-9.159
-5.625
-8.731
-10.361
-3.609
-8.669
-2.737
-7.027
-4.917
-11.808
-6.937
-3.360
-6.631
-12.696
-7.004
-9.555
-5.759
-8.566
-5.680
-7.375
-7.692
-8.543
-7.578
-7.047
-2.482
-8.799
-6.117
-8.945
-6.376
-7.754
-6.420
-5.639
-5.364
-10.616
-9.499
-7.303
-3.277
-8.953
-7.051
-3.585
-8.435
-8.283
-7.487
-8.033
-7.304
-4.328
-3.793
-6.756
-9.589
-4.356
-2.092
-3.428
-13.398
-8.278
-3.253
-7.365
-12.730
-7.945
-2.343
-8.776
-9.554
-5.613
1.048
-4.413
-12.712
-7.353
-4.481
-7.684
-14.513
-6.054
-3.128
-7.727
-11.213
-6.092
-0.564
-6.332
-9.398
-5.541
-2.088
-7.033
-10.866
-8.487
-5.443
-7.792
-5.803
-6.505
-10.327
-5.029
-5.582
-4.755
-5.687
-4.049
-4.262
-9.554
-8.324
-4.359
-4.297
-7.304
-7.984
-5.109
-2.962
-7.772
-5.248
-5.703
-6.697
-6.789
-8.740
-6.164
-4.872
-6.879
-5.654
-7.654
-7.922
-11.723
-5.076
-6.443
-7.764
-8.744
-4.695
-11.532
-3.132
-9.888
-7.256
-6.369
-7.570
-4.836
-10.901
-8.998
-10.836
-13.418
-11.053
-12.498
-12.772
-8.627
-11.388
-10.105
-4.919
-8.232
-9.554
-12.273
-11.328
-4.954
-9.860
-7.091
-10.630
-4.674
-8.553
-7.347
-11.400
-9.962
-11.722
-12.501
-8.760
-10.233
-10.282
-10.072
-11.981
-5.364
-10.959
-9.114
-12.347
-7.131
-8.889
-5.605
-8.134
-10.152
-5.356
-7.018
-8.819
-9.119
-3.025
-3.106
-10.771
-13.089
-3.779
-9.317
-6.443
-10.332
-5.940
-6.305
-10.815
-8.162
-2.816
-5.667
-5.467
-10.021
-5.249
-8.685
-6.124
-7.323
-5.508
-8.444
-9.984
-8.991
-5.235
-8.123
-6.172
-10.105
-5.674
-9.574
-9.820
-10.466
-6.038
-6.376
-9.078
-6.652
-7.315
-5.715
-9.338
-6.124
-8.455
-6.200
-12.847
-5.869
-6.329
-3.239
-9.128
-5.749
-9.079
-3.956
-10.938
-7.616
-8.786
-3.164
-9.790
-6.569
-7.689
-3.688
-6.255
-3.609
-8.650
-4.094
-10.408
-3.118
-7.247
-6.400
-11.696
-3.914
-5.848
-4.981
-12.458
-7.069
-8.400
-6.981
-6.994
-11.958
-3.781
-13.846
-4.289
-5.820
-6.925
-11.456
-4.891
-12.225
-6.207
-14.615
-8.875
-9.167
-4.045
-14.156
-5.162
-8.698
-6.932
-10.622
-8.300
-7.488
-3.771
-12.802
-6.191
-9.364
-5.816
-12.636
-4.602
-7.172
-3.464
-15.000
-11.149
-10.407
-4.874
-13.326
-8.850
-8.007
-6.240
-9.093
-4.047
-9.022
-10.937
-10.498
-3.403
-7.426
-10.987
-9.953
-4.824
-7.557
-9.055
-10.393
-10.307
-10.580
-10.838
-10.864
-4.546
-8.441
-12.485
-9.870
-4.077
-7.610
-12.964
-4.991
-5.250
-4.418
-8.995
-6.319
-7.733
-7.483
-10.419
-10.505
-3.176
-9.710
-10.867
-9.546
-7.092
-10.738
-11.288
-11.246
-10.862
-6.255
-7.712
-4.903
-6.626
-1.158
-10.222
-4.819
-9.752
-4.273
-10.231
-6.577
-13.167
-4.844
-12.154
-4.966
-11.992
-7.248
-13.013
-4.516
-5.905
-2.254
-7.889
-6.047
-7.108
-8.433
-8.324
-1.235
-3.267
-4.472
-8.524
-6.269
-6.407
-7.597
-11.723
-5.913
-10.250
-3.576
-7.559
-6.139
-13.451
-5.499
-12.521
-4.374
-13.676
-6.224
-13.093
-8.121
-9.046
-5.601
-11.608
-6.231
-12.250
-7.266
-14.432
-5.337
-16.061
-6.556
-11.279
-7.910
-6.646
-7.415
-6.405
-8.300
-4.189
-3.106
-4.866
-7.105
-7.347
-5.529
-4.804
-5.991
-3.097
-4.661
-5.949
-4.190
-4.814
-4.997
-7.469
-5.015
-4.064
-6.071
-7.920
-6.063
-8.913
-4.604
-9.564
-8.174
-7.158
-6.120
-6.035
-6.227
-7.390
-3.382
-7.127
-7.452
-6.446
-4.415
-10.354
-9.660
-6.705
-6.975
-9.291
-7.964
-9.005
-4.037
-3.286
-6.622
-6.533
-7.277
-8.451
-6.766
-6.199
-7.774
-7.797
-5.056
-6.618
-7.926
-3.195
-2.640
