-3.364
-1.468
-2.176
-2.705
-1.676
-1.752
-4.578
-1.267
-1.060
-0.665
-0.132
-2.315
-2.060
-3.453
0.143
-1.368
-2.595
-3.660
-0.877
-0.315
1.380
0.781
-0.414
-1.139
0.429
-0.769
-0.618
1.592
-0.401
-1.106
1.264
-1.116
-1.034
-0.494
2.311
-1.465
-0.755
1.865
1.013
0.684
-3.633
1.243
-4.113
-4.938
0.639
-3.268
-3.418
0.858
-2.992
-4.082
1.630
-5.203
-5.846
1.324
-3.652
-3.757
1.489
-4.751
-3.278
0.807
-2.648
-3.612
0.934
-4.206
-2.469
-1.120
-4.498
-3.999
-0.867
-5.156
-1.989
-1.369
-5.747
-1.547
-1.118
-4.704
-3.647
-2.036
-3.784
0.097
-2.795
-2.174
-4.236
-2.266
-1.261
-5.265
0.073
-2.488
-4.491
-3.956
-1.652
-2.077
-1.513
-3.495
-2.324
-0.475
-2.954
-2.831
-0.659
-2.243
-3.164
-3.282
-3.037
-3.220
-2.876
-3.836
-3.447
-3.410
-2.934
-4.373
-3.039
-3.944
-2.974
-2.100
-4.568
-3.676
-3.970
-4.682
-3.421
-2.232
-3.143
-3.350
-1.302
-3.426
-4.571
-1.559
-3.402
-3.859
-1.805
-5.228
-3.645
-5.953
-3.939
-1.130
-2.881
-1.129
-4.039
-5.095
-3.583
-4.283
-3.403
-0.928
-3.990
-3.516
-2.512
-4.674
-5.401
-4.559
-4.064
-4.838
-2.523
-3.004
-3.627
-3.608
-4.278
-4.572
-2.794
-3.455
-4.044
-4.126
-0.863
-3.969
-0.448
-0.897
-4.542
1.403
0.895
-1.984
-1.659
-0.162
-4.981
-1.216
-1.409
-3.290
-0.461
-2.171
-2.411
-1.341
-0.971
-3.217
1.351
-2.866
-4.097
-0.812
-2.623
-4.802
-1.348
-1.569
-3.953
-1.817
-4.091
-4.424
-0.119
-3.686
-3.847
1.555
-4.135
-4.636
1.271
-1.941
-2.188
2.055
-5.601
-4.182
0.081
-4.222
-4.259
0.583
-5.345
-4.452
1.628
-4.338
-4.504
0.224
-5.308
-4.429
-0.297
-5.076
-2.764
0.708
-2.032
-5.433
-3.238
-0.664
-2.839
-1.835
-0.941
-5.070
-0.662
-1.025
-3.479
-2.739
0.465
-2.754
-2.452
-0.186
-3.225
-1.905
-0.438
-3.702
-2.294
-0.415
-3.821
-1.366
-0.236
-3.167
-1.334
-2.858
-2.929
-1.857
-1.298
-3.196
-4.125
-0.169
-2.246
-1.162
-1.253
-4.113
-3.392
-0.352
-4.637
-4.011
-0.530
-2.956
-4.121
0.385
-4.297
-2.248
-1.055
-2.355
-3.559
0.588
-3.080
-3.764
-0.833
-4.283
-4.391
-1.082
-2.766
-2.271
-0.832
-2.666
-1.634
-2.433
-1.513
-3.152
-2.935
-2.314
-2.651
-0.746
-0.872
-3.148
-2.517
-1.815
-2.053
-2.418
0.912
-3.870
-0.713
-2.652
-0.834
-2.691
0.023
-2.373
-0.117
-3.727
0.471
-2.308
0.975
-2.682
0.418
-2.374
-0.777
-2.954
-0.250
-2.932
-3.609
-2.915
-3.019
-3.797
-4.975
-2.671
-3.506
-4.379
-4.764
-1.572
-3.147
-2.259
-4.554
-3.092
-4.887
-1.940
-4.161
-4.840
-3.988
-2.172
-2.995
-3.897
-5.266
-2.945
-1.503
-2.085
-0.622
0.019
-1.627
-0.677
-1.608
-1.304
-0.361
-2.269
-0.155
-1.476
-3.007
-1.707
-0.834
-1.680
-0.883
-2.511
-2.413
-2.711
-2.428
-3.272
-1.530
-1.406
-2.712
-3.125
-2.225
0.396
0.094
-1.871
-2.743
-3.846
-3.481
-1.246
-2.003
-2.662
-2.348
-2.380
-1.866
-1.717
-1.029
-3.800
-1.177
-2.034
-4.637
-0.786
-1.286
-2.353
-0.263
-2.224
-2.795
-3.237
-2.902
-2.783
-1.358
-1.933
-2.991
-1.601
-1.019
-4.000
-2.126
-1.913
-2.215
-3.783
-1.565
-3.404
-2.625
-2.895
-3.138
-1.843
-2.465
-2.673
-2.168
-2.945
-1.536
-4.668
-3.089
-2.270
-2.986
-3.840
-1.833
-2.567
-2.762
-4.066
-3.198
-4.466
-4.509
-3.546
-2.143
-2.195
-1.899
-4.996
-3.944
-3.620
-2.891
-5.817
-2.972
-3.485
-3.159
-2.816
-4.000
-4.977
-3.209
-2.074
0.008
-1.989
-2.196
-3.941
-2.595
-2.602
-1.826
-5.192
0.161
-3.167
-2.699
-5.469
-0.810
-3.302
-2.449
-4.156
-0.706
-2.645
-0.580
-4.611
-1.536
-2.548
-2.902
-5.078
-2.129
-2.947
0.395
-5.572
0.189
-3.625
-2.435
-5.233
-2.695
-1.280
-2.974
-4.678
-2.102
-1.271
-3.150
-1.427
-1.170
-4.588
-2.352
1.833
-1.985
-5.271
-3.174
-1.493
-2.806
-2.911
-2.452
-0.746
-2.575
-3.650
-3.602
-1.067
-0.445
-4.218
-4.974
-1.889
-2.440
-3.269
-4.050
0.357
-0.907
-2.787
-4.529
-0.362
-2.622
-5.137
-4.331
0.127
-3.757
-3.070
-3.847
-1.867
-2.689
1.242
-2.003
-3.249
-3.195
-0.347
0.460
-1.556
-3.986
-1.526
0.146
-2.215
-2.630
-0.593
-0.399
-3.012
-2.949
-0.048
0.555
-1.879
-3.383
-0.240
-1.046
-1.651
-4.211
-0.372
-0.413
-1.089
-3.387
-0.815
-0.985
-2.908
-2.990
0.410
0.093
-1.241
-2.488
-1.140
-1.369
-2.538
-1.188
-1.576
-2.852
-0.257
-2.033
-1.199
-1.594
0.130
-0.279
-2.218
-2.633
0.528
-0.037
-2.392
-0.696
-0.003
0.294
-2.244
-0.716
-0.773
-0.505
-1.591
-1.060
-0.591
-0.746
-1.600
-0.852
-0.297
-1.037
-6.141
-1.109
-0.251
-0.049
-2.780
-1.789
-2.862
-0.676
-2.765
-1.896
-1.148
-0.918
-2.913
-2.629
-2.373
-1.880
-4.022
-3.774
-4.319
-2.680
-2.943
-3.114
-2.651
0.858
-3.902
-2.819
-2.757
-1.259
-1.992
-2.539
-2.844
-2.100
-2.660
-2.792
-2.842
-2.874
-3.235
-4.451
-2.294
-1.540
-3.737
-2.598
-3.657
-1.020
-3.198
-2.710
-3.490
-2.488
-2.893
-1.535
-4.186
-2.047
-3.776
-1.319
-3.429
-1.702
-2.849
-1.208
-1.551
-3.079
-3.672
-0.842
-3.046
-1.654
-3.598
-0.905
-4.257
-2.915
-4.504
-2.090
-1.960
-1.723
-3.300
0.136
-1.772
-2.170
-1.686
-1.084
-1.658
-2.342
-2.515
-1.620
-3.632
-4.442
-3.279
-3.101
-1.827
-2.800
-4.130
0.592
-1.188
-2.891
-3.905
-2.574
-1.176
-3.131
-2.384
-2.154
-2.477
-2.861
-3.132
-2.056
-0.883
-3.176
-1.594
-3.976
-1.319
-2.376
-3.228
-2.096
-0.367
-2.856
-3.731
-1.940
-1.867
-2.692
-3.108
-2.543
-1.116
-3.677
-2.636
-3.511
-1.831
-3.340
-2.041
-2.192
-1.455
-2.455
-4.394
-2.492
-1.839
-1.046
-1.852
0.636
-4.794
-1.805
-0.002
-2.384
-4.502
-2.210
-1.893
0.136
-4.451
-3.858
-2.023
-1.612
-4.275
-2.976
-1.006
-1.521
-4.153
-2.662
0.543
-0.317
-2.598
-3.574
-2.800
-0.954
-5.195
-3.271
-1.987
0.364
-4.066
-3.155
-1.052
-0.352
-4.748
-3.230
-0.777
-1.638
-1.727
0.013
-2.991
-1.765
-2.718
0.048
-1.947
-3.771
-3.754
-0.729
-2.654
-2.817
-1.776
-2.124
-1.540
-4.140
-3.793
-0.393
-1.951
-3.564
-2.403
-0.863
-2.390
-3.704
-0.683
-0.090
-0.137
-3.462
-1.298
-2.497
-2.513
-3.765
-2.890
-0.391
-3.971
-2.757
-3.609
-0.480
-2.931
-2.679
-3.327
-2.384
-2.315
-2.620
-2.957
-1.802
-1.134
-3.181
-2.103
-2.156
-2.395
-2.796
-2.774
-2.055
-2.324
-3.198
-1.854
-3.368
-2.248
-4.351
-2.358
-3.071
-1.288
-2.267
-1.258
-2.436
-0.300
-3.903
0.949
-1.324
-1.852
-3.422
-0.552
-3.625
-0.590
-1.923
-0.369
-3.565
-0.673
-3.113
-0.189
-1.655
-0.228
-1.472
0.016
-1.775
-2.510
-1.484
-1.454
-0.346
-0.637
-0.843
-0.347
-1.939
-1.201
-3.565
-0.304
-1.966
-1.260
-1.793
-2.656
-2.784
-2.882
-3.945
-2.311
-4.089
-0.987
-2.496
-2.084
-3.501
-1.567
-3.511
-0.903
-1.722
-2.329
-2.351
-1.540
-2.554
-3.113
-2.103
-1.090
-3.202
-2.810
-4.619
-2.471
-3.019
-1.392
-2.648
-1.883
-1.508
-1.544
-2.447
-2.362
-2.687
-0.084
-2.690
-0.556
-4.416
-1.203
-2.655
-2.845
-3.640
-2.262
-3.270
-1.407
-1.375
-1.827
-1.254
-2.360
-3.423
-3.395
-3.129
-2.848
-0.372
-3.919
-3.775
-2.255
-0.359
-3.079
-1.883
-2.205
