-0.444
1.824
1.039
-1.363
1.630
0.586
-0.225
2.012
1.965
2.363
4.288
6.075
4.587
0.014
1.735
3.234
4.960
2.111
0.332
2.492
6.589
3.064
6.624
5.204
5.703
6.522
5.624
6.324
6.738
4.545
2.888
3.496
4.070
3.075
2.857
2.715
2.744
4.408
3.260
3.000
6.775
6.591
8.126
7.435
7.457
8.733
8.017
7.398
7.822
7.441
3.650
5.829
4.105
4.456
3.804
4.098
2.102
6.543
4.112
5.007
3.956
4.934
4.495
4.892
3.953
4.227
4.888
3.479
4.728
5.345
3.414
3.877
2.463
2.412
0.670
2.715
3.012
2.572
3.363
5.235
7.473
6.483
7.035
5.490
5.297
6.107
7.128
6.267
6.466
6.596
5.619
6.134
5.238
3.436
5.001
4.259
4.397
5.158
4.698
3.896
5.940
5.002
6.274
5.208
5.753
6.169
6.421
6.329
5.397
5.224
5.324
5.641
4.498
3.492
5.632
6.855
3.701
3.486
3.991
5.779
5.087
5.146
3.596
4.785
3.513
1.234
5.429
0.888
5.048
3.149
1.711
2.430
3.061
1.577
1.730
1.452
3.200
-0.199
0.755
0.782
3.605
4.282
3.011
2.244
2.650
3.900
2.682
2.658
4.193
2.820
4.708
4.691
4.192
3.262
2.856
4.490
3.301
4.125
3.325
3.392
5.594
3.495
3.636
3.460
3.325
4.707
4.868
4.004
3.746
2.687
3.833
3.449
1.479
4.406
2.862
2.888
4.829
3.322
2.099
2.470
1.023
6.602
5.898
5.995
5.467
5.130
3.478
4.693
3.956
1.018
-2.180
-0.224
1.152
0.276
0.410
1.846
1.757
0.755
-0.673
0.541
3.306
6.975
3.156
1.140
4.790
2.762
7.001
8.386
6.209
7.724
3.468
5.355
4.442
5.454
5.221
5.126
4.307
6.739
5.368
6.307
2.153
2.037
1.566
0.761
1.193
1.432
1.386
1.046
0.183
1.578
0.168
2.884
3.058
3.656
5.762
5.526
4.356
5.655
5.233
7.172
4.900
3.470
2.420
2.273
2.782
5.234
2.307
3.750
4.425
2.470
7.000
6.173
7.852
5.726
7.502
8.755
4.047
4.376
5.333
2.003
2.451
1.822
3.416
2.991
3.209
4.589
3.599
3.519
3.045
1.794
2.087
3.741
4.421
3.435
1.362
2.129
3.197
2.323
3.531
3.123
6.640
3.968
5.396
6.648
5.247
6.756
5.648
5.459
3.699
4.067
2.031
2.286
1.430
0.493
1.081
2.004
0.666
1.296
2.308
1.885
1.846
3.557
3.363
-1.126
2.305
1.356
3.106
2.320
0.604
1.365
3.067
1.763
1.630
1.107
1.483
1.412
1.205
1.151
0.871
2.216
1.016
0.715
1.151
-0.253
-0.252
-0.233
1.762
0.730
1.129
-0.836
2.549
5.439
2.355
2.126
4.379
6.783
1.754
4.115
1.756
4.924
