-6.034
0.840
-5.943
0.354
-3.188
0.959
-4.340
1.777
-6.561
-0.157
-6.318
1.693
-6.942
0.645
-5.780
0.643
-7.547
1.037
-4.696
0.169
-5.045
-2.272
-6.388
0.041
-6.912
0.052
-7.378
-1.092
-5.251
0.296
-5.924
-0.449
-2.666
0.983
-5.286
0.971
-5.582
-0.281
-2.962
0.088
1.633
-2.743
1.645
-4.767
1.499
-4.787
0.906
-5.610
0.508
-7.822
-2.228
-5.165
0.604
-3.378
1.248
-6.669
1.925
-2.846
0.533
-7.076
1.276
-3.465
0.883
-3.106
3.620
-2.744
2.666
-4.131
2.622
-4.582
4.043
-1.075
3.517
-3.538
2.017
-4.275
2.696
-3.565
1.093
-2.562
2.926
-2.109
4.668
2.755
1.833
-0.170
4.019
1.416
2.769
0.142
5.738
2.983
3.936
0.778
4.049
1.979
1.983
0.232
4.877
4.167
2.982
0.108
4.777
1.963
1.322
-0.813
4.400
1.541
1.920
-2.627
2.741
0.990
2.404
0.737
5.591
3.565
2.783
0.353
6.528
3.754
4.745
0.329
3.629
1.854
3.957
-0.086
2.716
0.145
4.404
-0.006
3.484
-0.505
3.713
0.803
3.960
1.647
3.024
0.044
2.528
-0.237
3.878
-0.615
3.502
0.067
3.233
-0.777
1.661
-1.620
4.290
0.320
3.247
1.466
2.643
0.011
2.357
-0.244
3.038
0.187
3.331
1.019
4.491
-0.857
1.875
-0.557
4.071
0.197
2.396
-0.180
5.353
0.682
3.437
1.030
4.166
-0.640
2.149
-0.098
6.315
-0.029
3.054
0.477
5.263
-0.007
2.699
-0.178
4.562
0.388
2.886
0.140
4.588
-1.273
1.643
-1.287
4.655
-0.369
1.944
0.068
3.138
-0.566
0.836
-3.704
-0.264
1.947
2.558
3.633
0.338
0.402
3.378
5.266
0.490
0.377
3.433
4.741
-0.205
-0.289
2.458
5.061
0.348
-0.165
3.191
4.899
-0.088
0.220
1.974
3.101
-0.153
-3.137
1.081
2.980
-0.106
-0.326
2.349
3.973
-0.519
-1.451
1.125
3.337
0.272
-0.044
2.942
2.828
3.541
6.242
0.576
2.211
3.231
4.062
1.645
3.770
3.589
5.346
0.123
1.866
3.632
4.126
1.575
2.349
3.085
3.896
-0.148
1.459
3.776
5.385
-0.702
1.636
3.445
5.417
1.570
2.879
2.276
2.895
0.082
1.589
2.879
5.598
0.888
2.715
3.054
5.379
1.009
2.914
0.008
-0.641
5.089
2.207
2.126
0.891
5.123
2.832
1.802
1.963
3.834
1.795
2.946
1.128
5.070
3.728
3.064
2.080
4.273
3.577
0.429
0.345
4.828
1.667
3.077
2.778
4.955
4.404
1.832
0.621
5.825
2.305
1.552
0.716
3.576
1.904
3.635
2.742
4.966
3.944
3.442
3.973
0.779
2.364
3.455
3.628
2.072
1.920
3.998
2.363
0.772
1.806
3.478
2.416
-0.283
1.177
0.915
0.952
-0.713
0.391
3.303
3.556
0.807
1.660
4.658
3.604
1.752
3.046
2.428
1.942
0.541
2.031
3.235
2.354
-0.790
1.135
2.460
2.942
0.473
2.139
4.884
3.765
2.289
3.136
4.720
1.595
0.691
3.175
5.399
2.742
1.733
3.478
4.638
1.808
1.517
3.425
3.614
2.689
2.162
3.698
3.375
2.069
1.482
1.977
4.868
0.477
0.124
1.998
3.604
1.370
0.212
2.217
3.983
2.241
0.362
2.506
4.027
1.563
0.584
3.022
2.892
-1.778
-2.907
2.777
-1.920
-2.478
2.838
-0.806
-3.295
3.005
-1.791
-2.165
2.209
-1.750
-2.397
2.201
-4.173
-5.719
3.286
-2.404
-1.052
3.586
-0.566
-0.975
3.159
-1.703
-2.259
3.138
-0.924
-3.701
1.769
2.202
-1.303
2.869
3.075
-2.505
3.087
2.215
-1.394
2.946
3.641
0.050
2.116
1.233
-2.714
2.105
2.745
-1.866
1.611
1.122
-2.019
0.723
-1.447
-4.410
3.785
2.913
-1.844
1.687
1.479
-4.486
2.947
1.811
-0.101
3.238
1.120
1.451
2.510
1.913
0.261
1.938
1.194
-1.506
2.516
-0.964
-2.000
3.541
0.835
-1.211
2.618
-1.080
-0.909
0.484
-1.298
-0.422
3.311
2.198
0.197
2.446
0.053
-1.731
3.105
-1.293
-0.905
3.388
0.112
0.368
2.371
-1.674
-0.013
0.442
-1.109
-1.748
2.568
-0.470
1.207
3.426
0.082
-0.241
2.537
-0.223
-1.419
4.310
1.501
1.760
2.500
0.569
-0.117
3.853
1.166
1.528
-2.688
-2.061
2.644
-0.191
-1.294
2.912
-0.959
-0.779
3.704
-0.863
-3.738
2.104
-1.177
-0.312
3.075
-0.009
-3.391
1.591
-1.293
-1.731
2.883
-1.398
-1.010
-0.051
1.519
0.403
3.832
1.285
1.496
4.587
3.026
0.870
0.205
4.633
2.595
3.122
2.897
-0.082
-0.098
3.052
-0.447
0.101
3.167
1.566
0.439
1.645
-0.031
0.370
4.104
2.930
3.241
2.944
0.769
2.003
2.579
0.390
1.581
1.810
-0.258
-0.405
-6.420
-4.491
1.719
-2.571
-5.664
-7.047
-4.542
0.159
-3.132
-7.062
-7.914
-6.786
-0.662
-4.094
-7.158
-6.223
-5.015
0.253
-3.608
-7.309
-6.222
-6.017
1.240
-4.123
-5.980
-9.126
-6.960
-0.177
-3.109
-7.932
-5.527
-4.335
1.502
-2.040
-3.764
-4.742
-2.501
1.623
-1.128
-4.156
-5.449
-3.405
2.390
-3.766
-4.839
-5.723
-3.766
0.324
-1.976
-6.270
-7.343
-6.501
-4.259
0.540
-7.877
-9.360
-5.962
-5.970
-0.080
-7.938
-7.378
-4.749
-3.791
1.315
-6.182
-8.115
-5.432
-4.643
1.878
-6.731
-8.416
-6.087
-5.510
0.416
-8.403
-9.263
-6.396
-5.703
1.350
-7.670
-6.649
-7.269
-5.118
0.476
-6.755
-5.211
-5.159
-4.534
1.347
-6.731
-5.319
-4.779
-2.811
0.944
-4.773
-8.087
-5.510
-4.890
-0.380
-8.310
-4.236
-1.010
2.850
-2.222
-2.706
-5.281
-3.144
2.059
-3.870
-2.402
-5.418
-4.378
0.054
-4.776
-1.548
-4.036
-1.095
1.667
-4.368
-1.533
-2.311
-5.635
1.253
-5.042
-2.795
-5.218
-2.879
0.720
-4.124
-3.117
-3.605
-3.625
1.937
-3.857
-2.027
-4.479
-3.139
1.221
-3.291
-2.451
-3.263
-2.422
2.357
-3.841
-1.315
-7.311
-5.237
0.747
-6.766
-5.502
-8.132
-5.196
-4.092
1.395
-3.327
-4.333
-4.035
-3.423
1.461
-3.051
-4.004
-3.997
-2.120
1.097
-4.226
-6.101
-3.715
-2.111
-0.902
-4.547
-3.877
-4.301
-2.014
0.603
-3.936
-2.857
-3.184
-1.565
0.738
-2.564
-4.892
-7.867
-2.617
-4.249
-6.844
-4.744
-3.475
-2.968
2.117
-2.272
-5.110
-3.553
-3.315
0.391
-3.162
-6.278
-3.095
-2.628
1.458
-2.117
-3.083
-6.455
-3.159
-1.616
-5.829
-2.923
-3.792
-1.819
0.230
-5.199
-4.507
-5.400
-1.425
0.577
-6.346
-4.828
-4.442
-2.469
-0.835
-6.931
-3.631
-4.777
-0.673
0.331
-4.167
-3.600
-6.481
-2.078
0.349
-5.701
-4.058
-2.027
0.362
-0.002
-5.026
-5.813
-6.132
-3.187
0.560
-6.041
-3.974
-3.643
-2.146
-0.862
-5.223
-4.667
-5.010
-1.953
-1.815
-7.442
2.819
2.427
-5.980
-1.312
-2.203
3.009
1.503
-5.474
-1.494
-6.356
3.493
3.359
-6.466
-0.728
-4.195
1.647
0.886
-9.092
-0.357
-4.931
1.184
0.461
-8.083
-0.046
-2.463
2.262
1.713
-5.774
-0.399
-4.337
2.570
0.136
-7.683
0.215
-5.290
2.752
2.005
-5.527
-0.753
-2.923
3.374
1.384
-6.294
-1.130
-4.269
2.566
-0.008
-6.735
-1.499
-4.324
-5.758
-5.252
-9.627
0.036
-5.193
-4.092
-4.090
-9.961
2.257
-2.832
-5.387
-4.260
-8.688
-1.061
-5.298
-3.427
-4.566
-9.406
1.011
-5.540
-2.912
-2.094
-8.078
1.317
-1.871
-3.203
-4.221
-8.607
0.500
-5.265
-4.905
-4.296
-9.323
0.742
-3.668
-3.716
-5.006
-9.375
0.006
-6.395
-4.591
-3.975
-9.669
0.876
-2.916
-4.560
-4.244
-11.073
-0.069
-6.462
1.266
-0.255
-1.070
-5.042
-6.534
1.668
-1.050
-3.096
-4.850
-9.969
0.753
-1.945
-1.236
-5.822
-8.999
2.533
0.374
-4.027
-2.951
-6.124
2.487
-0.506
-4.126
-2.748
-6.665
0.341
-2.130
-2.685
-4.434
-8.102
0.714
-1.442
-1.882
-5.602
-6.612
1.336
-0.162
-1.383
-2.997
-6.523
2.207
0.159
-2.864
-2.033
-5.996
1.426
-0.844
-3.412
-1.665
-6.028
-2.388
0.283
-8.663
-3.383
-2.638
0.425
0.948
-6.668
-2.802
-4.299
-1.686
2.009
-8.765
-3.959
-2.947
-0.485
1.758
-7.089
-2.892
-4.392
-4.085
0.211
-11.334
-2.383
-3.371
-0.451
2.182
-6.245
-3.062
-1.993
-1.530
1.290
-7.072
-2.857
-2.502
0.119
2.708
-6.211
-2.868
-3.858
-1.232
2.716
-4.873
-3.853
-2.639
-1.635
0.971
-7.091
-1.590
-2.916
0.882
3.029
-0.535
-3.749
-4.290
0.174
2.284
-1.417
-3.654
-3.364
1.369
3.049
-1.811
-3.715
-4.077
0.863
0.720
0.631
-3.882
-4.847
1.223
2.094
0.550
-2.958
-4.234
-0.196
0.951
-4.776
-2.068
-2.675
0.667
1.237
-4.681
-1.633
-4.207
1.839
3.425
-1.199
-3.101
-2.014
0.662
2.951
-4.074
-3.290
-4.667
0.109
2.446
-3.505
-4.626
-4.688
2.736
-4.931
-2.011
-0.054
-6.568
-3.453
1.358
-8.583
-3.476
0.840
-7.435
-2.238
0.574
-5.246
-1.921
2.823
-7.524
-4.450
0.910
-5.591
-1.929
0.805
-4.283
-2.095
2.892
-4.880
-2.408
1.994
-5.283
-3.291
-8.007
-6.919
-0.307
-5.408
-3.764
0.254
-7.162
-4.066
0.092
-9.010
-5.677
0.506
-6.505
-3.588
1.192
-8.858
-4.751
-0.380
-7.687
-4.018
1.873
-6.245
-5.132
0.597
-8.178
-5.085
-0.367
-9.071
-4.755
0.926
-2.916
-6.720
-0.593
-3.834
-4.890
0.374
-2.488
-4.940
0.794
-3.389
-4.195
1.761
-1.947
-4.817
0.650
-2.381
-5.973
0.326
-1.362
-5.906
2.015
-2.760
-5.543
-0.072
-2.082
-3.688
0.464
-2.149
-5.243
1.178
-1.834
2.790
-3.830
-0.748
2.064
-3.583
-2.005
1.570
-4.436
-1.581
1.523
-5.319
-1.018
1.627
-5.035
0.297
3.520
-3.917
-1.886
0.912
-5.649
-2.157
2.515
-3.950
-0.882
2.900
-2.408
-0.935
0.902
-3.626
0.558
-4.466
-6.094
1.780
-2.098
-5.239
0.300
-3.449
-5.537
1.482
-3.095
-5.388
-0.120
-1.022
-3.369
1.564
-3.794
-5.687
1.028
-3.183
-4.536
-0.511
-3.418
-6.070
0.965
-3.260
-5.523
-0.539
-3.210
-3.929
-4.423
1.046
-7.214
-1.526
1.936
-6.133
-5.264
0.984
-4.417
-2.731
1.213
-5.929
-3.117
1.813
-7.330
-4.091
2.184
-6.852
-3.998
2.304
-4.940
-5.562
1.795
-6.593
-5.374
0.788
-6.587
-2.655
1.939
-6.469
