-9.279
-7.050
-6.657
-7.542
-7.903
-6.549
-8.192
-5.162
-8.400
-7.916
8.988
8.617
8.525
0.340
7.427
8.144
7.131
6.111
4.016
7.240
1.674
-0.804
-0.138
-2.395
0.103
3.204
0.381
1.722
-0.208
0.384
2.753
4.152
6.362
3.908
3.901
1.765
0.289
4.805
3.408
4.119
9.703
8.307
7.957
10.225
8.076
9.090
8.281
7.170
8.114
4.185
-3.754
-3.032
-1.655
0.725
-3.030
-4.219
-3.951
-0.666
-0.396
-2.769
-3.195
-0.995
-6.633
-4.734
-6.476
-5.871
-1.891
-5.732
-3.256
-2.568
-6.436
-5.705
-8.083
-5.181
-5.228
-1.877
-7.214
-2.530
-6.177
-3.782
6.409
8.375
5.450
3.548
7.343
4.634
7.453
5.875
6.476
7.032
0.883
-0.702
2.389
3.212
-0.420
2.479
2.917
1.190
0.338
-0.218
-4.433
-2.765
0.189
-1.189
-3.876
-6.009
-5.421
-2.928
-4.959
-3.367
6.406
4.436
2.532
0.602
3.293
2.284
4.730
1.198
1.777
2.961
-1.914
-2.217
-2.536
-2.106
-2.914
-1.845
-0.307
-1.629
-3.285
-1.239
-4.612
-4.344
-6.630
-6.511
-6.832
-4.657
-2.522
-4.928
-3.545
-3.832
7.076
2.555
7.653
2.928
-3.847
6.451
-5.866
6.706
-10.092
5.661
1.282
2.204
-1.200
0.051
-1.086
1.172
0.251
-0.038
0.071
-3.657
2.634
-0.576
-0.129
-0.794
1.871
-1.277
-0.896
-1.619
-0.387
-0.612
6.244
6.447
3.637
5.648
5.230
5.714
7.070
6.592
2.624
7.576
-10.879
-7.745
-8.045
-8.659
-9.026
-7.859
-9.573
-7.874
-9.227
-4.971
-3.822
5.086
7.188
6.210
5.431
6.554
6.470
8.202
2.763
4.003
-0.868
-3.320
-3.941
-2.780
-5.122
-3.598
-2.573
-4.274
-0.796
-1.942
5.603
7.825
6.344
8.733
7.941
6.909
7.173
7.074
7.095
7.190
8.519
10.657
7.755
7.986
7.946
6.359
9.051
4.748
4.473
10.335
8.802
9.189
8.706
7.335
9.700
8.595
8.520
9.275
11.126
11.362
1.141
0.187
-2.089
-2.303
-1.174
0.847
0.630
-0.833
1.817
0.364
1.121
-1.135
0.919
-2.045
1.354
1.963
-1.107
-0.782
-0.238
-0.306
1.578
0.942
2.982
2.719
0.869
4.077
1.656
2.957
-0.053
1.001
2.384
3.882
1.988
-0.253
3.642
4.306
4.630
2.645
0.755
3.039
-5.037
-8.193
-6.019
-3.850
-4.731
-5.964
-2.703
-6.738
-8.577
-4.339
-7.408
-5.342
-3.759
-3.004
-5.462
-3.240
-2.878
-6.743
-5.315
-4.334
7.933
8.470
9.605
2.440
7.832
8.164
8.232
6.860
4.954
6.014
-0.757
-2.274
-0.373
-2.110
-1.657
-3.950
-2.373
-1.948
-3.641
-0.193
-0.696
-1.227
-0.009
-0.819
-1.103
0.750
1.318
-2.659
2.027
-4.546
6.710
9.418
6.440
5.601
5.911
7.878
7.693
7.382
6.365
9.329
