-8.546
-6.952
-1.390
-8.785
-3.240
-6.743
-6.557
-6.217
-4.316
-1.869
-6.812
-7.290
-8.542
-6.097
-6.097
-6.523
-8.927
-6.057
-3.344
-6.182
-3.111
-3.030
-4.412
-4.670
-4.185
-3.701
-1.743
-3.439
-4.858
-2.479
2.455
1.074
2.758
1.775
3.199
1.396
2.204
3.350
0.908
1.960
-9.188
-8.232
-7.514
-7.819
-7.601
-6.554
-8.846
-6.677
-2.966
-8.102
-4.535
-2.776
-7.244
-8.039
-8.022
-6.032
-6.782
-2.369
-7.739
-8.701
-4.196
-4.927
-5.161
-3.280
-3.869
-6.243
-5.889
-6.587
-4.819
-6.888
-1.594
-1.983
-5.528
-1.268
-0.546
-6.487
-1.613
-4.005
-5.294
-2.821
-3.534
-4.362
-2.672
-3.835
-4.849
-4.147
-0.668
-5.051
-7.625
-4.976
-4.429
0.698
-1.480
-5.682
-1.224
-0.435
-3.448
1.386
-2.456
-8.057
-7.133
-3.234
-8.502
-8.494
-0.931
-9.441
-9.001
-5.988
-8.086
-7.047
0.709
-9.483
-6.366
-3.054
-7.893
-6.056
-4.756
-7.323
-10.370
-3.861
-9.929
-6.765
-5.872
-8.502
-8.431
-4.072
-8.623
-5.914
-2.287
-7.601
-9.870
-12.868
-10.526
-8.294
-7.075
-9.434
-9.214
-10.036
-8.067
-6.429
-10.379
-6.793
-6.659
-8.589
-5.638
-9.438
-11.567
-5.567
-5.415
-8.329
-5.828
-10.343
-9.192
-8.642
-7.853
-9.929
-8.778
-5.247
-10.695
-5.907
-4.029
-2.225
-1.764
-2.817
-0.155
0.522
-0.631
-0.069
-4.616
-0.246
-1.744
-4.058
0.552
1.919
-1.596
1.348
-1.083
-2.885
-3.093
1.360
-1.731
-1.859
-3.896
-2.983
-1.458
-1.560
-1.151
-2.008
-2.161
-2.864
-4.926
-2.545
2.643
-6.656
-2.781
1.300
-9.299
-5.052
2.253
-4.832
-2.683
1.169
-5.466
-3.316
4.283
-4.975
-1.631
1.625
-6.452
-1.265
4.214
-5.944
-1.522
2.233
-4.926
-2.756
1.146
-3.878
-4.127
2.574
1.923
-5.277
-2.427
1.818
-4.224
-2.989
1.227
-4.980
-0.583
1.140
-3.153
-1.280
-1.045
-6.415
-2.530
1.230
-5.101
-4.369
-1.762
-6.157
-5.732
0.187
-2.013
1.594
-0.459
-6.999
-3.209
-2.960
-6.385
-4.042
-3.976
-5.230
-0.528
-3.467
-3.430
0.657
-1.288
-4.922
-2.028
-7.769
-2.789
-3.429
-6.898
-2.691
-2.524
-5.097
-2.750
-2.716
-3.169
-2.587
-1.843
-2.407
-1.521
-0.786
-5.404
-6.774
-2.810
-2.235
-1.952
1.956
-8.279
-8.748
-12.541
-11.164
-11.509
-6.906
-7.642
-6.775
-9.924
-3.911
-11.438
-7.629
-8.500
-7.320
-8.087
-7.989
-9.928
-8.437
-8.582
-9.361
0.082
-6.890
0.767
-9.485
1.317
-12.365
0.053
-8.826
-2.008
-8.850
-1.902
-10.077
-0.415
-9.362
0.335
-8.574
-0.153
-10.292
-1.991
-10.951
-12.636
-8.757
-10.895
-7.712
-11.862
-8.690
-9.701
-7.101
-8.278
-6.552
-10.841
-7.745
-10.376
-6.878
-11.804
-7.840
-9.566
-8.358
-11.862
-5.649
-2.355
-2.929
-6.544
-2.762
-5.969
-5.898
-4.176
-2.866
-5.467
-5.205
-2.651
0.118
-6.862
-1.763
-4.999
-2.244
-3.377
-3.357
-8.404
-4.782
-3.125
-4.771
-0.200
-1.060
-2.491
-2.475
-1.920
-0.527
-0.987
-5.235
-1.444
-0.673
-3.485
-1.011
-4.286
-4.242
-3.786
-4.708
-3.311
-2.919
-1.865
-4.157
-2.114
-5.699
-2.487
-2.760
-1.506
-5.670
-2.296
-8.489
-3.248
-4.840
0.145
-2.764
-3.059
-7.372
-6.238
-5.183
-1.342
-5.069
-7.351
-2.717
-6.041
-6.960
-6.761
-7.620
-9.298
-8.258
-6.673
-4.581
-6.485
-4.948
-7.896
-6.567
-8.721
-6.155
-6.704
-6.085
-9.971
-6.329
-7.538
-5.046
-6.822
-5.132
-7.316
-8.224
-10.005
-4.731
-4.718
-2.753
-5.926
-4.738
-5.478
-5.065
-7.008
-4.514
-5.131
-3.137
-7.610
-1.989
-9.652
-1.744
-8.365
-8.654
-7.062
-4.996
-7.943
-9.287
-7.338
-5.755
-2.776
-8.745
-7.748
-3.335
-5.604
-9.382
-5.009
-7.153
-1.359
-5.194
-5.758
-4.364
-6.119
-4.404
-5.163
-5.139
-5.669
-7.454
-5.575
-5.738
-1.223
-7.569
-6.683
-2.061
-7.437
-11.636
-6.643
-4.086
-6.357
-8.019
-2.397
-7.163
-3.410
-5.065
-3.288
-9.586
-5.618
-1.910
-5.346
-10.570
-7.018
-7.173
-3.672
-10.534
-3.868
-5.183
-5.616
-8.077
-7.079
-4.935
-1.197
-6.342
-6.132
-6.454
-4.706
-8.994
-5.845
-4.050
-3.935
-9.728
-8.292
-5.139
-1.781
-7.862
-6.556
-2.117
-6.061
-9.366
-6.044
-5.990
-7.460
-2.631
-1.579
-7.724
-5.557
-0.663
-1.041
-3.170
-6.885
-3.647
-1.322
-6.430
-7.211
-4.022
-0.921
-6.646
-8.608
-2.038
1.930
-6.429
-8.184
-5.199
-2.857
-6.864
-8.982
-3.022
-1.041
-6.918
-4.163
-2.681
0.924
-6.882
-5.522
-2.357
-0.293
-5.719
-3.272
-4.248
-3.765
-5.472
-2.702
-5.766
-4.686
-5.679
-2.797
-4.165
-1.194
-7.713
-2.556
-6.324
-5.191
-9.178
-2.413
-6.491
-4.087
-11.046
-1.442
-4.816
-1.445
-6.424
-4.334
-4.973
-4.170
-8.376
-2.180
-4.216
-2.082
-9.051
-6.043
-8.927
-4.471
-9.957
-5.197
-5.359
-1.450
-8.995
-1.411
-2.531
-3.033
-7.130
-7.312
-6.150
-4.798
-8.868
-6.516
-8.184
-9.350
-8.658
-7.927
-5.887
-8.188
-8.093
-3.355
-3.718
-4.915
-8.105
-7.624
-3.913
-4.908
-7.565
-5.343
-3.620
-5.238
-6.641
-3.576
-5.373
-7.979
-8.053
-4.082
-5.995
-6.774
-7.735
-8.957
-6.344
-5.399
-9.865
-9.820
-7.402
-4.842
-8.387
-7.143
-7.429
0.085
-3.520
-6.499
-6.652
1.276
-1.227
-7.775
-10.034
-1.227
-3.285
-3.562
-7.565
-0.800
-2.613
-7.189
-5.842
1.381
-1.844
-5.522
-7.291
0.204
-2.886
-6.123
-4.884
-0.480
-3.323
-6.872
-6.488
-1.055
-1.497
-2.670
-7.400
-0.194
-1.594
-4.925
-7.816
0.949
-3.928
-10.255
-4.135
-5.445
-2.372
-11.734
-4.949
-6.611
-3.463
-10.378
-1.956
-4.430
-1.181
-10.421
-2.454
-6.714
-1.975
-8.715
-3.842
-6.591
-4.040
-9.061
-4.327
-5.736
-2.987
-6.639
-2.024
-6.356
0.990
-6.619
-4.034
-5.270
-3.110
-9.660
-2.601
-3.872
-0.816
-12.632
-7.636
-6.147
-4.183
-1.663
-8.600
1.201
-7.564
-0.632
-3.752
-3.507
-4.947
1.259
-8.696
-0.338
-6.221
-0.212
-6.303
-1.521
-4.583
-0.326
-6.086
-0.399
-8.641
-0.699
-4.957
-0.554
-6.010
-2.016
-6.653
-0.481
-8.975
0.986
-4.537
-0.081
-7.186
0.187
-7.739
-0.702
-7.465
-0.571
-5.573
-2.913
-6.131
-5.962
-4.037
-8.023
-3.691
-3.208
-2.453
-8.224
-1.102
-4.786
-4.771
-6.580
-2.026
-9.555
-8.451
-8.081
-2.502
-3.985
-3.530
-9.255
-1.335
-5.750
-4.358
-9.805
-0.817
-2.748
-1.831
-6.323
-2.160
-4.782
-3.667
-7.339
-3.620
-5.177
-3.804
-8.110
-2.139
-4.822
-4.958
-8.236
-4.331
-7.852
-12.795
-4.880
-8.545
-3.316
-6.562
-6.292
-10.566
-6.531
-9.568
-7.717
-10.798
-8.749
-11.000
-9.033
-10.258
-9.422
-11.614
-8.954
-10.639
-3.811
-5.818
-6.160
-8.056
-3.945
-6.273
-5.746
-6.772
-1.796
-7.533
-6.049
-5.490
-4.097
-9.180
-8.562
-4.302
-6.973
-3.070
-5.167
-4.455
-11.234
-7.011
-11.564
-6.156
-8.851
-6.878
-10.131
-7.651
-10.074
-8.539
-13.209
-5.280
-10.413
-3.399
-12.031
-3.678
-11.785
-8.606
-9.629
-7.218
-1.811
-4.732
-3.236
-5.669
-1.767
-0.672
-2.469
-4.335
-3.485
-2.733
-3.492
-4.212
-1.150
-2.834
-2.906
-1.734
-3.000
-3.152
-1.883
-2.504
-5.117
-3.553
-7.366
-3.928
-6.116
-2.599
-5.211
-5.472
-4.741
-3.501
-5.266
-4.505
-4.191
-1.584
-5.359
-4.410
-2.691
-1.701
-6.449
-6.875
-10.227
-6.802
-11.059
-6.456
-8.236
-2.745
-4.437
-2.792
-8.001
-3.622
-10.011
-6.387
-9.201
-2.819
-8.334
-2.508
-7.115
-4.010
-6.059
-2.909
