-8.269
10.419
-5.979
10.254
-6.996
10.496
-7.565
11.466
-8.257
9.774
-11.085
11.586
-8.458
8.900
-9.332
11.314
-9.299
9.543
-4.862
7.955
-7.726
-6.917
-9.932
-6.739
-10.482
-4.469
-8.870
-5.392
-6.328
-3.641
-13.164
-5.780
-6.984
-3.600
-12.894
-4.221
-6.603
-8.055
-7.537
-3.814
-4.145
7.927
-0.629
8.087
-3.284
7.702
-2.390
9.264
-4.791
6.453
-5.002
6.610
-3.813
4.482
-2.203
1.469
-1.485
7.480
-3.450
3.906
8.055
-3.079
6.579
-4.066
8.788
-4.459
7.760
-5.575
7.409
-4.259
9.021
-1.058
9.039
-3.037
9.661
-3.333
7.503
-5.161
7.333
-0.996
-3.978
-8.877
7.296
-5.246
-1.221
-6.281
6.933
-4.580
-1.999
-7.039
7.213
-3.654
-0.929
-8.603
1.383
-7.587
-1.786
-6.771
6.008
-5.426
-1.167
-8.599
7.325
-8.399
-2.203
-7.938
7.826
-5.361
-5.739
-12.122
1.341
-7.525
-2.891
-8.887
6.534
-6.727
-4.397
-7.308
7.103
-5.285
5.254
-8.096
-5.100
-4.975
6.046
-7.944
-0.943
-6.519
6.014
-8.646
-2.389
-4.986
6.168
-8.526
-1.184
-5.401
7.070
-6.825
-1.640
-7.671
7.476
-6.709
-0.121
-5.697
6.292
-9.723
1.747
-8.372
3.064
-12.331
-3.615
-7.521
1.087
-8.418
-2.123
-9.595
6.378
-8.055
-1.086
-7.079
-3.309
-6.595
-4.385
-7.400
1.616
-4.794
0.540
-5.962
-0.154
-7.614
-1.337
-9.479
0.560
-6.156
1.061
-6.353
-3.656
-6.941
-4.967
-7.423
0.083
-5.322
-1.334
-6.283
-0.680
-3.132
-0.087
-5.590
-5.225
-6.432
-4.078
-6.647
-2.090
-5.299
-2.988
-6.187
-2.984
-4.216
-4.556
-6.408
-4.720
-0.294
-5.132
4.178
-6.591
-5.379
-5.284
2.783
-9.024
-2.353
-5.113
2.166
-7.514
-3.918
-8.457
4.016
-4.211
-3.861
-2.893
7.016
-5.666
-1.218
-4.966
4.384
-7.305
-6.094
-6.508
3.239
-5.465
-5.731
-8.794
3.877
-3.870
-3.688
-2.590
2.458
-4.715
-4.650
-4.377
3.982
1.190
-7.044
-8.706
-8.525
-4.778
-2.878
-5.867
-3.342
1.222
-2.659
-9.254
-3.794
-0.111
0.094
-4.037
-0.351
3.230
-5.128
-7.486
-3.736
-0.101
-2.109
-8.067
-3.657
4.544
-3.570
-7.372
-3.330
-2.429
-3.245
-6.800
-4.231
3.089
-6.915
-10.692
-8.387
4.504
-3.082
-5.333
-3.932
-2.929
-6.952
8.131
-1.828
-2.439
-2.465
6.257
-0.746
-5.188
-3.101
6.064
-4.452
-4.736
-3.918
4.370
0.254
-1.767
-4.013
6.348
-1.087
-2.714
-5.314
8.480
-1.589
-4.567
-4.485
-0.611
-1.848
-5.575
-4.782
8.652
-2.890
-3.096
-6.785
7.048
-5.870
-0.374
-4.767
4.479
-1.349
6.516
-6.196
-2.619
-0.575
5.450
-3.528
-0.856
0.803
6.050
-4.647
-2.834
-0.940
5.517
-6.128
-3.907
-1.863
5.477
-5.985
-4.079
-1.161
6.167
-5.977
-2.440
-1.915
4.158
-4.870
0.946
0.072
1.840
-4.330
-2.109
-0.672
6.253
-5.969
-4.565
-2.008
4.119
-8.639
-2.893
-3.215
-0.996
5.050
-0.430
0.961
-6.759
8.390
-2.780
-0.426
-7.926
7.288
-6.474
-1.138
-6.249
2.942
-6.890
-1.152
-5.166
6.680
-3.363
3.797
-8.297
6.489
-3.735
-0.823
-8.232
3.598
-5.527
0.026
-7.411
4.224
-3.475
-3.481
-3.608
4.724
-5.456
0.643
-7.366
1.176
-7.736
-6.234
9.149
-8.847
-9.689
9.523
-7.278
-9.226
10.363
-9.235
-9.784
9.146
-9.571
-10.190
8.253
-7.788
-9.568
10.522
-8.664
-10.486
9.062
-6.683
-7.697
8.480
-7.555
-7.609
6.029
-6.537
-8.423
7.215
-5.482
-12.507
-8.361
4.993
-8.293
-7.050
6.842
-10.906
-4.741
3.742
-8.520
-7.828
5.527
-9.692
-10.023
2.788
-9.789
-5.822
3.788
-7.258
-7.538
6.008
-7.398
-6.848
5.632
-9.126
-7.666
2.703
-12.338
-7.405
6.879
-10.629
-3.625
0.319
-9.653
-4.387
-4.020
-8.527
-8.759
-3.132
-8.966
-3.851
-1.808
-7.445
-6.053
-4.177
-9.848
-8.018
0.889
-6.737
-3.971
-4.143
-10.747
-8.165
-7.620
-2.909
-7.656
-1.601
-9.482
-2.857
-0.308
-6.638
3.488
-2.716
-2.466
4.027
0.218
-1.925
5.474
-2.904
-0.849
4.371
-0.555
-1.168
4.282
-0.779
-0.470
2.059
-3.077
-2.156
3.749
-1.557
-4.583
3.461
-4.540
1.799
3.346
0.629
-2.383
4.585
-2.205
-1.496
-4.230
-7.155
7.646
-2.486
-8.141
7.642
-4.340
-7.427
8.674
-1.876
-5.879
8.680
-3.551
-7.474
7.461
-1.631
-9.731
6.054
-3.028
-9.524
6.310
-1.453
-8.321
4.920
-2.264
-5.773
6.825
-4.083
-4.969
7.528
7.752
-0.538
-2.876
6.764
-1.630
-1.246
6.765
-2.176
0.214
5.755
-2.134
-2.366
2.565
0.280
-3.718
2.509
-2.876
-3.855
5.185
1.315
-0.660
6.698
1.692
-1.421
3.325
-1.318
-2.258
6.052
0.361
-1.390
-5.144
-2.564
-6.669
-7.507
-2.957
-7.999
-1.072
-5.304
-9.186
-5.320
-8.773
-2.677
-6.011
-6.623
-4.742
-7.066
-5.186
-6.062
-6.122
-4.770
-6.137
-3.709
-7.398
-7.796
-2.395
-9.362
-4.491
-6.982
-7.152
-3.286
-4.713
-2.201
-6.213
-8.109
-0.566
-3.735
-2.626
-2.785
-5.603
-1.213
-4.976
-3.878
-7.026
-9.321
-2.947
-7.834
0.605
-6.637
-5.281
-3.901
-6.188
-2.886
-5.781
-2.289
-5.971
-8.625
-3.802
-7.884
-4.323
-8.750
-7.457
-5.226
-9.184
-3.433
-8.623
-7.804
-5.514
-6.306
-3.839
-7.518
-6.792
-1.975
-7.971
-4.431
-8.425
-8.138
-4.000
-7.767
-5.119
-9.866
-7.684
-2.857
-7.017
-3.975
-6.849
-6.411
-4.064
-8.107
-2.418
-7.736
-7.225
-3.976
-6.501
-3.253
-8.514
-11.646
-5.340
-6.780
-5.951
-10.514
-6.801
-4.794
-2.520
-6.434
6.126
-6.845
-5.959
-7.981
-9.674
3.893
-8.224
-7.389
-8.338
-8.785
1.245
-8.531
-10.151
-7.961
-11.990
6.018
-4.035
-4.760
-5.658
-8.566
6.356
-7.127
-7.506
-6.397
-9.354
5.205
-6.654
-7.009
-5.434
-5.434
8.217
-8.973
-7.910
-6.630
-9.141
5.084
-6.823
-9.810
-4.526
-6.848
8.261
-10.208
-8.207
-5.289
-9.117
7.202
-6.914
0.268
-6.449
-3.378
-6.799
-6.797
0.269
-3.882
-3.212
-6.329
-5.699
0.845
-5.117
-1.829
-6.059
-7.976
-4.100
-5.342
-4.907
-4.111
-4.041
-4.254
-5.242
-5.503
-5.433
-4.100
-2.968
-4.451
-2.408
-4.940
-6.481
-4.256
-5.861
-9.566
-6.003
-6.433
-0.768
-6.153
-4.172
-7.457
-5.910
-2.910
-5.141
-6.294
-9.126
-3.455
0.396
-3.789
-2.758
-5.236
-7.380
4.557
-6.826
-6.311
-9.104
-6.861
7.782
-5.818
-6.257
-9.139
-4.012
9.079
-4.724
-2.398
-7.701
-6.611
8.267
-7.997
-8.832
-9.169
-3.239
6.292
-0.870
-3.316
-8.359
-6.067
8.809
-4.927
-5.340
-6.385
-5.413
7.368
-2.774
-5.340
-5.084
-5.156
8.373
-6.952
-5.630
-8.599
-8.523
4.944
-6.963
-7.299
-11.390
-6.189
7.592
-6.161
-5.654
-10.033
-0.869
1.699
-5.915
10.772
-5.318
-2.198
-0.857
-8.164
8.080
-6.517
-4.119
1.036
-5.266
8.839
-7.014
-6.821
-1.639
-8.053
7.179
-7.038
-4.581
-0.699
-8.653
7.050
-5.078
-0.405
2.807
-7.247
8.447
-6.558
2.375
1.306
-7.245
8.165
-4.591
-7.333
0.831
-2.994
7.010
-7.523
-0.177
-0.024
-7.412
8.362
-6.950
-2.480
1.819
-6.310
9.481
-3.663
-8.675
-5.326
-11.693
-6.559
5.943
-8.260
-6.049
-9.277
-7.608
8.050
-9.094
-4.862
-10.724
-7.197
7.305
-10.116
-8.194
-12.463
-11.173
7.093
-8.671
-4.690
-10.924
-4.855
6.929
-9.586
-6.712
-10.471
-9.701
7.042
-8.462
-3.774
-9.450
-8.493
7.028
-6.823
-5.711
-7.980
-3.493
5.981
-9.933
-6.065
-10.110
-8.391
7.496
-7.278
-8.350
-12.983
-10.565
4.630
8.388
-0.439
-6.867
-4.895
-6.053
8.375
-2.496
-7.641
-2.246
-6.681
6.640
-2.143
-8.814
-4.489
-6.301
7.212
-0.076
-9.769
-4.382
-5.576
7.338
-0.327
-11.680
-2.103
-5.042
7.423
-3.488
-8.078
-5.211
-9.662
8.489
-0.159
-3.747
-1.170
-6.775
7.526
-0.033
-8.107
-3.112
-7.612
3.407
-2.377
-9.611
-7.300
-3.085
7.396
0.407
-6.805
-2.119
-7.090
-8.542
2.178
-5.654
-1.650
-5.542
-0.137
5.759
-8.406
-0.728
-4.866
-3.503
6.283
-8.173
-0.519
-4.616
-2.740
7.990
-6.946
-0.479
-5.528
-4.459
2.958
-5.810
1.307
-3.820
-3.300
4.523
-7.583
-0.595
-3.290
-5.509
6.798
-6.772
-0.969
-3.666
-3.561
5.549
-9.596
-1.640
-3.744
-6.676
4.747
-11.166
-3.505
-3.502
-3.418
6.594
-10.190
-0.379
-6.119
0.255
2.531
-0.068
-2.156
-7.861
-2.971
1.048
0.435
-3.544
-8.201
-1.187
2.196
-0.007
-3.344
-7.954
-4.298
0.271
2.021
-1.877
-6.540
1.838
0.881
-1.776
-4.881
-7.207
-0.294
0.071
-2.870
-3.593
-7.898
2.567
1.775
-4.186
-2.653
-4.937
-2.323
3.259
-3.323
-0.582
-9.373
-3.284
1.204
-2.798
-3.367
-7.518
-4.622
0.881
-1.764
-4.378
-9.341
-5.118
-7.061
-5.564
-5.238
-9.584
-6.490
-2.069
-11.159
-4.968
-3.507
-10.483
-2.145
-9.524
-4.562
-4.357
-6.128
-6.963
-4.763
-8.932
-8.067
-5.264
-5.941
-4.517
-6.189
-8.261
-6.475
-5.701
-4.992
-7.069
-6.141
-13.594
8.422
-11.518
-15.298
2.932
-10.321
-13.159
6.762
-10.715
-12.601
8.531
-10.642
-13.889
6.528
-12.886
-12.052
6.656
-9.537
-13.853
6.464
-9.396
-14.927
3.599
-10.390
-15.067
7.185
-10.501
-12.640
7.373
-11.059
-7.351
-11.108
11.096
-7.255
-10.319
8.200
-5.830
-8.727
10.607
-4.325
-11.206
10.609
-7.164
-9.612
7.604
-3.346
-11.747
7.784
-5.698
-11.692
9.195
-6.503
-9.055
7.744
-7.312
-10.129
4.343
-6.394
-11.378
10.339
-0.469
-3.576
-9.739
-1.217
-2.397
-8.584
-4.394
-3.040
-8.925
-2.339
-3.356
-7.962
-1.276
-2.325
-9.839
-3.030
-2.059
-6.820
-0.660
-2.763
-8.315
1.190
-1.029
-9.380
-2.428
-0.371
-7.756
0.102
-4.018
-7.696
-5.170
5.521
-6.104
-4.879
8.323
-6.997
-1.935
6.851
-7.670
-5.488
6.258
-8.812
-4.400
7.284
-4.799
-6.764
6.643
-7.711
-2.185
6.509
-3.105
-2.984
6.622
-3.124
-4.860
7.294
-6.286
-7.577
7.055
-6.442
7.255
-4.380
-5.710
4.143
-2.997
-5.301
6.464
-2.933
-6.328
2.689
-2.926
-7.468
6.643
-3.494
-8.394
8.167
-3.453
-8.135
4.421
-1.211
-7.642
7.549
-2.874
-8.350
5.000
-2.528
-7.876
6.427
-3.811
-7.614
