-9.556
-4.963
-6.154
-10.395
-5.354
-6.088
-8.929
-5.104
-6.655
-5.660
-5.560
-4.309
-7.005
-4.523
-4.588
-5.238
-7.431
-6.096
-5.061
-6.531
-0.738
-2.143
-1.552
-2.618
-2.316
3.740
-1.290
0.536
-1.852
-0.891
-0.063
0.430
-0.573
-2.382
-0.010
-2.063
-1.343
0.187
0.676
-0.645
1.540
2.494
0.801
3.589
5.641
2.133
4.354
5.256
3.701
5.382
6.191
5.147
2.609
4.629
-0.038
4.987
5.224
2.456
3.012
5.478
3.083
5.589
7.080
4.112
5.237
5.634
5.398
2.696
4.123
3.040
3.302
0.994
0.585
8.233
3.451
6.467
4.880
0.057
3.309
9.434
2.771
7.175
5.234
4.647
7.130
4.607
2.369
5.422
0.806
-0.014
3.117
10.285
6.048
7.618
4.760
1.564
2.817
7.216
5.907
6.397
-0.667
1.646
1.579
2.004
6.116
4.650
1.070
4.143
1.965
1.389
4.103
4.293
1.517
5.115
1.322
-0.035
3.286
1.451
1.884
5.330
4.147
3.269
6.509
6.642
-0.689
3.247
2.054
3.105
4.919
4.540
5.049
0.254
3.585
4.999
1.969
4.089
5.202
-0.140
1.853
3.930
2.362
5.404
2.539
0.805
3.184
5.356
0.783
4.550
3.575
-0.009
2.786
4.068
-0.462
2.287
4.986
1.313
5.507
7.468
2.970
6.776
9.421
9.540
13.218
7.559
5.695
11.091
9.943
6.615
12.630
5.457
4.041
8.656
8.482
8.540
10.850
5.918
3.486
10.030
9.671
7.996
14.623
9.063
7.359
13.243
7.489
5.799
10.995
9.114
5.154
11.455
7.290
5.054
4.707
4.977
3.471
3.851
4.840
3.945
4.248
6.167
4.225
3.119
3.151
1.548
1.089
4.213
3.773
4.429
-1.544
-1.185
2.239
5.020
3.803
3.785
3.768
4.263
4.641
3.907
4.879
4.977
6.629
7.310
1.632
6.026
6.924
1.293
7.886
6.756
3.059
7.865
7.558
1.703
8.210
8.240
2.349
4.644
6.930
1.390
9.235
11.271
3.422
9.525
11.055
3.844
5.565
9.146
1.987
6.816
7.439
1.211
4.848
7.275
3.117
8.265
7.491
3.204
8.390
6.729
2.242
3.427
4.259
1.613
7.888
7.933
3.914
9.594
12.101
5.261
7.043
6.106
1.978
5.410
7.420
1.921
4.908
6.289
2.527
7.374
8.073
4.579
5.043
-0.170
8.933
2.551
5.780
-0.187
10.000
3.022
3.069
-1.124
0.296
-4.995
9.860
2.066
-0.749
-6.299
4.433
-0.373
3.571
-1.781
3.166
-0.047
3.683
1.027
3.040
-1.168
5.459
0.648
4.420
-4.826
3.665
-1.590
6.357
0.065
1.154
-5.103
2.127
-1.786
1.702
-6.520
1.562
-2.672
2.169
-3.592
-0.787
-1.906
3.590
-0.686
4.141
-1.173
1.745
-2.262
-0.404
-4.860
0.529
-2.850
1.600
-3.003
-0.623
-2.794
4.785
1.932
3.847
2.974
3.403
2.683
-0.261
0.133
1.564
-1.843
5.455
4.010
2.794
1.665
4.889
3.105
4.155
1.231
2.325
-0.440
5.646
2.168
5.317
2.181
3.902
2.436
5.304
4.941
5.674
2.935
5.203
3.638
3.186
2.412
-0.043
1.409
2.480
1.199
-1.709
-1.631
4.071
0.767
2.498
0.154
-0.142
-0.587
6.765
0.979
2.756
-1.346
0.847
-0.843
6.688
3.017
0.235
-2.038
2.038
0.552
4.260
0.030
-5.473
-0.056
-9.005
-1.339
-7.095
-0.648
-11.128
-3.606
-8.641
-0.294
-11.187
-3.864
-9.899
-2.593
-11.716
-5.948
-8.539
-1.941
-13.722
-4.021
-8.995
0.458
-12.893
-3.762
-9.991
-0.403
-12.885
-5.764
-10.008
-0.824
-11.613
-5.559
-8.337
-1.980
-11.873
-5.489
-4.112
1.805
-7.620
-2.138
-5.484
-8.130
-12.574
-6.534
-1.308
-6.992
-7.914
-5.562
-5.688
-6.792
-4.343
-4.950
-0.417
-8.738
-7.090
-4.992
-6.755
-6.176
-10.194
-6.118
-4.242
-7.164
-8.361
-6.192
-4.676
-5.049
-11.097
-3.963
-4.001
-7.779
-7.746
-6.363
-1.714
-8.896
-7.328
-6.118
-6.324
-5.844
-11.919
-5.059
-3.960
-9.464
-1.026
-6.757
-5.745
-6.869
-0.612
-7.066
-5.652
-8.786
-2.855
-9.658
-9.469
-9.711
-5.298
-10.017
-8.189
-7.505
-2.400
-7.360
-7.756
-8.256
-2.346
-10.103
-6.882
-5.033
-0.181
-6.920
-7.732
-6.822
-0.584
-7.687
-10.135
-8.942
-1.788
-7.154
-7.133
-8.378
-0.836
-7.528
-8.705
-1.226
-5.312
-7.488
-10.939
-1.040
-5.977
-5.023
-12.143
-3.889
-2.132
-7.265
-12.921
-3.335
-7.745
-8.065
-11.801
-3.486
-6.248
-5.751
-10.948
-3.836
-7.113
-7.758
-11.572
-4.246
-7.577
-8.557
-10.339
-1.674
-4.315
-6.410
-10.332
-2.663
-4.093
-7.795
-7.186
0.580
-8.055
-5.895
-5.500
-8.939
-2.005
-3.375
-7.348
-7.956
-2.760
-0.537
-7.839
-9.266
-3.822
-3.952
-7.347
-7.857
-2.734
-3.149
-3.549
-9.549
-3.224
-2.717
-6.564
-6.586
-1.189
-2.856
-7.381
-7.992
-2.799
-4.067
-5.440
-12.347
-4.417
-3.917
-8.714
-11.735
-3.570
-7.454
-3.343
-5.825
-2.235
-4.220
-3.406
-0.894
-4.434
-7.825
-6.790
-2.929
-7.023
-9.743
-7.525
-2.797
-6.777
-7.890
-5.063
-1.474
-6.201
-10.340
-6.548
-2.486
-7.167
-9.426
-7.896
-2.377
-7.024
-9.110
-8.246
-3.512
-7.811
-10.924
-4.013
-0.245
-7.522
-8.277
-5.030
-0.470
-5.274
-6.849
-6.852
-1.030
-6.631
-9.001
-2.154
-7.581
-1.659
-4.233
-2.565
-8.245
-0.713
-1.285
-6.185
-7.430
-1.551
-2.436
-4.267
-7.604
-1.846
-5.845
-3.359
-8.541
-1.533
-2.379
-2.359
-6.320
0.236
-1.692
-4.590
-6.505
-4.387
-3.534
-1.779
-6.622
-0.516
-1.821
-1.438
-4.789
-0.585
-1.715
-4.973
-8.018
-1.220
-3.931
-7.437
-2.097
-9.328
-1.599
-7.315
-1.327
-9.233
-4.529
-8.609
-0.418
-10.525
-2.112
-8.062
-2.317
-11.774
-5.437
-10.099
-1.375
-8.323
-0.999
-6.077
-0.573
-9.651
-1.097
-7.676
-0.057
-9.347
-3.347
-4.561
0.906
-9.200
-2.193
-7.225
0.875
-10.255
-2.137
-10.074
-4.135
-12.770
-4.301
0.217
-7.742
-2.787
-6.603
1.397
-2.903
-5.468
-7.642
3.777
-3.995
-2.595
-6.648
0.494
-7.767
-5.118
-9.060
1.992
-5.152
-2.387
-4.712
2.861
-3.602
-2.678
-6.925
2.915
-1.434
-3.392
-6.034
3.824
-2.694
-2.037
-5.834
0.582
-3.386
-4.050
-9.511
0.650
-5.964
-1.573
-5.508
-4.643
-3.497
-13.685
-9.239
-4.415
-0.064
-13.086
-7.105
-3.513
0.476
-9.869
-3.775
-5.152
-1.236
-11.223
-5.525
-7.954
-3.289
-13.839
-6.229
-7.236
-2.925
-12.653
-7.198
-7.389
-2.252
-12.605
-5.662
-6.141
-1.776
-11.932
-5.005
-2.398
-1.866
-12.368
-4.871
-4.319
0.386
-11.012
-4.774
-9.183
-2.802
-5.629
-0.936
-4.466
1.904
-9.100
-3.910
-10.165
-4.314
-8.725
-3.518
-8.470
-1.313
-5.736
-0.863
-10.648
-1.299
-7.370
-2.836
-7.931
-3.831
-7.357
-7.000
-6.766
-0.835
-8.598
-2.449
-4.281
-5.142
-7.980
-2.909
-6.858
-5.412
-10.554
-4.150
-7.581
-3.644
-7.788
-2.712
-11.978
-4.470
-8.689
-2.601
-9.498
-3.380
-9.148
-3.085
-4.937
-1.614
-9.627
-2.075
-8.576
-3.463
-8.762
-0.624
-6.565
-3.730
-10.308
-2.568
-5.089
-5.283
-5.385
-6.156
-2.465
-3.283
-5.509
-6.485
-3.142
-4.083
-5.651
-7.214
-3.557
-4.769
-3.501
-4.827
-2.299
-0.562
-5.799
-5.389
-2.944
-7.006
-1.152
-3.433
-2.251
-2.953
-1.926
-4.734
-3.090
-6.011
-0.360
-4.537
-1.181
-2.338
-2.085
-3.504
1.727
-2.258
-4.853
-5.051
-1.256
-3.952
-2.637
-2.914
-2.345
-3.861
1.481
-2.004
-3.083
-4.515
-0.095
-1.891
-2.009
-4.292
-0.417
-1.531
2.045
-2.388
0.469
-4.520
