-7.897
-6.259
-0.985
-8.207
-2.387
-6.130
-6.365
-4.880
-4.481
-1.657
-4.300
-5.234
-3.837
-2.064
-1.823
-4.104
-5.056
-3.422
-4.694
-3.019
-0.730
-1.579
-2.674
-1.615
-2.060
-0.269
0.629
-0.734
-1.715
-0.815
3.058
3.943
3.777
5.152
4.289
1.879
0.783
5.081
3.027
3.194
-5.790
0.437
-8.349
-3.871
2.020
-6.257
-4.620
1.480
-6.296
-4.681
1.950
-6.837
-5.388
1.292
-7.275
-5.424
1.502
-5.846
-5.533
-0.006
-5.598
-2.825
0.711
-5.210
-2.435
-1.921
-5.935
-2.607
-1.924
-8.573
0.122
-2.314
-6.827
1.253
-0.636
-6.284
-1.529
-3.636
-5.404
2.785
-4.282
-3.053
-2.106
-3.732
-1.483
-3.032
-0.194
-3.028
-4.553
-4.157
-2.773
3.654
-1.480
-5.158
0.217
-0.209
-4.295
-0.178
-1.793
-6.206
-6.399
-4.912
-5.254
-8.968
-4.331
-9.418
-7.980
-7.213
-7.114
-7.675
-3.098
-10.070
-6.695
-3.394
-8.112
-6.091
-4.174
-7.231
-9.820
-6.963
-7.207
-6.988
-4.782
-9.187
-9.410
-4.299
-11.041
-5.373
-3.185
-8.196
-10.012
-11.856
-7.817
-6.279
-5.667
-4.039
-8.957
-9.425
-6.653
-5.955
-9.305
-5.965
-4.000
-7.990
-4.959
-6.686
-10.543
-5.589
-4.029
-7.496
-3.332
-6.678
-8.020
-6.047
-6.628
-8.674
-5.750
-5.136
-9.780
-6.899
1.038
-1.854
1.706
2.363
-2.190
3.396
3.489
-1.773
-2.010
0.503
-2.656
-1.246
3.028
0.603
1.954
1.673
-0.949
0.416
3.696
0.148
2.370
-0.827
-4.073
1.571
0.943
-3.980
1.554
1.693
-3.730
0.455
-1.200
-1.216
3.038
-3.353
-2.476
2.657
-4.139
-4.865
2.994
-2.592
-1.678
4.207
-2.796
-3.513
5.156
-1.959
0.104
3.690
-1.757
-1.761
5.590
-0.728
-0.730
2.148
-1.524
1.074
2.459
-3.922
-2.144
5.444
-0.207
-5.211
-2.842
1.735
-3.636
-2.342
2.077
-4.257
0.369
1.302
-2.074
0.610
0.356
-4.854
-2.146
0.544
-5.550
-4.541
0.525
-6.626
-5.255
1.393
-1.323
0.992
0.105
-7.081
-4.412
-0.410
-6.859
-4.027
4.310
-4.573
-0.831
4.849
-2.041
0.219
3.137
-3.654
-1.212
-0.877
-3.338
-3.605
1.903
-1.531
-2.178
2.617
-1.899
-3.006
4.769
-0.506
-0.763
2.314
-0.514
-0.231
1.072
-5.211
-2.312
3.113
0.652
2.456
2.910
-9.170
-0.807
-10.741
-2.650
-6.236
0.867
-6.104
-1.959
-3.471
-0.311
-6.785
1.656
-6.844
-0.133
-7.364
0.303
-8.856
-0.973
-9.319
-1.496
-6.508
3.251
-9.528
-0.276
-11.828
0.758
-8.898
-1.424
-8.592
-1.239
-9.517
0.438
-9.148
-0.346
-8.092
-3.650
-9.654
-3.767
-10.541
-7.713
-7.663
-6.184
-7.992
-7.178
-6.543
-6.005
-6.228
-4.667
-7.702
-5.900
-4.587
-6.018
-9.203
-6.453
-5.630
-5.906
-8.434
-6.083
-9.776
-2.533
-1.761
-6.777
-2.730
-6.113
-4.201
-4.480
-6.035
-5.768
-5.795
-2.829
-2.659
-7.087
-4.541
-4.965
-1.167
-3.776
-3.630
-8.469
-5.987
-3.440
-4.496
-5.081
-1.031
-5.162
-2.227
-1.016
-0.203
-0.245
-5.362
-1.217
-0.436
-1.759
-0.330
-3.316
-4.050
-5.312
-4.415
-5.759
-2.548
-4.999
-5.038
-1.873
-1.266
-7.488
0.773
-4.989
-5.148
-1.985
-3.141
-7.766
-4.612
-3.256
-1.167
-4.595
-2.878
-4.782
0.069
-2.991
-3.252
-3.443
-2.228
-5.886
-6.622
-3.676
-8.137
-9.233
-7.745
-1.637
-4.966
-6.507
-4.519
-4.225
-6.916
-8.489
-8.481
-2.933
-6.579
-9.658
-5.820
-2.122
-5.654
-6.793
-7.710
-4.150
-9.073
-10.549
-7.953
0.786
-3.521
-5.800
-6.300
-2.004
-5.491
-6.390
-5.640
-1.272
-3.841
-7.218
-5.885
-6.281
-8.047
-8.318
-9.588
-6.865
-5.515
-7.320
-11.350
-4.298
-5.356
-2.471
-9.013
-3.215
-4.638
-5.409
-9.831
-2.763
-3.748
-1.018
-7.390
-3.443
-6.681
-5.937
-10.284
-4.079
-1.981
-5.150
-8.283
-4.640
-5.608
-0.701
-10.226
-5.320
-7.939
-7.124
-11.440
-3.471
-2.435
-6.325
-7.483
0.996
-5.903
-3.025
-4.846
-2.136
-8.883
-5.345
-1.665
-3.832
-9.611
-6.131
-7.040
-3.848
-5.608
-4.038
-5.148
-3.849
-6.035
-6.859
-4.864
-0.789
-6.082
-5.577
-6.511
-1.693
-5.029
-5.303
-3.642
-3.457
-7.380
-7.954
-5.086
-0.488
-6.655
-6.228
-1.860
-2.268
-5.873
-5.696
-5.720
-5.282
-1.274
-2.041
-4.165
-6.631
-0.825
-0.565
-1.174
-10.520
-3.609
-1.572
-4.975
-9.796
-4.218
-0.783
-6.136
-6.799
-1.608
2.160
-2.264
-9.630
-4.637
-2.638
-5.216
-10.610
-2.464
-1.463
-5.257
-8.595
-2.700
0.761
-4.076
-6.798
-1.769
-0.561
-4.624
-7.728
-4.502
-3.472
-5.107
-0.645
-4.232
-4.181
-2.674
1.026
-2.799
-1.161
-1.796
-1.365
-6.824
-5.037
-2.348
-0.484
-5.065
-3.839
-2.918
0.577
-5.184
-1.048
-3.517
0.149
-4.317
-3.861
-3.985
1.151
-4.290
-1.725
-5.174
-2.557
-8.998
-3.786
-4.037
-2.712
-5.590
-1.174
-8.530
0.920
-7.112
-2.502
-3.957
-5.037
-2.946
-8.428
-6.325
-7.751
-10.449
-7.995
-9.434
-9.489
-6.653
-8.157
-7.410
-2.626
-6.944
-6.798
-9.051
-8.330
-2.729
-7.172
-4.950
-7.519
-2.077
-6.121
-4.927
-8.415
-8.526
-7.951
-9.298
-5.837
-7.864
-7.292
-7.448
-8.756
-3.062
-8.769
-6.605
-8.891
-5.048
-7.349
-3.542
-5.666
-7.559
-2.379
-5.022
-6.307
-6.663
-0.409
-1.418
-8.377
-10.107
-1.217
-6.683
-4.221
-7.715
-2.504
-4.300
-8.010
-5.833
-0.368
-3.563
-3.538
-7.445
-1.740
-6.424
-4.219
-5.104
-2.200
-5.785
-7.237
-6.552
-1.320
-5.923
-3.870
-7.518
-1.602
-6.930
-7.010
-7.831
-3.199
-4.305
-6.250
-5.794
-5.098
-2.796
-6.340
-5.478
-6.087
-4.130
-9.352
-4.831
-4.242
-1.311
-6.179
-4.362
-6.628
-2.521
-7.748
-6.762
-6.374
-1.065
-6.928
-5.571
-5.422
-1.282
-3.744
-3.479
-6.256
-2.495
-7.422
-3.282
-5.038
-4.076
-8.672
-3.965
-3.825
-2.648
-9.117
-5.781
-6.039
-3.619
-5.031
-9.125
-2.494
-10.535
-3.649
-3.801
-3.706
-8.427
-3.197
-9.357
-3.146
-11.091
-6.977
-6.704
-1.335
-10.522
-4.335
-6.297
-5.145
-7.932
-5.146
-5.248
-1.758
-9.773
-4.600
-6.876
-4.307
-9.517
-1.674
-4.973
-1.834
-11.501
-9.570
-7.780
-2.802
-10.202
-6.975
-5.698
-3.871
-6.491
-2.062
-5.668
-8.240
-7.568
-1.466
-4.261
-8.283
-6.940
-2.778
-4.300
-6.607
-7.373
-7.717
-6.221
-8.154
-7.860
-2.501
-4.395
-9.583
-6.960
-2.068
-4.863
-9.999
-2.804
-2.959
-1.585
-6.555
-3.990
-5.033
-5.498
-7.790
-7.459
-1.372
-6.435
-8.179
-6.756
-4.603
-6.884
-8.545
-8.245
-8.138
-3.699
-5.162
-1.894
-4.073
1.137
-6.043
-2.638
-6.708
-2.003
-7.432
-3.781
-8.431
-2.127
-9.670
-2.479
-9.415
-4.798
-9.344
-2.748
-3.463
0.557
-3.600
-2.406
-3.603
-4.089
-5.171
0.923
-1.675
-1.972
-4.634
-2.605
-2.798
-4.669
-7.094
-3.486
-5.914
-0.588
-3.731
-2.964
-8.475
-3.254
-7.604
-2.071
-8.059
-3.798
-8.830
-5.307
-4.581
-2.553
-8.164
-3.293
-7.850
-3.808
-9.616
-2.145
-9.807
-3.644
-6.222
-4.966
-3.288
-4.867
-3.632
-5.880
-1.609
-1.131
-2.564
-4.572
-4.621
-3.180
-2.541
-4.204
-1.079
-2.795
-3.402
-1.957
-2.429
-2.956
-4.489
-2.793
-1.840
-3.774
-5.183
-3.972
-6.252
-2.762
-6.841
-5.725
-4.708
-3.924
-3.945
-4.433
-4.807
-1.668
-5.045
-4.806
-4.062
-2.148
-7.452
-7.150
-4.465
-4.645
-6.640
-5.595
-6.085
-1.862
-1.335
-4.029
-3.931
-5.238
-5.992
-5.116
-3.671
-5.679
-5.285
-3.061
-3.928
-5.171
-1.138
-0.930
