5.496
8.981
4.367
7.959
7.661
7.907
5.026
9.713
6.248
7.341
9.878
8.634
8.714
2.282
8.427
9.207
7.355
7.127
5.850
8.560
8.956
7.908
6.355
6.546
8.966
8.946
7.966
8.855
7.779
8.356
7.624
9.159
8.983
7.694
9.258
5.596
4.243
10.831
8.368
7.780
9.670
8.912
7.940
9.380
8.732
8.900
8.599
7.768
8.524
4.668
9.556
7.930
5.485
6.507
3.727
5.481
-0.207
9.031
7.805
5.822
3.606
3.675
-1.398
4.345
3.368
3.099
3.421
1.427
4.308
3.280
5.980
2.332
4.286
4.662
-1.905
6.424
-1.462
4.827
-4.011
4.410
6.724
8.301
5.656
4.529
8.402
6.151
7.182
6.762
7.305
7.722
4.438
6.302
6.466
6.362
6.766
7.003
6.616
4.630
5.205
5.887
6.180
5.791
6.771
5.755
3.911
4.011
1.912
5.597
3.456
2.065
7.407
6.987
6.070
4.738
6.050
5.803
7.184
5.358
5.692
6.888
3.980
1.722
3.578
7.210
5.778
4.087
5.633
4.774
5.650
5.315
4.340
5.215
4.724
4.331
2.078
2.399
5.756
5.792
3.937
2.382
7.329
2.869
7.505
3.365
-2.510
6.837
-5.383
6.695
-9.703
5.803
8.679
9.310
5.830
5.775
9.879
6.525
7.805
7.422
7.496
9.716
7.248
6.221
5.426
2.655
5.984
9.242
4.329
8.190
7.260
5.441
6.464
6.591
3.991
5.559
5.194
6.019
7.226
6.810
3.206
7.689
5.777
7.692
8.861
7.955
8.547
8.802
7.104
8.796
7.920
5.301
-2.975
5.492
7.097
7.030
6.491
7.283
6.544
8.946
3.243
4.325
7.458
11.125
7.862
7.213
8.119
8.265
10.239
9.909
10.859
8.905
0.986
3.793
-0.344
0.606
1.282
-0.451
-1.264
1.550
2.508
0.379
8.610
10.864
7.807
7.930
8.475
6.585
9.404
4.847
5.143
10.069
9.163
9.247
8.899
7.597
10.056
9.204
8.469
9.175
11.502
11.824
8.385
8.485
5.794
7.651
9.555
7.830
9.730
10.126
7.901
10.173
10.744
9.314
11.661
6.928
11.232
12.284
8.435
9.213
8.849
4.640
7.432
6.144
8.862
6.462
9.684
8.789
9.367
7.997
6.005
5.794
6.135
8.733
7.532
5.635
7.485
7.293
6.250
5.237
6.316
6.184
7.853
6.507
9.753
8.856
9.882
10.031
9.506
8.904
6.348
8.645
8.252
7.890
8.238
8.400
8.922
9.682
8.428
5.413
9.880
8.545
7.464
7.990
9.650
3.138
7.018
7.289
6.717
7.578
5.945
4.886
7.004
5.705
7.054
7.247
4.344
6.972
8.670
9.049
7.649
7.742
8.267
8.187
8.030
8.083
8.140
7.410
6.325
5.010
8.687
6.202
6.690
9.683
6.632
5.665
6.304
8.034
8.110
7.741
6.499
9.735
