-5.810
-3.757
-2.992
-5.265
-4.321
-5.749
-4.963
-6.040
-5.115
-5.841
-7.537
-6.457
-6.185
-7.326
-6.225
-6.142
-6.092
-4.044
-2.681
-3.765
-5.841
-5.271
-9.032
-2.493
-9.598
-3.859
-8.120
-3.988
-3.925
-3.471
-12.382
-4.085
-5.019
0.130
-10.969
-4.950
-5.491
-3.317
-6.379
-3.713
-1.684
3.551
1.563
-0.676
-1.702
0.240
-0.347
0.406
-2.564
-0.022
-3.186
0.367
-4.402
-0.776
-3.380
-4.455
-1.334
-0.617
-2.931
-4.015
2.988
-4.755
2.610
-4.881
3.361
-4.669
1.751
-5.573
3.189
-3.758
4.891
-1.462
4.279
-2.302
4.345
-3.993
2.718
-5.917
4.840
1.057
-1.264
-9.121
-6.512
-4.083
2.393
-6.795
-1.401
-3.543
1.257
-7.868
-6.564
-6.202
0.452
-8.137
-6.025
-8.866
-0.812
-7.223
-4.398
-7.275
2.542
-9.069
-1.098
-6.551
2.406
-8.512
-3.375
-5.657
-2.419
-12.328
-10.059
-4.110
0.539
-9.706
-5.560
-7.246
0.362
-8.194
-2.215
-4.645
1.056
-7.264
-4.514
-5.589
3.100
-8.317
-4.032
-10.955
3.195
-8.640
-3.654
-9.920
2.026
-8.459
-4.528
-7.466
3.273
-5.980
-2.337
-7.845
3.968
-5.893
-0.350
-6.976
3.812
-10.035
-6.438
-10.553
1.364
-11.594
-8.948
-8.118
-1.864
-8.026
-6.924
-7.989
2.923
-7.470
0.389
-6.785
4.020
-6.550
-3.900
-7.464
5.005
-4.569
-0.178
-4.825
5.195
-7.667
-1.591
-9.011
5.864
-6.780
-4.207
-7.701
3.463
-6.978
-6.102
-5.801
4.503
-4.484
-1.967
-6.546
5.162
-3.386
-1.551
-6.105
0.044
-6.163
-6.573
-4.715
4.209
-5.651
-5.103
-5.826
3.756
-4.622
-2.404
-9.994
-2.829
0.488
-1.176
-0.185
-6.588
-4.716
-5.299
-1.143
-5.404
-1.421
-2.557
-3.074
-5.472
-3.188
-7.353
-0.415
-2.433
-3.379
-2.464
3.984
-3.839
-0.754
-2.674
0.846
-3.841
-5.428
-5.495
1.604
-5.970
-4.558
-4.720
0.894
-0.834
-2.726
-3.343
-0.504
-5.900
-3.754
-4.194
-0.817
-4.113
-1.698
-8.322
-5.916
-1.490
-2.284
-5.606
-3.573
1.344
0.068
-8.097
-2.886
1.946
3.675
-2.328
0.309
-2.452
-3.324
-5.659
-1.601
0.340
0.067
-7.589
-3.165
-0.051
0.790
-6.130
-1.197
-0.661
-1.159
-6.736
-4.839
-4.745
-1.970
-8.198
-4.411
-0.088
1.365
-3.921
-0.420
-5.044
-4.431
4.337
0.744
0.868
-0.150
4.028
0.731
-2.506
-0.660
3.244
-3.414
-0.993
-3.316
2.980
2.173
-1.085
-1.207
3.316
1.631
-2.900
-3.621
4.715
0.879
-1.292
-2.754
-2.041
-1.727
-5.249
-4.125
3.596
-1.520
-5.386
-5.380
1.427
-2.695
-1.313
-0.672
0.938
0.910
-0.925
-3.663
-3.472
2.015
0.486
-1.252
-1.659
3.615
0.744
-0.785
-3.521
2.310
-0.062
-4.196
-4.248
0.416
-2.190
-4.543
-4.106
1.142
-1.550
-4.162
-3.611
0.974
-2.073
-1.500
0.866
2.914
-0.883
-4.174
-3.093
0.701
-1.642
-3.292
-3.692
1.279
-6.129
-6.268
-4.063
0.290
5.294
3.058
-0.124
1.296
5.269
4.662
-2.468
-1.661
3.467
1.259
-4.576
-2.738
1.888
-2.580
-5.463
-2.813
4.275
4.312
-0.966
1.948
2.912
2.357
-1.669
-1.948
1.315
-0.659
-3.509
-1.764
2.086
0.944
-3.989
-4.530
3.850
3.169
-3.719
-0.659
-1.727
-2.119
-8.718
-7.867
-4.976
-7.024
-9.362
-2.758
-8.479
-8.834
-4.917
-8.446
-9.840
-3.291
-6.790
-10.802
-5.424
-10.042
-9.087
-6.675
-10.356
-10.440
-2.664
-6.321
-7.966
-5.096
-7.776
-7.387
-5.991
-9.028
-8.244
-3.692
-10.072
-11.978
1.058
-2.490
-7.756
3.731
-0.027
-10.600
2.013
-2.648
-7.808
4.103
-1.518
-9.664
-0.846
-5.997
-9.323
3.182
-1.546
-7.089
1.487
-3.391
-7.020
2.224
-3.484
-8.884
2.917
-1.039
-12.133
3.115
0.997
-10.274
3.946
-1.505
-9.295
2.158
-5.325
-8.295
1.895
-4.178
-9.490
3.764
-1.452
-7.655
1.113
-5.047
-9.631
4.020
1.309
-6.603
0.828
-6.380
-10.529
-4.094
-6.284
-2.537
3.742
-0.977
-9.497
5.089
-0.817
-6.698
-0.695
-2.881
-4.976
0.574
0.395
-2.813
-0.197
-3.118
0.127
0.821
-0.818
-3.530
-0.097
-1.076
0.657
-3.672
-3.226
-6.941
-0.162
-2.211
-5.843
0.508
-4.829
-4.929
2.489
0.416
-1.517
2.491
-2.020
-1.851
-5.354
-7.185
-0.389
-4.724
-8.127
-1.946
-7.599
-7.388
-1.266
-1.521
-6.019
-1.189
-4.390
-7.708
-1.483
-2.537
-9.663
-2.584
-1.188
-9.599
-2.934
-0.705
-8.432
-0.800
-4.157
-5.320
-0.501
-7.019
-4.773
-2.398
-0.460
-1.033
-1.315
3.165
-2.030
-3.227
2.211
-2.640
-0.366
0.334
-2.803
-3.128
3.005
0.012
-0.842
-0.958
-2.985
-4.580
1.620
0.984
-0.290
-2.604
1.091
2.530
1.347
-1.887
-0.069
-3.204
-0.011
-0.867
-0.029
-6.007
-7.164
-6.935
-6.437
-2.167
-4.578
-5.691
-8.643
-9.614
-1.870
-7.171
-5.576
-6.449
-8.471
-1.144
-5.149
-6.322
-5.775
-5.914
-2.409
-4.049
-7.157
-7.492
-6.328
-2.530
-6.623
-6.969
-6.940
-8.417
0.959
-3.301
-5.946
-7.805
-4.767
1.587
-0.713
-2.902
-5.154
-4.497
-0.990
-5.241
-7.012
-9.106
-6.187
-0.860
-4.384
-6.135
-4.964
-6.515
0.752
-5.118
-4.812
-2.534
-7.500
-0.056
-5.247
-7.394
-4.299
-8.257
0.044
-4.801
-8.418
-3.190
-5.079
0.537
-4.658
-5.821
-3.791
-5.855
0.414
-6.693
-7.357
-4.217
-8.338
-1.593
-6.552
-7.375
-4.915
-10.548
0.282
-4.656
-6.338
-3.777
-5.622
0.118
-5.309
-7.051
-2.036
-7.984
-1.330
-7.265
-5.769
-3.267
-8.945
-3.092
-6.521
-6.246
-5.848
-11.244
1.465
-2.604
-2.824
-6.211
-5.030
0.042
-4.646
-7.172
-9.725
-0.192
-3.501
-9.221
-8.272
-8.810
-2.170
-2.797
-6.271
-7.261
-11.440
-3.344
0.581
-6.313
-5.375
-8.547
-0.945
-1.219
-6.185
-5.926
-9.165
0.501
0.951
-3.855
-5.071
-5.726
-1.152
-1.678
-5.325
-6.063
-9.574
-2.794
-0.734
-4.332
-4.621
-6.809
-2.357
-2.991
-8.310
-4.928
-9.367
-6.034
4.478
-3.846
-6.322
-2.980
-3.257
4.340
-2.715
-3.268
-2.735
-4.287
4.293
-1.735
-4.848
-1.332
-4.564
2.992
-3.988
-4.584
-4.703
-1.591
2.365
-4.766
-4.264
-4.833
-2.999
4.596
-1.883
-4.323
-2.412
-3.174
0.421
-4.521
-5.494
-9.174
-8.100
3.777
-2.846
-5.226
-3.648
-1.146
1.762
-4.426
-4.139
-6.222
-4.036
5.953
-2.951
-3.389
-2.148
-1.223
-3.756
-10.162
-6.753
-6.209
-9.926
-2.654
-8.646
-6.421
-6.488
-13.182
2.482
-5.896
-4.780
-1.835
-7.115
-2.112
-8.684
-8.413
-8.786
-10.860
0.352
-4.218
-1.242
-2.789
-7.593
0.261
-5.041
-5.844
-5.092
-7.453
1.406
-2.581
-2.787
-4.983
-7.255
-1.682
-6.593
-7.263
-5.213
-8.807
-3.679
-8.013
-6.708
-7.142
-10.738
-0.938
-7.486
-6.730
-5.717
-11.138
0.243
0.485
-5.911
0.880
-6.174
2.010
-0.218
-8.295
-3.003
-7.704
1.047
0.317
-4.997
-2.221
-6.080
-2.132
-1.797
-8.218
-1.586
-7.626
-2.763
-0.258
-8.448
0.222
-4.049
1.562
-0.507
-7.175
-0.862
-7.833
2.723
0.241
-7.415
-0.459
-6.697
-3.432
0.425
-2.911
-2.724
-4.502
2.610
-1.729
-7.360
-2.356
-6.237
0.353
1.086
-6.126
0.066
-1.254
-8.705
-6.797
-12.101
4.134
-3.671
-7.642
-6.168
-9.342
3.872
-3.939
-8.881
-4.729
-10.701
1.864
-2.186
-8.962
-8.264
-12.294
1.848
-3.766
-8.678
-3.855
-11.238
4.660
-4.789
-6.700
-6.935
-10.516
2.230
-4.137
-7.713
-4.798
-9.340
1.328
-2.575
-5.538
-4.408
-8.491
6.212
-5.655
-7.245
-6.906
-10.035
2.708
-3.767
-8.893
-9.204
-13.145
0.808
-10.868
-1.019
-5.606
-6.819
-5.785
-10.682
1.335
-3.976
-7.998
-4.402
-10.954
-0.171
-7.023
-9.085
-5.087
-9.845
-0.837
-5.213
-9.698
-5.700
-9.653
1.389
-2.789
-12.019
-4.058
-10.813
-0.248
-9.459
-8.207
-5.909
-11.901
0.053
-2.368
-4.053
-4.774
-5.949
-1.732
-3.372
-8.056
-5.107
-9.790
-2.636
-3.675
-9.829
-4.281
-10.698
-1.355
-2.587
-6.827
-5.303
-8.392
-6.074
-1.996
-5.727
-5.450
-2.377
-1.246
-0.736
-8.595
-4.813
-7.782
-4.303
-0.762
-8.398
-5.209
-3.989
-2.427
-2.762
-6.963
-4.494
-7.783
-1.005
-2.159
-5.741
-2.421
-2.823
-0.764
2.573
-7.640
-3.389
-4.698
-3.085
-0.509
-6.620
-3.776
-4.681
0.120
-3.187
-10.009
-3.748
-7.503
-3.726
-4.753
-11.126
-4.556
-6.720
-3.601
-5.343
-10.631
-4.564
-7.925
-3.133
2.037
-0.034
-5.767
-8.846
-1.628
2.283
0.199
-6.544
-5.936
-1.628
2.618
-0.027
-6.888
-7.568
-2.065
3.439
2.214
-5.532
-5.736
-1.551
1.212
-2.030
-5.224
-9.516
0.547
-0.019
-2.855
-6.752
-8.843
-0.089
-3.195
-4.044
-3.971
-6.718
-1.212
1.362
-3.588
-5.899
-9.209
-3.628
0.636
-3.290
-5.551
-9.082
-6.147
0.085
-1.869
-7.711
-8.970
-4.018
-7.008
-4.800
-4.522
-9.346
-8.582
-1.854
-9.451
-6.513
-2.551
-10.000
-4.966
-7.941
-7.917
-6.165
-5.273
-7.221
-6.224
-7.643
-5.388
-4.619
-4.240
-4.782
-5.997
-6.863
-6.607
-5.698
-3.190
-6.223
-6.319
-10.523
-4.828
-4.815
-12.871
-6.489
-8.528
-11.298
-5.003
-4.620
-10.702
-4.321
-4.671
-10.476
-6.157
-5.424
-10.329
-5.112
-5.230
-11.360
-7.024
-3.633
-12.063
-7.927
-6.946
-13.294
-3.844
-6.515
-10.385
-2.546
-2.405
-6.262
-11.583
-2.545
-6.057
-12.502
-5.429
-5.272
-9.541
-2.952
-3.926
-8.809
-2.244
-6.706
-6.217
-3.937
-2.564
-10.352
-3.922
-5.520
-11.107
-4.248
-4.407
-8.934
-4.105
-5.822
-11.138
-6.788
-5.678
-10.918
-5.335
-1.652
-3.181
-9.832
-2.158
-3.185
-8.826
-4.297
-3.432
-9.194
0.575
-4.230
-8.503
-1.916
-2.886
-10.045
-1.165
-1.102
-6.620
-1.955
-1.452
-8.287
-0.538
-2.152
-9.673
-1.849
0.574
-8.006
0.467
-1.550
-7.682
-6.522
-4.362
-6.435
-4.071
-2.279
-6.942
-1.345
-3.122
-7.384
-3.702
-6.894
-8.707
-5.449
-3.921
-5.009
-0.862
-6.017
-7.567
-4.716
-3.343
-3.142
-4.142
-3.401
-3.233
-4.179
-4.777
-6.098
-7.511
-2.287
-6.649
-5.777
-2.630
-6.198
-3.368
-2.856
-5.821
-5.329
-0.642
-6.737
-5.903
-1.641
-7.869
-3.156
-2.423
-8.556
-3.948
-2.103
-8.654
-5.504
2.236
-7.894
-6.032
2.348
-9.015
-6.192
-2.038
-8.096
-1.566
0.043
-7.712
