-6.354
-2.814
-4.207
-7.047
-2.604
-4.158
-5.242
-2.920
-3.417
-2.836
-2.781
-0.851
-2.001
-1.923
-1.558
-2.332
-1.993
-2.063
-2.150
-2.204
-0.648
-1.394
-1.566
-2.245
-2.178
1.405
-1.348
-0.520
-1.751
-1.258
0.709
0.929
0.009
-1.176
0.028
-1.332
-0.788
0.174
1.237
0.069
-0.686
0.670
-1.116
1.056
3.000
0.698
0.528
2.525
0.774
1.070
3.050
1.330
0.782
2.741
-0.833
0.426
2.316
-0.200
-0.387
2.404
0.828
1.536
3.440
0.883
1.144
2.682
1.966
0.503
2.192
1.188
1.219
0.434
-0.933
3.409
2.137
2.672
2.639
-0.654
1.370
3.664
0.815
2.406
1.914
2.405
3.415
2.005
1.651
3.003
0.134
0.013
1.864
4.195
3.007
2.549
2.311
0.647
1.231
1.978
2.904
2.124
-2.262
-0.264
-0.907
-0.082
2.189
-0.240
-0.112
1.539
-0.553
-0.495
1.482
0.309
-0.020
2.297
-0.826
-0.991
1.160
-1.329
0.253
2.127
-0.120
0.838
2.549
1.133
-1.866
0.632
-1.760
1.162
2.259
0.695
1.707
-0.517
1.302
1.253
0.490
1.960
1.575
-1.252
0.701
1.448
0.789
2.522
0.655
-0.328
0.875
1.465
0.014
1.900
1.079
-0.545
1.074
1.095
-0.783
0.969
1.269
0.171
2.257
2.547
0.961
3.035
4.167
3.530
4.589
3.629
1.871
4.199
4.684
2.260
3.692
2.711
0.964
2.625
4.225
3.451
2.637
2.751
0.724
4.141
4.379
2.689
5.813
3.467
1.997
4.208
3.378
1.681
3.427
4.642
1.713
3.615
3.185
1.454
5.196
1.203
0.051
3.705
1.737
0.792
4.404
3.124
1.708
3.701
0.603
-0.761
1.763
2.052
0.844
4.939
-1.653
-2.102
2.129
1.765
1.107
3.942
1.565
1.347
4.516
1.549
1.485
4.694
2.477
0.028
2.162
2.114
0.116
1.562
3.234
-0.096
2.670
2.888
0.154
1.861
3.261
0.736
2.504
1.530
-0.258
1.622
3.685
1.384
3.861
4.081
2.399
4.446
1.560
0.534
3.206
2.357
0.311
1.792
3.462
1.195
2.942
3.998
1.803
3.219
4.260
0.229
2.553
1.358
1.077
1.327
3.331
2.131
3.231
4.835
3.349
5.240
4.018
1.163
2.323
2.226
2.546
1.810
2.468
0.426
2.842
3.571
0.913
3.877
1.762
-1.312
3.037
-0.223
1.652
-0.547
3.186
0.033
0.557
-1.042
-0.298
-3.602
3.096
-0.610
-0.668
-4.594
1.614
-1.341
0.443
-2.389
2.330
-1.163
3.645
-0.800
2.733
-1.799
4.370
-1.280
3.588
-3.901
2.974
-2.483
4.795
-1.266
1.404
-4.685
1.947
-2.387
1.955
-4.889
-0.062
-2.066
-0.805
-3.079
-2.465
-1.903
1.147
-0.594
0.506
-0.672
-0.254
-2.010
-1.534
-4.238
-1.148
-1.867
-0.957
-2.510
-1.294
-2.499
1.877
1.022
1.256
1.494
0.407
1.006
-0.555
0.197
-0.320
-1.949
2.149
2.030
0.671
0.704
1.772
1.020
1.712
0.127
0.174
-1.225
0.792
1.623
1.305
0.519
0.128
1.367
1.388
2.441
1.814
1.449
0.631
1.320
-0.312
1.817
-2.521
0.281
-0.482
1.135
-1.982
-0.953
0.669
0.663
0.016
-1.257
-1.162
-0.912
2.204
-0.405
0.219
-1.209
-1.262
0.404
2.112
1.361
-0.316
-1.146
0.396
0.192
1.978
-0.246
-3.752
-1.135
-1.431
-3.109
-4.845
-2.436
-4.765
-4.532
-5.356
-1.066
-3.672
-4.942
-5.754
-2.322
-4.308
-5.972
-6.109
-3.087
-5.735
-5.341
-5.107
-1.231
-3.602
-4.793
-6.101
-1.932
-5.147
-6.746
-5.932
-1.239
-4.504
-5.744
-4.782
-2.229
-5.161
-5.202
-2.392
0.039
-2.682
-3.311
-2.900
-5.716
-3.702
-6.129
-0.433
-4.111
-2.968
-6.538
-2.395
-3.689
-1.377
-4.484
0.580
-5.427
-2.427
-5.798
-3.320
-3.160
-3.332
-5.932
-1.574
-4.653
-3.750
-6.000
-2.650
-2.242
-3.026
-4.898
-2.010
-4.388
-2.968
-5.782
-0.467
-5.418
-3.188
-5.848
-3.128
-2.890
-3.595
-5.092
-1.267
-5.560
-1.100
-1.797
-2.633
-4.435
-2.352
-2.764
-2.565
-5.984
-2.723
-5.028
-4.828
-5.055
-3.232
-4.417
-4.629
-4.749
-2.175
-2.871
-3.906
-4.738
-2.053
-2.483
-3.930
-3.193
-1.455
-2.555
-4.261
-4.466
-2.006
-2.352
-5.775
-5.770
-2.486
-2.624
-4.054
-5.862
-2.349
-3.106
-6.233
-2.791
-3.154
-6.318
-7.852
-2.104
-2.724
-4.128
-8.356
-3.750
-2.297
-6.758
-9.396
-3.454
-3.854
-7.388
-8.128
-3.516
-2.983
-5.716
-7.489
-3.494
-3.149
-7.095
-7.914
-3.057
-4.518
-5.843
-7.273
-2.064
-2.615
-5.258
-7.069
-2.482
-1.923
-7.052
-4.788
-0.982
-3.453
-4.955
-1.452
-5.604
-2.062
-4.100
-2.984
-4.395
-2.535
-2.038
-3.681
-6.061
-3.414
-4.123
-2.784
-4.278
-2.178
-2.347
-0.609
-5.792
-2.634
-3.849
-2.941
-3.102
-1.907
-4.105
-3.018
-4.170
-2.401
-5.640
-1.985
-7.993
-3.936
-5.548
-4.573
-7.872
-3.221
-9.968
-0.694
-3.553
-2.754
-4.465
-0.452
-1.154
-2.313
-5.395
-1.825
-5.079
-4.910
-8.017
-2.231
-4.026
-5.184
-6.467
-0.573
-3.495
-4.022
-8.248
-1.866
-3.890
-5.229
-7.776
-1.867
-3.202
-4.956
-7.211
-2.231
-3.606
-5.824
-8.531
0.839
-3.837
-5.583
-7.036
-0.248
-3.051
-4.537
-6.025
-1.529
-2.810
-5.197
-7.584
1.171
-5.275
-0.274
-3.491
0.671
-5.749
0.566
-0.840
-1.447
-5.832
-0.344
-1.927
-0.936
-5.482
-1.006
-4.787
-0.649
-6.002
-0.063
-1.643
1.143
-4.576
0.474
-1.832
-0.801
-4.865
-1.901
-2.871
0.256
-4.807
-0.450
-1.610
1.698
-3.294
0.151
-2.084
-0.314
-6.254
0.417
-2.735
-3.013
-4.423
-9.292
-1.073
-3.471
-1.868
-8.425
-3.355
-2.972
-2.189
-9.213
-1.693
-3.309
-1.766
-9.556
-3.479
-3.463
-4.110
-7.968
-0.623
-2.621
-3.618
-8.844
-1.220
-2.207
-2.796
-7.588
-1.743
-1.297
-1.719
-7.635
-0.981
-2.063
-0.817
-8.667
-1.331
-5.027
-3.331
-10.731
-2.173
-1.811
-5.351
-1.538
-5.563
-0.428
-1.337
-3.110
-6.239
-0.420
-2.168
-1.228
-5.868
-2.985
-4.654
-2.203
-7.399
-2.551
-3.225
-1.829
-4.335
-2.439
-2.133
-1.359
-6.308
-2.230
-1.182
-1.926
-5.867
-0.469
-1.292
-1.551
-5.594
-4.141
-1.424
-1.693
-7.966
-2.410
-4.577
-0.581
-4.471
-2.753
-3.896
-10.314
-6.953
-2.019
-1.741
-9.844
-5.331
-0.796
-0.850
-7.384
-2.825
-2.868
-1.621
-8.761
-3.932
-3.394
-2.037
-10.026
-4.078
-3.401
-2.318
-9.725
-4.400
-3.742
-2.486
-10.236
-3.867
-3.342
-3.457
-9.741
-3.711
-1.771
-3.130
-8.981
-3.915
-2.344
-1.938
-8.760
-3.825
-3.630
-2.805
-1.915
-1.966
-0.831
-1.256
-4.252
-2.819
-4.664
-3.830
-4.334
-2.611
-3.377
-2.058
-2.545
-1.210
-3.485
-2.502
-2.700
-1.728
-1.623
-1.193
-1.949
-4.255
-2.215
-0.712
-2.952
-0.336
-0.953
-3.230
-3.092
-1.085
-1.511
-3.353
-5.192
-1.643
-2.783
-1.243
-1.480
-0.968
-7.722
-4.385
-5.888
-3.551
-6.027
-3.968
-5.018
-2.996
-2.874
-3.011
-5.298
-3.908
-5.635
-4.075
-6.347
-4.310
-3.654
-3.306
-6.861
-4.732
-2.057
-3.639
-2.703
-4.136
-1.933
-2.231
-2.868
-5.086
-0.845
-2.841
-3.165
-5.178
-2.894
-3.368
-2.353
-3.431
-1.060
-0.482
-2.535
-3.980
-3.087
-5.044
-1.946
-1.522
-2.477
-1.724
-3.004
-3.142
-4.466
-4.429
-1.104
-3.189
-1.716
-1.030
-3.594
-2.138
-0.036
-0.945
-4.989
-3.627
-1.154
-3.406
-2.924
-3.359
-1.593
-3.416
-0.192
-1.787
-2.598
-3.494
-2.207
-2.234
-2.612
-3.963
-1.644
-1.852
0.405
-2.656
-0.714
-2.814
