-0.429
1.873
1.083
-1.320
1.644
0.616
-0.232
2.060
1.990
2.395
4.038
5.887
4.509
0.081
1.727
3.133
4.855
2.179
0.329
2.499
6.589
3.064
6.624
5.204
5.703
6.522
5.624
6.324
6.738
4.545
2.888
3.496
4.070
3.075
2.857
2.715
2.744
4.408
3.260
3.000
6.775
6.591
8.126
7.435
7.457
8.733
8.017
7.398
7.822
7.441
5.289
6.300
4.338
4.784
4.248
4.794
2.278
7.465
4.752
6.688
3.697
4.592
4.194
4.909
3.848
3.817
4.584
3.488
4.071
5.100
3.414
3.877
2.463
2.412
0.670
2.715
3.012
2.572
3.363
5.235
7.473
6.483
7.035
5.490
5.297
6.107
7.128
6.267
6.466
6.596
5.619
6.134
5.238
3.436
5.001
4.259
4.397
5.158
4.698
3.896
5.940
5.002
6.274
5.208
5.753
6.169
6.421
6.329
5.397
5.224
5.324
5.641
4.498
3.492
5.632
6.855
3.701
3.486
3.991
5.779
5.705
5.714
3.975
4.800
4.189
0.363
6.116
1.763
5.040
4.024
2.985
3.330
4.069
2.850
3.224
2.935
4.089
1.438
2.039
2.051
3.605
4.282
3.011
2.244
2.650
3.900
2.682
2.658
4.193
2.820
4.828
4.804
4.269
3.265
2.953
4.639
3.371
4.214
3.408
3.538
6.129
4.552
4.153
3.666
3.825
5.807
5.200
5.038
4.077
3.763
3.221
1.415
0.274
3.218
1.707
2.576
3.398
1.522
1.358
1.736
1.023
6.602
5.898
5.995
5.467
5.130
3.478
4.693
3.956
1.018
-2.138
-0.430
1.227
0.123
-0.278
1.482
1.668
0.467
-0.441
0.351
3.306
6.975
3.156
1.140
4.790
2.762
7.001
8.386
6.209
7.724
3.468
5.355
4.442
5.454
5.221
5.126
4.307
6.739
5.368
6.307
2.894
3.015
1.914
1.122
2.106
1.921
1.933
1.876
0.471
2.374
0.080
2.490
2.468
3.376
4.864
4.802
3.705
5.125
4.413
5.946
7.261
4.993
5.344
5.187
5.873
7.967
4.521
6.648
5.726
4.379
7.000
6.173
7.852
5.726
7.502
8.755
4.047
4.376
5.333
2.003
2.016
2.724
3.642
3.339
3.640
4.477
3.552
4.110
3.174
2.201
1.581
3.718
3.833
2.897
1.360
2.126
2.685
2.290
3.248
2.920
6.640
3.968
5.396
6.648
5.247
6.756
5.648
5.459
3.699
4.067
2.254
2.699
1.977
0.493
1.806
2.774
0.235
2.445
3.194
1.847
0.760
2.142
1.630
-1.028
1.569
0.656
1.685
2.239
-0.034
-0.104
2.987
1.520
1.745
0.917
1.758
1.335
1.439
1.333
1.656
2.240
1.671
1.598
2.356
0.910
1.285
0.585
2.286
2.641
1.493
0.823
2.549
5.439
2.355
2.126
4.379
6.783
1.754
4.115
1.756
4.924
