-5.795
0.940
-5.610
0.405
-2.977
1.015
-4.128
1.872
-6.262
-0.090
-6.091
1.820
-6.618
0.725
-5.513
0.722
-7.267
1.155
-4.524
0.255
-4.498
-2.377
-5.570
-0.100
-6.116
-0.069
-6.607
-1.217
-4.638
0.220
-5.156
-0.589
-2.090
0.884
-4.500
0.839
-4.922
-0.381
-2.271
-0.070
1.633
-2.743
1.645
-4.767
1.499
-4.787
0.906
-5.610
0.508
-7.822
-2.228
-5.165
0.604
-3.378
1.248
-6.669
1.925
-2.846
0.533
-7.076
1.276
-3.465
0.883
-3.106
3.620
-2.744
2.666
-4.131
2.622
-4.582
4.043
-1.075
3.517
-3.538
2.017
-4.275
2.696
-3.565
1.093
-2.562
4.055
-2.109
2.402
2.755
2.785
-0.170
2.596
1.416
4.090
0.142
3.696
2.983
4.565
0.778
2.246
1.979
3.415
0.232
2.443
4.167
3.923
0.108
3.126
1.963
2.645
-0.813
2.424
1.541
2.652
-2.627
1.089
0.990
3.793
0.737
3.483
3.565
4.433
0.353
3.983
3.754
4.710
0.329
3.061
1.854
4.009
-0.086
1.794
0.145
4.570
-0.006
2.424
-0.505
4.165
0.803
2.793
1.647
3.114
0.044
1.985
-0.237
4.150
-0.615
2.478
0.067
3.371
-0.777
0.254
-1.620
4.288
0.320
2.623
1.466
2.862
0.011
1.554
-0.244
3.299
0.187
2.786
1.019
4.045
-0.857
1.576
-0.557
3.849
0.197
2.032
-0.180
4.900
0.682
3.627
1.030
3.944
-0.640
1.557
-0.098
5.801
-0.029
2.536
0.477
4.854
-0.007
2.322
-0.178
4.303
0.388
2.636
0.140
4.148
-1.273
1.109
-1.287
4.229
-0.369
1.524
0.068
2.633
-0.566
0.931
-3.704
0.405
1.947
2.435
3.633
1.422
0.402
2.118
5.266
1.487
0.377
2.375
4.741
0.877
-0.289
0.951
5.061
1.286
-0.165
2.248
4.899
0.821
0.220
0.600
3.101
0.719
-3.137
-0.727
2.980
0.675
-0.326
1.635
3.973
0.455
-1.451
-0.729
3.337
1.250
-0.044
1.763
2.828
3.541
6.242
0.576
2.211
3.231
4.062
1.645
3.770
3.589
5.346
0.123
1.866
3.632
4.126
1.575
2.349
3.085
3.896
-0.148
1.459
3.776
5.385
-0.702
1.636
3.445
5.417
1.570
2.879
2.276
2.895
0.082
1.589
2.879
5.598
0.888
2.715
3.054
5.379
1.009
2.914
0.008
-0.641
5.089
2.207
2.126
0.891
5.123
2.832
1.802
1.963
3.834
1.795
2.946
1.128
5.070
3.728
3.064
2.080
4.273
3.577
0.429
0.345
4.828
1.667
3.077
2.778
4.955
4.404
1.832
0.621
5.825
2.305
1.552
0.716
3.576
1.904
3.635
2.742
4.966
3.944
3.442
3.973
0.779
2.364
3.455
3.628
2.072
1.920
3.998
2.363
0.772
1.806
3.478
2.416
-0.283
1.177
0.915
0.952
-0.713
0.391
3.303
3.556
0.807
1.660
4.658
3.604
1.752
3.046
2.428
1.942
0.541
2.031
3.235
2.354
-0.790
1.135
2.460
2.942
0.473
2.139
4.884
3.765
2.289
3.136
4.720
1.595
0.691
3.175
5.399
2.742
1.733
3.478
4.638
1.808
1.517
3.425
3.614
2.689
2.162
3.698
3.375
2.069
1.482
1.977
4.868
0.477
0.124
1.998
3.604
1.370
0.212
2.217
3.983
2.241
0.362
2.506
4.027
1.563
0.584
3.022
1.846
-2.004
-2.907
2.044
-3.275
-2.478
2.410
-2.292
-3.295
2.258
-3.185
-2.165
1.613
-2.925
-2.397
0.987
-5.330
-5.719
2.256
-3.596
-1.052
2.902
-1.604
-0.975
2.117
-2.112
-2.259
2.572
-2.299
-3.701
2.164
1.463
-1.303
3.409
1.622
-2.505
3.368
0.708
-1.394
3.574
2.314
0.050
2.327
-0.037
-2.714
2.577
1.917
-1.866
1.831
0.174
-2.019
0.418
-2.050
-4.410
4.018
1.575
-1.844
1.837
1.030
-4.486
3.049
0.699
-0.101
3.085
0.029
1.451
2.711
0.934
0.261
2.096
0.235
-1.506
2.062
-2.210
-2.000
3.233
-0.236
-1.211
2.127
-2.394
-0.909
0.272
-1.880
-0.422
3.334
1.387
0.197
2.287
-1.263
-1.731
3.046
-1.235
-0.376
3.441
0.354
0.337
2.415
-1.075
0.098
0.444
-0.982
-1.986
2.567
0.357
1.058
3.422
0.236
-0.262
2.617
-0.490
-1.438
4.393
2.389
0.856
2.552
0.624
-0.351
3.937
1.769
0.998
-2.791
0.777
1.062
-0.354
1.229
1.768
-0.981
2.350
1.570
-0.907
-0.382
0.439
-1.248
2.316
1.202
-0.110
-0.583
0.427
-1.331
1.435
0.826
-1.321
0.850
-2.100
1.504
2.922
2.141
1.275
4.010
2.678
3.006
0.964
0.081
4.652
3.634
2.196
2.939
0.007
-0.040
2.969
0.444
-0.344
3.161
1.578
0.184
1.660
0.203
0.359
4.101
3.453
2.844
2.869
1.570
1.802
2.617
1.363
0.946
1.745
0.236
-0.751
-6.420
-4.491
1.537
-3.634
-5.664
-7.047
-4.542
-0.121
-3.802
-7.062
-7.914
-6.786
-0.662
-5.126
-7.158
-6.223
-5.015
0.257
-4.733
-7.309
-6.222
-6.017
0.925
-5.321
-5.980
-9.126
-6.960
0.054
-4.323
-7.932
-5.527
-4.335
1.389
-2.947
-3.764
-4.742
-2.501
1.552
-1.844
-4.156
-5.449
-3.405
2.094
-5.164
-4.839
-5.723
-3.766
0.819
-3.258
-6.270
-7.343
-6.501
-3.832
0.887
-7.877
-9.360
-5.962
-5.454
0.476
-7.938
-7.378
-4.749
-3.266
1.718
-6.182
-8.115
-5.432
-3.900
2.324
-6.731
-8.416
-6.087
-4.854
0.792
-8.403
-9.263
-6.396
-5.072
1.982
-7.670
-6.649
-7.269
-4.646
1.004
-6.755
-5.211
-5.159
-3.973
1.907
-6.731
-5.319
-4.779
-2.587
1.379
-4.773
-8.087
-5.510
-4.758
0.404
-8.310
-4.236
-1.010
2.372
-3.035
-2.706
-5.281
-3.144
1.558
-4.886
-2.402
-5.418
-4.378
-0.294
-5.740
-1.548
-4.036
-1.095
0.879
-5.058
-1.533
-2.311
-5.635
0.483
-5.868
-2.795
-5.218
-2.879
-0.098
-4.499
-3.117
-3.605
-3.625
1.262
-4.650
-2.027
-4.479
-3.139
0.513
-3.702
-2.451
-3.263
-2.422
1.644
-4.658
-1.315
-7.311
-5.237
-0.072
-7.894
-5.502
-8.132
-5.196
-3.170
1.691
-3.327
-4.333
-4.035
-2.669
1.775
-3.051
-4.004
-3.997
-1.554
1.261
-4.226
-6.101
-3.715
-2.182
-0.535
-4.547
-3.877
-4.301
-1.751
0.952
-3.936
-2.857
-3.184
-1.445
1.235
-2.564
-4.892
-7.867
-3.219
-4.077
-6.844
-4.744
-3.475
-2.272
2.588
-2.272
-5.110
-3.553
-2.920
0.810
-3.162
-6.278
-3.095
-1.884
1.552
-2.117
-3.083
-6.455
-1.617
-3.097
-5.829
-2.923
-3.792
0.166
-1.650
-5.199
-4.507
-5.400
0.690
-1.517
-6.346
-4.828
-4.442
-0.324
-3.022
-6.931
-3.631
-4.777
0.294
-0.632
-4.167
-3.600
-6.481
-0.083
-1.377
-5.701
-4.058
-2.027
1.667
-1.727
-5.026
-5.813
-6.132
-0.451
-1.777
-6.041
-3.974
-3.643
-0.526
-2.552
-5.223
-4.667
-5.010
-0.316
-3.850
-7.442
2.082
1.822
-4.612
1.330
-2.203
1.691
1.139
-3.888
1.056
-6.356
2.224
3.484
-5.043
2.509
-4.195
0.780
-0.270
-7.186
1.848
-4.931
-0.127
0.565
-6.359
1.866
-2.463
1.546
0.899
-4.486
1.784
-4.337
0.766
0.237
-5.712
2.031
-5.290
1.720
1.586
-4.437
1.883
-2.923
1.882
1.050
-4.426
1.327
-4.269
1.087
-1.604
-4.983
1.088
-4.324
-5.747
-5.278
-8.487
-1.110
-5.193
-4.234
-3.765
-8.663
0.844
-2.832
-4.083
-5.868
-8.026
-2.124
-5.298
-3.527
-6.053
-7.889
0.132
-5.540
-2.719
-2.764
-6.868
0.956
-1.871
-3.445
-4.827
-7.349
-0.270
-5.265
-4.319
-5.534
-8.264
-0.346
-3.668
-4.017
-5.728
-7.927
-0.872
-6.395
-4.659
-3.702
-8.494
-0.039
-2.916
-4.561
-4.232
-9.688
-0.804
-6.462
1.015
-1.636
0.759
-3.699
-6.534
0.610
-2.249
-0.609
-3.307
-9.969
0.510
-4.650
0.463
-4.456
-8.999
2.259
-2.252
-1.732
-1.358
-6.124
1.657
-2.299
-1.548
-1.550
-6.665
0.254
-5.195
-0.834
-3.408
-8.102
0.246
-3.489
0.343
-4.232
-6.612
0.605
-1.291
0.768
-1.827
-6.523
1.543
-0.678
-1.207
-0.885
-5.996
1.181
-3.048
-1.557
-0.974
-6.028
-0.790
-1.082
-7.581
-2.477
-2.638
1.140
-0.288
-4.944
-1.759
-4.299
0.941
-0.499
-7.421
-2.906
-2.947
2.001
-1.977
-5.871
-1.888
-4.392
-2.026
-1.320
-9.996
-1.784
-3.371
1.815
-0.329
-4.964
-2.199
-1.993
0.694
-1.615
-6.187
-1.814
-2.502
2.397
-0.198
-5.005
-1.660
-3.858
1.447
-0.086
-4.000
-2.632
-2.639
0.577
-2.172
-6.015
-1.029
-2.916
2.552
0.925
0.181
-2.279
-4.290
1.818
0.055
-1.117
-2.087
-3.364
2.993
0.685
-0.926
-2.103
-4.077
1.293
-0.815
1.268
-2.532
-4.847
2.544
-0.110
1.336
-1.992
-4.234
1.692
-1.742
-4.102
-1.526
-2.675
1.639
-1.127
-3.632
-0.446
-4.207
3.187
0.912
-0.249
-1.225
-2.014
2.226
0.861
-3.107
-1.548
-4.667
1.795
-0.014
-2.664
-2.688
-4.688
1.999
-4.931
-3.329
0.015
-6.568
-5.328
0.743
-8.583
-4.999
0.984
-7.435
-4.083
0.824
-5.246
-3.671
1.421
-7.524
-5.895
0.545
-5.591
-2.968
0.600
-4.283
-3.382
2.511
-4.880
-4.450
1.396
-5.283
-5.027
-7.037
-6.919
1.191
-4.295
-3.764
0.705
-6.610
-4.066
1.984
-8.192
-5.677
2.971
-5.646
-3.588
2.843
-7.985
-4.751
1.578
-6.562
-4.018
3.932
-5.151
-5.132
1.565
-7.267
-5.085
1.259
-8.166
-4.755
3.471
0.781
-6.720
-5.122
-0.239
-4.890
-3.229
1.233
-4.940
-3.370
0.726
-4.195
-2.173
1.413
-4.817
-3.298
1.385
-5.973
-4.140
2.159
-5.906
-1.831
1.051
-5.543
-4.608
1.092
-3.688
-3.246
1.292
-5.243
-2.579
1.878
-0.664
-3.830
1.915
-0.663
-3.583
1.264
-1.696
-4.436
1.518
-1.700
-5.319
2.130
-1.860
-5.035
3.644
-0.004
-3.917
1.060
-2.222
-5.649
1.535
-0.891
-3.950
2.055
0.194
-2.408
1.723
-2.229
-3.626
-0.375
-5.381
-6.094
0.937
-2.660
-5.239
-0.806
-3.583
-5.537
-0.042
-2.982
-5.388
-0.136
-1.506
-3.369
0.438
-4.576
-5.687
-0.142
-3.420
-4.536
-1.144
-3.870
-6.070
0.314
-4.241
-5.523
-0.826
-4.053
-3.929
-3.287
1.609
-7.214
-0.699
2.093
-6.133
-4.518
2.428
-4.417
-1.800
1.423
-5.929
-1.978
2.144
-7.330
-2.867
2.961
-6.852
-2.626
2.881
-4.940
-4.166
2.783
-6.593
-4.332
1.776
-6.587
-1.547
2.171
-6.469
