4.597
6.806
4.345
6.934
3.113
4.508
-0.191
8.353
5.335
5.288
7.593
7.190
9.294
-2.098
7.220
6.193
8.503
3.639
6.509
3.491
6.905
5.284
7.128
6.158
8.166
4.808
5.919
7.907
8.218
4.063
5.464
2.853
2.250
4.459
4.782
2.934
0.276
7.632
6.912
5.505
6.166
7.908
6.745
8.648
8.377
9.231
7.037
9.500
8.806
5.039
7.257
8.526
1.897
0.528
0.357
4.007
-5.071
3.970
6.575
2.677
2.709
3.186
1.194
3.741
4.028
3.488
0.820
2.805
2.649
1.427
5.495
4.059
5.450
-1.822
4.196
5.903
2.564
2.013
5.927
2.680
1.184
3.533
2.706
0.198
2.290
4.163
1.848
3.105
3.919
3.801
0.667
4.982
4.642
1.641
3.319
3.754
2.486
2.480
4.154
3.283
3.232
2.453
6.360
4.086
2.882
3.049
3.914
3.288
5.345
3.002
4.017
3.763
2.471
2.086
4.137
2.608
2.997
4.584
1.701
3.163
3.486
2.035
1.301
3.986
3.150
0.004
2.783
0.572
2.271
1.733
4.935
3.121
10.293
4.371
7.769
5.491
5.009
9.143
4.382
4.537
2.939
4.370
6.717
-3.078
3.544
2.133
1.805
5.595
4.239
3.473
5.945
5.589
3.452
3.738
4.904
2.839
4.381
4.817
3.272
5.381
5.297
3.373
4.006
0.910
4.734
8.205
4.336
2.344
3.962
5.269
7.472
4.398
0.353
3.628
3.911
4.451
4.071
6.029
-0.641
3.152
1.576
7.771
7.746
6.494
8.130
8.312
6.836
7.794
4.545
-3.678
-4.031
5.428
8.922
7.911
5.835
7.088
5.428
7.709
4.048
2.973
3.149
7.993
5.503
2.290
6.540
5.531
8.416
6.560
8.827
7.560
4.645
7.090
3.840
7.721
7.169
7.514
4.636
7.096
6.736
6.013
7.094
9.830
9.621
6.216
10.666
7.555
10.731
5.215
7.257
8.990
7.731
6.681
7.671
4.607
10.859
8.080
5.587
8.183
9.186
10.949
7.138
6.801
2.954
2.811
6.090
6.487
5.368
6.525
5.961
5.590
10.905
9.114
8.993
9.829
8.660
10.868
7.021
8.332
7.982
2.826
5.948
4.125
8.566
6.713
10.174
6.388
8.103
8.807
5.190
5.162
7.807
8.152
9.047
6.884
6.920
8.014
7.498
3.203
5.117
7.742
4.748
3.876
8.777
8.072
8.773
8.744
8.509
5.488
4.051
6.321
4.591
3.853
6.399
3.365
3.586
7.272
5.726
-0.855
5.881
6.853
6.694
7.502
10.126
-0.623
8.487
8.531
10.353
5.979
6.686
-0.157
5.673
7.094
6.080
6.803
3.901
4.748
6.248
6.583
4.728
8.893
5.537
5.342
4.244
7.193
6.442
2.417
5.993
2.893
5.372
6.975
2.687
7.591
3.767
0.365
3.933
7.194
5.607
6.397
2.911
8.541
