-10.634
-7.420
-8.497
-9.618
-8.190
-7.480
-12.633
-6.555
-6.441
-6.064
-5.298
-9.415
-8.821
-11.472
-4.705
-7.373
-9.829
-12.404
-6.722
-5.856
-1.738
-2.548
-4.678
-6.019
-3.788
-5.735
-5.527
-0.850
-4.386
-6.509
-0.888
-5.439
-5.260
-4.561
-0.417
-5.009
-4.690
-0.329
-2.482
-1.611
-8.494
-1.859
-10.149
-10.672
-2.610
-8.938
-8.442
-1.061
-7.940
-9.066
-0.247
-11.823
-12.083
-1.406
-9.118
-7.920
-0.241
-11.513
-7.608
-1.508
-7.515
-7.925
-1.281
-9.951
-6.734
-5.129
-11.018
-9.010
-4.326
-11.986
-5.115
-6.993
-13.678
-4.717
-6.392
-11.350
-8.415
-8.230
-10.482
-2.951
-9.736
-7.109
-9.457
-7.946
-5.966
-10.179
-4.376
-8.527
-9.734
-12.339
-6.973
-5.460
-6.246
-9.124
-5.758
-5.002
-8.705
-7.250
-4.739
-7.690
-10.288
-8.933
-8.182
-10.207
-8.308
-9.425
-11.194
-8.166
-9.095
-12.974
-8.461
-10.016
-9.646
-7.020
-11.306
-11.314
-9.870
-11.570
-10.785
-6.214
-8.535
-10.532
-5.186
-8.686
-12.547
-6.115
-9.301
-12.106
-6.357
-12.089
-8.448
-15.149
-9.891
-4.922
-9.453
-4.603
-9.730
-13.561
-9.577
-9.398
-10.901
-5.376
-9.819
-10.901
-7.772
-11.131
-14.906
-11.108
-8.974
-13.024
-7.062
-7.552
-11.315
-9.810
-10.262
-12.954
-8.490
-8.806
-12.523
-10.384
-3.646
-8.590
-1.062
-4.436
-9.275
0.259
-2.188
-5.190
-3.245
-2.792
-10.540
-3.610
-5.577
-6.655
-1.395
-5.863
-5.672
-2.287
-3.913
-7.850
-0.223
-7.736
-8.367
-2.277
-7.901
-9.237
-3.121
-6.006
-8.866
-3.685
-8.312
-9.532
-2.422
-7.699
-8.476
1.062
-8.266
-9.687
-0.128
-5.646
-5.551
1.058
-10.918
-9.212
-0.976
-9.379
-8.740
-1.583
-10.190
-9.457
0.004
-8.910
-8.965
-2.726
-10.110
-8.949
-2.667
-8.881
-6.555
1.609
-6.060
-8.373
-5.034
-3.930
-5.157
-2.991
-3.809
-7.849
-2.158
-4.221
-5.685
-3.595
-2.873
-5.327
-4.438
-3.098
-6.438
-3.656
-3.844
-6.628
-4.489
-3.311
-5.867
-2.027
-4.042
-6.185
-2.810
-7.646
-6.127
-4.163
-3.606
-4.980
-4.965
-1.677
-2.557
-1.152
-4.210
-5.883
-4.723
-3.223
-6.452
-5.714
-3.367
-3.998
-4.439
-1.824
-6.160
-3.808
-3.287
-3.158
-5.015
-1.769
-4.644
-4.595
-2.688
-6.406
-5.717
-4.252
-4.513
-2.536
-5.913
-9.065
-6.284
-8.307
-6.429
-9.550
-8.856
-8.344
-8.637
-5.002
-5.552
-9.632
-9.005
-6.954
-7.291
-8.622
-2.548
-10.742
-5.805
-8.461
-4.889
-8.613
-3.437
-7.842
-3.917
-10.931
-2.927
-7.735
-1.770
-9.251
-3.215
-7.963
-5.670
-9.780
-4.479
-9.202
-9.875
-9.345
-8.987
-10.817
-12.405
-8.426
-9.687
-11.807
-12.098
-6.710
-8.998
-7.317
-11.573
-9.704
-12.313
-7.062
-10.365
-12.541
-10.287
-7.839
-8.820
-11.228
-13.230
-9.329
-5.193
-5.868
-3.892
-2.802
-4.694
-3.626
-4.897
-5.127
-3.050
-6.283
-3.093
-4.492
-7.163
-5.240
-4.208
-4.969
-3.310
-6.828
-6.082
-7.172
-5.135
-6.579
-4.138
-4.058
-6.366
-6.211
-5.695
-1.539
-1.433
-4.298
-6.091
-6.969
-7.460
-3.943
-6.076
-5.008
-5.875
-5.104
-4.613
-3.581
-3.634
-9.928
-5.596
-6.614
-10.530
-4.689
-5.610
-6.605
-3.437
-7.637
-6.048
-8.660
-6.808
-7.611
-4.237
-6.234
-6.795
-5.992
-4.034
-10.102
-7.004
-6.988
-10.200
-10.976
-6.350
-9.133
-10.598
-8.755
-9.421
-6.744
-10.412
-9.040
-6.935
-8.623
-8.360
-12.555
-8.950
-7.226
-11.635
-10.935
-6.480
-8.012
-10.962
-11.651
-8.915
-10.996
-14.573
-10.230
-7.519
-7.260
-9.203
-13.490
-10.588
-9.328
-11.154
-14.933
-8.850
-8.783
-11.556
-9.334
-11.709
-14.064
-11.987
-7.953
-4.126
-8.723
-9.213
-10.461
-8.143
-9.167
-8.897
-13.464
-3.923
-10.452
-10.525
-13.998
-4.774
-10.632
-10.022
-11.703
-5.187
-9.187
-6.615
-12.155
-7.165
-9.235
-11.347
-13.506
-8.045
-10.354
-4.233
-14.189
-3.475
-11.487
-10.233
-13.222
-8.306
-6.983
-11.058
-11.859
-7.814
-6.625
-9.323
-8.229
-5.650
-13.412
-7.978
-1.290
-8.123
-14.390
-8.780
-8.615
-8.777
-10.049
-7.747
-6.721
-9.065
-11.314
-9.734
-7.328
-5.226
-12.383
-11.815
-8.936
-8.473
-11.010
-11.207
-4.586
-5.134
-9.855
-11.267
-5.875
-8.745
-14.419
-10.848
-5.058
-11.239
-10.301
-10.463
-9.006
-9.408
-1.450
-9.457
-9.442
-10.938
-4.290
-3.925
-7.299
-12.300
-6.060
-4.822
-8.288
-9.640
-4.810
-5.603
-9.401
-10.214
-4.063
-3.764
-7.366
-11.074
-3.869
-7.037
-6.834
-12.996
-3.891
-5.843
-6.101
-10.781
-4.593
-7.557
-9.342
-9.794
-3.111
-4.983
-6.267
-8.971
-5.927
-7.639
-8.943
-5.189
-7.432
-9.167
-4.956
-7.144
-7.141
-6.519
-4.348
-4.287
-8.550
-8.558
-3.460
-3.179
-8.722
-4.559
-4.391
-2.842
-8.956
-5.677
-5.575
-4.437
-7.816
-5.716
-5.409
-4.688
-7.669
-5.663
-4.718
-5.413
-15.908
-5.848
-5.559
-3.540
-9.517
-7.289
-9.547
-4.638
-9.862
-7.111
-6.559
-4.845
-8.797
-8.238
-7.907
-6.289
-10.657
-10.376
-11.962
-7.683
-8.268
-9.209
-8.917
-0.946
-11.098
-8.604
-8.848
-4.965
-7.785
-7.442
-9.249
-6.924
-8.438
-8.693
-8.954
-8.495
-9.083
-11.047
-7.751
-5.827
-10.413
-7.567
-10.997
-5.049
-9.495
-8.494
-10.262
-7.339
-8.702
-6.182
-11.826
-6.551
-10.461
-5.273
-10.343
-5.636
-9.399
-5.299
-7.295
-7.473
-9.890
-4.654
-8.769
-5.215
-10.139
-5.167
-11.217
-8.557
-11.457
-7.277
-7.281
-5.917
-9.517
-2.950
-7.174
-7.021
-6.890
-4.642
-7.152
-6.621
-7.920
-5.831
-10.487
-10.881
-9.162
-8.935
-7.288
-8.019
-11.434
-2.401
-6.662
-8.858
-9.472
-8.126
-6.374
-9.287
-6.233
-7.215
-8.157
-8.375
-7.848
-7.446
-5.484
-9.046
-4.770
-10.867
-6.115
-7.887
-7.774
-7.932
-4.644
-8.295
-8.539
-7.047
-7.105
-7.945
-7.745
-8.314
-5.801
-9.985
-6.338
-9.687
-6.719
-8.986
-6.303
-7.522
-5.795
-7.391
-10.808
-7.574
-6.603
-5.856
-8.096
-2.774
-12.872
-7.322
-4.216
-7.317
-12.313
-8.655
-7.153
-2.804
-11.954
-10.842
-7.811
-6.332
-11.823
-9.704
-6.235
-6.025
-12.153
-9.161
-3.542
-3.610
-9.227
-10.627
-9.450
-4.432
-13.632
-10.238
-7.689
-2.782
-11.680
-9.419
-6.081
-3.502
-12.451
-10.167
-6.307
-6.360
-7.770
-2.639
-9.025
-6.570
-9.041
-3.064
-7.211
-10.052
-10.594
-4.344
-8.421
-9.077
-8.062
-5.729
-6.619
-10.906
-11.012
-3.789
-7.030
-10.017
-8.212
-4.558
-7.797
-10.563
-5.783
-3.076
-4.200
-9.825
-6.376
-6.889
-7.276
-10.236
-8.925
-3.072
-10.765
-8.165
-10.209
-3.594
-8.670
-8.652
-10.125
-10.033
-8.619
-10.686
-9.792
-8.689
-6.805
-11.420
-8.633
-9.853
-8.894
-10.900
-9.643
-9.588
-8.531
-11.598
-8.214
-12.079
-8.519
-13.980
-8.716
-10.477
-6.198
-8.660
-6.799
-9.863
-4.608
-12.853
-2.414
-7.253
-7.311
-11.568
-5.043
-12.457
-4.836
-8.708
-4.052
-12.155
-4.873
-10.703
-4.079
-7.507
-3.727
-6.707
-3.410
-7.531
-8.465
-7.615
-6.611
-4.991
-4.851
-5.215
-4.098
-8.148
-5.971
-10.714
-4.557
-7.725
-6.583
-8.225
-8.824
-8.633
-7.975
-9.695
-7.461
-9.854
-5.660
-7.160
-7.195
-8.334
-5.643
-7.978
-5.551
-5.848
-6.966
-6.743
-6.637
-7.118
-8.518
-6.274
-5.081
-9.091
-7.634
-10.885
-7.258
-8.873
-4.957
-8.025
-5.548
-5.825
-5.983
-7.458
-7.608
-7.704
-3.535
-7.755
-3.503
-10.467
-4.705
-8.222
-7.128
-7.920
-6.817
-7.548
-6.194
-4.586
-7.177
-4.052
-7.939
-7.931
-10.036
-7.660
-7.519
-3.669
-10.613
-8.582
-7.419
-3.414
-8.623
-5.294
-7.767
