-13.193
-14.770
-8.450
-13.918
-10.532
-12.297
-10.709
-14.201
-10.281
-15.658
-10.069
-12.126
-13.531
-13.673
-10.698
-16.956
-10.067
-10.699
-8.089
-12.297
-13.612
-10.543
-8.404
-8.760
-13.502
-11.309
-10.144
-11.091
-6.178
-10.563
-11.572
-11.656
-11.210
-9.099
-12.551
-11.033
-9.967
-10.837
-9.225
-13.422
-7.972
-4.238
-5.886
-10.855
-8.393
-7.708
-5.531
-6.810
-5.905
-9.858
-9.241
-5.962
-11.194
-8.371
-9.132
-11.341
-7.424
-10.160
-6.556
-8.602
-3.947
-9.269
-7.908
-8.188
-4.879
-9.219
-7.232
-10.217
-4.972
-9.477
-1.998
-6.579
-2.613
-6.872
-2.522
-7.899
-6.525
-8.188
-5.591
-5.192
-7.397
-13.029
-9.328
-9.057
-4.984
-13.662
-7.646
-6.220
-6.964
-13.807
-12.725
-7.784
-7.976
-11.014
-8.814
-10.864
-9.837
-13.640
-10.340
-6.513
-8.445
-11.584
-5.950
-5.618
-8.098
-7.797
-7.615
-9.417
-7.406
-11.350
-8.678
-3.799
-8.565
-12.940
-10.953
-6.020
-6.962
-13.161
-10.391
-6.246
-5.788
-11.556
-7.190
-10.393
-4.361
-10.649
-9.630
-11.450
-5.085
-12.164
-9.512
-11.893
-4.144
-7.835
-8.556
-12.075
-5.119
-9.762
-9.087
-13.353
-4.111
-10.593
-9.289
-11.215
-4.649
-8.946
-11.328
-12.454
-4.534
-11.563
-12.499
-11.810
-8.199
-8.918
-10.397
-8.862
-6.776
-7.201
-6.712
-9.312
-4.273
-8.216
-5.141
-8.382
-3.463
-10.396
-6.377
-8.001
-1.105
-10.754
-7.780
-8.586
-1.656
-10.164
-8.343
-7.825
-0.634
-12.587
-8.159
-8.082
-4.550
-9.526
-8.257
-7.089
-2.949
-8.100
-7.089
-7.080
-5.100
-10.279
-5.812
-6.579
-4.257
-7.867
-8.423
-8.663
-3.334
-9.742
-6.041
-8.595
-6.613
-4.439
-3.700
-7.921
-7.853
-9.478
-5.394
-4.852
-7.976
-10.443
-5.996
-6.002
-8.491
-9.081
-7.887
-5.924
-9.389
-11.229
-6.250
-1.377
-8.243
-7.248
-7.667
-4.846
-8.130
-12.202
-6.653
-3.532
-6.103
-10.158
-6.856
-1.028
-6.451
-10.054
-9.026
-6.460
-9.919
-9.352
-7.126
-6.849
-7.290
-3.255
-4.186
-7.081
-6.976
-5.604
-5.209
-4.534
-5.538
-1.003
-3.604
-2.683
-7.260
-4.450
-3.828
-4.008
-5.670
-7.535
-4.051
-3.376
-5.332
-2.427
-4.340
-5.412
-5.413
-6.575
-6.212
-2.773
-5.233
-5.497
-4.050
-2.958
-4.309
-2.558
-3.837
-5.132
-8.266
-5.942
-5.271
-5.871
-9.768
-7.045
-1.326
-2.697
-5.542
-5.397
-2.139
-4.453
-8.413
-6.176
-3.292
-4.164
-7.817
-6.445
-0.649
-2.296
-4.675
-7.945
-2.786
0.262
-8.497
-6.786
-2.857
-2.460
-7.506
-5.797
-3.682
-3.958
-5.195
-5.676
-1.125
-4.127
-3.985
-6.769
-4.120
-2.629
-4.326
-5.426
-3.233
-0.792
-6.690
-6.634
-3.585
-3.228
-7.534
-4.979
-3.200
-2.355
-5.595
-5.745
-7.839
-2.684
-6.749
-9.953
-4.562
-3.161
-5.831
-10.518
-5.639
-3.663
-7.181
-9.878
-5.886
-4.540
-8.656
-10.467
-2.780
-3.072
-5.935
-7.306
-5.502
-1.313
-6.216
-7.965
-3.160
-2.345
-8.196
-7.653
-5.431
-1.479
-2.511
-1.336
-4.531
-4.348
-3.530
-1.380
-5.256
-2.987
-2.900
-1.290
-7.236
-6.015
-0.429
-2.445
-6.734
-5.121
-2.831
-0.737
-5.449
-1.166
-6.123
-0.119
-5.130
-3.841
-6.028
-6.762
-5.423
-6.095
-2.422
-2.148
-6.747
-3.188
-1.288
-2.749
-5.529
-3.853
-4.233
-4.205
-7.435
-4.389
-10.970
-8.471
-11.014
-9.536
-9.985
-12.073
-8.156
-9.985
-9.273
-6.687
-9.897
-13.041
-8.357
-10.797
-12.811
-9.596
-10.734
-12.911
-8.448
-8.527
-10.552
-12.487
-9.838
-12.289
-9.832
-6.565
-13.009
-6.738
-8.107
-14.406
-8.187
-6.875
-8.004
-0.870
-8.985
-11.999
-5.617
-6.811
-9.367
-3.273
-6.219
-9.665
-8.178
-13.298
-10.332
-4.636
-9.586
-12.212
-6.670
-7.348
-10.191
-8.026
-10.910
-10.451
-7.311
-8.365
-9.921
-5.782
-6.482
-11.555
-2.391
-11.620
-15.169
-2.865
-6.566
-10.871
-2.678
-5.591
-7.811
-2.711
-2.924
-9.492
-7.927
-9.040
-9.345
-5.304
-4.900
-7.246
-6.747
-8.336
-7.398
-7.649
-8.628
-8.061
-4.074
-3.594
-10.002
-5.534
-8.106
-9.823
-4.138
-4.147
-5.289
-3.351
-4.966
-6.798
-2.860
-5.889
-7.295
-0.777
-2.307
-6.850
-1.984
-6.258
-3.243
-6.225
-3.060
-8.176
-3.730
-4.242
-7.184
-1.811
-4.778
-4.420
-1.786
-2.996
-4.712
-1.325
-6.381
-7.723
-6.183
-7.698
-3.227
-9.314
-8.860
-6.993
-8.243
-10.850
-5.556
-4.269
-8.469
-5.303
-7.733
-10.153
-6.501
-2.611
-7.827
-6.790
-4.096
-9.832
-4.636
-4.985
-7.850
-5.370
-5.160
-9.624
-6.493
-6.758
-10.059
-5.107
-2.905
-7.234
-6.964
-1.821
-5.884
-5.353
-0.919
-4.170
-4.084
-5.087
-6.209
-6.280
-3.670
-5.034
-0.611
-2.582
-3.011
-5.686
-2.886
-2.666
-5.346
-4.374
-3.337
-2.194
-1.890
-5.734
-4.849
-3.636
-3.643
-5.701
-10.530
-10.847
-11.677
-11.099
-5.917
-7.213
-7.806
-7.305
-10.904
-12.674
-9.922
-11.442
-9.576
-8.718
-8.123
-9.043
-8.826
-8.889
-9.214
-9.464
-8.249
-14.272
-10.292
-13.717
-7.907
-10.754
-11.241
-11.400
-12.093
-10.251
-6.428
-12.515
-10.353
-13.133
-7.159
-9.106
-4.069
-7.404
-7.077
-11.509
-6.738
-7.581
-9.496
-12.713
-9.595
-8.271
-9.332
-10.892
-8.001
-11.115
-10.741
-10.631
-9.064
-6.753
-6.778
-10.745
-11.240
-9.415
-9.206
-7.622
-9.163
-9.545
-12.441
-6.704
-3.865
-12.381
-11.819
-10.218
-9.808
-8.098
-11.502
-10.521
-11.513
-9.192
-5.296
-8.314
-7.572
-8.292
-8.231
-6.337
-10.493
-10.967
-10.454
-7.596
-5.055
-6.496
-8.006
-10.014
-4.205
-7.140
-8.667
-10.419
-8.155
-9.534
-6.512
-11.290
-10.397
-8.985
-8.521
-8.700
-9.733
-10.700
-12.594
-13.420
-8.597
-11.539
-10.606
-10.227
-11.834
-6.056
-11.758
-12.893
-11.823
-13.215
-3.906
-10.102
-9.932
-11.285
-15.014
-9.070
-4.880
-14.015
-6.764
-15.244
-4.086
-10.182
-11.047
-8.940
-13.372
-4.850
-7.910
-13.141
-10.390
-15.333
-9.043
-9.610
-11.068
-9.177
-12.764
-7.335
-9.434
-10.643
-8.005
-12.083
-9.050
-10.972
-10.427
-8.069
-16.958
-9.040
-11.552
-8.469
-14.389
-8.255
-7.803
-10.297
-7.206
-10.256
-8.598
-3.963
-9.625
-4.487
-9.351
-8.018
-7.602
-11.850
-13.399
-8.953
-9.750
-6.986
-8.170
-9.616
-9.748
-10.440
-8.162
-5.736
-9.596
-10.301
-7.744
-7.788
-9.400
-11.340
-7.761
-10.987
-8.741
-10.067
-8.280
-9.940
-10.396
-4.899
-11.508
-8.500
-8.132
-12.932
-6.242
-11.336
-8.619
-11.190
-12.249
-4.682
-6.393
-12.380
-12.763
-9.013
-11.197
-2.918
-10.813
-8.709
-5.999
-10.274
-5.421
-8.502
-6.774
-6.522
-9.561
-5.344
-8.764
-10.846
-11.489
-8.236
-6.457
-8.978
-3.750
-6.807
-12.106
-6.015
-9.515
-10.463
-8.698
-9.640
-6.573
-3.670
-5.020
-12.754
-14.032
-7.574
-11.457
-11.912
-5.456
-9.206
-8.059
-10.056
-12.225
-10.656
-11.764
-6.973
-10.883
-10.932
-9.136
-11.846
-4.473
2.623
-8.200
0.301
-6.002
-4.681
-0.851
-9.038
-4.292
-8.308
-4.351
0.656
-8.687
-2.532
-4.474
-4.286
-1.186
-10.997
-1.135
-7.340
-8.349
-1.814
-9.448
-3.670
-8.020
-3.121
-1.501
-6.393
-3.405
-6.289
-3.300
-2.603
-6.311
-0.875
-9.042
-6.678
-3.397
-4.806
-4.989
-6.099
-1.692
-2.531
-6.817
-2.703
-7.543
-7.033
-4.759
-8.148
-2.643
-7.110
-7.483
-11.464
-7.863
-2.656
-8.455
-8.750
-10.411
-9.185
-3.221
-6.340
-6.731
-10.453
-7.336
-8.352
-10.286
-7.150
-11.010
-7.395
-5.684
-7.905
-9.749
-12.033
-9.082
-4.891
-8.851
-4.624
-14.069
-7.624
-5.917
-9.741
-7.206
-11.341
-9.737
-5.655
-7.469
-4.946
-10.781
-8.424
-4.620
-9.156
-4.671
-13.036
-8.379
-2.966
-7.029
-7.019
-12.417
-8.038
-5.019
-11.462
-5.810
-6.033
-7.397
-9.610
-12.245
-3.346
-6.588
-10.879
-8.916
-11.940
-2.147
-6.428
-10.653
-7.362
-10.149
-4.975
-7.128
-11.252
-7.345
-10.471
-2.938
-5.140
-9.936
-6.530
-12.171
-0.343
-6.843
-7.196
-5.295
-10.497
-3.232
-7.020
-8.276
-5.976
-9.375
-5.028
-5.111
-9.043
-5.551
-11.674
-2.608
-9.158
-8.483
-10.667
-9.573
-2.300
-5.518
-8.042
-4.106
-11.263
-8.296
-3.842
-4.920
-7.464
0.053
-8.908
-5.891
-7.030
-11.040
-5.871
-6.420
-3.984
-5.899
-9.773
-6.640
-6.024
-5.605
-7.958
-9.732
-7.713
-5.349
-5.093
-6.058
-5.311
-5.365
-3.797
-2.321
-9.383
-5.437
-7.123
-4.267
-4.299
-5.808
-4.236
-4.604
-6.024
-2.223
-11.790
-8.830
-5.934
-6.215
-5.809
-9.928
-8.249
-8.979
-6.897
-7.273
-7.952
-8.721
-5.476
-7.280
-0.231
-5.735
-8.089
-9.106
-4.415
-6.280
-5.198
-6.614
-9.800
-4.573
-3.160
-3.331
-6.925
-5.548
-3.250
-2.763
-4.279
-7.561
-8.883
-4.834
-3.852
-4.878
-7.907
-10.964
-6.433
-1.659
-4.779
-9.924
-8.328
-4.835
-5.530
-4.660
-6.780
-7.891
-4.991
0.272
-5.232
-5.112
-9.422
-5.598
0.034
-5.112
-4.639
-10.022
-7.251
-3.459
-2.572
-8.067
-9.526
-13.705
-10.484
-9.146
-8.085
-13.358
-11.469
-8.239
-13.638
-8.513
-9.544
-13.297
-8.953
-16.255
-10.962
-8.862
-8.559
-11.711
-9.497
-16.207
-7.952
-10.264
-13.629
-8.777
-16.702
-15.035
-10.533
-12.779
-7.199
-11.609
-12.107
-13.496
-8.590
-10.378
-13.259
-9.454
-9.993
-14.142
-10.350
-7.486
-13.016
-5.416
-5.734
-13.799
-6.285
-5.282
-12.900
-7.395
-6.152
-14.543
-7.549
-8.431
-14.257
-10.395
-10.106
-14.504
-8.100
-9.861
-13.282
-7.972
-5.807
-7.528
-12.705
-8.563
-11.463
-13.058
-8.853
-9.524
-14.096
-7.378
-8.451
-11.498
-5.482
-12.643
-11.851
-10.464
-9.347
-14.882
-8.755
-10.928
-11.461
-7.265
-10.365
-11.174
-10.425
-11.508
-9.531
-10.307
-9.978
-11.932
-6.205
-6.368
-2.346
-9.769
-6.827
-6.907
-13.971
-6.018
-4.145
-8.711
-3.796
-8.217
-10.176
-4.582
-4.915
-13.626
-2.493
-6.105
-11.093
-4.716
-3.436
-9.891
-5.355
-3.913
-9.791
-4.400
-4.555
-12.840
-3.903
-6.135
-7.651
-9.870
-8.251
-6.566
-7.943
-6.199
-6.608
-5.554
-8.089
-10.083
-6.216
-7.584
-8.022
-9.780
-6.556
-5.277
-4.920
-10.721
-7.542
-8.048
-7.093
-5.099
-6.214
-4.386
-4.516
-7.596
-8.529
-7.008
-9.412
-5.517
-5.516
-6.645
-3.526
-6.357
-5.741
-5.483
-7.771
-3.604
-2.846
-7.189
-4.263
-4.187
-4.125
-5.743
-3.486
-10.406
-6.222
-3.592
-9.298
-5.578
-2.898
-6.786
-4.909
-3.923
-6.207
-7.759
-4.502
-6.683
-4.351
-1.521
-7.665
