-8.326
-6.078
-1.914
-9.095
-2.225
-5.939
-7.046
-4.649
-4.918
-1.869
-5.703
-5.151
-4.597
-3.428
-2.771
-4.263
-5.049
-4.906
-5.206
-3.946
-0.791
-2.078
-3.078
-1.109
-2.285
-0.266
0.353
-0.626
-1.339
-0.914
1.476
3.500
1.532
4.083
2.074
-0.228
-2.178
3.685
1.782
1.583
-5.347
-0.337
-10.372
-5.559
0.960
-8.867
-6.272
0.621
-10.043
-7.961
0.838
-10.135
-7.764
0.160
-9.214
-7.187
0.229
-9.111
-5.791
-0.453
-7.859
-4.191
-0.747
-7.459
-4.487
-2.441
-8.118
-5.744
-2.688
-10.732
-4.534
-3.821
-9.502
-2.596
-1.350
-7.917
-6.265
-4.429
-8.018
-1.823
-6.512
-4.994
-6.215
-4.267
-4.551
-6.184
-2.096
-7.447
-8.023
-4.827
-7.249
-1.719
-3.667
-8.564
-5.213
-1.082
-7.847
-4.662
-0.787
-8.957
-7.984
-5.199
-6.039
-10.514
-4.400
-10.132
-8.575
-8.338
-7.802
-9.675
-2.795
-11.783
-9.041
-3.265
-9.505
-7.503
-4.244
-7.585
-11.617
-6.126
-7.474
-8.726
-4.752
-9.254
-11.849
-3.838
-12.674
-7.069
-4.443
-9.769
-11.536
-12.568
-8.868
-7.076
-7.038
-4.867
-10.458
-10.728
-7.272
-7.797
-10.678
-6.969
-7.550
-9.150
-5.605
-8.810
-11.398
-7.215
-7.281
-7.155
-3.645
-8.034
-11.429
-8.060
-7.728
-9.840
-6.438
-7.653
-11.092
-7.236
-0.086
-4.336
1.685
1.496
-4.835
2.768
2.373
-4.469
-2.121
-0.064
-6.080
-3.006
0.518
-2.135
1.393
0.080
-4.502
0.258
2.487
-2.943
2.915
-1.458
-5.633
1.336
-0.878
-7.241
0.843
1.314
-6.574
-0.631
-3.320
-3.807
1.340
-2.614
-6.062
0.714
-3.671
-7.170
2.419
-2.746
-4.700
2.433
-2.499
-6.686
3.681
-1.563
-3.332
2.921
-4.055
-5.108
4.373
-1.843
-2.607
0.838
-2.055
-0.814
2.683
-3.908
-4.671
4.637
-3.108
-6.129
-3.981
0.277
-4.746
-2.298
-0.265
-4.810
-1.491
-3.167
-3.402
-0.991
-0.044
-4.919
-2.420
-1.631
-7.558
-5.116
0.590
-8.581
-4.155
-0.109
-3.169
-0.871
-2.542
-9.291
-5.233
-2.531
-9.580
-6.385
2.013
-6.007
0.581
1.270
-3.233
1.772
1.804
-4.776
-3.055
-3.330
-4.843
-1.635
0.118
-3.686
-0.379
1.220
-3.600
-1.434
3.395
-1.768
-0.671
1.134
-1.922
0.830
0.336
-6.855
-1.273
1.417
-0.140
3.941
-0.382
-10.936
-3.429
-11.116
-5.655
-5.716
0.238
-6.541
-1.512
-3.129
-1.618
-7.016
-1.586
-7.834
-0.025
-8.007
0.560
-9.554
-1.963
-10.020
-1.958
-7.223
2.670
-10.718
-1.830
-11.338
-0.157
-10.531
-2.339
-9.136
-1.796
-10.394
-0.604
-9.257
-1.585
-8.821
-3.289
-10.644
-2.441
-11.613
-12.525
-9.714
-8.657
-8.677
-11.429
-8.181
-9.041
-7.198
-8.124
-7.173
-8.923
-6.291
-9.119
-9.001
-9.693
-8.211
-11.297
-7.593
-8.091
-11.076
-6.077
-3.443
-7.255
-2.911
-8.205
-5.021
-5.142
-5.225
-7.055
-6.603
-3.967
-3.015
-8.704
-4.824
-7.581
-1.358
-4.346
-4.073
-9.438
-7.982
-2.003
-4.735
-3.005
-2.316
-2.815
-4.409
-0.504
-2.523
0.898
-7.634
0.028
-2.684
0.293
-2.808
-1.231
-5.628
-3.664
-4.958
-2.914
-3.735
-3.377
-6.367
-1.322
-2.994
-6.001
-0.794
-4.259
-5.131
-2.330
-5.356
-5.639
-3.988
-1.510
-2.240
-2.761
-5.037
-4.967
-1.903
-0.841
-5.265
-7.070
-2.155
-6.041
-6.401
-7.028
-8.320
-9.298
-8.198
-6.854
-5.689
-6.485
-4.614
-7.848
-8.807
-8.721
-8.469
-6.676
-8.057
-9.971
-6.068
-7.089
-6.356
-6.822
-7.792
-6.918
-10.546
-10.005
-8.046
-4.740
-4.831
-5.926
-5.567
-5.313
-5.887
-7.008
-5.506
-5.082
-3.679
-7.610
-5.462
-9.486
-8.771
-8.365
-10.867
-7.347
-6.735
-7.943
-11.092
-7.172
-6.302
-2.776
-8.454
-7.715
-5.349
-5.604
-10.278
-4.299
-4.337
-1.359
-7.185
-5.905
-7.171
-6.119
-10.570
-4.558
-2.428
-5.669
-7.998
-5.410
-6.123
-1.223
-10.014
-6.097
-8.859
-7.437
-12.022
-6.281
-3.163
-6.357
-7.392
-1.793
-5.883
-0.703
-5.065
-3.186
-8.596
-4.469
-1.910
-5.016
-9.658
-4.530
-7.173
-3.839
-5.643
-3.343
-5.183
-5.677
-6.238
-5.044
-4.935
-0.817
-6.135
-3.734
-6.454
-4.715
-5.293
-4.006
-4.050
-3.424
-7.703
-6.767
-5.139
-1.852
-6.083
-4.572
-2.117
-6.015
-6.024
-4.963
-5.990
-4.943
-2.130
-1.579
-4.802
-6.850
-2.155
-1.041
-1.433
-10.263
-5.672
-1.322
-5.405
-9.660
-5.374
-0.921
-6.559
-6.612
-3.282
1.930
-2.304
-9.542
-4.842
-2.857
-5.499
-10.653
-3.677
-1.041
-5.672
-7.993
-3.711
0.924
-4.070
-6.582
-3.218
-0.293
-4.796
-8.248
-5.859
-3.765
-5.790
-3.116
-3.859
-7.510
-2.683
-2.927
-2.116
-3.348
-1.771
-2.385
-6.913
-5.714
-2.776
-2.067
-4.725
-5.409
-2.802
-1.056
-4.927
-2.955
-3.270
-4.210
-4.209
-6.086
-3.730
-2.488
-4.368
-3.319
-4.862
-5.944
-8.745
-2.801
-4.256
-5.120
-5.603
-2.459
-8.184
-1.076
-6.900
-4.756
-4.101
-5.291
-3.083
-8.279
-6.676
-7.653
-10.323
-8.221
-9.658
-9.736
-6.263
-8.561
-7.691
-2.526
-5.927
-7.123
-9.408
-8.810
-3.134
-7.251
-4.805
-7.512
-2.938
-5.967
-5.314
-8.422
-7.459
-8.781
-9.547
-5.969
-7.693
-7.677
-7.342
-9.071
-3.593
-8.182
-6.878
-9.031
-5.060
-6.323
-3.883
-6.583
-7.429
-3.303
-4.697
-7.051
-6.652
-1.479
-1.822
-8.848
-10.034
-1.929
-6.763
-4.775
-7.565
-3.738
-4.468
-8.448
-5.842
-1.124
-3.819
-4.236
-7.291
-3.395
-6.172
-5.261
-4.884
-3.666
-6.056
-8.176
-6.488
-3.221
-5.851
-4.354
-7.400
-3.573
-6.721
-7.697
-7.816
-3.739
-4.111
-6.379
-4.646
-5.445
-3.881
-6.729
-4.086
-6.611
-4.279
-9.461
-3.981
-4.430
-1.574
-6.192
-3.917
-6.714
-2.189
-7.698
-5.447
-6.591
-1.690
-7.029
-4.552
-5.736
-1.986
-3.903
-2.007
-6.356
-2.413
-7.101
-1.628
-5.270
-4.297
-8.757
-2.415
-3.872
-3.019
-9.215
-5.022
-6.147
-5.204
-4.859
-8.600
-2.247
-10.620
-2.589
-3.752
-4.966
-8.525
-3.225
-8.696
-4.223
-11.437
-6.711
-6.303
-2.561
-11.138
-3.417
-6.086
-4.973
-7.972
-6.059
-4.957
-1.942
-9.544
-4.271
-6.653
-3.755
-9.774
-2.973
-4.537
-1.757
-11.939
-8.501
-7.739
-3.184
-10.206
-6.585
-5.573
-4.319
-6.684
-2.202
-6.708
-8.023
-8.207
-1.890
-5.364
-8.224
-7.623
-2.994
-5.511
-6.580
-8.237
-8.012
-8.000
-8.081
-8.511
-2.935
-6.241
-9.255
-7.619
-2.589
-5.543
-9.805
-3.477
-3.408
-2.777
-6.323
-4.709
-5.247
-5.360
-7.339
-8.252
-1.643
-7.343
-8.110
-7.375
-4.917
-8.211
-8.236
-8.558
-7.689
-4.086
-5.407
-2.743
-3.826
0.816
-7.036
-2.542
-6.827
-2.344
-7.383
-4.468
-9.801
-2.631
-9.018
-2.293
-9.184
-5.237
-9.796
-2.475
-3.699
-0.624
-5.858
-3.677
-4.771
-5.125
-5.951
0.743
-1.246
-3.201
-6.093
-3.242
-4.224
-5.345
-8.836
-4.487
-7.146
-1.362
-4.870
-3.911
-9.137
-3.264
-8.255
-2.464
-9.009
-4.031
-9.402
-5.489
-4.731
-3.744
-7.742
-3.910
-8.520
-4.968
-9.604
-2.831
-10.913
-4.424
-6.612
-5.412
-4.463
-5.152
-4.417
-5.683
-2.351
-1.021
-2.734
-4.794
-5.308
-3.365
-2.883
-3.883
-1.447
-2.809
-3.962
-2.246
-3.022
-3.140
-5.511
-2.972
-1.733
-3.965
-5.217
-4.098
-6.552
-2.729
-7.249
-5.691
-4.901
-3.841
-3.764
-4.070
-4.441
-1.505
-4.646
-5.033
-3.882
-2.273
-7.403
-7.049
-4.461
-4.756
-6.824
-5.609
-6.456
-2.779
-1.566
-4.782
-4.193
-5.337
-5.822
-4.830
-4.046
-6.107
-5.797
-3.432
-3.932
-5.792
-1.464
-1.234
