-8.113
-4.704
-5.471
-5.539
-6.907
-5.888
-7.614
-7.032
-7.071
-6.635
-9.441
-7.598
-8.041
-7.802
-8.095
-7.137
-7.640
-4.869
-5.224
-4.637
-5.865
-7.717
-9.290
-6.050
-9.936
-5.826
-8.228
-6.487
-3.393
-5.588
-12.877
-6.948
-4.360
-2.316
-10.445
-7.500
-5.056
-5.690
-7.138
-6.237
-3.112
-1.928
-0.709
-7.431
-3.826
-5.982
-2.153
-5.955
-4.048
-5.782
-4.927
-4.595
-8.010
-5.008
-7.389
-8.823
-4.275
-6.142
-5.054
-9.561
-3.135
-6.102
-2.813
-5.712
-3.101
-5.511
-4.822
-5.957
-2.300
-4.573
-0.345
-3.160
-1.548
-2.821
-2.729
-5.170
-3.137
-6.655
0.280
0.591
-9.890
-10.040
-6.668
-5.267
-4.134
-8.757
-1.818
-5.550
-5.280
-9.848
-6.925
-8.463
-5.682
-8.526
-5.947
-11.284
-9.432
-9.071
-4.863
-8.813
-5.720
-8.883
-0.546
-7.504
-4.713
-10.428
-3.912
-7.527
-9.047
-14.236
-10.328
-4.323
-5.700
-11.624
-6.271
-8.985
-5.677
-11.966
-2.106
-7.528
-4.634
-6.677
-4.940
-7.774
-3.463
-8.674
-4.217
-13.239
-2.871
-8.364
-3.677
-13.279
-3.535
-7.663
-4.996
-10.266
-2.269
-5.127
-2.999
-9.590
-1.885
-4.192
-0.934
-8.638
-2.876
-8.469
-6.314
-12.265
-3.565
-10.832
-9.766
-11.567
-5.281
-5.574
-7.271
-7.627
-2.827
-5.702
-0.240
-8.606
-0.261
-9.594
-4.391
-11.089
-2.551
-7.594
-0.939
-8.073
1.209
-8.175
-1.881
-10.652
-2.091
-9.608
-4.315
-10.451
-1.464
-9.327
-6.638
-7.858
-2.702
-5.390
-2.877
-8.484
-2.207
-6.868
-1.571
-8.339
-6.036
-7.611
-7.834
-7.271
-0.738
-7.931
-4.880
-7.504
-1.045
-6.757
-2.783
-12.741
-4.369
-1.648
-2.352
-4.220
-9.701
-7.219
-7.115
-6.339
-6.770
-3.103
-4.140
-7.748
-5.777
-5.269
-9.222
-4.752
-5.487
-5.287
-4.166
-0.930
-7.246
-4.644
-4.614
-4.386
-4.565
-6.872
-6.878
-1.928
-6.561
-5.521
-6.624
-3.895
-4.340
-4.364
-4.868
-5.123
-8.012
-4.852
-5.511
-5.418
-5.763
-5.656
-8.428
-9.461
-3.552
-4.096
-7.198
-4.104
-1.015
-3.035
-7.881
-4.489
0.284
1.715
-2.443
-1.927
-4.311
-7.162
-6.486
-6.083
-2.737
-2.217
-8.586
-4.984
-2.901
-1.002
-6.772
-4.782
-2.712
-4.148
-8.664
-6.854
-5.311
-5.803
-7.478
-10.071
-2.332
-2.204
-5.202
-3.315
-6.888
-6.836
-1.697
-0.668
-0.532
-1.482
0.982
-0.889
-4.186
-3.070
-1.372
-3.133
-3.235
-6.502
-0.567
0.481
-4.112
-4.063
-2.142
0.647
-4.958
-4.714
-1.591
0.103
-3.542
-4.572
-5.671
-1.462
-8.908
-6.430
-2.812
-1.749
-8.732
-8.140
-4.479
-2.564
-3.502
-3.313
-4.111
-0.715
-3.669
-6.140
-5.799
-2.880
-3.626
-3.724
-4.474
0.150
-2.576
-3.512
-5.059
-3.267
-2.915
-6.181
-5.990
-2.651
-4.849
-6.965
-6.964
-3.752
-5.286
-7.209
-5.905
-3.643
-3.937
-3.323
-1.853
-0.288
-3.723
-7.922
-5.768
-3.080
-4.299
-6.286
-4.260
-3.146
-9.275
-7.778
-6.318
-3.386
2.556
-0.788
-2.490
-0.804
2.279
1.699
-4.449
-0.768
0.897
-3.180
-6.686
-6.377
0.107
-5.314
-5.889
-5.309
1.417
2.377
-1.396
1.517
1.044
-0.140
-2.903
-2.741
0.109
-3.837
-4.593
-3.266
-2.102
-2.191
-6.148
-4.107
1.994
0.881
-4.326
-2.607
-4.343
-4.393
-10.417
-8.631
-7.206
-7.578
-9.859
-6.316
-8.438
-9.915
-7.321
-7.719
-10.845
-6.536
-6.581
-11.847
-6.498
-8.940
-9.748
-9.138
-10.049
-11.509
-5.464
-6.600
-8.836
-7.881
-6.600
-7.108
-6.858
-9.200
-8.506
-4.733
-9.467
-13.030
-2.922
-2.483
-8.172
1.431
-1.251
-10.943
-2.541
-2.909
-8.864
1.056
-1.391
-9.964
-5.088
-4.961
-9.707
-0.498
-1.480
-7.101
-3.521
-2.492
-6.982
-0.861
-2.635
-8.968
-2.550
-0.791
-12.401
1.028
-0.471
-9.764
2.151
-2.532
-9.383
-3.085
-6.372
-8.338
-2.483
-5.171
-10.184
0.580
-2.538
-8.252
-1.705
-6.010
-9.007
0.197
-1.706
-7.175
-4.441
-6.180
-10.511
-7.008
-7.497
-1.479
0.520
-1.529
-9.666
3.202
-1.294
-6.468
-0.706
-3.901
-3.932
1.519
-0.725
-2.949
2.354
-5.261
-0.281
0.472
-3.028
-4.204
0.825
-2.500
-0.274
-3.302
-3.855
-6.864
0.885
-4.175
-6.275
-0.258
-5.005
-4.159
2.848
-0.466
-3.013
3.761
-3.566
-2.519
-3.989
-7.050
-0.490
-6.136
-7.256
-1.493
-6.078
-7.218
-0.821
-2.112
-5.336
-1.075
-6.117
-6.601
-0.673
-3.476
-9.544
-2.443
-3.958
-7.898
-2.880
-3.023
-8.210
0.264
-3.909
-4.345
0.424
-5.711
-6.075
-1.485
1.258
-1.711
-1.622
3.727
-3.509
-3.499
3.469
-5.050
-0.892
0.010
-5.185
-3.644
1.684
-0.821
-2.709
0.325
-2.659
-5.255
2.226
-0.129
-1.612
-1.220
-0.799
1.901
2.042
-2.914
-0.778
-3.988
-0.954
-0.357
-5.429
-6.012
-6.824
-7.507
-6.584
-7.138
-5.214
-4.747
-9.186
-9.649
-8.795
-7.998
-3.886
-6.623
-8.438
-7.070
-5.840
-5.348
-6.122
-5.765
-5.905
-4.848
-7.587
-7.796
-6.583
-9.316
-6.807
-5.514
-7.152
-8.890
-3.801
-3.886
-5.013
-8.109
-5.218
-3.287
-1.114
-2.190
-5.603
-4.457
-4.765
-5.687
-5.754
-9.321
-6.592
-7.473
-5.531
-4.849
-5.281
-7.490
-5.699
-5.129
-4.211
-2.289
-8.020
-8.440
-5.015
-7.563
-4.323
-9.359
-7.018
-4.692
-8.788
-3.433
-6.113
-7.219
-4.285
-5.288
-3.839
-6.168
-6.343
-6.832
-6.619
-4.431
-9.019
-7.759
-6.166
-8.015
-5.119
-11.214
-7.246
-4.214
-6.300
-3.975
-6.311
-6.122
-5.300
-7.291
-2.418
-8.489
-7.102
-6.666
-6.828
-3.253
-9.916
-10.851
-6.649
-5.993
-5.951
-11.723
-6.209
-2.302
-2.724
-6.434
-5.079
-6.828
-5.412
-4.818
-9.674
-0.647
-7.877
-10.052
-7.217
-8.785
-2.487
-8.923
-6.350
-7.628
-11.990
-3.848
-4.197
-6.766
-5.016
-8.566
-1.296
-6.995
-6.440
-2.920
-9.354
0.080
-6.291
-4.139
-4.414
-5.434
-1.350
-8.815
-5.984
-4.903
-9.141
-3.081
-5.848
-4.336
-3.866
-6.848
-1.828
-8.815
-8.913
-2.650
-9.117
-6.139
-6.726
-3.635
-4.811
-3.378
-3.905
-6.279
-2.755
-2.756
-3.212
-4.775
-5.343
-1.567
-3.435
-1.829
-4.831
-7.860
-4.175
-2.370
-4.907
-1.831
-3.665
-5.209
-3.638
-5.503
-3.374
-3.471
-1.982
-4.004
-2.408
-3.454
-5.918
-5.648
-5.810
-9.566
-8.679
-6.466
-3.082
-4.339
-4.172
-1.939
-5.242
-4.931
-1.688
-6.294
-4.604
-3.070
-2.879
-2.170
-2.758
-1.414
-7.072
-10.620
-7.809
-6.311
-10.837
-7.242
-8.948
-8.389
-6.257
-13.635
-4.168
-5.792
-5.356
-2.398
-7.632
-6.447
-8.722
-8.830
-8.832
-11.715
-2.847
-5.223
-2.285
-3.316
-7.602
-5.781
-5.161
-6.313
-5.340
-7.987
-4.951
-2.779
-2.218
-5.340
-7.870
-5.166
-7.049
-8.495
-5.630
-8.978
-8.833
-8.493
-8.749
-7.299
-11.754
-5.907
-8.322
-8.044
-5.654
-11.813
-0.115
0.908
-5.915
1.779
-6.795
1.962
0.504
-8.164
-2.991
-8.039
0.945
1.385
-5.266
-1.277
-6.547
-2.113
0.117
-8.053
-0.862
-8.056
-2.810
-0.583
-8.653
1.569
-4.545
1.476
0.114
-7.247
0.344
-8.388
2.366
0.871
-7.245
-0.241
-7.224
-3.519
0.897
-2.994
-1.021
-4.666
2.462
-0.403
-7.412
-1.638
-6.541
0.072
1.342
-6.310
0.703
-1.533
-8.962
-7.591
-11.693
-0.852
-4.072
-8.171
-6.411
-9.277
-2.086
-4.879
-9.196
-5.845
-10.724
-4.059
-2.939
-9.519
-10.035
-12.463
-3.992
-4.459
-9.305
-3.664
-10.924
-0.972
-5.262
-7.127
-8.453
-10.471
-3.890
-4.699
-8.350
-4.414
-9.450
-4.137
-3.162
-6.040
-5.767
-7.980
1.598
-6.095
-7.933
-8.405
-10.110
-3.304
-4.165
-9.027
-10.126
-12.983
-5.378
-11.666
-0.634
-6.060
-6.867
-7.187
-10.714
1.749
-5.549
-7.641
-5.253
-11.119
0.192
-6.927
-8.814
-6.488
-10.300
-0.510
-6.047
-9.769
-7.468
-9.907
1.371
-3.405
-11.680
-5.511
-11.029
0.535
-7.911
-8.078
-5.728
-12.463
0.547
-2.304
-3.747
-4.985
-6.383
-1.231
-3.347
-8.107
-5.449
-9.962
-2.236
-4.603
-9.611
-7.078
-11.032
-1.003
-1.778
-6.805
-5.346
-8.684
-6.218
-1.112
-5.654
-5.425
-2.542
-1.214
0.592
-8.406
-6.258
-8.087
-4.260
1.009
-8.173
-6.042
-4.197
-2.817
-0.895
-6.946
-5.883
-7.824
-1.205
-2.058
-5.810
-3.132
-3.319
-0.971
3.993
-7.583
-4.656
-5.077
-3.214
0.823
-6.772
-4.625
-5.093
0.229
-1.286
-9.596
-5.805
-8.026
-4.023
-2.934
-11.166
-6.778
-6.980
-3.289
-3.450
-10.190
-5.546
-8.463
-3.644
1.977
-0.068
-6.068
-8.836
-1.645
1.782
0.435
-6.011
-5.998
-1.474
2.080
-0.007
-6.966
-7.850
-2.257
3.703
2.021
-5.529
-6.031
-1.520
0.517
-1.776
-5.728
-9.812
0.340
0.380
-2.870
-7.295
-9.280
0.030
-2.048
-4.186
-4.852
-7.183
-1.154
1.457
-3.323
-5.294
-9.227
-3.645
-0.498
-2.798
-5.783
-9.573
-6.107
0.887
-1.764
-7.394
-9.351
-4.720
-7.817
-5.355
-4.163
-10.004
-8.802
-1.632
-9.867
-6.747
-2.965
-10.798
-6.047
-8.925
-8.797
-7.555
-6.068
-8.296
-6.857
-8.248
-6.097
-5.389
-5.973
-5.806
-6.152
-7.947
-7.866
-6.882
-4.634
-6.969
-6.891
-12.661
-7.280
-4.824
-14.371
-7.452
-8.934
-12.371
-7.298
-4.084
-12.122
-6.990
-4.351
-13.374
-8.662
-5.774
-12.083
-6.955
-5.730
-13.596
-9.327
-3.838
-14.561
-10.186
-7.997
-14.813
-6.518
-6.669
-11.842
-4.703
-2.420
-8.312
-11.196
-4.315
-8.147
-12.196
-7.077
-7.497
-9.928
-4.101
-5.221
-8.768
-3.230
-8.517
-6.127
-5.538
-4.309
-10.256
-4.586
-6.110
-10.282
-5.885
-7.754
-8.956
-5.361
-7.618
-10.633
-8.783
-8.405
-10.784
-6.921
-1.538
-4.406
-10.472
-2.363
-3.654
-9.390
-3.885
-4.149
-9.351
0.523
-4.516
-8.637
-2.064
-4.094
-10.292
-1.293
-1.975
-7.002
-2.068
-1.955
-8.259
-0.565
-3.355
-9.992
-1.852
0.044
-8.186
0.574
-2.272
-7.941
-6.773
-5.720
-7.057
-4.719
-3.953
-6.960
-1.355
-4.557
-7.567
-4.238
-8.027
-9.435
-5.993
-5.554
-5.616
-1.794
-6.993
-7.982
-5.336
-4.332
-3.383
-4.457
-5.063
-4.077
-4.809
-6.076
-6.581
-7.779
-3.165
-6.783
-5.568
-4.960
-7.088
-3.309
-5.091
-5.970
-5.192
-2.613
-7.645
-5.684
-3.358
-8.362
-2.937
-4.116
-8.912
-3.971
-4.362
-8.944
-5.547
0.970
-8.021
-5.823
0.199
-9.342
-6.157
-4.135
-8.480
-1.381
-1.892
-8.121
