4.144
7.812
4.054
6.311
6.390
6.834
3.669
8.020
4.113
6.448
9.537
7.948
8.926
2.687
7.877
9.493
6.468
7.103
5.878
8.170
8.909
8.160
5.634
7.410
9.781
8.389
8.040
8.091
8.331
8.143
7.691
9.435
6.803
6.971
8.959
4.861
3.943
10.976
8.177
6.899
7.813
6.876
4.636
6.239
7.100
5.563
6.210
6.220
5.705
2.637
9.888
7.887
5.721
6.656
3.042
4.956
-1.431
8.857
7.528
5.535
0.961
-0.386
-2.068
2.021
3.384
3.596
2.176
0.146
2.664
0.765
5.257
1.301
5.451
3.780
-2.121
4.928
-1.743
2.757
-5.309
4.683
6.090
6.120
1.086
-0.301
5.110
3.246
4.102
2.065
5.416
4.942
4.112
8.258
5.818
4.233
9.257
7.165
4.217
3.323
6.354
6.723
4.137
3.225
4.193
4.890
2.929
2.196
1.457
4.258
2.157
1.482
5.605
6.725
5.284
5.027
5.677
4.319
6.751
3.732
6.489
6.402
3.724
0.508
1.905
4.567
3.473
1.417
3.883
1.399
4.799
4.162
1.915
4.891
5.791
4.013
6.355
1.923
5.560
7.454
4.420
2.798
5.164
2.308
5.411
2.153
-2.620
4.849
-7.249
4.423
-9.341
4.508
7.347
5.655
3.211
1.941
7.013
6.011
5.122
4.383
4.373
5.891
5.202
4.991
4.842
1.626
4.201
7.567
2.704
5.926
5.454
4.128
6.109
3.691
1.955
1.356
2.063
4.456
3.655
4.261
0.957
6.310
5.230
7.905
8.475
7.734
8.711
9.464
7.478
8.584
8.094
5.051
-4.690
1.918
4.587
4.542
5.545
4.375
5.016
4.861
0.711
1.373
7.773
11.133
6.619
6.684
7.253
7.775
9.729
9.592
10.700
8.304
5.279
8.015
6.064
8.288
7.601
6.785
7.173
6.681
7.359
7.048
8.519
10.657
7.755
7.986
7.946
6.359
9.051
4.748
4.473
10.335
8.802
9.189
8.706
7.335
9.700
8.595
8.520
9.275
11.126
11.362
5.848
5.743
3.360
4.917
6.529
6.895
7.554
7.088
5.996
7.906
10.536
8.926
11.354
6.852
10.674
12.089
8.224
8.730
8.676
4.127
7.017
6.001
8.551
6.738
9.300
8.515
9.178
7.913
6.245
5.749
7.389
9.568
8.482
6.481
8.060
7.945
7.831
6.664
7.059
8.065
6.956
6.358
9.049
7.542
9.798
9.836
8.728
9.226
6.244
7.874
8.665
7.527
7.496
7.415
8.422
9.101
7.832
4.763
8.790
7.905
7.872
8.636
10.369
3.668
7.265
9.022
7.396
7.834
6.086
5.815
6.975
5.225
6.742
7.246
3.691
6.726
8.922
9.135
7.502
7.398
8.536
8.638
7.854
7.281
8.086
6.896
5.618
4.211
7.501
6.160
6.773
9.919
6.393
5.765
6.008
7.724
7.662
7.394
6.203
9.596
