4.820
5.915
4.827
5.934
4.026
4.665
2.389
7.028
5.307
5.061
6.116
5.872
7.237
1.217
6.079
5.419
6.696
4.071
5.239
4.142
6.183
4.137
4.637
3.165
5.453
2.853
4.014
5.498
4.599
3.133
0.240
-0.102
-0.732
-0.060
-0.037
-1.902
-0.802
-0.682
0.992
-0.597
5.486
6.358
5.686
6.987
6.443
7.228
6.066
7.353
6.812
5.237
6.260
6.856
3.271
2.423
2.251
4.120
-1.015
4.438
5.594
3.183
0.689
2.634
0.117
2.728
1.320
1.681
1.508
1.513
0.679
2.619
3.024
2.400
2.891
-0.726
1.439
3.084
1.361
0.868
3.027
2.375
3.302
4.549
4.209
3.593
3.756
3.886
2.231
4.978
4.105
3.725
2.183
4.005
4.448
1.230
2.351
2.525
4.229
3.391
3.957
2.577
2.333
1.371
4.009
2.947
1.746
1.119
2.208
1.791
1.838
2.556
4.552
2.690
2.516
2.280
2.293
1.993
3.411
4.302
1.579
2.362
4.388
3.325
2.982
4.319
3.914
2.446
3.795
2.804
3.745
3.306
4.020
3.328
6.081
3.894
3.577
3.842
3.048
5.181
2.719
3.059
4.027
4.981
5.769
0.673
4.032
3.417
3.243
5.193
4.563
4.103
3.626
3.995
2.718
4.010
3.455
2.804
3.064
3.762
2.141
2.936
4.933
3.224
4.265
2.242
4.068
5.556
4.005
2.846
3.765
4.492
1.699
2.366
-0.603
1.210
0.595
0.843
-0.254
1.783
-2.341
0.865
3.311
5.916
6.683
6.015
6.871
7.279
6.163
6.603
4.955
0.808
-0.465
4.707
6.595
6.315
5.402
5.520
5.233
6.302
3.791
4.063
3.349
5.080
3.722
1.424
2.758
3.292
4.698
4.163
4.908
4.561
5.098
5.983
4.154
6.696
6.720
6.169
5.029
5.847
5.671
5.483
4.394
5.893
4.636
4.392
6.275
5.392
6.032
4.424
4.561
6.175
2.040
3.241
2.778
1.024
2.306
1.744
1.133
2.204
2.147
3.498
5.162
5.017
2.858
2.242
4.448
4.490
4.934
4.486
3.780
4.346
7.903
6.424
7.174
6.602
7.023
7.983
6.005
6.396
6.218
3.326
4.048
3.817
5.927
4.480
5.814
4.033
5.217
5.488
4.232
4.130
4.722
5.707
5.823
4.662
4.203
4.760
3.842
1.757
3.892
4.031
3.099
2.485
3.157
4.131
3.719
4.675
3.730
3.209
2.657
3.605
4.643
4.461
5.789
4.310
4.185
6.094
5.329
2.074
5.682
5.868
5.697
6.273
7.463
2.226
6.807
6.772
7.723
5.660
5.593
2.345
5.018
3.397
4.151
5.304
3.244
3.290
3.553
4.326
4.531
5.596
0.574
0.453
2.217
2.952
1.661
0.435
1.526
-0.122
0.853
1.098
0.104
2.636
2.031
-0.199
1.513
2.641
1.745
1.688
0.484
2.526
