-3.482
-1.647
-2.225
-2.835
-1.849
-1.738
-4.391
-1.336
-0.952
-0.905
-0.163
-2.317
-2.128
-3.590
0.063
-1.428
-2.677
-3.667
-0.924
-0.393
-2.240
-1.738
-1.911
-2.061
-2.725
-2.509
-2.595
-2.000
-2.704
-3.706
4.245
1.435
1.117
2.102
4.271
1.305
1.241
4.476
3.921
3.227
-3.232
1.243
-4.399
-4.595
0.639
-2.383
-3.316
0.858
-1.933
-3.526
1.630
-3.947
-3.731
1.324
-3.349
-3.710
1.489
-4.294
-3.524
0.807
-2.235
-2.980
0.934
-2.650
-2.324
-1.120
-4.431
-3.414
-0.867
-4.181
-1.916
-1.444
-4.751
-1.404
-1.205
-4.122
-3.122
-2.120
-2.881
0.267
-2.826
-1.619
-3.792
-2.282
-1.716
-4.656
0.200
-2.570
-3.779
-3.911
-0.682
-1.089
-1.539
-3.356
-1.323
-0.388
-1.346
-3.378
-0.635
-2.696
-3.413
-3.282
-4.023
-3.500
-2.876
-4.625
-3.570
-3.410
-2.775
-4.431
-3.039
-4.051
-3.138
-2.100
-5.251
-3.787
-3.970
-4.276
-3.544
-2.232
-2.850
-3.444
-1.302
-2.725
-4.823
-1.559
-4.503
-3.966
-1.805
-4.460
-4.402
-5.816
-3.939
-2.944
-2.737
-1.129
-4.501
-4.986
-3.583
-3.678
-3.288
-0.928
-4.284
-3.421
-2.512
-5.480
-5.275
-4.559
-4.596
-4.850
-2.523
-3.826
-3.441
-3.608
-5.046
-4.471
-2.794
-5.094
-3.971
-4.126
-1.725
-3.761
-0.416
-1.077
-3.807
2.054
0.042
-1.282
-1.419
-0.506
-3.303
-0.996
-1.388
-2.143
-1.277
-2.373
-2.050
-1.107
-0.107
-2.291
0.887
-2.624
-3.627
0.202
-1.516
-4.058
-1.421
-2.096
-2.989
-1.367
-2.450
-3.730
0.404
-2.937
-4.236
0.746
-3.679
-4.029
0.860
-2.174
-2.309
1.092
-4.686
-3.765
-0.003
-4.012
-4.465
0.924
-4.008
-4.079
1.562
-3.317
-4.898
0.303
-3.953
-4.537
-1.030
-4.100
-3.427
-0.217
-1.448
-4.519
-3.363
1.041
-1.980
-2.193
-0.889
-5.024
-0.933
0.206
-3.542
-3.066
0.213
-2.479
-2.828
0.693
-1.897
-2.032
-0.354
-2.640
-2.166
-1.117
-3.666
-1.888
0.425
-2.272
-1.420
-2.390
-2.068
-1.969
-2.898
-4.446
-4.480
-1.817
-3.403
-0.699
-2.089
-3.881
-2.653
-1.692
-3.875
-3.624
-1.590
-3.435
-3.710
-1.389
-4.085
-2.167
-1.541
-2.168
-3.412
-1.615
-3.130
-3.337
-1.426
-4.704
-4.300
-1.345
-3.057
-2.012
-1.114
-2.666
-0.774
-2.433
-2.193
-3.152
-3.493
-2.314
-3.211
-0.746
-1.635
-3.148
-2.306
-1.815
-1.482
-2.418
-0.178
-3.870
-1.224
-2.652
-0.667
-2.691
0.196
-2.373
-0.108
-3.727
0.499
-2.308
0.730
-2.682
0.358
-2.374
-0.697
-2.954
-0.303
-2.932
-3.725
-2.915
-3.072
-3.797
-5.059
-2.575
-3.047
-4.166
-3.779
-1.387
-2.939
-2.145
-4.513
-3.073
-4.736
-1.823
-4.748
-4.872
-4.024
-2.188
-4.330
-3.953
-4.958
-2.912
-2.401
-2.558
-0.941
-0.121
-2.421
-1.537
-1.987
-1.745
-0.741
-2.778
-1.510
-1.460
-3.068
-1.295
-1.870
-2.041
-1.686
-3.210
-3.071
-2.672
-2.501
-2.988
-0.407
-1.427
-1.657
-3.087
-1.405
-1.707
0.777
-2.901
-2.671
-3.267
-2.630
-1.877
-1.396
-1.640
-2.652
-2.697
-0.891
-3.660
-1.272
-4.862
-1.388
-3.470
-3.073
-1.216
-0.271
-3.283
-0.241
-3.182
-2.420
-4.259
-1.713
-3.784
-0.999
-3.151
-3.209
-2.444
-1.899
-4.716
-2.117
-2.013
-2.638
-1.921
-1.565
-3.547
-3.106
-2.886
-3.130
-1.620
-3.284
-2.052
-2.216
-2.977
-2.147
-4.243
-3.108
-2.114
-4.137
-2.960
-1.831
-2.222
-3.019
-3.319
-3.281
-4.065
-5.092
-2.573
-2.088
-2.280
-2.831
-4.104
-3.911
-3.395
-3.967
-4.363
-2.970
-3.384
-3.978
-2.823
-4.079
-5.057
-2.517
-2.022
0.128
-1.958
-1.837
-3.655
-2.502
-2.433
-2.786
-6.159
0.242
-3.134
-3.473
-5.800
-0.723
-3.283
-2.682
-2.981
-0.599
-2.575
-2.110
-5.083
-1.550
-2.419
-2.777
-4.672
-2.054
-2.864
0.091
-5.283
0.080
-3.708
-1.808
-6.178
-2.601
-1.232
-2.854
-4.476
-2.060
-1.112
-3.325
-1.753
-1.119
-4.486
-2.402
0.887
-1.999
-5.202
-3.105
-1.949
-2.737
-2.782
-2.352
-1.734
-2.503
-3.524
-3.878
-1.674
-0.462
-4.103
-4.599
-1.419
-2.352
-3.096
-3.949
0.060
-0.947
-2.848
-4.337
0.381
-2.623
-4.984
-4.083
-0.092
-3.776
-3.036
-3.511
-1.141
-2.667
0.853
-3.062
-4.519
-3.193
-0.423
-1.435
-1.573
-4.027
-2.123
-0.841
-2.915
-2.659
-0.797
-2.296
-3.571
-2.885
-0.340
-0.302
-2.539
-3.418
-0.598
-2.385
-2.526
-4.313
-0.549
-1.548
-2.232
-3.367
-1.192
-2.083
-3.965
-3.013
-0.286
-2.162
-2.077
-2.472
-1.577
-1.913
-3.888
-1.173
-1.620
-3.365
0.153
-1.991
-1.224
-2.285
-0.407
-0.188
-2.174
-3.393
-0.475
-0.091
-2.451
-1.198
-0.741
0.401
-2.202
-1.150
-0.562
-0.391
-1.737
-1.817
-0.376
-0.582
-1.651
-1.395
-0.496
-0.981
-6.074
-1.399
0.039
0.132
-2.745
-2.264
-2.921
-0.579
-2.810
-2.249
-0.667
-1.833
-2.418
-2.814
-2.555
-2.221
-4.219
-2.826
-4.270
-2.771
-2.673
-2.915
-2.558
-0.303
-4.130
-2.422
-2.912
-1.339
-1.644
-2.830
-2.922
-1.678
-1.539
-3.015
-2.762
-1.944
-3.002
-3.834
-2.327
-1.320
-3.230
-2.940
-3.734
-2.096
-2.107
-2.959
-3.502
-3.154
-2.116
-2.100
-4.140
-1.067
-3.055
-1.226
-3.079
-0.712
-2.284
-0.894
-1.304
-1.293
-4.059
-1.899
-2.952
-0.786
-4.261
-1.026
-4.391
-1.999
-5.095
-1.749
-1.953
-1.308
-3.713
-0.319
-1.580
-1.721
-1.970
-2.261
-1.424
-0.822
-2.721
-2.480
-3.495
-3.011
-2.059
-2.957
-1.534
-1.836
-2.925
0.071
-0.988
-4.003
-2.466
-3.667
-1.522
-3.989
-1.692
-2.721
-2.858
-3.765
-2.276
-2.938
-1.467
-4.108
-1.148
-5.032
-1.544
-2.768
-1.864
-3.018
-1.168
-3.730
-2.393
-2.773
-2.092
-2.224
-1.092
-3.257
-1.592
-3.396
-1.938
-3.323
-2.907
-4.031
-1.030
-2.973
-2.512
-3.326
-3.702
-3.201
-1.858
-0.034
-2.600
-1.286
-4.288
-1.561
-1.866
-2.810
-4.521
-0.882
-2.122
-0.699
-3.832
-1.890
-2.432
-1.785
-3.967
-1.825
-2.332
-1.996
-3.814
-0.998
-1.886
-0.706
-2.211
-1.318
-2.693
-2.175
-5.010
-1.963
-2.495
-0.446
-3.921
-1.172
-2.330
-0.977
-4.549
-1.368
-1.841
-1.272
-1.312
-0.631
-1.212
-3.565
-2.579
-0.055
-0.939
-3.553
-3.663
-1.045
-1.479
-3.365
-1.761
-2.535
-1.453
-4.810
-3.972
-0.182
-0.162
-2.757
-2.211
-1.457
-1.115
-3.919
-0.721
-0.152
0.933
-4.235
-1.307
-2.673
-1.671
-4.276
-2.932
-1.016
-3.184
-3.854
-3.654
-0.630
-1.271
-3.438
-3.437
-2.384
-2.315
-2.620
-2.957
-1.802
-1.134
-3.181
-2.103
-2.156
-2.395
-2.796
-2.774
-2.055
-2.324
-3.198
-1.854
-3.368
-2.248
-4.351
-2.358
-3.071
-1.614
-2.267
-2.198
-2.436
0.356
-3.903
-0.427
-1.324
-1.582
-3.422
-0.467
-3.625
-0.914
-1.923
-0.168
-3.565
-0.284
-3.113
-0.067
-2.714
-0.228
-2.378
0.016
-2.117
-2.510
-1.782
-1.454
-0.862
-0.637
-2.014
-0.347
-2.562
-1.201
-3.485
-0.304
-2.873
-1.260
-2.534
-2.656
-3.140
-2.814
-4.529
-2.818
-3.699
-2.359
-3.653
-2.352
-2.863
-3.957
-3.409
-1.917
-2.643
-2.046
-2.226
-2.475
-3.909
-4.727
-2.043
-1.809
-2.341
-3.066
-5.384
-2.873
-2.770
-2.533
-2.900
-1.888
-1.852
-1.764
-2.344
-3.308
-3.096
-0.404
-3.795
-2.609
-4.641
-1.632
-2.837
-3.436
-3.985
-3.032
-3.389
-2.973
-1.769
-2.889
-2.393
-2.490
-3.903
-3.235
-3.193
-2.879
-2.142
-3.737
-4.489
-2.860
-1.326
-3.802
-2.787
-4.058
