-4.403
-3.624
-2.074
-4.156
0.115
-2.533
-4.044
-0.240
-2.024
-1.379
-4.261
-5.337
-4.147
-2.078
-1.988
-4.330
-4.955
-4.151
-5.128
-3.298
-1.058
-2.354
-3.052
-1.135
-2.579
-0.327
0.054
-0.995
-1.249
-1.548
0.998
2.820
1.376
3.979
2.164
-0.381
-2.338
3.054
1.565
0.954
-5.247
0.331
-8.872
-3.264
1.802
-6.582
-2.923
1.256
-7.717
-2.252
1.667
-8.538
-4.677
1.018
-7.529
-3.063
1.191
-7.395
-3.954
-0.315
-6.595
-1.392
0.359
-6.550
-1.711
-2.073
-6.427
-1.666
-2.216
-9.393
0.695
-2.466
-7.371
1.385
-0.654
-6.645
-0.226
-3.775
-5.930
3.127
-4.389
-3.416
-0.831
-3.867
-1.741
-1.619
-0.366
-3.451
-3.070
-4.334
-3.347
3.845
-1.699
-5.548
1.644
-0.393
-5.378
0.050
-1.820
-6.272
-6.393
-5.026
-5.098
-9.003
-4.407
-9.816
-8.026
-7.328
-7.513
-7.775
-3.078
-10.528
-6.807
-3.580
-8.619
-6.162
-4.298
-7.744
-9.921
-6.889
-7.016
-7.084
-4.903
-9.773
-9.523
-4.216
-11.459
-5.444
-3.279
-8.889
-8.612
-12.075
-7.971
-5.240
-5.864
-4.292
-7.723
-9.545
-6.653
-4.808
-9.489
-6.103
-2.687
-8.151
-5.125
-4.224
-11.038
-6.139
-3.915
-7.548
-3.331
-4.713
-8.420
-6.478
-5.397
-8.887
-5.958
-3.439
-10.174
-7.050
1.066
-2.071
1.359
2.401
-2.573
2.890
3.071
-2.293
-1.664
-0.368
-3.987
-1.072
2.875
0.295
2.654
0.831
-2.140
0.694
4.063
-0.134
3.315
-1.277
-4.821
2.175
0.453
-4.649
1.424
1.435
-4.427
0.273
-1.141
-1.623
3.075
-3.224
-3.201
1.407
-3.588
-5.034
2.794
-2.484
-2.244
4.726
-2.622
-3.784
3.309
-2.007
-0.552
3.703
-1.437
-1.989
5.449
-0.672
-1.232
2.523
-1.422
0.408
2.258
-4.024
-2.723
3.987
-0.170
-6.886
-2.243
1.942
-4.478
-1.630
1.618
-4.864
0.419
0.631
-2.719
0.787
0.059
-5.175
-2.309
0.922
-7.145
-3.581
0.786
-7.854
-4.369
1.230
-3.228
1.703
-0.253
-8.647
-3.926
-0.902
-8.449
-3.116
4.375
-4.887
-1.251
4.688
-2.519
0.324
2.895
-3.946
-1.090
-0.383
-4.436
-2.631
2.489
-2.758
-1.533
2.571
-2.975
-1.757
4.654
-0.887
-0.206
2.172
-1.419
0.668
1.289
-5.458
-2.802
2.990
0.402
2.370
2.412
-9.170
-1.435
-10.741
-3.040
-6.236
0.696
-6.104
-2.218
-3.471
-0.905
-6.785
1.465
-6.844
-0.240
-7.364
-0.169
-8.856
-1.262
-9.319
-1.496
-6.508
3.251
-9.528
-0.276
-11.828
0.758
-8.898
-1.424
-8.592
-1.239
-9.517
0.438
-9.148
-0.346
-8.092
-3.650
-9.654
-3.767
-10.541
-7.916
-7.663
-6.238
-7.992
-7.355
-6.543
-5.884
-6.228
-4.475
-7.702
-5.943
-4.587
-5.976
-9.203
-6.601
-5.630
-5.812
-8.434
-6.302
-9.776
-2.533
-1.761
-6.777
-2.730
-6.113
-4.201
-4.480
-6.035
-5.768
-5.795
-2.829
-2.659
-7.087
-4.541
-4.965
-1.167
-3.776
-3.630
-8.469
-5.987
-3.440
-4.496
-5.081
-1.031
-5.162
-2.227
-1.016
-0.203
-0.245
-5.362
-1.217
-0.436
-1.759
-0.330
-3.316
-4.050
-5.312
-4.415
-5.759
-2.548
-4.999
-5.038
-1.873
-1.266
-7.488
0.773
-4.989
-5.148
-1.985
-3.141
-7.766
-4.612
-3.256
-1.167
-4.595
-2.878
-4.782
0.069
-2.991
-3.252
-3.600
-2.228
-5.886
-6.622
-3.795
-8.137
-9.233
-7.745
-2.072
-4.966
-6.507
-4.519
-4.371
-6.916
-8.489
-8.481
-3.383
-6.579
-9.658
-5.820
-1.780
-5.654
-6.793
-7.710
-3.979
-9.073
-10.549
-7.953
0.289
-3.521
-5.800
-6.300
-2.517
-5.491
-6.390
-5.640
-0.339
-3.841
-7.218
-5.885
-4.509
-8.047
-8.318
-9.588
-5.666
-5.515
-7.320
-11.350
-4.187
-5.356
-2.471
-9.013
-2.690
-4.638
-5.409
-9.831
-3.135
-3.748
-1.018
-7.390
-3.238
-6.681
-5.937
-10.284
-3.401
-1.981
-5.150
-8.283
-4.790
-5.608
-0.701
-10.226
-4.231
-7.939
-7.124
-11.440
-2.653
-2.435
-6.325
-7.483
0.409
-5.903
-3.025
-4.846
-3.259
-8.883
-5.345
-1.665
-4.992
-9.611
-6.131
-7.040
-4.644
-5.608
-4.038
-5.148
-3.707
-6.035
-6.859
-4.864
-0.841
-6.082
-5.577
-6.511
-2.791
-5.029
-5.303
-3.642
-4.222
-7.380
-7.954
-5.086
-1.399
-6.655
-6.228
-1.860
-2.940
-5.873
-5.696
-5.720
-5.282
-1.274
-2.041
-4.165
-6.631
-0.825
-0.565
-1.174
-10.520
-3.609
-1.572
-4.975
-9.796
-4.218
-0.783
-6.136
-6.799
-1.608
2.160
-2.264
-9.630
-4.637
-2.638
-5.216
-10.610
-2.464
-1.463
-5.257
-8.595
-2.700
0.761
-4.076
-6.798
-1.769
-0.561
-4.624
-7.728
-4.502
-3.472
-5.107
-1.138
-4.232
-4.181
-2.674
1.021
-2.799
-1.161
-1.796
-1.946
-6.824
-5.037
-2.348
-1.405
-5.065
-3.839
-2.918
-0.056
-5.184
-1.048
-3.517
-0.560
-4.317
-3.861
-3.985
0.453
-4.290
-1.725
-5.174
-2.946
-8.998
-3.786
-4.037
-2.963
-5.590
-1.174
-8.530
0.845
-7.112
-2.502
-3.957
-5.037
-2.946
-8.361
-6.325
-7.751
-10.449
-8.592
-9.434
-9.489
-6.653
-8.723
-7.410
-2.626
-6.944
-7.077
-9.051
-8.330
-2.729
-7.433
-4.950
-7.519
-2.077
-6.336
-4.927
-8.415
-8.526
-8.982
-9.298
-5.837
-7.864
-7.660
-7.448
-8.756
-3.062
-8.285
-6.605
-8.891
-5.048
-6.637
-3.542
-5.666
-7.559
-3.117
-5.022
-6.307
-6.663
-1.187
-1.418
-8.377
-10.107
-1.773
-6.683
-4.221
-7.715
-3.347
-4.300
-8.010
-5.833
-1.043
-3.563
-3.538
-7.445
-2.777
-6.424
-4.219
-5.104
-3.216
-5.785
-7.237
-6.552
-3.088
-5.923
-3.870
-7.518
-3.258
-6.930
-7.010
-7.831
-3.689
-4.305
-6.250
-5.794
-5.098
-3.664
-6.340
-5.478
-6.087
-4.244
-9.352
-4.831
-4.242
-1.539
-6.179
-4.362
-6.628
-1.923
-7.748
-6.762
-6.374
-1.537
-6.928
-5.571
-5.422
-2.009
-3.744
-3.479
-6.256
-2.120
-7.422
-3.282
-5.038
-4.230
-8.672
-3.965
-3.825
-3.105
-9.117
-5.781
-6.039
-4.889
-5.031
-9.125
-1.462
-10.535
-3.649
-3.801
-4.512
-8.427
-3.197
-9.357
-3.602
-11.091
-6.977
-6.704
-2.064
-10.522
-4.335
-6.297
-4.346
-7.932
-5.146
-5.248
-1.623
-9.773
-4.600
-6.876
-3.330
-9.517
-1.674
-4.973
-1.461
-11.501
-9.570
-7.780
-2.520
-10.202
-6.975
-5.698
-3.808
-6.491
-2.062
-5.668
-8.240
-7.568
-1.466
-4.261
-8.283
-6.940
-2.778
-4.300
-6.607
-7.373
-7.717
-6.221
-8.154
-7.860
-2.501
-4.395
-9.583
-6.960
-2.068
-4.863
-9.999
-2.804
-2.959
-1.585
-6.555
-3.990
-5.033
-5.498
-7.790
-7.459
-1.372
-6.435
-8.179
-6.756
-4.603
-6.884
-8.545
-8.245
-5.655
-3.508
-4.346
-1.857
-2.509
1.059
-3.906
-2.653
-4.518
-1.993
-5.916
-3.677
-4.954
-1.941
-6.881
-2.341
-8.633
-4.568
-5.885
-2.655
-1.913
0.171
-1.352
-2.599
-0.993
-4.354
-0.993
0.778
-0.119
-2.308
-1.426
-3.140
-0.481
-4.713
-4.261
-4.046
-1.549
-1.139
-0.431
-3.467
-8.540
-3.437
-7.524
-2.343
-8.354
-4.130
-9.192
-5.532
-4.593
-2.626
-7.870
-3.599
-7.802
-4.348
-9.491
-2.463
-9.957
-3.826
-6.400
-5.108
-3.831
-4.867
-3.758
-5.880
-2.084
-1.131
-2.643
-4.572
-4.919
-3.180
-2.755
-4.204
-1.326
-2.795
-3.753
-1.957
-2.389
-2.956
-4.889
-2.793
-1.840
-3.774
-5.183
-3.972
-6.252
-2.762
-6.841
-5.725
-4.708
-3.924
-3.945
-4.433
-4.807
-1.668
-5.045
-4.806
-4.062
-2.148
-7.452
-7.150
-4.465
-4.474
-6.640
-5.482
-6.085
-1.778
-1.335
-4.493
-3.931
-5.263
-5.992
-5.000
-3.671
-5.612
-5.285
-3.057
-3.928
-5.373
-1.138
-0.966
