-11.679
-7.874
-8.801
-10.532
-8.041
-9.273
-14.386
-7.771
-7.137
-6.956
-4.460
-9.038
-8.240
-11.456
-3.921
-7.294
-10.172
-12.067
-6.906
-4.651
-1.425
-2.198
-4.347
-5.019
-2.601
-4.218
-4.858
-0.630
-3.915
-5.403
-2.966
-8.267
-6.979
-5.789
-0.108
-7.816
-6.860
-1.442
-2.901
-4.302
-7.978
-1.923
-10.495
-8.097
-3.935
-9.594
-8.301
-2.029
-8.935
-8.838
-1.649
-12.452
-7.728
-1.963
-10.380
-8.230
-1.303
-11.956
-9.925
-2.204
-8.660
-7.747
-2.677
-10.964
-7.187
-6.092
-11.653
-7.177
-5.800
-12.017
-5.960
-6.824
-12.750
-3.264
-6.323
-11.368
-8.949
-8.700
-9.600
-3.256
-10.037
-6.541
-7.488
-9.551
-4.891
-9.140
-4.672
-8.021
-7.411
-12.771
-6.041
-4.784
-7.469
-8.933
-4.976
-5.444
-8.246
-10.560
-6.573
-7.042
-10.510
-9.951
-8.537
-9.913
-9.226
-10.288
-10.048
-10.289
-8.259
-12.628
-9.463
-9.982
-9.612
-7.528
-11.058
-10.123
-10.309
-11.416
-10.896
-8.118
-8.351
-10.523
-5.558
-9.545
-12.425
-5.834
-9.487
-10.881
-7.603
-12.726
-11.201
-16.213
-9.313
-8.971
-10.403
-4.807
-11.982
-15.097
-9.209
-8.980
-12.146
-5.090
-9.857
-11.925
-8.508
-10.654
-15.292
-12.058
-10.906
-14.382
-8.027
-8.968
-11.854
-10.072
-9.592
-13.309
-8.491
-11.819
-12.545
-10.708
-4.803
-6.677
-4.461
-4.849
-7.785
-1.114
-2.062
-3.668
-6.745
-3.711
-5.914
-5.478
-5.644
-5.238
-3.451
-7.061
-5.694
-5.792
-5.012
-5.785
-0.922
-8.429
-7.409
-4.231
-7.606
-8.138
-5.613
-5.696
-6.423
-6.252
-9.834
-8.350
-0.656
-9.798
-9.028
-1.112
-11.327
-8.813
-1.068
-6.329
-5.836
-0.852
-12.491
-7.996
-1.844
-10.208
-9.610
-0.728
-12.431
-9.627
0.555
-10.707
-10.591
-1.957
-12.767
-9.175
-3.510
-12.416
-7.882
-3.867
-4.253
-11.999
-7.771
-1.254
-6.915
-5.649
-3.873
-10.680
-3.673
-1.634
-8.303
-6.936
-0.926
-7.299
-6.851
-0.811
-7.707
-5.145
-2.333
-8.141
-5.204
-3.561
-9.193
-6.284
0.687
-8.018
-4.506
-4.490
-7.185
-4.713
-5.595
-7.647
-9.222
-4.346
-6.837
-4.290
-5.457
-10.335
-6.036
-3.998
-10.110
-7.206
-4.727
-7.458
-8.440
-2.730
-9.478
-5.090
-5.806
-6.485
-7.695
-2.747
-7.920
-7.464
-5.515
-9.514
-8.984
-5.205
-7.016
-5.733
-5.282
-9.118
-6.325
-8.698
-6.053
-10.358
-8.077
-8.884
-7.493
-5.614
-5.042
-10.462
-8.322
-7.660
-7.730
-8.705
-1.801
-11.622
-5.422
-8.495
-4.847
-9.437
-4.553
-9.257
-3.678
-10.979
-2.381
-8.426
-1.642
-8.862
-3.232
-8.963
-4.417
-9.780
-3.784
-10.401
-10.157
-10.422
-8.939
-11.421
-13.141
-8.907
-10.729
-11.108
-13.235
-6.739
-10.507
-8.310
-12.143
-8.853
-13.333
-7.407
-11.459
-11.538
-11.457
-7.074
-9.032
-10.494
-13.552
-9.328
-5.652
-8.268
-4.273
-4.142
-6.046
-5.242
-5.811
-6.174
-4.033
-8.338
-3.118
-7.039
-7.350
-7.594
-4.378
-7.752
-4.505
-8.718
-7.066
-9.284
-8.530
-8.418
-7.138
-5.420
-8.663
-8.044
-7.896
-2.800
-4.136
-6.172
-9.111
-9.824
-10.537
-5.384
-7.459
-7.805
-8.428
-6.929
-7.057
-5.654
-4.928
-11.717
-5.123
-7.715
-11.408
-5.547
-5.344
-8.882
-2.996
-8.154
-8.970
-10.796
-8.225
-9.530
-5.716
-7.720
-8.593
-7.484
-5.410
-11.615
-7.468
-8.024
-9.671
-10.615
-6.359
-10.388
-10.997
-8.608
-8.895
-7.500
-10.249
-8.474
-7.870
-10.712
-8.614
-12.496
-9.555
-8.377
-11.609
-10.046
-6.811
-9.525
-10.982
-10.321
-9.847
-12.501
-14.590
-9.825
-6.803
-8.856
-9.126
-12.232
-10.403
-11.634
-11.615
-13.649
-8.440
-10.724
-11.713
-8.710
-11.671
-14.750
-13.352
-8.245
-3.329
-8.840
-11.465
-11.608
-8.057
-9.178
-10.581
-14.408
-2.963
-10.507
-12.634
-14.276
-4.869
-10.959
-11.477
-12.286
-4.366
-9.640
-6.965
-13.404
-6.873
-9.725
-12.047
-13.634
-6.885
-9.961
-5.860
-14.822
-4.947
-11.614
-11.560
-14.537
-7.822
-6.748
-11.997
-13.759
-7.032
-6.701
-9.755
-8.797
-5.259
-13.281
-8.157
-2.525
-8.039
-15.440
-9.568
-10.006
-7.799
-10.320
-8.190
-7.678
-7.765
-11.747
-10.883
-8.254
-4.785
-12.433
-13.304
-9.777
-7.263
-10.847
-10.610
-5.383
-6.116
-9.927
-11.816
-6.696
-8.353
-14.233
-11.270
-5.935
-10.664
-10.483
-10.319
-10.127
-10.851
-2.761
-10.673
-9.994
-10.441
-5.336
-5.350
-6.591
-12.534
-7.563
-5.317
-7.555
-9.889
-5.451
-6.739
-9.430
-10.732
-4.556
-5.211
-7.138
-11.112
-5.242
-8.621
-7.117
-12.456
-5.497
-7.207
-6.225
-10.739
-5.993
-7.563
-8.921
-11.019
-3.327
-6.099
-6.097
-9.806
-6.447
-8.763
-8.604
-6.369
-7.158
-9.575
-4.373
-7.620
-6.427
-7.069
-3.911
-4.010
-9.237
-8.330
-3.940
-4.879
-8.677
-5.376
-4.655
-3.087
-9.054
-5.090
-5.842
-4.293
-7.674
-6.114
-5.511
-4.236
-7.355
-5.448
-5.429
-6.115
-16.484
-5.455
-5.103
-2.611
-10.520
-6.469
-10.096
-4.649
-10.332
-7.304
-6.814
-5.966
-9.883
-10.025
-10.271
-8.373
-11.845
-12.139
-13.968
-9.047
-10.268
-10.462
-10.453
-2.402
-11.538
-10.100
-10.919
-6.230
-8.372
-9.457
-11.002
-7.860
-9.708
-10.314
-11.254
-9.782
-10.712
-13.614
-9.814
-6.634
-11.593
-9.782
-12.648
-6.003
-10.697
-9.818
-12.809
-8.757
-10.151
-7.576
-13.905
-8.663
-12.981
-6.505
-12.695
-7.504
-10.565
-6.578
-8.771
-10.741
-12.582
-5.477
-11.747
-7.809
-12.499
-5.440
-14.110
-10.001
-14.290
-8.209
-9.747
-7.743
-11.646
-4.134
-8.995
-8.564
-8.461
-6.351
-8.830
-8.727
-10.451
-6.984
-12.670
-13.029
-11.932
-10.129
-9.282
-9.930
-13.278
-2.989
-7.639
-9.260
-12.345
-10.757
-7.250
-9.760
-9.887
-10.169
-10.247
-9.486
-10.779
-9.399
-6.822
-9.663
-8.280
-13.728
-7.887
-7.880
-11.517
-9.747
-5.816
-9.193
-12.431
-9.705
-8.744
-8.569
-10.844
-10.839
-7.351
-10.743
-9.392
-12.363
-8.468
-10.244
-9.243
-10.081
-7.740
-8.516
-12.824
-10.798
-8.610
-5.861
-8.405
-2.951
-15.191
-7.640
-5.284
-8.639
-14.381
-8.453
-9.137
-4.177
-14.338
-11.615
-9.386
-6.844
-13.966
-9.795
-6.879
-6.901
-13.573
-9.581
-4.030
-5.240
-10.642
-11.102
-10.634
-5.995
-15.914
-10.455
-9.137
-3.480
-13.639
-10.381
-7.122
-4.493
-15.219
-10.214
-6.699
-7.637
-8.833
-4.486
-10.103
-8.413
-10.674
-4.191
-7.868
-12.657
-12.935
-5.348
-9.389
-10.097
-8.724
-8.693
-7.242
-13.139
-12.920
-4.921
-7.724
-11.817
-10.215
-6.101
-8.737
-12.437
-6.478
-4.394
-4.624
-11.675
-7.971
-9.131
-9.165
-12.508
-11.472
-5.045
-11.724
-10.652
-12.739
-4.881
-10.204
-9.782
-12.179
-10.097
-8.990
-9.572
-9.977
-8.744
-6.825
-12.094
-8.865
-9.460
-8.744
-11.005
-10.564
-8.290
-8.672
-12.802
-8.675
-12.020
-8.030
-14.117
-9.069
-12.512
-7.209
-11.885
-6.592
-11.412
-5.263
-13.667
-2.168
-9.304
-8.484
-12.628
-5.360
-13.250
-5.645
-9.934
-4.976
-12.919
-5.587
-12.533
-5.049
-8.205
-5.824
-7.902
-4.792
-8.146
-9.320
-7.472
-8.161
-5.272
-5.943
-6.100
-5.933
-8.315
-6.691
-11.858
-4.772
-8.775
-7.462
-7.431
-9.641
-7.964
-9.657
-11.025
-8.222
-11.426
-5.801
-8.445
-8.079
-10.869
-7.142
-10.801
-6.281
-7.480
-8.657
-8.485
-6.896
-8.463
-10.197
-7.732
-6.173
-8.973
-9.593
-11.970
-8.576
-8.875
-6.650
-8.128
-8.046
-6.136
-6.652
-7.690
-8.516
-7.895
-4.277
-7.933
-5.264
-11.858
-6.345
-8.244
-9.722
-10.362
-8.859
-9.538
-6.754
-6.157
-7.310
-6.367
-8.350
-10.051
-10.753
-9.350
-9.851
-4.604
-10.781
-10.655
-8.412
-4.259
-9.613
-7.091
-7.551
