-12.854
-15.111
-8.014
-14.668
-11.529
-12.914
-9.762
-14.999
-10.503
-16.562
-11.418
-12.760
-13.419
-14.964
-10.968
-17.466
-10.549
-11.810
-8.215
-12.443
-14.369
-10.488
-9.152
-9.104
-16.100
-11.994
-10.700
-12.031
-7.344
-9.564
-11.992
-11.689
-13.464
-9.007
-13.983
-11.749
-11.143
-10.810
-10.187
-13.452
-9.256
-6.092
-7.548
-13.085
-10.512
-9.699
-8.051
-8.712
-7.706
-11.489
-10.485
-7.991
-12.900
-11.375
-10.549
-13.419
-10.388
-13.183
-8.052
-11.060
-4.598
-11.274
-9.225
-9.834
-6.457
-11.190
-8.252
-12.088
-5.900
-11.495
-2.452
-8.268
-4.806
-8.726
-4.116
-9.540
-7.169
-9.685
-4.649
-7.591
-5.316
-12.757
-11.439
-9.154
-4.227
-13.136
-9.076
-6.312
-4.998
-12.828
-14.823
-7.740
-8.091
-11.164
-9.929
-10.869
-6.615
-13.612
-12.827
-6.690
-5.538
-11.110
-8.082
-6.110
-5.656
-7.034
-9.094
-9.253
-6.182
-10.955
-10.148
-4.337
-4.995
-12.172
-12.532
-5.327
-6.462
-12.711
-13.034
-5.980
-3.053
-12.477
-8.061
-11.087
-4.523
-11.316
-10.122
-11.765
-1.717
-12.682
-10.090
-13.324
-4.217
-9.211
-10.124
-13.238
-6.446
-11.253
-10.491
-14.006
-1.849
-12.478
-10.541
-13.198
-3.112
-9.977
-12.677
-12.863
-5.049
-13.069
-14.706
-12.712
-7.743
-10.448
-11.526
-10.018
-7.971
-9.763
-7.495
-10.367
-1.197
-8.702
-6.720
-7.843
4.640
-10.484
-7.072
-7.535
4.768
-11.100
-9.799
-9.349
5.342
-10.015
-9.560
-9.008
8.137
-11.395
-10.192
-8.819
4.785
-9.027
-9.688
-8.501
5.885
-6.830
-8.563
-7.977
3.765
-10.518
-6.276
-6.853
3.221
-7.308
-9.315
-9.975
3.835
-8.510
-6.916
-9.438
-10.563
-5.227
-4.522
-7.995
-9.050
-8.868
-7.287
-4.777
-10.766
-11.250
-6.974
-4.395
-10.122
-8.697
-7.736
-6.298
-8.455
-10.337
-6.805
-1.543
-9.166
-5.984
-8.842
-5.084
-10.579
-11.365
-6.934
-4.109
-7.763
-10.212
-7.215
-1.484
-8.676
-8.701
-10.612
-8.252
-10.962
-10.061
-8.289
-7.096
-9.592
-5.257
-7.009
-10.271
-8.831
-8.553
-8.560
-6.984
-7.573
-4.252
-6.363
-6.284
-8.603
-6.719
-6.371
-5.660
-7.039
-7.107
-7.172
-6.228
-6.350
-5.150
-9.389
-8.630
-6.901
-8.808
-11.362
-6.849
-6.283
-4.441
-7.805
-4.180
-6.452
-4.982
-5.713
-9.545
-9.976
-7.979
-8.784
-8.809
-12.485
-7.723
-5.034
-7.324
-7.130
-6.697
-7.780
-5.181
-10.739
-5.459
-9.247
-8.070
-9.643
-7.479
-5.434
-5.390
-5.806
-8.408
-5.492
-2.023
-10.440
-9.047
-6.682
-4.678
-8.777
-7.616
-8.159
-7.828
-7.733
-7.172
-4.485
-4.691
-5.862
-6.501
-8.413
-5.638
-4.846
-4.424
-8.558
-3.697
-8.016
-9.638
-6.641
-7.946
-8.315
-8.149
-7.385
-6.270
-6.234
-9.684
-11.039
-5.586
-7.842
-9.382
-8.803
-4.932
-6.585
-9.348
-9.956
-3.853
-6.778
-10.191
-9.610
-5.084
-11.107
-9.851
-6.650
-5.299
-7.016
-8.478
-7.856
-2.839
-7.888
-8.939
-7.961
-6.470
-10.128
-9.434
-7.560
-4.752
-2.853
2.696
-7.741
-6.440
-4.935
4.319
-7.692
-4.272
-3.388
3.702
-8.904
-5.671
-0.994
0.158
-9.100
-4.828
-3.365
3.429
-7.699
-2.525
-6.582
1.240
-7.664
-5.786
-8.229
-1.557
-7.181
-4.557
-3.345
0.941
-8.332
-4.723
-1.048
2.207
-9.042
-3.624
-5.623
1.918
-10.398
-6.707
-11.521
-8.776
-10.758
-9.948
-10.241
-12.513
-8.725
-10.498
-9.583
-6.134
-8.930
-13.740
-8.616
-11.290
-12.927
-9.688
-10.589
-12.974
-8.612
-8.425
-10.615
-12.000
-10.709
-12.445
-9.704
-7.102
-13.115
-7.188
-8.867
-14.862
-7.442
-7.261
-8.673
-1.692
-8.285
-12.768
-4.941
-6.698
-10.481
-4.985
-6.731
-10.679
-8.594
-12.736
-11.405
-4.592
-9.298
-12.535
-6.587
-8.849
-10.754
-8.798
-10.829
-10.197
-8.955
-8.426
-9.881
-6.311
-5.414
-11.878
-3.613
-11.185
-15.238
-5.360
-7.030
-9.774
-4.458
-5.714
-8.042
-3.415
-3.868
-9.112
-9.448
-9.403
-8.224
-7.646
-5.828
-6.713
-6.797
-8.084
-7.392
-8.493
-9.217
-7.104
-4.994
-3.725
-10.881
-8.228
-9.886
-10.726
-6.030
-5.060
-8.040
-5.832
-6.859
-9.548
-5.155
-7.045
-10.005
-2.498
-3.276
-9.765
-4.525
-6.404
-5.152
-8.664
-4.245
-11.364
-6.058
-4.956
-10.584
-4.357
-6.645
-7.551
-3.815
-3.713
-7.509
-3.276
-7.618
-10.717
-8.866
-11.338
-5.828
-11.111
-11.447
-9.988
-9.954
-13.853
-8.896
-5.708
-12.089
-7.831
-8.291
-12.500
-9.327
-3.231
-9.834
-9.917
-5.712
-12.281
-6.991
-6.854
-11.040
-8.071
-6.674
-12.369
-9.107
-9.257
-13.445
-8.197
-4.193
-7.919
-9.928
-3.316
-6.669
-8.104
-4.115
-5.245
-5.807
-7.520
-7.334
-9.050
-4.629
-6.037
-1.724
-4.966
-5.788
-8.820
-4.901
-4.045
-6.654
-6.482
-4.138
-3.498
-3.452
-6.307
-7.058
-5.114
-3.866
-7.937
-9.007
-11.194
-13.659
-10.859
-7.159
-7.568
-7.847
-7.666
-10.987
-14.010
-10.179
-12.287
-9.685
-8.186
-8.922
-9.246
-9.653
-9.825
-9.710
-9.534
-8.113
-13.247
-12.743
-14.108
-7.875
-10.321
-11.144
-12.438
-11.888
-9.737
-6.547
-11.216
-12.075
-12.674
-8.159
-9.396
-3.447
-8.262
-6.580
-11.888
-7.058
-7.038
-11.226
-13.668
-11.188
-9.147
-10.368
-12.702
-7.550
-11.923
-9.827
-10.790
-9.530
-5.792
-8.696
-8.750
-11.939
-11.299
-9.171
-9.001
-7.792
-10.783
-13.855
-7.184
-5.135
-11.642
-12.070
-11.084
-9.485
-8.787
-9.451
-11.503
-12.687
-9.573
-7.716
-7.219
-7.967
-9.425
-8.866
-9.077
-8.396
-11.328
-11.029
-8.106
-6.055
-4.557
-8.271
-11.682
-4.389
-8.507
-7.382
-11.284
-8.894
-9.369
-8.709
-9.371
-11.073
-10.373
-8.967
-10.416
-9.528
-9.754
-14.137
-12.733
-8.645
-10.116
-10.439
-11.521
-12.020
-6.330
-11.220
-13.955
-11.889
-12.733
-4.673
-8.056
-9.466
-12.155
-15.133
-8.424
-5.059
-13.794
-7.867
-16.317
-5.067
-8.302
-11.632
-9.679
-14.329
-4.688
-7.936
-12.766
-11.735
-15.626
-9.400
-8.245
-11.173
-9.832
-13.821
-8.830
-8.755
-9.714
-9.032
-12.169
-7.909
-11.371
-10.565
-9.620
-15.927
-8.879
-10.582
-9.292
-15.775
-7.248
-7.407
-9.861
-8.598
-10.430
-10.461
-3.427
-9.359
-5.836
-9.214
-8.037
-7.900
-12.089
-13.262
-9.892
-10.493
-5.262
-7.387
-10.615
-9.997
-10.614
-7.173
-6.450
-8.226
-10.566
-7.576
-7.974
-9.361
-11.639
-8.730
-11.863
-8.542
-9.833
-8.782
-10.265
-11.118
-4.402
-11.000
-9.168
-8.637
-13.890
-6.011
-10.537
-10.323
-11.678
-12.993
-3.494
-6.964
-12.971
-14.685
-7.670
-12.990
-3.742
-11.419
-10.078
-6.390
-10.886
-4.805
-7.814
-7.808
-5.657
-10.189
-5.523
-9.624
-12.442
-12.211
-8.330
-6.985
-9.358
-4.829
-6.160
-11.953
-5.856
-10.268
-10.229
-8.369
-8.610
-5.763
-4.227
-6.726
-11.709
-13.914
-7.368
-11.726
-13.150
-5.121
-9.374
-6.800
-11.184
-13.009
-10.744
-12.119
-7.075
-12.094
-11.999
-8.032
-12.324
-4.344
0.495
-10.653
-0.604
-8.561
-5.094
-1.446
-10.918
-5.603
-10.196
-4.772
-1.117
-10.736
-3.723
-5.889
-4.967
-2.307
-13.165
-1.957
-9.030
-10.630
-3.987
-12.171
-4.240
-10.002
-3.289
-3.623
-8.958
-4.640
-8.255
-3.340
-2.613
-8.015
-2.142
-11.131
-8.301
-6.334
-6.322
-6.582
-8.692
-2.337
-3.529
-9.601
-4.689
-8.945
-7.667
-6.179
-10.571
-3.625
-10.597
-9.794
-13.109
-10.710
-3.952
-9.546
-11.322
-11.966
-11.574
-4.988
-7.412
-8.321
-10.825
-9.462
-9.991
-12.468
-8.649
-11.767
-9.206
-6.752
-8.447
-11.416
-13.330
-11.080
-6.127
-9.818
-6.386
-14.233
-9.533
-7.740
-11.077
-9.242
-12.856
-11.989
-7.784
-8.416
-6.433
-11.524
-9.983
-5.936
-9.908
-5.838
-14.460
-9.760
-5.309
-7.884
-8.200
-12.670
-10.523
-6.393
-13.513
-8.752
-6.487
-8.584
-11.328
-14.156
-4.544
-5.065
-11.969
-10.240
-13.469
-3.434
-6.521
-12.027
-8.874
-10.879
-5.158
-7.375
-13.047
-8.876
-12.077
-5.063
-4.477
-11.847
-7.457
-14.803
-1.858
-7.540
-9.290
-6.741
-12.719
-4.189
-7.228
-10.038
-8.148
-11.575
-7.184
-5.367
-11.325
-6.515
-13.559
-3.577
-9.217
-11.376
-12.131
-11.565
-3.360
-6.279
-10.436
-5.631
-13.704
-9.184
-5.341
-7.594
-9.206
-1.709
-9.920
-7.420
-9.772
-12.119
-7.949
-8.408
-5.364
-8.882
-11.754
-8.603
-8.527
-8.077
-11.553
-11.794
-10.594
-7.372
-6.248
-9.190
-6.721
-6.709
-4.441
-4.342
-12.079
-6.496
-8.069
-5.950
-5.778
-8.064
-5.059
-6.669
-6.626
-3.373
-13.161
-9.262
-8.471
-8.780
-7.534
-13.532
-10.384
-10.765
-8.343
-9.980
-10.276
-9.993
-8.156
-8.707
-2.248
-8.221
-10.492
-11.534
-4.683
-7.712
-6.597
-8.535
-12.695
-3.950
-4.064
-3.303
-8.862
-6.601
-3.702
-4.341
-4.797
-10.028
-10.614
-6.626
-4.007
-6.717
-9.926
-12.932
-6.714
-3.196
-6.396
-12.566
-10.127
-5.938
-6.351
-5.977
-8.434
-10.003
-4.972
-1.300
-6.793
-7.869
-11.526
-6.274
-0.899
-5.567
-7.088
-12.596
-8.844
-4.917
-5.718
-10.152
-11.782
-15.067
-10.513
-9.012
-9.810
-15.640
-12.401
-10.220
-14.911
-8.863
-10.368
-15.399
-8.868
-17.056
-12.610
-8.613
-9.952
-13.506
-9.631
-18.414
-9.303
-9.991
-14.867
-9.299
-16.942
-17.026
-10.522
-12.370
-9.373
-13.001
-13.416
-13.417
-10.180
-10.440
-14.648
-10.889
-9.861
-15.269
-11.221
-7.879
-13.132
-6.629
-5.797
-15.463
-7.611
-5.341
-14.101
-8.746
-6.932
-14.932
-9.220
-9.564
-14.133
-12.010
-9.532
-15.218
-9.434
-9.921
-14.547
-8.962
-6.091
-6.707
-12.986
-9.432
-12.022
-12.486
-9.029
-8.695
-13.065
-8.129
-7.160
-11.502
-6.278
-11.046
-11.435
-11.091
-10.586
-14.055
-8.506
-11.601
-11.382
-7.795
-10.554
-10.994
-10.695
-11.163
-9.404
-10.471
-9.426
-11.611
-5.960
-6.292
-3.065
-11.668
-7.116
-8.094
-15.502
-6.032
-4.537
-9.111
-2.548
-8.725
-10.652
-4.012
-5.386
-16.468
-2.412
-7.093
-12.337
-5.166
-3.666
-11.157
-5.621
-4.355
-11.711
-4.522
-6.028
-14.095
-4.276
-6.446
-8.829
-10.180
-10.697
-7.934
-8.715
-7.102
-8.829
-5.344
-9.266
-12.405
-6.815
-8.742
-10.805
-10.661
-7.489
-7.126
-5.679
-11.034
-9.897
-9.042
-8.516
-7.308
-7.226
-5.592
-7.035
-8.858
-9.727
-9.681
-9.872
-5.787
-6.404
-7.419
-5.752
-8.160
-5.970
-7.599
-10.279
-4.597
-4.744
-8.714
-4.712
-5.559
-4.826
-5.654
-5.487
-12.580
-7.569
-5.237
-11.544
-6.542
-5.139
-7.638
-5.238
-4.871
-6.981
-8.746
-6.217
-8.531
-5.058
-3.034
-9.849
