-8.407
-8.868
-5.609
-8.383
-6.128
-7.428
-7.722
-8.340
-6.462
-9.707
-5.723
-7.294
-8.752
-7.733
-6.735
-10.452
-6.238
-6.050
-4.921
-7.685
-8.162
-6.697
-4.999
-4.714
-6.968
-6.396
-5.816
-6.286
-2.588
-6.735
-7.125
-6.800
-5.818
-5.288
-6.991
-6.109
-5.673
-6.471
-4.931
-8.005
-6.253
-2.816
-4.572
-8.355
-6.398
-5.734
-3.869
-4.962
-4.236
-7.711
-7.295
-4.139
-8.767
-5.872
-7.074
-8.964
-5.113
-7.644
-4.944
-6.407
-3.073
-7.381
-6.288
-6.572
-3.437
-7.323
-5.791
-8.252
-3.746
-7.570
-1.576
-5.192
-1.335
-5.444
-1.361
-6.426
-5.334
-6.590
-4.769
-3.554
-5.219
-8.302
-5.185
-6.150
-2.852
-8.678
-4.350
-3.826
-3.788
-9.240
-7.119
-4.891
-6.507
-6.741
-5.316
-7.220
-6.235
-8.785
-5.663
-3.902
-5.197
-7.423
-2.702
-3.439
-4.409
-5.051
-3.963
-6.135
-5.656
-7.286
-4.725
-1.879
-5.509
-8.522
-7.108
-4.483
-4.358
-8.771
-5.283
-4.115
-2.199
-6.679
-4.339
-6.552
-1.301
-5.887
-6.222
-7.133
-1.556
-7.706
-6.234
-7.085
-1.090
-3.658
-4.846
-7.285
-1.617
-5.070
-5.308
-8.201
-1.239
-5.098
-5.797
-6.307
-0.971
-4.970
-6.899
-8.049
-2.253
-6.269
-7.035
-7.626
-4.625
-4.740
-6.083
-5.058
-3.168
-2.171
-3.844
-5.611
-2.108
-4.626
-1.942
-5.860
-2.106
-6.709
-4.556
-5.242
-0.147
-6.567
-4.321
-5.170
-0.053
-5.885
-5.526
-4.319
0.259
-8.658
-4.788
-5.123
-3.233
-6.029
-4.817
-3.570
-0.804
-5.676
-3.761
-3.913
-2.956
-6.166
-3.887
-4.453
-2.147
-5.134
-4.931
-4.922
-1.582
-6.691
-3.300
-5.808
-3.727
-1.630
-1.170
-5.017
-4.629
-6.374
-1.796
-3.246
-5.331
-6.492
-2.787
-5.142
-5.033
-5.830
-4.623
-3.552
-5.534
-7.793
-2.888
-0.667
-6.150
-5.110
-3.950
-3.136
-4.176
-8.665
-3.562
-1.746
-2.727
-6.304
-3.416
0.232
-3.684
-7.521
-4.216
-3.373
-5.671
-5.508
-3.507
-4.616
-5.214
-2.133
-3.849
-7.831
-5.355
-3.764
-4.858
-4.874
-4.051
0.108
-3.430
-2.921
-5.782
-2.721
-3.520
-4.648
-4.149
-5.624
-3.537
-3.775
-4.318
-1.026
-3.263
-5.953
-4.040
-4.280
-5.204
-3.323
-4.098
-4.325
-3.658
-3.593
-2.826
-1.434
-3.589
-5.754
-6.327
-4.380
-4.640
-6.482
-7.393
-5.322
-0.852
-3.084
-4.367
-3.947
-1.101
-5.119
-6.381
-4.951
-2.159
-4.940
-5.866
-4.613
-0.107
-3.053
-3.734
-5.906
-2.545
-0.129
-6.774
-4.578
-2.382
-3.048
-6.007
-4.601
-2.948
-4.603
-3.454
-4.556
-0.912
-5.174
-2.599
-5.287
-3.622
-3.212
-3.602
-4.172
-2.663
-1.444
-5.005
-4.368
-3.318
-3.838
-6.053
-3.130
-2.601
-2.861
-4.393
-3.727
-7.555
-2.987
-5.331
-7.043
-3.995
-3.856
-4.640
-7.657
-5.024
-4.595
-6.301
-7.212
-5.294
-5.669
-6.264
-7.875
-2.526
-3.904
-4.620
-5.254
-5.204
-1.431
-4.489
-5.717
-2.574
-2.902
-6.225
-5.676
-5.382
-1.744
-1.804
-0.723
-4.291
-5.024
-2.446
-0.768
-4.980
-3.700
-2.341
-0.997
-7.112
-6.859
-0.268
-1.912
-6.566
-5.781
-2.299
-0.222
-5.225
-1.548
-5.199
0.477
-4.877
-4.318
-4.182
-5.449
-5.584
-7.579
-1.485
-1.773
-6.749
-3.560
-1.298
-2.358
-5.123
-4.783
-2.888
-3.776
-7.093
-5.014
-7.051
-4.861
-7.226
-6.006
-6.162
-7.548
-4.667
-6.153
-5.334
-4.878
-7.015
-7.801
-5.396
-6.855
-8.231
-5.965
-6.916
-8.408
-5.292
-5.372
-6.843
-8.319
-5.836
-7.426
-5.929
-3.467
-8.526
-3.846
-4.593
-8.860
-5.669
-4.189
-4.492
0.210
-6.175
-6.941
-3.546
-4.223
-4.921
-0.638
-3.309
-5.041
-4.747
-8.892
-5.512
-2.062
-5.795
-7.467
-3.839
-3.362
-5.709
-3.814
-6.338
-6.509
-3.642
-4.891
-6.250
-3.068
-4.452
-7.270
-0.206
-7.068
-10.011
0.216
-3.443
-7.582
-0.481
-3.278
-3.942
-0.601
-0.577
-5.935
-4.318
-5.351
-6.169
-1.661
-2.073
-4.729
-3.985
-5.249
-4.147
-4.114
-4.674
-5.190
-1.696
-1.034
-5.899
-1.635
-3.485
-5.226
-2.685
-3.127
-3.130
-1.579
-3.746
-4.621
-1.429
-4.757
-5.076
0.302
-1.775
-4.518
-0.593
-5.556
-2.043
-4.091
-2.176
-5.613
-2.104
-3.344
-4.642
-0.307
-3.301
-2.235
-0.738
-2.490
-2.710
-0.334
-5.089
-5.299
-4.497
-5.081
-1.616
-7.367
-6.425
-4.570
-6.662
-8.303
-3.455
-3.290
-5.726
-3.466
-6.555
-7.743
-4.267
-2.044
-5.928
-4.435
-3.008
-7.468
-2.838
-3.644
-5.301
-3.204
-4.007
-7.022
-4.216
-4.911
-7.267
-3.008
-1.859
-6.071
-4.700
-0.955
-4.740
-3.317
0.662
-3.319
-2.680
-3.292
-4.971
-4.108
-3.077
-4.223
0.063
-0.920
-1.244
-3.319
-1.788
-1.706
-3.973
-2.778
-2.559
-1.248
-1.079
-4.842
-2.932
-2.564
-3.018
-3.832
-7.518
-6.133
-5.803
-12.014
-2.328
-3.139
-4.436
-3.868
-12.141
-6.738
-5.507
-6.671
-6.069
-9.677
-4.629
-4.930
-5.112
-4.979
-10.438
-5.669
-5.513
-10.239
-4.922
-15.283
-4.402
-6.519
-6.965
-6.164
-13.004
-6.910
-3.333
-8.592
-5.020
-14.577
-3.604
-5.197
-2.074
-4.332
-8.611
-7.672
-4.129
-4.526
-5.110
-14.737
-4.524
-4.412
-5.214
-5.146
-8.273
-7.086
-6.047
-6.030
-5.567
-7.592
-3.405
-6.613
-6.170
-4.932
-9.736
-3.864
-5.310
-4.974
-7.795
-7.497
-1.453
-7.351
-6.845
-6.228
-11.300
-4.770
-6.878
-5.421
-6.954
-10.041
-1.642
-4.743
-3.655
-4.902
-9.479
-1.977
-7.097
-6.424
-6.383
-8.807
-2.502
-3.901
-4.517
-5.845
-5.138
-3.311
-5.175
-5.689
-5.274
-10.373
-2.228
-6.792
-5.532
-5.222
-9.644
-4.375
-5.319
-7.642
-7.734
-14.751
-4.894
-7.157
-6.793
-5.897
-13.074
-3.053
-7.116
-7.386
-7.273
-14.146
-1.470
-6.888
-7.270
-6.973
-16.874
-5.664
-2.394
-9.063
-2.962
-17.374
-1.037
-6.081
-6.174
-4.611
-15.509
-2.717
-4.019
-8.475
-5.625
-17.501
-5.100
-6.541
-6.664
-5.661
-14.766
-2.864
-5.210
-7.030
-4.473
-13.790
-6.142
-6.763
-5.980
-3.391
-18.139
-5.727
-7.529
-4.199
-8.517
-8.177
-5.662
-6.178
-3.229
-6.331
-9.839
-2.743
-5.162
-1.319
-5.733
-8.830
-4.556
-6.491
-8.216
-4.936
-10.857
-5.749
-4.017
-5.484
-6.510
-11.347
-6.022
-2.485
-6.797
-6.658
-9.112
-4.895
-5.244
-7.192
-4.412
-12.126
-5.210
-5.912
-4.744
-5.974
-11.271
-3.463
-7.394
-4.410
-4.373
-14.207
-3.864
-7.179
-3.710
-6.824
-13.359
-3.634
-3.153
-7.201
-7.079
-9.205
-5.780
-0.387
-5.931
-4.368
-6.975
-5.853
-3.325
-5.082
-3.109
-6.567
-5.662
-3.264
-4.687
-5.597
-12.596
-4.910
-3.789
-5.254
-1.436
-7.895
-7.718
-3.603
-4.820
-6.602
-9.408
-7.005
-3.815
-1.163
-1.369
-13.759
-9.517
-4.851
-6.858
-6.390
-5.928
-5.355
-4.894
-5.222
-7.416
-11.321
-7.045
-3.793
-5.106
-6.301
-9.564
-6.940
-3.619
3.237
-7.058
0.992
-8.474
-3.452
-0.318
-7.578
-2.902
-10.607
-3.178
1.630
-7.467
-1.292
-5.986
-2.983
-0.273
-9.209
-0.250
-9.336
-5.950
-0.452
-8.125
-2.678
-10.418
-2.118
-0.323
-5.641
-1.987
-8.733
-2.368
-2.113
-5.003
0.091
-11.529
-4.703
-1.371
-4.055
-3.265
-8.472
-0.721
-1.531
-5.734
-0.988
-9.719
-5.305
-3.334
-7.072
-1.534
-10.443
-5.268
-9.050
-6.605
-1.616
-9.875
-6.227
-8.178
-8.021
-1.756
-7.532
-4.945
-8.652
-6.550
-6.225
-12.848
-5.379
-9.005
-6.125
-4.231
-9.002
-7.492
-9.572
-7.655
-3.533
-10.431
-2.994
-11.892
-6.705
-4.029
-11.607
-5.084
-8.956
-8.622
-3.846
-9.005
-3.457
-8.854
-7.311
-3.116
-10.420
-3.306
-10.455
-7.216
-1.302
-8.095
-5.294
-10.320
-6.846
-3.502
-13.902
-3.324
-4.733
-6.678
-7.186
-14.902
-2.018
-6.045
-9.959
-6.739
-14.482
-1.205
-5.360
-9.474
-5.337
-12.042
-3.793
-5.897
-9.808
-5.176
-12.868
-1.434
-4.389
-9.095
-4.684
-15.282
0.873
-5.236
-6.835
-3.468
-13.207
-2.131
-5.770
-7.547
-3.802
-12.074
-3.014
-4.003
-8.154
-3.937
-14.251
-1.537
-7.692
-7.527
-8.112
-12.229
-1.171
-4.079
-7.116
-2.465
-14.038
-6.478
-2.793
-3.720
-5.566
-1.879
-6.819
-4.262
-5.901
-8.955
-8.391
-4.559
-2.642
-4.753
-7.249
-9.135
-4.063
-3.648
-6.549
-7.178
-10.762
-3.586
-4.017
-4.417
-3.663
-7.107
-2.810
-1.024
-7.564
-3.849
-8.545
-2.702
-2.947
-4.997
-2.941
-6.898
-4.898
-1.304
-10.633
-7.114
-8.498
-3.973
-4.173
-8.120
-5.883
-11.141
-5.245
-4.944
-7.105
-6.708
-8.272
-5.338
0.665
-4.428
-5.545
-11.822
-3.409
-4.882
-4.193
-4.560
-12.550
-3.866
-2.364
-2.702
-4.855
-6.866
-2.315
-1.612
-3.473
-5.131
-10.865
-3.100
-3.191
-4.319
-5.554
-13.619
-5.068
-0.680
-3.417
-7.132
-10.549
-3.311
-4.297
-4.230
-4.837
-10.312
-3.991
0.943
-4.488
-2.905
-11.645
-4.187
0.356
-4.348
-2.598
-12.703
-5.134
-2.269
-1.641
-5.745
-12.152
-8.392
-7.042
-5.507
-3.561
-7.609
-6.069
-3.963
-8.494
-4.754
-5.415
-7.176
-5.178
-10.062
-6.104
-5.478
-4.427
-6.792
-5.479
-9.357
-4.043
-6.700
-8.396
-5.080
-10.444
-8.614
-6.728
-8.246
-3.237
-6.860
-7.032
-9.089
-4.379
-6.342
-8.132
-4.753
-6.359
-8.906
-5.888
-4.149
-8.660
-2.439
-3.142
-8.230
-2.670
-2.806
-8.216
-3.825
-3.187
-9.435
-3.444
-4.221
-9.705
-5.338
-6.728
-9.503
-4.452
-6.038
-8.189
-4.125
-3.073
-4.905
-7.893
-4.409
-6.926
-8.733
-5.201
-6.387
-9.841
-3.740
-5.983
-7.387
-2.245
-8.588
-7.654
-5.771
-5.216
-10.219
-5.367
-6.819
-7.287
-3.843
-6.411
-7.225
-6.430
-7.615
-5.806
-6.109
-6.718
-7.622
-3.369
-5.326
-1.509
-7.501
-5.558
-5.257
-11.345
-4.906
-3.371
-7.106
-3.632
-6.721
-8.304
-4.307
-3.825
-10.392
-2.170
-4.533
-8.976
-3.828
-2.755
-8.038
-4.181
-3.070
-7.442
-3.596
-3.126
-10.308
-3.031
-4.985
-6.010
-8.320
-5.948
-4.935
-6.722
-4.611
-4.585
-4.655
-6.109
-7.756
-4.979
-5.715
-5.619
-7.926
-5.033
-3.675
-3.961
-8.756
-5.337
-6.446
-5.159
-3.282
-4.842
-2.932
-2.740
-6.053
-6.441
-4.808
-7.781
-4.240
-4.375
-5.343
-1.810
-4.606
-4.878
-3.598
-5.363
-2.665
-1.419
-5.364
-3.498
-2.768
-3.141
-4.981
-1.920
-7.767
-4.865
-2.108
-6.757
-4.335
-1.257
-5.310
-4.242
-2.481
-4.739
-6.323
-2.850
-4.895
-3.501
-0.283
-5.500
