3.844
5.196
3.826
5.534
3.213
3.966
0.998
5.820
4.086
4.764
6.072
5.747
7.068
-1.181
5.032
4.863
6.166
2.929
6.082
2.507
5.806
3.817
5.673
4.817
7.112
4.933
4.745
6.519
7.415
2.887
4.641
3.235
2.201
3.938
4.194
2.700
0.901
6.899
6.217
5.233
5.157
6.632
6.074
6.190
7.464
6.844
5.468
7.119
7.156
3.556
5.446
6.513
1.519
0.954
0.756
3.816
-2.746
3.164
5.678
2.966
1.855
2.412
1.191
3.096
2.270
2.325
1.600
1.751
2.138
1.171
4.288
3.714
4.767
-0.908
4.273
4.904
2.649
1.871
4.817
2.532
-0.209
2.356
1.451
-1.323
1.132
3.459
0.753
1.842
3.183
2.862
-0.165
3.449
3.733
1.343
3.243
2.781
0.972
0.932
3.127
2.922
2.281
2.195
4.741
3.299
2.812
2.949
3.290
3.714
5.066
2.622
3.546
3.609
2.060
2.153
3.869
2.784
2.497
3.676
2.012
3.160
2.538
1.782
1.030
2.666
2.941
-0.608
2.233
0.278
1.674
0.952
3.937
2.582
8.098
3.941
6.118
3.717
3.971
7.170
3.099
3.798
2.637
2.746
5.337
-1.864
3.290
2.158
1.796
4.895
3.289
3.383
5.355
3.860
2.612
2.168
3.856
3.061
3.108
3.296
2.547
3.758
4.450
2.707
3.070
0.373
4.253
6.897
3.555
1.889
3.423
4.551
6.444
3.406
1.123
2.061
3.115
3.421
2.957
5.475
-1.076
2.641
1.562
7.242
5.721
4.618
5.795
5.045
4.616
5.728
3.134
-2.567
-1.772
4.959
6.685
5.520
3.997
5.954
4.303
5.318
3.834
2.424
1.842
5.691
3.494
2.638
4.044
5.012
5.824
4.142
5.793
6.100
3.399
6.043
3.884
5.669
5.111
6.433
3.534
6.103
6.138
4.999
6.174
8.808
10.222
5.409
11.135
7.498
10.965
4.381
8.086
8.680
7.324
6.028
7.026
4.415
10.204
7.083
4.491
7.572
8.256
10.220
6.726
5.627
2.910
1.612
5.500
5.805
4.547
5.269
5.338
4.631
11.575
8.508
9.846
9.123
9.613
11.804
6.939
8.443
8.432
1.773
5.826
4.402
7.705
6.211
9.060
6.047
7.486
8.018
4.925
4.371
6.969
6.945
8.074
5.980
6.523
7.427
7.065
3.803
4.375
7.415
2.005
3.234
6.913
5.002
6.667
5.152
6.835
3.937
3.108
5.412
4.308
3.527
5.280
2.628
3.563
6.150
4.895
-0.076
4.375
5.826
6.033
6.112
8.140
0.302
6.147
6.671
7.852
4.512
6.149
1.010
4.991
6.531
5.655
6.040
3.844
4.323
5.802
6.505
4.042
8.153
4.327
4.456
3.426
5.521
5.218
1.911
5.352
3.058
4.597
6.661
2.441
6.631
2.966
0.699
3.222
6.063
3.987
4.951
2.502
7.388
