-6.159
-4.571
-5.055
-5.767
-5.537
-3.732
-6.932
-3.319
-3.559
-3.691
-3.094
-5.712
-5.260
-6.945
-2.676
-4.094
-5.647
-8.182
-3.772
-3.830
-1.451
-2.020
-3.843
-5.085
-3.478
-5.090
-4.844
-0.431
-3.483
-5.797
0.014
-3.876
-3.843
-3.452
-0.575
-2.992
-3.271
0.109
-2.093
-0.365
-5.126
-1.227
-6.394
-6.816
-0.678
-5.712
-5.342
0.764
-4.446
-5.579
1.180
-7.343
-7.643
-0.317
-5.211
-4.072
1.475
-7.553
-4.281
0.269
-4.196
-4.275
0.826
-5.764
-4.230
-2.521
-7.135
-5.688
-1.671
-7.764
-1.977
-4.124
-9.797
-1.978
-3.564
-7.441
-5.083
-4.810
-7.673
-1.868
-5.943
-4.713
-5.920
-3.648
-4.448
-5.440
-2.260
-6.472
-6.057
-8.077
-5.374
-2.412
-2.267
-5.859
-2.761
-2.302
-6.009
-4.228
-1.232
-5.602
-6.249
-5.293
-4.918
-6.196
-5.213
-5.578
-7.602
-3.697
-6.805
-8.670
-5.223
-6.589
-5.630
-4.547
-7.746
-7.404
-5.936
-7.935
-6.600
-2.743
-5.376
-6.442
-2.936
-5.048
-7.523
-4.140
-6.226
-8.323
-3.699
-7.633
-5.020
-8.972
-6.463
-3.200
-5.211
-2.245
-6.609
-7.878
-6.399
-5.681
-6.542
-3.670
-6.688
-6.442
-4.716
-7.870
-9.729
-6.914
-5.258
-7.415
-3.586
-4.795
-7.007
-6.214
-7.160
-8.106
-5.639
-6.237
-8.363
-6.608
-2.691
-6.603
-0.828
-3.805
-6.960
-0.139
-2.280
-3.578
-3.097
-2.142
-8.412
-3.919
-4.975
-4.384
-1.307
-4.610
-3.858
-1.956
-2.974
-6.206
-0.836
-6.633
-6.090
-2.289
-7.161
-6.668
-3.142
-5.462
-6.913
-3.628
-6.323
-7.559
-3.562
-5.765
-6.523
0.459
-6.045
-7.491
-1.010
-4.567
-3.921
0.255
-8.615
-7.285
-1.583
-7.734
-6.540
-2.850
-7.760
-7.369
-0.945
-6.890
-6.649
-4.245
-7.629
-6.696
-3.882
-6.061
-4.855
1.508
-4.801
-7.911
-5.866
-3.058
-5.068
-3.594
-2.480
-7.421
-2.934
-3.159
-5.409
-4.076
-2.715
-5.374
-5.329
-2.404
-6.629
-4.482
-3.220
-6.591
-5.432
-2.481
-5.441
-2.544
-3.699
-6.324
-3.494
-6.373
-6.391
-5.032
-2.193
-4.627
-5.297
-0.409
-1.807
-1.451
-3.116
-5.269
-5.332
-2.585
-5.745
-6.309
-2.555
-3.393
-4.624
-1.278
-5.557
-4.470
-1.887
-2.573
-5.668
-1.341
-4.209
-4.906
-1.229
-5.929
-6.227
-3.350
-4.243
-2.739
-4.300
-5.770
-3.431
-4.787
-3.934
-5.473
-5.582
-5.043
-5.728
-2.264
-3.553
-5.624
-6.471
-3.579
-4.227
-5.370
-1.742
-6.206
-4.260
-4.846
-2.425
-4.707
-1.302
-3.863
-2.140
-6.918
-1.541
-3.996
-0.467
-6.090
-1.877
-4.139
-4.172
-6.345
-2.934
-5.176
-5.833
-5.425
-5.400
-6.417
-7.488
-5.057
-5.436
-8.015
-7.284
-4.167
-4.782
-3.795
-6.828
-6.777
-7.405
-4.081
-5.421
-8.573
-5.606
-5.326
-5.179
-7.959
-8.416
-6.214
-4.643
-3.848
-3.566
-1.639
-3.771
-2.125
-4.119
-3.668
-2.555
-4.284
-2.878
-2.500
-6.200
-3.329
-3.853
-2.941
-2.489
-4.826
-5.096
-5.087
-3.037
-5.028
-2.481
-3.096
-4.587
-4.640
-4.108
-1.066
-0.192
-3.005
-4.111
-5.001
-5.345
-3.041
-4.880
-3.255
-4.204
-3.713
-2.903
-2.137
-2.416
-7.900
-5.131
-5.041
-8.786
-3.544
-5.044
-4.613
-2.989
-6.321
-4.030
-6.642
-5.149
-5.642
-2.944
-4.576
-5.009
-4.527
-2.957
-7.997
-2.938
-3.921
-10.925
-7.063
-2.979
-4.811
-11.277
-4.786
-5.387
-3.707
-11.633
-5.758
-2.742
-4.518
-9.261
-7.813
-4.437
-3.635
-13.080
-6.909
-2.709
-4.338
-12.248
-7.814
-4.290
-5.989
-16.329
-6.129
-3.946
-3.736
-10.176
-9.157
-5.737
-4.482
-12.490
-10.059
-4.717
-3.955
-13.286
-6.003
-7.544
-8.493
-13.899
-4.842
-2.020
-5.446
-11.322
-5.335
-3.853
-4.996
-10.645
-8.120
-2.091
-6.076
-12.450
-8.680
-1.568
-6.014
-12.337
-7.270
-2.493
-4.810
-7.641
-6.960
-4.400
-5.105
-12.813
-8.652
-4.847
-6.487
-5.707
-8.756
-1.109
-6.878
-11.751
-7.560
-4.161
-3.897
-12.982
-6.165
-4.589
-3.267
-5.819
-9.461
-2.586
-8.230
-5.018
-2.307
-5.092
-8.261
-4.697
-9.828
-4.863
-5.815
-4.430
-7.796
-5.745
-6.398
-5.469
-8.785
-3.224
-7.191
-6.417
-10.527
-5.046
-6.795
-7.609
-5.361
-2.052
-5.779
-6.559
-7.398
-5.093
-8.922
-6.264
-6.052
-7.237
-5.891
-6.601
-10.850
-4.896
-0.085
-10.764
-5.133
-6.997
-2.116
-5.107
-5.073
-7.453
-2.908
-6.109
-5.481
-5.660
-2.676
-6.910
-5.674
-5.991
-2.399
-5.105
-4.379
-6.696
-1.525
-8.635
-3.837
-8.467
-1.226
-7.231
-3.580
-6.193
-1.722
-8.205
-5.887
-4.981
-1.662
-6.273
-3.755
-4.696
-3.603
-9.058
-5.830
-1.466
-4.102
-6.085
-3.493
-3.216
-4.473
-3.850
-3.119
-1.744
-4.500
-5.582
-2.191
-0.117
-4.647
-2.039
-2.824
-0.261
-5.308
-4.223
-3.368
-1.530
-4.739
-3.405
-3.468
-1.536
-4.494
-3.906
-2.761
-2.070
-9.323
-3.782
-4.559
-0.977
-5.054
-5.158
-6.139
-1.560
-5.724
-4.329
-4.281
-3.384
-6.913
-6.239
-10.525
-4.360
-8.408
-8.088
-14.601
-5.608
-6.072
-7.169
-11.107
0.313
-9.193
-6.586
-11.330
-3.222
-6.437
-5.224
-11.511
-5.150
-6.640
-6.725
-11.508
-6.533
-6.944
-8.300
-10.359
-4.185
-8.343
-5.318
-13.215
-3.586
-7.584
-6.562
-12.865
-5.305
-6.766
-4.495
-14.322
-4.548
-9.122
-3.478
-12.737
-3.659
-8.562
-3.607
-8.802
-4.743
-8.952
-3.131
-11.934
-3.051
-9.136
-3.808
-14.472
-6.558
-10.605
-5.522
-9.659
-4.020
-8.779
-1.651
-9.265
-5.127
-6.113
-2.795
-9.027
-4.385
-6.917
-3.982
-13.162
-8.242
-8.005
-6.824
-9.382
-5.872
-10.178
-1.400
-8.042
-7.106
-6.730
-6.862
-5.134
-7.464
-3.644
-5.905
-6.224
-6.400
-5.236
-6.311
-4.141
-7.081
-2.403
-9.450
-4.549
-6.307
-4.953
-6.772
-3.491
-6.328
-5.510
-5.932
-5.412
-6.030
-5.094
-6.777
-4.339
-7.891
-3.639
-8.520
-4.918
-6.792
-4.129
-6.451
-3.987
-5.446
-8.184
-6.594
-4.712
-4.761
-7.450
-1.982
-15.596
-6.013
-4.298
-5.263
-14.985
-7.503
-6.442
-1.440
-14.877
-8.862
-7.266
-4.722
-14.508
-8.194
-5.871
-4.351
-14.252
-7.711
-2.873
-2.092
-10.996
-8.863
-8.969
-2.642
-16.437
-8.631
-7.114
-1.684
-14.071
-7.560
-5.844
-1.994
-15.500
-8.592
-5.613
-4.656
-9.171
-1.158
-7.169
-6.045
-11.248
-1.837
-5.707
-9.127
-13.418
-2.889
-6.670
-8.562
-9.275
-3.275
-5.279
-9.939
-13.498
-2.423
-5.469
-9.226
-10.587
-2.990
-6.069
-9.334
-6.984
-1.702
-3.307
-8.982
-8.272
-4.585
-5.159
-9.494
-11.608
-1.366
-8.634
-7.366
-13.113
-2.068
-6.696
-8.161
-12.523
-6.567
-4.904
-7.477
-5.664
-5.431
-4.099
-7.178
-5.328
-6.728
-5.385
-7.135
-5.587
-6.829
-4.804
-7.205
-5.004
-7.929
-5.154
-9.242
-5.046
-5.408
-3.042
-3.600
-4.289
-5.764
-2.236
-8.111
-1.207
-3.439
-3.678
-6.835
-2.596
-7.946
-2.031
-4.930
-1.135
-7.618
-1.949
-5.727
-1.448
-4.583
-0.118
-3.477
-0.246
-4.399
-4.140
-5.242
-2.839
-2.906
-1.484
-2.210
-0.632
-5.247
-2.447
-6.242
-1.892
-4.241
-3.289
-5.912
-4.567
-7.329
-5.985
-7.517
-5.897
-7.583
-4.701
-5.368
-5.722
-5.931
-4.006
-5.414
-4.561
-4.227
-5.108
-4.878
-5.524
-5.255
-6.509
-4.494
-3.726
-7.743
-5.567
-8.825
-5.418
-7.589
-3.225
-6.740
-3.500
-4.722
-4.600
-6.139
-6.030
-6.274
-2.575
-6.351
-1.997
-8.394
-3.065
-7.016
-4.775
-5.500
-5.016
-5.372
-5.074
-3.026
-6.086
-2.319
-6.623
-5.734
-8.505
-5.672
-5.418
-2.710
-8.906
-6.323
-5.939
-2.395
-6.855
-3.529
-6.599
